0.0000000000e+00  0.0000000000e+00
7.7456453404e-10  3.1928799160e-08
2.4725632746e-08  1.0192312008e-06
1.8699786209e-07  7.7083626007e-06
7.8353101184e-07  3.2298510000e-05
2.3736944844e-06  9.7848293301e-05
5.8538557845e-06  2.4130989340e-04
1.2519269364e-05  5.1608476870e-04
2.4112007902e-05  9.9401053680e-04
4.2853059808e-05  1.7667071163e-03
7.1457173561e-05  2.9462310651e-03
1.1312952871e-04  4.6650092174e-03
1.7154384123e-04  7.0750450077e-03
2.5080205287e-04  1.0346411990e-02
3.5537629477e-04  1.4665067737e-02
4.9003434061e-04  2.0230036503e-02
6.5975025877e-04  2.7250020028e-02
8.6960242240e-04  3.5939502731e-02
1.1246614295e-03  4.6514420766e-02
1.4298708094e-03  5.9187465724e-02
1.7899236401e-03  7.4163095067e-02
2.2091383632e-03  9.1632325303e-02
2.6913371581e-03  1.1176739274e-01
3.2397302191e-03  1.3471638186e-01
3.8568091704e-03  1.6059794325e-01
4.5442526566e-03  1.8949624971e-01
5.3028468633e-03  2.2145636736e-01
6.1324233680e-03  2.5648024258e-01
7.0318162928e-03  2.9452352012e-01
7.9988402523e-03  3.3549340587e-01
9.0302900671e-03  3.7924776674e-01
1.0121962658e-02  4.2559561672e-01
1.1268700972e-02  4.7429907568e-01
1.2464459230e-02  5.2507680940e-01
1.3702388216e-02  5.7760887445e-01
1.4974938850e-02  6.3154280820e-01
1.6273981766e-02  6.8650073190e-01
1.7590940231e-02  7.4208718045e-01
1.8916933392e-02  7.9789734186e-01
2.0242926554e-02  8.5352538297e-01
2.1559885019e-02  9.0857255533e-01
2.2858927935e-02  9.6265481140e-01
2.4131478569e-02  1.0154097106e+00
2.5369407555e-02  1.0665024513e+00
2.6565165812e-02  1.1156309217e+00
2.7711904127e-02  1.1625297152e+00
2.8803576718e-02  1.2069731020e+00
2.9835026532e-02  1.2487769826e+00
3.0802050492e-02  1.2877998764e+00
3.1701443417e-02  1.3239430135e+00
3.2531019921e-02  1.3571496093e+00
3.3289614128e-02  1.3874034024e+00
3.3977057614e-02  1.4147265386e+00
3.4594136566e-02  1.4391768801e+00
3.5142529627e-02  1.4608448194e+00
3.5624728422e-02  1.4798496720e+00
3.6043943145e-02  1.4963357265e+00
3.6403995975e-02  1.5104680279e+00
3.6709205355e-02  1.5224279747e+00
3.6964264362e-02  1.5324088142e+00
3.7174116526e-02  1.5406111233e+00
3.7343832444e-02  1.5472383657e+00
3.7478490490e-02  1.5524926208e+00
3.7583064732e-02  1.5565705776e+00
3.7662322944e-02  1.5596598868e+00
3.7720737256e-02  1.5619359581e+00
3.7762409611e-02  1.5635592818e+00
3.7791013725e-02  1.5646733420e+00
3.7809754777e-02  1.5654031729e+00
3.7821347515e-02  1.5658545933e+00
3.7828012929e-02  1.5661141320e+00
3.7831493090e-02  1.5662496395e+00
3.7833083254e-02  1.5663115551e+00
3.7833679787e-02  1.5663347820e+00
3.7833842059e-02  1.5663411003e+00
3.7833866010e-02  1.5663420328e+00
3.7833869289e-02  1.5663421605e+00
3.7833946717e-02  1.5663451753e+00
3.7834471308e-02  1.5663656009e+00
3.7836399770e-02  1.5664406875e+00
3.7841540424e-02  1.5666408405e+00
3.7852791030e-02  1.5670788684e+00
3.7874338865e-02  1.5679177361e+00
3.7911815673e-02  1.5693765092e+00
3.7972401426e-02  1.5717342068e+00
3.8064872318e-02  1.5753313245e+00
3.8199589998e-02  1.5805688306e+00
3.8388430792e-02  1.5879044981e+00
3.8644655388e-02  1.5978464967e+00
3.8982721216e-02  1.6109442464e+00
3.9418041452e-02  1.6277766253e+00
3.9966696181e-02  1.6489377212e+00
4.0645102680e-02  1.6750204373e+00
4.1469653092e-02  1.7065983800e+00
4.2456328775e-02  1.7442065964e+00
4.3620301432e-02  1.7883218630e+00
4.4975531646e-02  1.8393433534e+00
4.6534375695e-02  1.8975746251e+00
4.8307211439e-02  1.9632079200e+00
5.0302093759e-02  2.0363117711e+00
5.2524449348e-02  2.1168228007e+00
5.4976819775e-02  2.2045423877e+00
5.7658660565e-02  2.2991385593e+00
6.0566202688e-02  2.4001530658e+00
6.3692381269e-02  2.5070131651e+00
6.7026834656e-02  2.6190472480e+00
7.0555975208e-02  2.7355031439e+00
7.4263131293e-02  2.8555678093e+00
7.8128758214e-02  2.9783871479e+00
8.2130713948e-02  3.1030849125e+00
8.6244593957e-02  3.2287799649e+00
9.0444117762e-02  3.3546015228e+00
9.4701558650e-02  3.4797023550e+00
9.8988206750e-02  3.6032701144e+00
1.0327485485e-01  3.7245371098e+00
1.0753229574e-01  3.8427888089e+00
1.1173181954e-01  3.9573712644e+00
1.1584569955e-01  4.0676975222e+00
1.1984765529e-01  4.1732529415e+00
1.2371328221e-01  4.2735992814e+00
1.2742043829e-01  4.3683773936e+00
1.3094957884e-01  4.4573084133e+00
1.3428403223e-01  4.5401934243e+00
1.3741021081e-01  4.6169116762e+00
1.4031775294e-01  4.6874175128e+00
1.4299959373e-01  4.7517362221e+00
1.4545196415e-01  4.8099590347e+00
1.4767431974e-01  4.8622374788e+00
1.4966920206e-01  4.9087772683e+00
1.5144203781e-01  4.9498318550e+00
1.5300088185e-01  4.9856957408e+00
1.5435611207e-01  5.0166976153e+00
1.5552008472e-01  5.0431933687e+00
1.5650676041e-01  5.0655590280e+00
1.5733131082e-01  5.0841836700e+00
1.5800971732e-01  5.0994623818e+00
1.5855837205e-01  5.1117893561e+00
1.5899369228e-01  5.1215512312e+00
1.5933175811e-01  5.1291208026e+00
1.5958798271e-01  5.1348512455e+00
1.5977682350e-01  5.1390709970e+00
1.5991154118e-01  5.1420794424e+00
1.6000401207e-01  5.1441435416e+00
1.6006459783e-01  5.1454955105e+00
1.6010207463e-01  5.1463316445e+00
1.6012362247e-01  5.1468123367e+00
1.6013487308e-01  5.1470633009e+00
1.6014001373e-01  5.1471779683e+00
1.6014194219e-01  5.1472209840e+00
1.6014246678e-01  5.1472326853e+00
1.6014254421e-01  5.1472344124e+00
1.6014255156e-01  5.1472345764e+00
1.6014270141e-01  5.1472379189e+00
1.6014371668e-01  5.1472605649e+00
1.6014744893e-01  5.1473438138e+00
1.6015739788e-01  5.1475657224e+00
1.6017917173e-01  5.1480513517e+00
1.6022087430e-01  5.1489813433e+00
1.6029340500e-01  5.1505984603e+00
1.6041065956e-01  5.1532117589e+00
1.6058962298e-01  5.1571980901e+00
1.6085034866e-01  5.1630006769e+00
1.6121582145e-01  5.1711245714e+00
1.6171170539e-01  5.1821288739e+00
1.6236598066e-01  5.1966156986e+00
1.6320847711e-01  5.2152159963e+00
1.6427031533e-01  5.2385725019e+00
1.6558326848e-01  5.2673202459e+00
1.6717906105e-01  5.3020652623e+00
1.6908862256e-01  5.3433623136e+00
1.7134131554e-01  5.3916926281e+00
1.7396415859e-01  5.4474427796e+00
1.7698106541e-01  5.5108859109e+00
1.8041212078e-01  5.5821664852e+00
1.8427291370e-01  5.6612896090e+00
1.8857394672e-01  5.7481157034e+00
1.9332013866e-01  5.8423608917e+00
1.9851043578e-01  5.9436029709e+00
2.0413754367e-01  6.0512923104e+00
2.1018778935e-01  6.1647665890e+00
2.1664111941e-01  6.2832680558e+00
2.2347123703e-01  6.4059620477e+00
2.3064587677e-01  6.5319557878e+00
2.3812721285e-01  6.6603169132e+00
2.4587239271e-01  6.7900915697e+00
2.5383418508e-01  6.9203221261e+00
2.6196172806e-01  7.0500645576e+00
2.7020136078e-01  7.1784053743e+00
2.7849751965e-01  7.3044777250e+00
2.8679367852e-01  7.4274761170e+00
2.9503331125e-01  7.5466691163e+00
3.0316085423e-01  7.6614094628e+00
3.1112264660e-01  7.7711412144e+00
3.1886782646e-01  7.8754037798e+00
3.2634916253e-01  7.9738329452e+00
3.3352380228e-01  8.0661592123e+00
3.4035391989e-01  8.1522039078e+00
3.4680724995e-01  8.2318735933e+00
3.5285749563e-01  8.3051533112e+00
3.5848460353e-01  8.3720991473e+00
3.6367490064e-01  8.4328305126e+00
3.6842109258e-01  8.4875224453e+00
3.7272212561e-01  8.5363981342e+00
3.7658291853e-01  8.5797217773e+00
3.8001397390e-01  8.6177918143e+00
3.8303088072e-01  8.6509345200e+00
3.8565372376e-01  8.6794979113e+00
3.8790641674e-01  8.7038459074e+00
3.8981597825e-01  8.7243526828e+00
3.9141177083e-01  8.7413971685e+00
3.9272472397e-01  8.7553576804e+00
3.9378656219e-01  8.7666066833e+00
3.9462905865e-01  8.7755057319e+00
3.9528333391e-01  8.7824006611e+00
3.9577921786e-01  8.7876171248e+00
3.9614469064e-01  8.7914566027e+00
3.9640541633e-01  8.7941930054e+00
3.9658437975e-01  8.7960700082e+00
3.9670163431e-01  8.7972992328e+00
3.9677416500e-01  8.7980593767e+00
3.9681586758e-01  8.7984963551e+00
3.9683764142e-01  8.7987244889e+00
3.9684759038e-01  8.7988287233e+00
3.9685132263e-01  8.7988678248e+00
3.9685233789e-01  8.7988784614e+00
3.9685248774e-01  8.7988800313e+00
3.9685250108e-01  8.7988801710e+00
3.9685276360e-01  8.7988829213e+00
3.9685454218e-01  8.7989015547e+00
3.9686108046e-01  8.7989700525e+00
3.9687850940e-01  8.7991526386e+00
3.9691665361e-01  8.7995522040e+00
3.9698970969e-01  8.8003173440e+00
3.9711677158e-01  8.8016476922e+00
3.9732218235e-01  8.8037972532e+00
3.9763569693e-01  8.8070754538e+00
3.9809244561e-01  8.8118456624e+00
3.9873269404e-01  8.8185209705e+00
3.9960140144e-01  8.8275570949e+00
4.0074758448e-01  8.8394423537e+00
4.0222350021e-01  8.8546847888e+00
4.0408366677e-01  8.8737966677e+00
4.0638374551e-01  8.8972767723e+00
4.0917931259e-01  8.9255910841e+00
4.1252455142e-01  8.9591526719e+00
4.1647090036e-01  8.9983017676e+00
4.2106569155e-01  9.0432871520e+00
4.2635081789e-01  9.0942500423e+00
4.3236146463e-01  9.1512116457e+00
4.3912494114e-01  9.2140654167e+00
4.4665964615e-01  9.2825748076e+00
4.5497419664e-01  9.3563769470e+00
4.6406674661e-01  9.4349922473e+00
4.7392451749e-01  9.5178394580e+00
4.8452355643e-01  9.6042552187e+00
4.9582873314e-01  9.6935167688e+00
5.0779397990e-01  9.7848662137e+00
5.2036277298e-01  9.8775346600e+00
5.3346884776e-01  9.9707646419e+00
5.4703713363e-01  1.0063829542e+01
5.6098488910e-01  1.0156049128e+01
5.7522301248e-01  1.0246800797e+01
5.8965749874e-01  1.0335526600e+01
6.0419100952e-01  1.0421736480e+01
6.1872452031e-01  1.0505008463e+01
6.3315900657e-01  1.0584986609e+01
6.4739712995e-01  1.0661377569e+01
6.6134488542e-01  1.0733946453e+01
6.7491317129e-01  1.0802512542e+01
6.8801924607e-01  1.0866945183e+01
7.0058803915e-01  1.0927160035e+01
7.1255328590e-01  1.0983115689e+01
7.2385846262e-01  1.1034810585e+01
7.3445750156e-01  1.1082280139e+01
7.4431527244e-01  1.1125593947e+01
7.5340782241e-01  1.1164852984e+01
7.6172237290e-01  1.1200186748e+01
7.6925707791e-01  1.1231750304e+01
7.7602055442e-01  1.1259721229e+01
7.8203120116e-01  1.1284296473e+01
7.8731632750e-01  1.1305689143e+01
7.9191111869e-01  1.1324125236e+01
7.9585746763e-01  1.1339840317e+01
7.9920270646e-01  1.1353076180e+01
8.0199827354e-01  1.1364077481e+01
8.0429835228e-01  1.1373088384e+01
8.0615851884e-01  1.1380349244e+01
8.0763443456e-01  1.1386093374e+01
8.0878061760e-01  1.1390543948e+01
8.0964932501e-01  1.1393911135e+01
8.1028957344e-01  1.1396389508e+01
8.1074632212e-01  1.1398155860e+01
8.1105983670e-01  1.1399367474e+01
8.1126524747e-01  1.1400160946e+01
8.1139230936e-01  1.1400651625e+01
8.1146536544e-01  1.1400933698e+01
8.1150350965e-01  1.1401080961e+01
8.1152093859e-01  1.1401148245e+01
8.1152747687e-01  1.1401173485e+01
8.1152925545e-01  1.1401180351e+01
8.1152951797e-01  1.1401181365e+01
8.1152954118e-01  1.1401181454e+01
8.1152999629e-01  1.1401183211e+01
8.1153307975e-01  1.1401195114e+01
8.1154441493e-01  1.1401238872e+01
8.1157463083e-01  1.1401355510e+01
8.1164076001e-01  1.1401610758e+01
8.1176741459e-01  1.1402099542e+01
8.1198769701e-01  1.1402949394e+01
8.1234380996e-01  1.1404322588e+01
8.1288733843e-01  1.1406416814e+01
8.1367918647e-01  1.1409464249e+01
8.1478916114e-01  1.1413728880e+01
8.1629520655e-01  1.1419501999e+01
8.1828230107e-01  1.1427095840e+01
8.2084104076e-01  1.1436835410e+01
8.2406594169e-01  1.1449048652e+01
8.2805350187e-01  1.1464055200e+01
8.3290007158e-01  1.1482154102e+01
8.3869958658e-01  1.1503610979e+01
8.4554122359e-01  1.1528645226e+01
8.5350704061e-01  1.1557417868e+01
8.6266966576e-01  1.1590020786e+01
8.7309009839e-01  1.1626467942e+01
8.8481568373e-01  1.1666689271e+01
8.9787831899e-01  1.1710527771e+01
9.1229294307e-01  1.1757740271e+01
9.2805635565e-01  1.1808002244e+01
9.4514640300e-01  1.1860916841e+01
9.6352155895e-01  1.1916028103e+01
9.8312091946e-01  1.1972837890e+01
1.0038646186e+00  1.2030825557e+01
1.0256546634e+00  1.2089468831e+01
1.0483761733e+00  1.2148263855e+01
1.0718990012e+00  1.2206742221e+01
1.0960797013e+00  1.2264483191e+01
1.1207638013e+00  1.2321120148e+01
1.1457883283e+00  1.2376341437e+01
1.1709845304e+00  1.2429886795e+01
1.1961807326e+00  1.2481541137e+01
1.2212052596e+00  1.2531127540e+01
1.2458893596e+00  1.2578500849e+01
1.2700700597e+00  1.2623542717e+01
1.2935928876e+00  1.2666158323e+01
1.3163143975e+00  1.2706274560e+01
1.3381044423e+00  1.2743839277e+01
1.3588481414e+00  1.2778821113e+01
1.3784475019e+00  1.2811209515e+01
1.3968226579e+00  1.2841014668e+01
1.4139127052e+00  1.2868267137e+01
1.4296761178e+00  1.2893017174e+01
1.4440907419e+00  1.2915333668e+01
1.4571533772e+00  1.2935302774e+01
1.4688789625e+00  1.2953026279e+01
1.4792993951e+00  1.2968619762e+01
1.4884620203e+00  1.2982210585e+01
1.4964278373e+00  1.2993935776e+01
1.5032694743e+00  1.3003939821e+01
1.5090689893e+00  1.3012372405e+01
1.5139155590e+00  1.3019386108e+01
1.5179031192e+00  1.3025134111e+01
1.5211280201e+00  1.3029767913e+01
1.5236867598e+00  1.3033435113e+01
1.5256738543e+00  1.3036277305e+01
1.5271798998e+00  1.3038428115e+01
1.5282898744e+00  1.3040011456e+01
1.5290817225e+00  1.3041140052e+01
1.5296252509e+00  1.3041914269e+01
1.5299813639e+00  1.3042421324e+01
1.5302016463e+00  1.3042734896e+01
1.5303283009e+00  1.3042915161e+01
1.5303944301e+00  1.3043009274e+01
1.5304246460e+00  1.3043052274e+01
1.5304359811e+00  1.3043068405e+01
1.5304390646e+00  1.3043072792e+01
1.5304395197e+00  1.3043073440e+01
1.5304395606e+00  1.3043073498e+01
1.5304403688e+00  1.3043074648e+01
1.5304458448e+00  1.3043082441e+01
1.5304659752e+00  1.3043111087e+01
1.5305196364e+00  1.3043187447e+01
1.5306370768e+00  1.3043354551e+01
1.5308620058e+00  1.3043674551e+01
1.5312532107e+00  1.3044230956e+01
1.5318856403e+00  1.3045130045e+01
1.5328509057e+00  1.3046501339e+01
1.5342571679e+00  1.3048497040e+01
1.5362283989e+00  1.3051290353e+01
1.5389030215e+00  1.3055072642e+01
1.5424319510e+00  1.3060049415e+01
1.5469760790e+00  1.3066435159e+01
1.5527032589e+00  1.3074447126e+01
1.5597848639e+00  1.3084298239e+01
1.5683920049e+00  1.3096189325e+01
1.5786915045e+00  1.3110300998e+01
1.5908417339e+00  1.3126785526e+01
1.6049884219e+00  1.3145759096e+01
1.6212605506e+00  1.3167294871e+01
1.6397664501e+00  1.3191417255e+01
1.6605902021e+00  1.3218097731e+01
1.6837884535e+00  1.3247252579e+01
1.7093877347e+00  1.3278742705e+01
1.7373823622e+00  1.3312375703e+01
1.7677329926e+00  1.3347910158e+01
1.8003658786e+00  1.3385062070e+01
1.8351728592e+00  1.3423513117e+01
1.8720120986e+00  1.3462920360e+01
1.9107095687e+00  1.3502926861e+01
1.9510612502e+00  1.3543172597e+01
1.9928360119e+00  1.3583305052e+01
2.0357791049e+00  1.3622988866e+01
2.0796161980e+00  1.3661914059e+01
2.1240578637e+00  1.3699802462e+01
2.1688044113e+00  1.3736412183e+01
2.2135509589e+00  1.3771540080e+01
2.2579926246e+00  1.3805022407e+01
2.3018297177e+00  1.3836733881e+01
2.3447728106e+00  1.3866585504e+01
2.3865475724e+00  1.3894521494e+01
2.4268992539e+00  1.3920515684e+01
2.4655967240e+00  1.3944567675e+01
2.5024359634e+00  1.3966699010e+01
2.5372429440e+00  1.3986949533e+01
2.5698758300e+00  1.4005374073e+01
2.6002264604e+00  1.4022039505e+01
2.6282210879e+00  1.4037022220e+01
2.6538203691e+00  1.4050405981e+01
2.6770186205e+00  1.4062280137e+01
2.6978423725e+00  1.4072738141e+01
2.7163482720e+00  1.4081876310e+01
2.7326204007e+00  1.4089792781e+01
2.7467670887e+00  1.4096586590e+01
2.7589173181e+00  1.4102356842e+01
2.7692168177e+00  1.4107201917e+01
2.7778239587e+00  1.4111218698e+01
2.7849055637e+00  1.4114501784e+01
2.7906327436e+00  1.4117142694e+01
2.7951768716e+00  1.4119229066e+01
2.7987058011e+00  1.4120843852e+01
2.8013804237e+00  1.4122064546e+01
2.8033516547e+00  1.4122962466e+01
2.8047579169e+00  1.4123602132e+01
2.8057231823e+00  1.4124040767e+01
2.8063556119e+00  1.4124327963e+01
2.8067468168e+00  1.4124505539e+01
2.8069717458e+00  1.4124607613e+01
2.8070891862e+00  1.4124660901e+01
2.8071428474e+00  1.4124685247e+01
2.8071629778e+00  1.4124694380e+01
2.8071684538e+00  1.4124696864e+01
2.8071692620e+00  1.4124697231e+01
2.8071693365e+00  1.4124697265e+01
2.8071708321e+00  1.4124697943e+01
2.8071809652e+00  1.4124702541e+01
2.8072182157e+00  1.4124719440e+01
2.8073175132e+00  1.4124764487e+01
2.8075348315e+00  1.4124863060e+01
2.8079510524e+00  1.4125051804e+01
2.8086749596e+00  1.4125379918e+01
2.8098452424e+00  1.4125909934e+01
2.8116314229e+00  1.4126717891e+01
2.8142336481e+00  1.4127892824e+01
2.8178813230e+00  1.4129535504e+01
2.8228305926e+00  1.4131756378e+01
2.8293607187e+00  1.4134672676e+01
2.8377694244e+00  1.4138404729e+01
2.8483673147e+00  1.4143071556e+01
2.8614715082e+00  1.4148785884e+01
2.8773986376e+00  1.4155648821e+01
2.8964574011e+00  1.4163744461e+01
2.9189408573e+00  1.4173134788e+01
2.9451186709e+00  1.4183855238e+01
2.9752295174e+00  1.4195911315e+01
3.0094738570e+00  1.4209276564e+01
3.0480072788e+00  1.4223892160e+01
3.0909346056e+00  1.4239668192e+01
3.1383049308e+00  1.4256486616e+01
3.1901077371e+00  1.4274205655e+01
3.2462702215e+00  1.4292665309e+01
3.3066559178e+00  1.4311693536e+01
3.3710646790e+00  1.4331112617e+01
3.4392340443e+00  1.4350745247e+01
3.5108419822e+00  1.4370419942e+01
3.5855109645e+00  1.4389975512e+01
3.6628132931e+00  1.4409264412e+01
3.7422775663e+00  1.4428154970e+01
3.8233961469e+00  1.4446532565e+01
3.9056334619e+00  1.4464299910e+01
3.9884349474e+00  1.4481376631e+01
4.0712364329e+00  1.4497698357e+01
4.1534737478e+00  1.4513215490e+01
4.2345923284e+00  1.4527891831e+01
4.3140566017e+00  1.4541703162e+01
4.3913589302e+00  1.4554635871e+01
4.4660279126e+00  1.4566685673e+01
4.5376358504e+00  1.4577856440e+01
4.6058052157e+00  1.4588159158e+01
4.6702139769e+00  1.4597610994e+01
4.7305996732e+00  1.4606234479e+01
4.7867621576e+00  1.4614056771e+01
4.8385649639e+00  1.4621109014e+01
4.8859352891e+00  1.4627425749e+01
4.9288626159e+00  1.4633044389e+01
4.9673960378e+00  1.4638004728e+01
5.0016403774e+00  1.4642348489e+01
5.0317512238e+00  1.4646118886e+01
5.0579290374e+00  1.4649360191e+01
5.0804124937e+00  1.4652117318e+01
5.0994712572e+00  1.4654435383e+01
5.1153983866e+00  1.4656359270e+01
5.1285025800e+00  1.4657933183e+01
5.1391004704e+00  1.4659200183e+01
5.1475091761e+00  1.4660201740e+01
5.1540393022e+00  1.4660977281e+01
5.1589885718e+00  1.4661563762e+01
5.1626362466e+00  1.4661995284e+01
5.1652384719e+00  1.4662302756e+01
5.1670246524e+00  1.4662513626e+01
5.1681949351e+00  1.4662651706e+01
5.1689188423e+00  1.4662737088e+01
5.1693350633e+00  1.4662786169e+01
5.1695523815e+00  1.4662811791e+01
5.1696516791e+00  1.4662823498e+01
5.1696889295e+00  1.4662827890e+01
5.1696990626e+00  1.4662829085e+01
5.1697005582e+00  1.4662829261e+01
5.1697007007e+00  1.4662829278e+01
5.1697036125e+00  1.4662829621e+01
5.1697233399e+00  1.4662831947e+01
5.1697958603e+00  1.4662840496e+01
5.1699891761e+00  1.4662863285e+01
5.1704122586e+00  1.4662913154e+01
5.1712225716e+00  1.4663008643e+01
5.1726318984e+00  1.4663174650e+01
5.1749102442e+00  1.4663442828e+01
5.1783876405e+00  1.4663851686e+01
5.1834537401e+00  1.4664446354e+01
5.1905551561e+00  1.4665277972e+01
5.2001905605e+00  1.4666402693e+01
5.2129036296e+00  1.4667880285e+01
5.2292739805e+00  1.4669772337e+01
5.2499063097e+00  1.4672140122e+01
5.2754179941e+00  1.4675042174e+01
5.3064254651e+00  1.4678531689e+01
5.3435297066e+00  1.4682653875e+01
5.3873012551e+00  1.4687443411e+01
5.4382651027e+00  1.4692922189e+01
5.4968859110e+00  1.4699097486e+01
5.5635539425e+00  1.4705960727e+01
5.6385721036e+00  1.4713486933e+01
5.7221444667e+00  1.4721634912e+01
5.8143666083e+00  1.4730348197e+01
5.9152180532e+00  1.4739556672e+01
6.0245570660e+00  1.4749178782e+01
6.1421179697e+00  1.4759124197e+01
6.2675111114e+00  1.4769296760e+01
6.4002255236e+00  1.4779597567e+01
6.5396342645e+00  1.4789928000e+01
6.6850023497e+00  1.4800192581e+01
6.8354971217e+00  1.4810301516e+01
6.9902008404e+00  1.4820172819e+01
7.1481252203e+00  1.4829733975e+01
7.3082275899e+00  1.4838923068e+01
7.4694283056e+00  1.4847689410e+01
7.6306290213e+00  1.4855993664e+01
7.7907313909e+00  1.4863807548e+01
7.9486557708e+00  1.4871113160e+01
8.1033594895e+00  1.4877902044e+01
8.2538542615e+00  1.4884174059e+01
8.3992223467e+00  1.4889936154e+01
8.5386310876e+00  1.4895201124e+01
8.6713454997e+00  1.4899986399e+01
8.7967386414e+00  1.4904312936e+01
8.9142995452e+00  1.4908204217e+01
9.0236385579e+00  1.4911685399e+01
9.1244900028e+00  1.4914782606e+01
9.2167121444e+00  1.4917522359e+01
9.3002845075e+00  1.4919931137e+01
9.3753026686e+00  1.4922035055e+01
9.4419707002e+00  1.4923859625e+01
9.5005915084e+00  1.4925429606e+01
9.5515553560e+00  1.4926768898e+01
9.5953269046e+00  1.4927900477e+01
9.6324311461e+00  1.4928846353e+01
9.6634386171e+00  1.4929627533e+01
9.6889503014e+00  1.4930263990e+01
9.7095826306e+00  1.4930774615e+01
9.7259529816e+00  1.4931177170e+01
9.7386660506e+00  1.4931488217e+01
9.7483014551e+00  1.4931723051e+01
9.7554028710e+00  1.4931895624e+01
9.7604689707e+00  1.4932018477e+01
9.7639463669e+00  1.4932102679e+01
9.7662247127e+00  1.4932157792e+01
9.7676340396e+00  1.4932191861e+01
9.7684443525e+00  1.4932211443e+01
9.7688674350e+00  1.4932221664e+01
9.7690607509e+00  1.4932226334e+01
9.7691332713e+00  1.4932228086e+01
9.7691529987e+00  1.4932228563e+01
9.7691559104e+00  1.4932228633e+01
9.7691561986e+00  1.4932228640e+01
9.7691621985e+00  1.4932228785e+01
9.7692028485e+00  1.4932229767e+01
9.7693522831e+00  1.4932233376e+01
9.7697506271e+00  1.4932242997e+01
9.7706224251e+00  1.4932264049e+01
9.7722921450e+00  1.4932304350e+01
9.7751961848e+00  1.4932374387e+01
9.7798909134e+00  1.4932487462e+01
9.7870563890e+00  1.4932659691e+01
9.7974955253e+00  1.4932909839e+01
9.8121286068e+00  1.4933258962e+01
9.8319831908e+00  1.4933729832e+01
9.8581795688e+00  1.4934346153e+01
9.8919120922e+00  1.4935131553e+01
9.9344267905e+00  1.4936108391e+01
9.9869958218e+00  1.4937296423e+01
1.0050889397e+01  1.4938711397e+01
1.0127345894e+01  1.4940363672e+01
1.0217540954e+01  1.4942256989e+01
1.0322556369e+01  1.4944387501e+01
1.0443349612e+01  1.4946743192e+01
1.0580724856e+01  1.4949303776e+01
1.0735306263e+01  1.4952041136e+01
1.0907514342e+01  1.4954920316e+01
1.1097546039e+01  1.4957901005e+01
1.1305359160e+01  1.4960939415e+01
1.1530661650e+01  1.4963990400e+01
1.1772906056e+01  1.4967009627e+01
1.2031289466e+01  1.4969955619e+01
1.2304758987e+01  1.4972791507e+01
1.2592022750e+01  1.4975486344e+01
1.2891566258e+01  1.4978015940e+01
1.3201673748e+01  1.4980363172e+01
1.3520454136e+01  1.4982517831e+01
1.3845870975e+01  1.4984476074e+01
1.4175775749e+01  1.4986239589e+01
1.4507943762e+01  1.4987814600e+01
1.4840111774e+01  1.4989210798e+01
1.5170016548e+01  1.4990440310e+01
1.5495433387e+01  1.4991516753e+01
1.5814213775e+01  1.4992454435e+01
1.6124321265e+01  1.4993267705e+01
1.6423864773e+01  1.4993970465e+01
1.6711128537e+01  1.4994575824e+01
1.6984598057e+01  1.4995095883e+01
1.7242981467e+01  1.4995541620e+01
1.7485225873e+01  1.4995922851e+01
1.7710528363e+01  1.4996248262e+01
1.7918341484e+01  1.4996525460e+01
1.8108373181e+01  1.4996761068e+01
1.8280581260e+01  1.4996960821e+01
1.8435162667e+01  1.4997129668e+01
1.8572537911e+01  1.4997271872e+01
1.8693331154e+01  1.4997391109e+01
1.8798346569e+01  1.4997490549e+01
1.8888541629e+01  1.4997572940e+01
1.8964998126e+01  1.4997640669e+01
1.9028891701e+01  1.4997695825e+01
1.9081460733e+01  1.4997740242e+01
1.9123975431e+01  1.4997775540e+01
1.9157707954e+01  1.4997803156e+01
1.9183904332e+01  1.4997824367e+01
1.9203758916e+01  1.4997840307e+01
1.9218391998e+01  1.4997851980e+01
1.9228831134e+01  1.4997860270e+01
1.9235996610e+01  1.4997865941e+01
1.9240691338e+01  1.4997869649e+01
1.9243595378e+01  1.4997871940e+01
1.9245265098e+01  1.4997873255e+01
1.9246136896e+01  1.4997873942e+01
1.9246535240e+01  1.4997874256e+01
1.9246684675e+01  1.4997874373e+01
1.9246725325e+01  1.4997874405e+01
1.9246731324e+01  1.4997874410e+01
1.9246731943e+01  1.4997874411e+01
1.9246745081e+01  1.4997874421e+01
1.9246834094e+01  1.4997874491e+01
1.9247161314e+01  1.4997874749e+01
1.9248033577e+01  1.4997875435e+01
1.9249942574e+01  1.4997876937e+01
1.9253598799e+01  1.4997879810e+01
1.9259957842e+01  1.4997884799e+01
1.9270237999e+01  1.4997892838e+01
1.9285928408e+01  1.4997905050e+01
1.9308787229e+01  1.4997922715e+01
1.9340829629e+01  1.4997947228e+01
1.9384305676e+01  1.4997980029e+01
1.9441668496e+01  1.4998022510e+01
1.9515533391e+01  1.4998075905e+01
1.9608628819e+01  1.4998141163e+01
1.9723740455e+01  1.4998218815e+01
1.9863649708e+01  1.4998308861e+01
2.0031068287e+01  1.4998410673e+01
2.0228570517e+01  1.4998522959e+01
2.0458525222e+01  1.4998643776e+01
2.0723029010e+01  1.4998770618e+01
2.1023842788e+01  1.4998900568e+01
2.1362333306e+01  1.4999030498e+01
2.1739421361e+01  1.4999157305e+01
2.2155538205e+01  1.4999278137e+01
2.2610591452e+01  1.4999390595e+01
2.3103941575e+01  1.4999492872e+01
2.3634389810e+01  1.4999583825e+01
2.4200177998e+01  1.4999662978e+01
2.4799000595e+01  1.4999730455e+01
2.5428028769e+01  1.4999786870e+01
2.6083946185e+01  1.4999833189e+01
2.6762995798e+01  1.4999870590e+01
2.7461036660e+01  1.4999900335e+01
2.8173609513e+01  1.4999923672e+01
2.8896009704e+01  1.4999941767e+01
2.9623365759e+01  1.4999955659e+01
3.0350721814e+01  1.4999966246e+01
3.1073122006e+01  1.4999974272e+01
3.1785694859e+01  1.4999980335e+01
3.2483735720e+01  1.4999984902e+01
3.3162785334e+01  1.4999988341e+01
3.3818702750e+01  1.4999990941e+01
3.4447730923e+01  1.4999992941e+01
3.5046553521e+01  1.4999994528e+01
3.5612341709e+01  1.4999995838e+01
3.6142789944e+01  1.4999996950e+01
3.6636140067e+01  1.4999997899e+01
3.7091193314e+01  1.4999998692e+01
3.7507310158e+01  1.4999999325e+01
3.7884398213e+01  1.5000000000e+01
3.8222888730e+01  1.5000000000e+01
3.8523702509e+01  1.5000000000e+01
3.8788206296e+01  1.5000000000e+01
3.9018161002e+01  1.5000000000e+01
3.9215663232e+01  1.5000000000e+01
3.9383081811e+01  1.5000000000e+01
3.9522991064e+01  1.5000000000e+01
3.9638102700e+01  1.5000000000e+01
3.9731198127e+01  1.5000000000e+01
3.9805063022e+01  1.5000000000e+01
3.9862425843e+01  1.5000000000e+01
3.9905901889e+01  1.5000000000e+01
3.9937944290e+01  1.5000000000e+01
3.9960803110e+01  1.5000000000e+01
3.9976493519e+01  1.5000000000e+01
3.9986773676e+01  1.5000000000e+01
3.9993132720e+01  1.5000000000e+01
3.9996788945e+01  1.5000000000e+01
3.9998697941e+01  1.5000000000e+01
3.9999570204e+01  1.5000000000e+01
3.9999897425e+01  1.5000000000e+01
3.9999986437e+01  1.5000000000e+01
3.9999999575e+01  1.5000000000e+01
