0.0000000000e+00  0.0000000000e+00
7.7456453404e-10  1.8786990097e-07
2.4725632746e-08  5.9971793007e-06
1.8699786209e-07  4.5356202698e-05
7.8353101184e-07  1.9004558910e-04
2.3736944844e-06  5.7574553140e-04
5.8538557845e-06  1.4198970380e-03
1.2519269364e-05  3.0367649691e-03
2.4112007902e-05  5.8491895062e-03
4.2853059808e-05  1.0396630883e-02
7.1457173561e-05  1.7339241450e-02
1.1312952871e-04  2.7457827644e-02
1.7154384123e-04  4.1649676982e-02
2.5080205287e-04  6.0920304814e-02
3.5537629477e-04  8.6371206814e-02
4.9003434061e-04  1.1918367777e-01
6.5975025877e-04  1.6059868009e-01
8.6960242240e-04  2.1189264236e-01
1.1246614295e-03  2.7434898655e-01
1.4298708094e-03  3.4922519144e-01
1.7899236401e-03  4.3771537236e-01
2.2091383632e-03  5.4090875289e-01
2.6913371581e-03  6.5974503753e-01
3.2397302191e-03  7.9496851053e-01
3.8568091704e-03  9.4708355190e-01
4.5442526566e-03  1.1163149772e+00
5.3028468633e-03  1.3025769500e+00
6.1324233680e-03  1.5054540001e+00
7.0318162928e-03  1.7241968304e+00
7.9988402523e-03  1.9577341781e+00
9.0302900671e-03  2.2047002375e+00
1.0121962658e-02  2.4634753852e+00
1.1268700972e-02  2.7322365196e+00
1.2464459230e-02  3.0090125187e+00
1.3702388216e-02  3.2917402673e+00
1.4974938850e-02  3.5783173463e+00
1.6273981766e-02  3.8666486235e+00
1.7590940231e-02  4.1546853423e+00
1.8916933392e-02  4.4404565695e+00
2.0242926554e-02  4.7220938210e+00
2.1559885019e-02  4.9978502083e+00
2.2858927935e-02  5.2661155482e+00
2.4131478569e-02  5.5254286434e+00
2.5369407555e-02  5.7744875256e+00
2.6565165812e-02  6.0121579987e+00
2.7711904127e-02  6.2374804494e+00
2.8803576718e-02  6.4496746720e+00
2.9835026532e-02  6.6481423854e+00
3.0802050492e-02  6.8324671832e+00
3.1701443417e-02  7.0024117876e+00
3.2531019921e-02  7.1579126270e+00
3.3289614128e-02  7.2990718816e+00
3.3977057614e-02  7.4261472303e+00
3.4594136566e-02  7.5395395679e+00
3.5142529627e-02  7.6397789791e+00
3.5624728422e-02  7.7275092427e+00
3.6043943145e-02  7.8034711335e+00
3.6403995975e-02  7.8684847854e+00
3.6709205355e-02  7.9234313833e+00
3.6964264362e-02  7.9692344730e+00
3.7174116526e-02  8.0068412002e+00
3.7343832444e-02  8.0372038189e+00
3.7478490490e-02  8.0612618376e+00
3.7583064732e-02  8.0799251903e+00
3.7662322944e-02  8.0940588284e+00
3.7720737256e-02  8.1044691242e+00
3.7762409611e-02  8.1118924516e+00
3.7791013725e-02  8.1169862696e+00
3.7809754777e-02  8.1203229724e+00
3.7821347515e-02  8.1223866939e+00
3.7828012929e-02  8.1235731643e+00
3.7831493090e-02  8.1241926191e+00
3.7833083254e-02  8.1244756554e+00
3.7833679787e-02  8.1245818325e+00
3.7833842059e-02  8.1246107153e+00
3.7833866010e-02  8.1246149783e+00
3.7833869289e-02  8.1246155619e+00
3.7833946717e-02  8.1246293433e+00
3.7834471308e-02  8.1247227147e+00
3.7836399770e-02  8.1250659560e+00
3.7841540424e-02  8.1259808968e+00
3.7852791030e-02  8.1279831499e+00
3.7874338865e-02  8.1318174265e+00
3.7911815673e-02  8.1384843973e+00
3.7972401426e-02  8.1492576640e+00
3.8064872318e-02  8.1656895331e+00
3.8199589998e-02  8.1896044544e+00
3.8388430792e-02  8.2230792228e+00
3.8644655388e-02  8.2684093853e+00
3.8982721216e-02  8.3280617488e+00
3.9418041452e-02  8.4046134848e+00
3.9966696181e-02  8.5006790653e+00
4.0645102680e-02  8.6188271199e+00
4.1469653092e-02  8.7614902444e+00
4.2456328775e-02  8.9308717422e+00
4.3620301432e-02  9.1288541437e+00
4.4975531646e-02  9.3569149769e+00
4.6534375695e-02  9.6160554246e+00
4.8307211439e-02  9.9067469124e+00
5.0302093759e-02  1.0228899063e+01
5.2524449348e-02  1.0581849827e+01
5.4976819775e-02  1.0964375519e+01
5.7658660565e-02  1.1374716187e+01
6.0566202688e-02  1.1810611443e+01
6.3692381269e-02  1.2269344051e+01
6.7026834656e-02  1.2747791964e+01
7.0555975208e-02  1.3242491933e+01
7.4263131293e-02  1.3749717583e+01
7.8128758214e-02  1.4265571815e+01
8.2130713948e-02  1.4786089113e+01
8.6244593957e-02  1.5307339866e+01
9.0444117762e-02  1.5825527537e+01
9.4701558650e-02  1.6337070728e+01
9.8988206750e-02  1.6838665302e+01
1.0327485485e-01  1.7327325410e+01
1.0753229574e-01  1.7800405543e+01
1.1173181954e-01  1.8255607785e+01
1.1584569955e-01  1.8690979074e+01
1.1984765529e-01  1.9104902730e+01
1.2371328221e-01  1.9496087267e+01
1.2742043829e-01  1.9863554114e+01
1.3094957884e-01  2.0206624699e+01
1.3428403223e-01  2.0524906694e+01
1.3741021081e-01  2.0818278957e+01
1.4031775294e-01  2.1086874840e+01
1.4299959373e-01  2.1331063770e+01
1.4545196415e-01  2.1551431256e+01
1.4767431974e-01  2.1748757633e+01
1.4966920206e-01  2.1923995906e+01
1.5144203781e-01  2.2078248977e+01
1.5300088185e-01  2.2212746499e+01
1.5435611207e-01  2.2328821465e+01
1.5552008472e-01  2.2427886642e+01
1.5650676041e-01  2.2511410882e+01
1.5733131082e-01  2.2580895426e+01
1.5800971732e-01  2.2637850349e+01
1.5855837205e-01  2.2683771372e+01
1.5899369228e-01  2.2720117389e+01
1.5933175811e-01  2.2748289105e+01
1.5958798271e-01  2.2769609288e+01
1.5977682350e-01  2.2785305159e+01
1.5991154118e-01  2.2796493482e+01
1.6000401207e-01  2.2804168871e+01
1.6006459783e-01  2.2809195776e+01
1.6010207463e-01  2.2812304535e+01
1.6012362247e-01  2.2814091699e+01
1.6013487308e-01  2.2815024741e+01
1.6014001373e-01  2.2815451051e+01
1.6014194219e-01  2.2815610974e+01
1.6014246678e-01  2.2815654477e+01
1.6014254421e-01  2.2815660898e+01
1.6014255156e-01  2.2815661508e+01
1.6014270141e-01  2.2815673935e+01
1.6014371668e-01  2.2815758127e+01
1.6014744893e-01  2.2816067627e+01
1.6015739788e-01  2.2816892625e+01
1.6017917173e-01  2.2818698038e+01
1.6022087430e-01  2.2822155326e+01
1.6029340500e-01  2.2828166668e+01
1.6041065956e-01  2.2837880145e+01
1.6058962298e-01  2.2852694748e+01
1.6085034866e-01  2.2874254107e+01
1.6121582145e-01  2.2904428100e+01
1.6171170539e-01  2.2945281759e+01
1.6236598066e-01  2.2999031337e+01
1.6320847711e-01  2.3067987934e+01
1.6427031533e-01  2.3154489746e+01
1.6558326848e-01  2.3260824812e+01
1.6717906105e-01  2.3389146935e+01
1.6908862256e-01  2.3541388341e+01
1.7134131554e-01  2.3719173308e+01
1.7396415859e-01  2.3923737576e+01
1.7698106541e-01  2.4155858470e+01
1.8041212078e-01  2.4415800437e+01
1.8427291370e-01  2.4703279844e+01
1.8857394672e-01  2.5017451485e+01
1.9332013866e-01  2.5356917431e+01
1.9851043578e-01  2.5719756806e+01
2.0413754367e-01  2.6103573511e+01
2.1018778935e-01  2.6505558042e+01
2.1664111941e-01  2.6922559854e+01
2.2347123703e-01  2.7351167687e+01
2.3064587677e-01  2.7787796332e+01
2.3812721285e-01  2.8228778603e+01
2.4587239271e-01  2.8670460495e+01
2.5383418508e-01  2.9109295952e+01
2.6196172806e-01  2.9541936062e+01
2.7020136078e-01  2.9965306803e+01
2.7849751965e-01  3.0376669952e+01
2.8679367852e-01  3.0773663569e+01
2.9503331125e-01  3.1154320935e+01
3.0316085423e-01  3.1517069430e+01
3.1112264660e-01  3.1860712879e+01
3.1886782646e-01  3.2184402119e+01
3.2634916253e-01  3.2487598778e+01
3.3352380228e-01  3.2770036767e+01
3.4035391989e-01  3.3031684934e+01
3.4680724995e-01  3.3272713141e+01
3.5285749563e-01  3.3493462859e+01
3.5848460353e-01  3.3694422457e+01
3.6367490064e-01  3.3876206715e+01
3.6842109258e-01  3.4039539767e+01
3.7272212561e-01  3.4185240534e+01
3.7658291853e-01  3.4314209771e+01
3.8001397390e-01  3.4427417970e+01
3.8303088072e-01  3.4525893543e+01
3.8565372376e-01  3.4610710863e+01
3.8790641674e-01  3.4682977923e+01
3.8981597825e-01  3.4743823477e+01
3.9141177083e-01  3.4794383673e+01
3.9272472397e-01  3.4835788278e+01
3.9378656219e-01  3.4869146680e+01
3.9462905865e-01  3.4895533948e+01
3.9528333391e-01  3.4915977285e+01
3.9577921786e-01  3.4931443273e+01
3.9614469064e-01  3.4942826339e+01
3.9640541633e-01  3.4950938884e+01
3.9658437975e-01  3.4956503502e+01
3.9670163431e-01  3.4960147660e+01
3.9677416500e-01  3.4962401168e+01
3.9681586758e-01  3.4963696620e+01
3.9683764142e-01  3.4964372937e+01
3.9684759038e-01  3.4964681946e+01
3.9685132263e-01  3.4964797865e+01
3.9685233789e-01  3.4964829398e+01
3.9685248774e-01  3.4964834052e+01
3.9685250108e-01  3.4964834466e+01
3.9685276360e-01  3.4964842619e+01
3.9685454218e-01  3.4964897859e+01
3.9686108046e-01  3.4965100925e+01
3.9687850940e-01  3.4965642211e+01
3.9691665361e-01  3.4966826742e+01
3.9698970969e-01  3.4969095029e+01
3.9711677158e-01  3.4973038872e+01
3.9732218235e-01  3.4979411220e+01
3.9763569693e-01  3.4989129253e+01
3.9809244561e-01  3.5003269942e+01
3.9873269404e-01  3.5023057484e+01
3.9960140144e-01  3.5049842225e+01
4.0074758448e-01  3.5085070965e+01
4.0222350021e-01  3.5130248988e+01
4.0408366677e-01  3.5186894607e+01
4.0638374551e-01  3.5256487629e+01
4.0917931259e-01  3.5340413727e+01
4.1252455142e-01  3.5439907217e+01
4.1647090036e-01  3.5555995192e+01
4.2106569155e-01  3.5689446057e+01
4.2635081789e-01  3.5840725444e+01
4.3236146463e-01  3.6009962005e+01
4.3912494114e-01  3.6196924930e+01
4.4665964615e-01  3.6401014268e+01
4.5497419664e-01  3.6621264487e+01
4.6406674661e-01  3.6856361367e+01
4.7392451749e-01  3.7104672359e+01
4.8452355643e-01  3.7364290752e+01
4.9582873314e-01  3.7633093860e+01
5.0779397990e-01  3.7908814277e+01
5.2036277298e-01  3.8189120678e+01
5.3346884776e-01  3.8471701007e+01
5.4703713363e-01  3.8754338009e+01
5.6098488910e-01  3.9034966924e+01
5.7522301248e-01  3.9311709086e+01
5.8965749874e-01  3.9582881849e+01
6.0419100952e-01  3.9846991522e+01
6.1872452031e-01  4.0102718922e+01
6.3315900657e-01  4.0348905938e+01
6.4739712995e-01  4.0584547740e+01
6.6134488542e-01  4.0808791228e+01
6.7491317129e-01  4.1020937580e+01
6.8801924607e-01  4.1220445847e+01
7.0058803915e-01  4.1406934869e+01
7.1255328590e-01  4.1580181824e+01
7.2385846262e-01  4.1740116804e+01
7.3445750156e-01  4.1886813700e+01
7.4431527244e-01  4.2020478167e+01
7.5340782241e-01  4.2141433670e+01
7.6172237290e-01  4.2250106592e+01
7.6925707791e-01  4.2347011176e+01
7.7602055442e-01  4.2432734906e+01
7.8203120116e-01  4.2507924655e+01
7.8731632750e-01  4.2573273737e+01
7.9191111869e-01  4.2629509885e+01
7.9585746763e-01  4.2677384016e+01
7.9920270646e-01  4.2717659673e+01
8.0199827354e-01  4.2751102967e+01
8.0429835228e-01  4.2778472920e+01
8.0615851884e-01  4.2800512150e+01
8.0763443456e-01  4.2817937899e+01
8.0878061760e-01  4.2831433502e+01
8.0964932501e-01  4.2841640443e+01
8.1028957344e-01  4.2849151205e+01
8.1074632212e-01  4.2854503173e+01
8.1105983670e-01  4.2858173826e+01
8.1126524747e-01  4.2860577483e+01
8.1139230936e-01  4.2862063805e+01
8.1146536544e-01  4.2862918209e+01
8.1150350965e-01  4.2863364260e+01
8.1152093859e-01  4.2863568059e+01
8.1152747687e-01  4.2863644510e+01
8.1152925545e-01  4.2863665306e+01
8.1152951797e-01  4.2863668376e+01
8.1152954118e-01  4.2863668647e+01
8.1152999629e-01  4.2863673969e+01
8.1153307975e-01  4.2863710023e+01
8.1154441493e-01  4.2863842559e+01
8.1157463083e-01  4.2864195842e+01
8.1164076001e-01  4.2864968944e+01
8.1176741459e-01  4.2866449337e+01
8.1198769701e-01  4.2869023154e+01
8.1234380996e-01  4.2873181523e+01
8.1288733843e-01  4.2879522374e+01
8.1367918647e-01  4.2888747204e+01
8.1478916114e-01  4.2901652329e+01
8.1629520655e-01  4.2919114304e+01
8.1828230107e-01  4.2942069355e+01
8.2084104076e-01  4.2971486944e+01
8.2406594169e-01  4.3008337893e+01
8.2805350187e-01  4.3053557890e+01
8.3290007158e-01  4.3108007628e+01
8.3869958658e-01  4.3172431248e+01
8.4554122359e-01  4.3247415189e+01
8.5350704061e-01  4.3333349834e+01
8.6266966576e-01  4.3430396572e+01
8.7309009839e-01  4.3538462856e+01
8.8481568373e-01  4.3657187637e+01
8.9787831899e-01  4.3785939063e+01
9.1229294307e-01  4.3923825563e+01
9.2805635565e-01  4.4069720470e+01
9.4514640300e-01  4.4222299170e+01
9.6352155895e-01  4.4380086625e+01
9.8312091946e-01  4.4541512043e+01
1.0038646186e+00  4.4704966777e+01
1.0256546634e+00  4.4868861213e+01
1.0483761733e+00  4.5031676665e+01
1.0718990012e+00  4.5192009016e+01
1.0960797013e+00  4.5348601899e+01
1.1207638013e+00  4.5500368494e+01
1.1457883283e+00  4.5646402203e+01
1.1709845304e+00  4.5785977467e+01
1.1961807326e+00  4.5918542606e+01
1.2212052596e+00  4.6043706894e+01
1.2458893596e+00  4.6161223996e+01
1.2700700597e+00  4.6270973667e+01
1.2935928876e+00  4.6372943192e+01
1.3163143975e+00  4.6467209633e+01
1.3381044423e+00  4.6553923544e+01
1.3588481414e+00  4.6633294514e+01
1.3784475019e+00  4.6705578647e+01
1.3968226579e+00  4.6771067938e+01
1.4139127052e+00  4.6830081412e+01
1.4296761178e+00  4.6882957850e+01
1.4440907419e+00  4.6930049866e+01
1.4571533772e+00  4.6971719144e+01
1.4688789625e+00  4.7008332606e+01
1.4792993951e+00  4.7040259309e+01
1.4884620203e+00  4.7067867863e+01
1.4964278373e+00  4.7091524219e+01
1.5032694743e+00  4.7111589640e+01
1.5090689893e+00  4.7128418753e+01
1.5139155590e+00  4.7142357565e+01
1.5179031192e+00  4.7153741392e+01
1.5211280201e+00  4.7162892671e+01
1.5236867598e+00  4.7170118663e+01
1.5256738543e+00  4.7175709106e+01
1.5271798998e+00  4.7179933884e+01
1.5282898744e+00  4.7183040836e+01
1.5290817225e+00  4.7185253816e+01
1.5296252509e+00  4.7186771133e+01
1.5299813639e+00  4.7187764517e+01
1.5302016463e+00  4.7188378706e+01
1.5303283009e+00  4.7188731741e+01
1.5303944301e+00  4.7188916039e+01
1.5304246460e+00  4.7189000242e+01
1.5304359811e+00  4.7189031829e+01
1.5304390646e+00  4.7189040421e+01
1.5304395197e+00  4.7189041689e+01
1.5304395606e+00  4.7189041803e+01
1.5304403688e+00  4.7189044055e+01
1.5304458448e+00  4.7189059315e+01
1.5304659752e+00  4.7189115408e+01
1.5305196364e+00  4.7189264926e+01
1.5306370768e+00  4.7189592107e+01
1.5308620058e+00  4.7190218567e+01
1.5312532107e+00  4.7191307572e+01
1.5318856403e+00  4.7193066586e+01
1.5328509057e+00  4.7195747783e+01
1.5342571679e+00  4.7199646258e+01
1.5362283989e+00  4.7205095693e+01
1.5389030215e+00  4.7212461283e+01
1.5424319510e+00  4.7222129860e+01
1.5469760790e+00  4.7234497280e+01
1.5527032589e+00  4.7249953361e+01
1.5597848639e+00  4.7268864884e+01
1.5683920049e+00  4.7291557421e+01
1.5786915045e+00  4.7318297014e+01
1.5908417339e+00  4.7349272899e+01
1.6049884219e+00  4.7384582585e+01
1.6212605506e+00  4.7424220557e+01
1.6397664501e+00  4.7468071723e+01
1.6605902021e+00  4.7515910391e+01
1.6837884535e+00  4.7567405155e+01
1.7093877347e+00  4.7622129556e+01
1.7373823622e+00  4.7679577863e+01
1.7677329926e+00  4.7739184867e+01
1.8003658786e+00  4.7800348217e+01
1.8351728592e+00  4.7862451611e+01
1.8720120986e+00  4.7924887148e+01
1.9107095687e+00  4.7987075287e+01
1.9510612502e+00  4.8048481216e+01
1.9928360119e+00  4.8108626873e+01
2.0357791049e+00  4.8167098404e+01
2.0796161980e+00  4.8223549295e+01
2.1240578637e+00  4.8277699821e+01
2.1688044113e+00  4.8329333694e+01
2.2135509589e+00  4.8378292793e+01
2.2579926246e+00  4.8424470867e+01
2.3018297177e+00  4.8467806866e+01
2.3447728106e+00  4.8508278401e+01
2.3865475724e+00  4.8545895652e+01
2.4268992539e+00  4.8580695866e+01
2.4655967240e+00  4.8612738527e+01
2.5024359634e+00  4.8642101174e+01
2.5372429440e+00  4.8668875838e+01
2.5698758300e+00  4.8693166035e+01
2.6002264604e+00  4.8715084253e+01
2.6282210879e+00  4.8734749867e+01
2.6538203691e+00  4.8752287413e+01
2.6770186205e+00  4.8767825172e+01
2.6978423725e+00  4.8781493977e+01
2.7163482720e+00  4.8793426212e+01
2.7326204007e+00  4.8803754919e+01
2.7467670887e+00  4.8812612990e+01
2.7589173181e+00  4.8820132378e+01
2.7692168177e+00  4.8826443301e+01
2.7778239587e+00  4.8831673415e+01
2.7849055637e+00  4.8835946943e+01
2.7906327436e+00  4.8839383751e+01
2.7951768716e+00  4.8842098392e+01
2.7987058011e+00  4.8844199136e+01
2.8013804237e+00  4.8845787013e+01
2.8033516547e+00  4.8846954931e+01
2.8047579169e+00  4.8847786891e+01
2.8057231823e+00  4.8848357364e+01
2.8063556119e+00  4.8848730870e+01
2.8067468168e+00  4.8848961809e+01
2.8069717458e+00  4.8849094555e+01
2.8070891862e+00  4.8849163854e+01
2.8071428474e+00  4.8849195516e+01
2.8071629778e+00  4.8849207394e+01
2.8071684538e+00  4.8849210625e+01
2.8071692620e+00  4.8849211101e+01
2.8071693365e+00  4.8849211145e+01
2.8071708321e+00  4.8849212028e+01
2.8071809652e+00  4.8849218006e+01
2.8072182157e+00  4.8849239984e+01
2.8073175132e+00  4.8849298565e+01
2.8075348315e+00  4.8849426757e+01
2.8079510524e+00  4.8849672209e+01
2.8086749596e+00  4.8850098896e+01
2.8098452424e+00  4.8850788120e+01
2.8116314229e+00  4.8851838720e+01
2.8142336481e+00  4.8853366391e+01
2.8178813230e+00  4.8855502011e+01
2.8228305926e+00  4.8858388916e+01
2.8293607187e+00  4.8862179084e+01
2.8377694244e+00  4.8867028277e+01
2.8483673147e+00  4.8873090237e+01
2.8614715082e+00  4.8880510147e+01
2.8773986376e+00  4.8889417661e+01
2.8964574011e+00  4.8899919878e+01
2.9189408573e+00  4.8912094742e+01
2.9451186709e+00  4.8925985345e+01
2.9752295174e+00  4.8941595612e+01
3.0094738570e+00  4.8958887783e+01
3.0480072788e+00  4.8977781960e+01
3.0909346056e+00  4.8998157838e+01
3.1383049308e+00  4.9019858539e+01
3.1901077371e+00  4.9042696291e+01
3.2462702215e+00  4.9066459529e+01
3.3066559178e+00  4.9090920890e+01
3.3710646790e+00  4.9115845519e+01
3.4392340443e+00  4.9140999110e+01
3.5108419822e+00  4.9166155205e+01
3.5855109645e+00  4.9191101344e+01
3.6628132931e+00  4.9215643843e+01
3.7422775663e+00  4.9239611095e+01
3.8233961469e+00  4.9262855427e+01
3.9056334619e+00  4.9285253668e+01
3.9884349474e+00  4.9306706643e+01
4.0712364329e+00  4.9327137846e+01
4.1534737478e+00  4.9346491552e+01
4.2345923284e+00  4.9364730615e+01
4.3140566017e+00  4.9381834147e+01
4.3913589302e+00  4.9397795230e+01
4.4660279126e+00  4.9412618781e+01
4.5376358504e+00  4.9426319627e+01
4.6058052157e+00  4.9438920821e+01
4.6702139769e+00  4.9450452208e+01
4.7305996732e+00  4.9460949223e+01
4.7867621576e+00  4.9470451896e+01
4.8385649639e+00  4.9479004033e+01
4.8859352891e+00  4.9486652531e+01
4.9288626159e+00  4.9493446814e+01
4.9673960378e+00  4.9499438336e+01
5.0016403774e+00  4.9504680133e+01
5.0317512238e+00  4.9509226413e+01
5.0579290374e+00  4.9513132143e+01
5.0804124937e+00  4.9516452632e+01
5.0994712572e+00  4.9519243100e+01
5.1153983866e+00  4.9521558223e+01
5.1285025800e+00  4.9523451650e+01
5.1391004704e+00  4.9524975508e+01
5.1475091761e+00  4.9526179893e+01
5.1540393022e+00  4.9527112359e+01
5.1589885718e+00  4.9527817437e+01
5.1626362466e+00  4.9528336181e+01
5.1652384719e+00  4.9528705779e+01
5.1670246524e+00  4.9528959247e+01
5.1681949351e+00  4.9529125216e+01
5.1689188423e+00  4.9529227841e+01
5.1693350633e+00  4.9529286833e+01
5.1695523815e+00  4.9529317630e+01
5.1696516791e+00  4.9529331701e+01
5.1696889295e+00  4.9529336980e+01
5.1696990626e+00  4.9529338416e+01
5.1697005582e+00  4.9529338627e+01
5.1697007007e+00  4.9529338648e+01
5.1697036125e+00  4.9529339060e+01
5.1697233399e+00  4.9529341856e+01
5.1697958603e+00  4.9529352131e+01
5.1699891761e+00  4.9529379522e+01
5.1704122586e+00  4.9529439461e+01
5.1712225716e+00  4.9529554230e+01
5.1726318984e+00  4.9529753751e+01
5.1749102442e+00  4.9530076059e+01
5.1783876405e+00  4.9530567420e+01
5.1834537401e+00  4.9531282031e+01
5.1905551561e+00  4.9532281280e+01
5.2001905605e+00  4.9533632525e+01
5.2129036296e+00  4.9535407387e+01
5.2292739805e+00  4.9537679570e+01
5.2499063097e+00  4.9540522273e+01
5.2754179941e+00  4.9544005268e+01
5.3064254651e+00  4.9548191785e+01
5.3435297066e+00  4.9553135380e+01
5.3873012551e+00  4.9558876982e+01
5.4382651027e+00  4.9565442325e+01
5.4968859110e+00  4.9572839977e+01
5.5635539425e+00  4.9581060112e+01
5.6385721036e+00  4.9590074152e+01
5.7221444667e+00  4.9599835292e+01
5.8143666083e+00  4.9610279874e+01
5.9152180532e+00  4.9621329493e+01
6.0245570660e+00  4.9632893655e+01
6.1421179697e+00  4.9644872791e+01
6.2675111114e+00  4.9657161419e+01
6.4002255236e+00  4.9669651281e+01
6.5396342645e+00  4.9682234275e+01
6.6850023497e+00  4.9694805115e+01
6.8354971217e+00  4.9707263614e+01
6.9902008404e+00  4.9719516585e+01
7.1481252203e+00  4.9731479331e+01
7.3082275899e+00  4.9743076749e+01
7.4694283056e+00  4.9754244050e+01
7.6306290213e+00  4.9764927126e+01
7.7907313909e+00  4.9775082596e+01
7.9486557708e+00  4.9784677551e+01
8.1033594895e+00  4.9793689065e+01
8.2538542615e+00  4.9802103488e+01
8.3992223467e+00  4.9809915603e+01
8.5386310876e+00  4.9817127671e+01
8.6713454997e+00  4.9823748442e+01
8.7967386414e+00  4.9829792156e+01
8.9142995452e+00  4.9835277585e+01
9.0236385579e+00  4.9840227141e+01
9.1244900028e+00  4.9844666071e+01
9.2167121444e+00  4.9848621753e+01
9.3002845075e+00  4.9852123090e+01
9.3753026686e+00  4.9855199998e+01
9.4419707002e+00  4.9857882988e+01
9.5005915084e+00  4.9860202811e+01
9.5515553560e+00  4.9862190175e+01
9.5953269046e+00  4.9863875489e+01
9.6324311461e+00  4.9865288652e+01
9.6634386171e+00  4.9866458845e+01
9.6889503014e+00  4.9867414340e+01
9.7095826306e+00  4.9868182303e+01
9.7259529816e+00  4.9868788603e+01
9.7386660506e+00  4.9869257610e+01
9.7483014551e+00  4.9869612008e+01
9.7554028710e+00  4.9869872616e+01
9.7604689707e+00  4.9870058228e+01
9.7639463669e+00  4.9870185486e+01
9.7662247127e+00  4.9870268799e+01
9.7676340396e+00  4.9870320309e+01
9.7684443525e+00  4.9870349917e+01
9.7688674350e+00  4.9870365373e+01
9.7690607509e+00  4.9870372434e+01
9.7691332713e+00  4.9870375083e+01
9.7691529987e+00  4.9870375804e+01
9.7691559104e+00  4.9870375910e+01
9.7691561986e+00  4.9870375921e+01
9.7691621985e+00  4.9870376140e+01
9.7692028485e+00  4.9870377625e+01
9.7693522831e+00  4.9870383083e+01
9.7697506271e+00  4.9870397632e+01
9.7706224251e+00  4.9870429468e+01
9.7722921450e+00  4.9870490420e+01
9.7751961848e+00  4.9870596366e+01
9.7798909134e+00  4.9870767465e+01
9.7870563890e+00  4.9871028193e+01
9.7974955253e+00  4.9871407139e+01
9.8121286068e+00  4.9871936535e+01
9.8319831908e+00  4.9872651504e+01
9.8581795688e+00  4.9873589003e+01
9.8919120922e+00  4.9874786482e+01
9.9344267905e+00  4.9876280271e+01
9.9869958218e+00  4.9878103763e+01
1.0050889397e+01  4.9880285462e+01
1.0127345894e+01  4.9882847028e+01
1.0217540954e+01  4.9885801430e+01
1.0322556369e+01  4.9889151377e+01
1.0443349612e+01  4.9892888167e+01
1.0580724856e+01  4.9896991093e+01
1.0735306263e+01  4.9901427501e+01
1.0907514342e+01  4.9906153551e+01
1.1097546039e+01  4.9911115683e+01
1.1305359160e+01  4.9916252691e+01
1.1530661650e+01  4.9921498288e+01
1.1772906056e+01  4.9926783953e+01
1.2031289466e+01  4.9932041867e+01
1.2304758987e+01  4.9937207690e+01
1.2592022750e+01  4.9942222993e+01
1.2891566258e+01  4.9947037183e+01
1.3201673748e+01  4.9951608811e+01
1.3520454136e+01  4.9955906244e+01
1.3845870975e+01  4.9959907712e+01
1.4175775749e+01  4.9963600829e+01
1.4507943762e+01  4.9966981682e+01
1.4840111774e+01  4.9970053650e+01
1.5170016548e+01  4.9972826054e+01
1.5495433387e+01  4.9975312782e+01
1.5814213775e+01  4.9977530974e+01
1.6124321265e+01  4.9979499833e+01
1.6423864773e+01  4.9981239614e+01
1.6711128537e+01  4.9982770794e+01
1.6984598057e+01  4.9984113441e+01
1.7242981467e+01  4.9985286748e+01
1.7485225873e+01  4.9986308728e+01
1.7710528363e+01  4.9987196030e+01
1.7918341484e+01  4.9987963864e+01
1.8108373181e+01  4.9988625990e+01
1.8280581260e+01  4.9989194779e+01
1.8435162667e+01  4.9989681291e+01
1.8572537911e+01  4.9990095393e+01
1.8693331154e+01  4.9990445873e+01
1.8798346569e+01  4.9990740564e+01
1.8888541629e+01  4.9990986459e+01
1.8964998126e+01  4.9991189821e+01
1.9028891701e+01  4.9991356272e+01
1.9081460733e+01  4.9991490880e+01
1.9123975431e+01  4.9991598220e+01
1.9157707954e+01  4.9991682430e+01
1.9183904332e+01  4.9991747250e+01
1.9203758916e+01  4.9991796043e+01
1.9218391998e+01  4.9991831821e+01
1.9228831134e+01  4.9991857250e+01
1.9235996610e+01  4.9991874659e+01
1.9240691338e+01  4.9991886045e+01
1.9243595378e+01  4.9991893081e+01
1.9245265098e+01  4.9991897123e+01
1.9246136896e+01  4.9991899233e+01
1.9246535240e+01  4.9991900196e+01
1.9246684675e+01  4.9991900558e+01
1.9246725325e+01  4.9991900656e+01
1.9246731324e+01  4.9991900671e+01
1.9246731943e+01  4.9991900672e+01
1.9246745081e+01  4.9991900704e+01
1.9246834094e+01  4.9991900920e+01
1.9247161314e+01  4.9991901711e+01
1.9248033577e+01  4.9991903821e+01
1.9249942574e+01  4.9991908436e+01
1.9253598799e+01  4.9991917268e+01
1.9259957842e+01  4.9991932607e+01
1.9270237999e+01  4.9991957343e+01
1.9285928408e+01  4.9991994951e+01
1.9308787229e+01  4.9992049430e+01
1.9340829629e+01  4.9992125177e+01
1.9384305676e+01  4.9992226810e+01
1.9441668496e+01  4.9992358916e+01
1.9515533391e+01  4.9992525751e+01
1.9608628819e+01  4.9992730880e+01
1.9723740455e+01  4.9992976810e+01
1.9863649708e+01  4.9993264625e+01
2.0031068287e+01  4.9993593678e+01
2.0228570517e+01  4.9993961392e+01
2.0458525222e+01  4.9994363190e+01
2.0723029010e+01  4.9994792613e+01
2.1023842788e+01  4.9995241609e+01
2.1362333306e+01  4.9995700991e+01
2.1739421361e+01  4.9996161022e+01
2.2155538205e+01  4.9996612060e+01
2.2610591452e+01  4.9997045184e+01
2.3103941575e+01  4.9997452742e+01
2.3634389810e+01  4.9997828746e+01
2.4200177998e+01  4.9998169096e+01
2.4799000595e+01  4.9998471609e+01
2.5428028769e+01  4.9998735891e+01
2.6083946185e+01  4.9998963074e+01
2.6762995798e+01  4.9999155475e+01
2.7461036660e+01  4.9999316222e+01
2.8173609513e+01  4.9999448897e+01
2.8896009704e+01  4.9999557229e+01
2.9623365759e+01  4.9999644862e+01
3.0350721814e+01  4.9999715193e+01
3.1073122006e+01  4.9999771283e+01
3.1785694859e+01  4.9999815808e+01
3.2483735720e+01  4.9999851050e+01
3.3162785334e+01  4.9999878903e+01
3.3818702750e+01  4.9999900913e+01
3.4447730923e+01  4.9999918319e+01
3.5046553521e+01  4.9999932116e+01
3.5612341709e+01  4.9999943104e+01
3.6142789944e+01  4.9999951922e+01
3.6636140067e+01  4.9999959074e+01
3.7091193314e+01  4.9999964945e+01
3.7507310158e+01  4.9999969826e+01
3.7884398213e+01  4.9999973934e+01
3.8222888730e+01  4.9999977433e+01
3.8523702509e+01  4.9999980456e+01
3.8788206296e+01  4.9999983102e+01
3.9018161002e+01  4.9999985449e+01
3.9215663232e+01  4.9999987549e+01
3.9383081811e+01  4.9999989437e+01
3.9522991064e+01  4.9999991133e+01
3.9638102700e+01  4.9999992647e+01
3.9731198127e+01  4.9999993987e+01
3.9805063022e+01  4.9999995160e+01
3.9862425843e+01  4.9999996173e+01
3.9905901889e+01  4.9999997035e+01
3.9937944290e+01  4.9999997758e+01
3.9960803110e+01  4.9999998352e+01
3.9976493519e+01  4.9999998829e+01
3.9986773676e+01  4.9999999202e+01
3.9993132720e+01  4.9999999485e+01
3.9996788945e+01  5.0000000000e+01
3.9998697941e+01  5.0000000000e+01
3.9999570204e+01  5.0000000000e+01
3.9999897425e+01  5.0000000000e+01
3.9999986437e+01  5.0000000000e+01
3.9999999575e+01  5.0000000000e+01
