0.000000000000000000e+00
1.505230639723365786e-04
3.011959021376804549e-04
4.520187381508743488e-04
6.029917961122886012e-04
7.541153005689308275e-04
9.053894765155598000e-04
1.056814549395801526e-03
1.208390745103268956e-03
1.360118289982685871e-03
1.511997410831013040e-03
1.664028334898579476e-03
1.816211289890213047e-03
1.968546503966380617e-03
2.121034205744326464e-03
2.273674624299215023e-03
2.426467989165281228e-03
2.579414530336977818e-03
2.732514478270129787e-03
2.885768063883094921e-03
3.039175518557919991e-03
3.192737074141509517e-03
3.346452962946791510e-03
3.500323417753887969e-03
3.654348671811294066e-03
3.808528958837051684e-03
3.962864513019934663e-03
4.117355569020634057e-03
4.272002361972947714e-03
4.426805127484970299e-03
4.581764101640295461e-03
4.736879520999210183e-03
4.892151622599900419e-03
5.047580643959661932e-03
5.203166823076108526e-03
5.358910398428381149e-03
5.514811608978379548e-03
5.670870694171973973e-03
5.827087893940230759e-03
5.983463448700650916e-03
6.139997599358393982e-03
6.296690587307520945e-03
6.453542654432229374e-03
6.610554043108105016e-03
6.767724996203368197e-03
6.925055757080121090e-03
7.082546569595608854e-03
7.240197678103479050e-03
7.398009327455042777e-03
7.555981763000546234e-03
7.714115230590440526e-03
7.872409976576649759e-03
8.030866247813867737e-03
8.189484291660820842e-03
8.348264355981569948e-03
8.507206689146800185e-03
8.666311540035101166e-03
8.825579158034283639e-03
8.985009793042677065e-03
9.144603695470435861e-03
9.304361116240845650e-03
9.464282306791646851e-03
9.624367519076342664e-03
9.784617005565540010e-03
9.945031019248257512e-03
1.010560981363326991e-02
1.026635364275043337e-02
1.042726276115203687e-02
1.058833742391413792e-02
1.074957788663790520e-02
1.091098440545098733e-02
1.107255723700885548e-02
1.123429663849616345e-02
1.139620286762811976e-02
1.155827618265185472e-02
1.172051684234778728e-02
1.188292510603100940e-02
1.204550123355266171e-02
1.220824548530132815e-02
1.237115812220441688e-02
1.253423940572955669e-02
1.269748959788600737e-02
1.286090896122603529e-02
1.302449775884635327e-02
1.318825625438951356e-02
1.335218471204533026e-02
1.351628339655229494e-02
1.368055257319900943e-02
1.384499250782560316e-02
1.400960346682518336e-02
1.417438571714526273e-02
1.433933952628920448e-02
1.450446516231767430e-02
1.466976289385008014e-02
1.483523299006604332e-02
1.500087572070685389e-02
1.516669135607693480e-02
1.533268016704531465e-02
1.549884242504709873e-02
1.566517840208495396e-02
1.583168837073058860e-02
1.599837260412624584e-02
1.616523137598619222e-02
1.633226496059821467e-02
1.649947363282513665e-02
1.666685766810631006e-02
1.683441734245912438e-02
1.700215293248056106e-02
1.717006471534865061e-02
1.733815296882406862e-02
1.750641797125161714e-02
1.767486000156177905e-02
1.784347933927227237e-02
1.801227626448956287e-02
1.818125105791045665e-02
1.835040400082362314e-02
1.851973537511117374e-02
1.868924546325021613e-02
1.885893454831442592e-02
1.902880291397564261e-02
1.919885084450542040e-02
1.936907862477664152e-02
1.953948654026508094e-02
1.971007487705101618e-02
1.988084392182083715e-02
2.005179396186862820e-02
2.022292528509781265e-02
2.039423818002272445e-02
2.056573293577028394e-02
2.073740984208156252e-02
2.090926918931346884e-02
2.108131126844036210e-02
2.125353637105568266e-02
2.142594478937363475e-02
2.159853681623078933e-02
2.177131274508779801e-02
2.194427287003100635e-02
2.211741748577414693e-02
2.229074688766003245e-02
2.246426137166218293e-02
2.263796123438656036e-02
2.281184677307322717e-02
2.298591828559806011e-02
2.316017607047445026e-02
2.333462042685498575e-02
2.350925165453320032e-02
2.368407005394525602e-02
2.385907592617169878e-02
2.403426957293915839e-02
2.420965129662209364e-02
2.438522140024453749e-02
2.456098018748183523e-02
2.473692796266240002e-02
2.491306503076946149e-02
2.508939169744284561e-02
2.526590826898070935e-02
2.544261505234134482e-02
2.561951235514496605e-02
2.579660048567544370e-02
2.597387975288216466e-02
2.615135046638175642e-02
2.632901293645995705e-02
2.650686747407338117e-02
2.668491439085133449e-02
2.686315399909766991e-02
2.704158661179256046e-02
2.722021254259438319e-02
2.739903210584151635e-02
2.757804561655420941e-02
2.775725339043642881e-02
2.793665574387768982e-02
2.811625299395495436e-02
2.829604545843447672e-02
2.847603345577368744e-02
2.865621730512305995e-02
2.883659732632800829e-02
2.901717383993078492e-02
2.919794716717236116e-02
2.937891762999435968e-02
2.956008555104092453e-02
2.974145125366069523e-02
2.992301506190866295e-02
3.010477730054815851e-02
3.028673829505276055e-02
3.046889837160823844e-02
3.065125785711452638e-02
3.083381707918762815e-02
3.101657636616162936e-02
3.119953604709064729e-02
3.138269645175079808e-02
3.156605791064219513e-02
3.174962075499090930e-02
3.193338531675100206e-02
3.211735192860647875e-02
3.230152092397334945e-02
3.248589263700160656e-02
3.267046740257725096e-02
3.285524555632433202e-02
3.304022743460695993e-02
3.322541337453138038e-02
3.341080371394799381e-02
3.359639879145341623e-02
3.378219894639254706e-02
3.396820451886062298e-02
3.415441584970533434e-02
3.434083328052883743e-02
3.452745715368991247e-02
3.471428781230601057e-02
3.490132560025538400e-02
3.508857086217918864e-02
3.527602394348360731e-02
3.546368519034193839e-02
3.565155494969677458e-02
3.583963356926212623e-02
3.602792139752554468e-02
3.621641878375030099e-02
3.640512607797754402e-02
3.659404363102843755e-02
3.678317179450635993e-02
3.697251092079908985e-02
3.716206136308099900e-02
3.735182347531519620e-02
3.754179761225580336e-02
3.773198412945010655e-02
3.792238338324083885e-02
3.811299573076831759e-02
3.830382152997276191e-02
3.849486113959649236e-02
3.868611491918615142e-02
3.887758322909504183e-02
3.906926643048531239e-02
3.926116488533026860e-02
3.945327895641661392e-02
3.964560900734678817e-02
3.983815540254123655e-02
4.003091850724067174e-02
4.022389868750846781e-02
4.041709631023291532e-02
4.061051174312953205e-02
4.080414535474345683e-02
4.099799751445176027e-02
4.119206859246577618e-02
4.138635895983347468e-02
4.158086898844184920e-02
4.177559905101923404e-02
4.197054952113772608e-02
4.216572077321559253e-02
4.236111318251960245e-02
4.255672712516750389e-02
4.275256297813036926e-02
4.294862111923507947e-02
4.314490192716671085e-02
4.334140578147099160e-02
4.353813306255674420e-02
4.373508415169834185e-02
4.393225943103816478e-02
4.412965928358907747e-02
4.432728409323691277e-02
4.452513424474296988e-02
4.472321012374645688e-02
4.492151211676706501e-02
4.512004061120745979e-02
4.531879599535579284e-02
4.551777865838822767e-02
4.571698899037149322e-02
4.591642738226545117e-02
4.611609422592560792e-02
4.631598991410571659e-02
4.651611484046035139e-02
4.671646939954746114e-02
4.691705398683099215e-02
4.711786899868348338e-02
4.731891483238869628e-02
4.752019188614416134e-02
4.772170055906390512e-02
4.792344125118101761e-02
4.812541436345034451e-02
4.832762029775110324e-02
4.853005945688958211e-02
4.873273224460179798e-02
4.893563906555616766e-02
4.913878032535623497e-02
4.934215643054336298e-02
4.954576778859941938e-02
4.974961480794951041e-02
4.995369789796474946e-02
5.015801746896494245e-02
5.036257393222136336e-02
5.056736769995952979e-02
5.077239918536192304e-02
5.097766880257083300e-02
5.118317696669107131e-02
5.138892409379284404e-02
5.159491060091452724e-02
5.180113690606544252e-02
5.200760342822877830e-02
5.221431058736432373e-02
5.242125880441139696e-02
5.262844850129166224e-02
5.283588010091200965e-02
5.304355402716744161e-02
5.325147070494390400e-02
5.345963056012127679e-02
5.366803401957621900e-02
5.387668151118508303e-02
5.408557346382689146e-02
5.429471030738620280e-02
5.450409247275615071e-02
5.471372039184131675e-02
5.492359449756075568e-02
5.513371522385097229e-02
5.534408300566884958e-02
5.555469827899475049e-02
5.576556148083545300e-02
5.597667304922721715e-02
5.618803342323876876e-02
5.639964304297438030e-02
5.661150234957695176e-02
5.682361178523098744e-02
5.703597179316577392e-02
5.724858281765841245e-02
5.746144530403690664e-02
5.767455969868329202e-02
5.788792644903678619e-02
5.810154600359686283e-02
5.831541881192642274e-02
5.852954532465495102e-02
5.874392599348167432e-02
5.895856127117873186e-02
5.917345161159438122e-02
5.938859746965619718e-02
5.960399930137423585e-02
5.981965756384431676e-02
6.003557271525123556e-02
6.025174521487199064e-02
6.046817552307905130e-02
6.068486410134363296e-02
6.090181141223898614e-02
6.111901791944365087e-02
6.133648408774478727e-02
6.155421038304151327e-02
6.177219727234815883e-02
6.199044522379769384e-02
6.220895470664500326e-02
6.242772619127030798e-02
6.264676014918250935e-02
6.286605705302257541e-02
6.308561737656695478e-02
6.330544159473099064e-02
6.352553018357229297e-02
6.374588362029427746e-02
6.396650238324952387e-02
6.418738695194327326e-02
6.440853780703689746e-02
6.462995543035136847e-02
6.485164030487081122e-02
6.507359291474595908e-02
6.529581374529769278e-02
6.551830328302057915e-02
6.574106201558646556e-02
6.596409043184793541e-02
6.618738902184199968e-02
6.641095827679364960e-02
6.663479868911939552e-02
6.685891075243098614e-02
6.708329496153893345e-02
6.730795181245625980e-02
6.753288180240205052e-02
6.775808542980518712e-02
6.798356319430803874e-02
6.820931559677008427e-02
6.843534313927168711e-02
6.866164632511781440e-02
6.888822565884172855e-02
6.911508164620876193e-02
6.934221479422010559e-02
6.956962561111655619e-02
6.979731460638230467e-02
7.002528229074872490e-02
7.025352917619828719e-02
7.048205577596823590e-02
7.071086260455458627e-02
7.093995017771588529e-02
7.116931901247715297e-02
7.139896962713368489e-02
7.162890254125506284e-02
7.185911827568904064e-02
7.208961735256538828e-02
7.232040029529994418e-02
7.255146762859857046e-02
7.278281987846106638e-02
7.301445757218520682e-02
7.324638123837073911e-02
7.347859140692337976e-02
7.371108860905892235e-02
7.394387337730716492e-02
7.417694624551611493e-02
7.441030774885599997e-02
7.464395842382329227e-02
7.487789880824498312e-02
7.511212944128259350e-02
7.534665086343630969e-02
7.558146361654922984e-02
7.581656824381145798e-02
7.605196528976430892e-02
7.628765530030452713e-02
7.652363882268850559e-02
7.675991640553651851e-02
7.699648859883695406e-02
7.723335595395063036e-02
7.747051902361500042e-02
7.770797836194852370e-02
7.794573452445496820e-02
7.818378806802771253e-02
7.842213955095413136e-02
7.866078953291989750e-02
7.889973857501342280e-02
7.913898723973028515e-02
7.937853609097751673e-02
7.961838569407819755e-02
7.985853661577570206e-02
8.009898942423838986e-02
8.033974468906393551e-02
8.058080298128382501e-02
8.082216487336800481e-02
8.106383093922921168e-02
8.130580175422770506e-02
8.154807789517570793e-02
8.179065994034208364e-02
8.203354846945687395e-02
8.227674406371593419e-02
8.252024730578555456e-02
8.276405877980716475e-02
8.300817907140196905e-02
8.325260876767559548e-02
8.349734845722285581e-02
8.374239873013249180e-02
8.398776017799185201e-02
8.423343339389170736e-02
8.447941897243096965e-02
8.472571750972156257e-02
8.497232960339316798e-02
8.521925585259811087e-02
8.546649685801618879e-02
8.571405322185954301e-02
8.596192554787754347e-02
8.621011444136174318e-02
8.645862050915072150e-02
8.670744435963506636e-02
8.695658660276239793e-02
8.720604785004222592e-02
8.745582871455115370e-02
8.770592981093763840e-02
8.795635175542723672e-02
8.820709516582764254e-02
8.845816066153359969e-02
8.870954886353225877e-02
8.896126039440807598e-02
8.921329587834808672e-02
8.946565594114699871e-02
8.971834121021239616e-02
8.997135231456998561e-02
9.022468988486864738e-02
9.047835455338590349e-02
9.073234695403303851e-02
9.098666772236037315e-02
9.124131749556266269e-02
9.149629691248430119e-02
9.175160661362476155e-02
9.200724724114386910e-02
9.226321943886728327e-02
9.251952385229184062e-02
9.277616112859096709e-02
9.303313191662017367e-02
9.329043686692252424e-02
9.354807663173403398e-02
9.380605186498931769e-02
9.406436322232700209e-02
9.432301136109537409e-02
9.458199694035790417e-02
9.484132062089883908e-02
9.510098306522889178e-02
9.536098493759070927e-02
9.562132690396478452e-02
9.588200963207495209e-02
9.614303379139416128e-02
9.640440005315023542e-02
9.666610909033154786e-02
9.692816157769292007e-02
9.719055819176124211e-02
9.745329961084148174e-02
9.771638651502242978e-02
9.797981958618254272e-02
9.824359950799593788e-02
9.850772696593820821e-02
9.877220264729240362e-02
9.903702724115498457e-02
9.930220143844178948e-02
9.956772593189411324e-02
9.983360141608463301e-02
1.000998285874235560e-01
1.003664081441646566e-01
1.006333407864113683e-01
1.009006272161229595e-01
1.011682681371206260e-01
1.014362642550937360e-01
1.017046162776060053e-01
1.019733249141016457e-01
1.022423908759118177e-01
1.025118148762606402e-01
1.027815976302717121e-01
1.030517398549743446e-01
1.033222422693098885e-01
1.035931055941382434e-01
1.038643305522440469e-01
1.041359178683433084e-01
1.044078682690898069e-01
1.046801824830813910e-01
1.049528612408668488e-01
1.052259052749520696e-01
1.054993153198068301e-01
1.057730921118713308e-01
1.060472363895627601e-01
1.063217488932820115e-01
1.065966303654202196e-01
1.068718815503656022e-01
1.071475031945100936e-01
1.074234960462561311e-01
1.076998608560234133e-01
1.079765983762556308e-01
1.082537093614274609e-01
1.085311945680512147e-01
1.088090547546839287e-01
1.090872906819341515e-01
1.093659031124688402e-01
1.096448928110205223e-01
1.099242605443940951e-01
1.102040070814739453e-01
1.104841331932309711e-01
1.107646396527296601e-01
1.110455272351353051e-01
1.113267967177209578e-01
1.116084488798747554e-01
1.118904845031070683e-01
1.121729043710576607e-01
1.124557092695030874e-01
1.127388999863638414e-01
1.130224773117117776e-01
1.133064420377774134e-01
1.135907949589572558e-01
1.138755368718213784e-01
1.141606685751206246e-01
1.144461908697942398e-01
1.147321045589773658e-01
1.150184104480084513e-01
1.153051093444369957e-01
1.155922020580309462e-01
1.158796894007844969e-01
1.161675721869256106e-01
1.164558512329237211e-01
1.167445273574976294e-01
1.170336013816229564e-01
1.173230741285401918e-01
1.176129464237623684e-01
1.179032190950828896e-01
1.181938929725835641e-01
1.184849688886423086e-01
1.187764476779412659e-01
1.190683301774747294e-01
1.193606172265570670e-01
1.196533096668309509e-01
1.199464083422752403e-01
1.202399140992131826e-01
1.205338277863206020e-01
1.208281502546340036e-01
1.211228823575588587e-01
1.214180249508777509e-01
1.217135788927587448e-01
1.220095450437637397e-01
1.223059242668566304e-01
1.226027174274119669e-01
1.228999253932231278e-01
1.231975490345109531e-01
1.234955892239321396e-01
1.237940468365878038e-01
1.240929227500320864e-01
1.243922178442805893e-01
1.246919330018193134e-01
1.249920691076129714e-01
1.252926270491140082e-01
1.255936077162711773e-01
1.258950120015383256e-01
1.261968407998833586e-01
1.264990950087968580e-01
1.268017755283011860e-01
1.271048832609593948e-01
1.274084191118840526e-01
1.277123839887464307e-01
1.280167788017853858e-01
1.283216044638166575e-01
1.286268618902417227e-01
1.289325519990571489e-01
1.292386757108638651e-01
1.295452339488760707e-01
1.298522276389309504e-01
1.301596577094976115e-01
1.304675250916867146e-01
1.307758307192597169e-01
1.310845755286383640e-01
1.313937604589141828e-01
1.317033864518580566e-01
1.320134544519295794e-01
1.323239654062869364e-01
1.326349202647963688e-01
1.329463199800418327e-01
1.332581655073349081e-01
1.335704578047243463e-01
1.338831978330061456e-01
1.341963865557330993e-01
1.345100249392248981e-01
1.348241139525780952e-01
1.351386545676757922e-01
1.354536477591981591e-01
1.357690945046319542e-01
1.360849957842810987e-01
1.364013525812765026e-01
1.367181658815864731e-01
1.370354366740269281e-01
1.373531659502714164e-01
1.376713547048618869e-01
1.379900039352187913e-01
1.383091146416514927e-01
1.386286878273689238e-01
1.389487244984898284e-01
1.392692256640535864e-01
1.395901923360306496e-01
1.399116255293332556e-01
1.402335262618261413e-01
1.405558955543371735e-01
1.408787344306683675e-01
1.412020439176064346e-01
1.415258250449339394e-01
1.418500788454400141e-01
1.421748063549314323e-01
1.425000086122437948e-01
1.428256866592522989e-01
1.431518415408830625e-01
1.434784743051243094e-01
1.438055860030373889e-01
1.441331776887684324e-01
1.444612504195592895e-01
1.447898052557590742e-01
1.451188432608356560e-01
1.454483655013869281e-01
1.457783730471526040e-01
1.461088669710254861e-01
1.464398483490634006e-01
1.467713182605006328e-01
1.471032777877597231e-01
1.474357280164634576e-01
1.477686700354463034e-01
1.481021049367667042e-01
1.484360338157186543e-01
1.487704577708439668e-01
1.491053779039442917e-01
1.494407953200929950e-01
1.497767111276475660e-01
1.501131264382617181e-01
1.504500423668976017e-01
1.507874600318382385e-01
1.511253805546997897e-01
1.514638050604440733e-01
1.518027346773909436e-01
1.521421705372309197e-01
1.524821137750378142e-01
1.528225655292812235e-01
1.531635269418393230e-01
1.535049991580117457e-01
1.538469833265322662e-01
1.541894805995817352e-01
1.545324921328009027e-01
1.548760190853036567e-01
1.552200626196898747e-01
1.555646239020586075e-01
1.559097041020213181e-01
1.562553043927148999e-01
1.566014259508152484e-01
1.569480699565504733e-01
1.572952375937143044e-01
1.576429300496796360e-01
1.579911485154118500e-01
1.583398941854828601e-01
1.586891682580842677e-01
1.590389719350413789e-01
1.593893064218269984e-01
1.597401729275750304e-01
1.600915726650947724e-01
1.604435068508844597e-01
1.607959767051456990e-01
1.611489834517972897e-01
1.615025283184894356e-01
1.618566125366182606e-01
1.622112373413396313e-01
1.625664039715838671e-01
1.629221136700700900e-01
1.632783676833205744e-01
1.636351672616756514e-01
1.639925136593078647e-01
1.643504081342370415e-01
1.647088519483449753e-01
1.650678463673900531e-01
1.654273926610224932e-01
1.657874921027989445e-01
1.661481459701978081e-01
1.665093555446343354e-01
1.668711221114754784e-01
1.672334469600556262e-01
1.675963313836914825e-01
1.679597766796976921e-01
1.683237841494023279e-01
1.686883550981621849e-01
1.690534908353787114e-01
1.694191926745134136e-01
1.697854619331036763e-01
1.701522999327787777e-01
1.705197079992753495e-01
1.708876874624539466e-01
1.712562396563145073e-01
1.716253659190128400e-01
1.719950675928767492e-01
1.723653460244221891e-01
1.727362025643697507e-01
1.731076385676609264e-01
1.734796553934748742e-01
1.738522544052446828e-01
1.742254369706743022e-01
1.745992044617550587e-01
1.749735582547826407e-01
1.753484997303737802e-01
1.757240302734835447e-01
1.761001512734221008e-01
1.764768641238720071e-01
1.768541702229052270e-01
1.772320709730008104e-01
1.776105677810618511e-01
1.779896620584331401e-01
1.783693552209187627e-01
1.787496486887995839e-01
1.791305438868511790e-01
1.795120422443612362e-01
1.798941451951478476e-01
1.802768541775773281e-01
1.806601706345820069e-01
1.810440960136789068e-01
1.814286317669873694e-01
1.818137793512477618e-01
1.821995402278398513e-01
1.825859158628009293e-01
1.829729077268449633e-01
1.833605172953806373e-01
1.837487460485305868e-01
1.841375954711500507e-01
1.845270670528456058e-01
1.849171622879947352e-01
1.853078826757642295e-01
1.856992297201300324e-01
1.860912049298961146e-01
1.864838098187139581e-01
1.868770459051023181e-01
1.872709147124663187e-01
1.876654177691175485e-01
1.880605566082936275e-01
1.884563327681779976e-01
1.888527477919201836e-01
1.892498032276554720e-01
1.896475006285253395e-01
1.900458415526976030e-01
1.904448275633866816e-01
1.908444602288743575e-01
1.912447411225298710e-01
1.916456718228309042e-01
1.920472539133843137e-01
1.924494889829466704e-01
1.928523786254457417e-01
1.932559244400009479e-01
1.936601280309450113e-01
1.940649910078449392e-01
1.944705149855234794e-01
1.948767015840806027e-01
1.952835524289149860e-01
1.956910691507458000e-01
1.960992533856344977e-01
1.965081067750066302e-01
1.969176309656739121e-01
1.973278276098562045e-01
1.977386983652039687e-01
1.981502448948203876e-01
1.985624688672839033e-01
1.989753719566707824e-01
1.993889558425776254e-01
1.998032222101444599e-01
2.002181727500771669e-01
2.006338091586709060e-01
2.010501331378330703e-01
2.014671463951063779e-01
2.018848506436925483e-01
2.023032476024753390e-01
2.027223389960445266e-01
2.031421265547193045e-01
2.035626120145722084e-01
2.039837971174532083e-01
2.044056836110134112e-01
2.048282732487295699e-01
2.052515677899281743e-01
2.056755689998098491e-01
2.061002786494741945e-01
2.065256985159439618e-01
2.069518303821902272e-01
2.073786760371572335e-01
2.078062372757871201e-01
2.082345158990456802e-01
2.086635137139469520e-01
2.090932325335791431e-01
2.095236741771299982e-01
2.099548404699123627e-01
2.103867332433903004e-01
2.108193543352046007e-01
2.112527055891991745e-01
2.116867888554471444e-01
2.121216059902770457e-01
2.125571588562996106e-01
2.129934493224339698e-01
2.134304792639346304e-01
2.138682505624183994e-01
2.143067651058909728e-01
2.147460247887748586e-01
2.151860315119356604e-01
2.156267871827103888e-01
2.160682937149344951e-01
2.165105530289696545e-01
2.169535670517319659e-01
2.173973377167192078e-01
2.178418669640397876e-01
2.182871567404404411e-01
2.187332089993349882e-01
2.191800257008326425e-01
2.196276088117667391e-01
2.200759603057239611e-01
2.205250821630727887e-01
2.209749763709932258e-01
2.214256449235055824e-01
2.218770898215002840e-01
2.223293130727674594e-01
2.227823166920263886e-01
2.232361027009559518e-01
2.236906731282241600e-01
2.241460300095187708e-01
2.246021753875775406e-01
2.250591113122187570e-01
2.255168398403719354e-01
2.259753630361086840e-01
2.264346829706737896e-01
2.268948017225164426e-01
2.273557213773214070e-01
2.278174440280406055e-01
2.282799717749250668e-01
2.287433067255561780e-01
2.292074509948784089e-01
2.296724067052308971e-01
2.301381759863801169e-01
2.306047609755524641e-01
2.310721638174664250e-01
2.315403866643663267e-01
2.320094316760544506e-01
2.324793010199247278e-01
2.329499968709962676e-01
2.334215214119463311e-01
2.338938768331449147e-01
2.343670653326876685e-01
2.348410891164308956e-01
2.353159503980252754e-01
2.357916513989503915e-01
2.362681943485498426e-01
2.367455814840652428e-01
2.372238150506720267e-01
2.377028973015141156e-01
2.381828304977395561e-01
2.386636169085361581e-01
2.391452588111668276e-01
2.396277584910061487e-01
2.401111182415759659e-01
2.405953403645821609e-01
2.410804271699508727e-01
2.415663809758653857e-01
2.420532041088029884e-01
2.425408989035721385e-01
2.430294677033498774e-01
2.435189128597191333e-01
2.440092367327066636e-01
2.445004416908208023e-01
2.449925301110898734e-01
2.454855043791001890e-01
2.459793668890348506e-01
2.464741200437123858e-01
2.469697662546258277e-01
2.474663079419817391e-01
2.479637475347397091e-01
2.484620874706520710e-01
2.489613301963033154e-01
2.494614781671507242e-01
2.499625338475640890e-01
2.504644997108664284e-01
2.509673782393749275e-01
2.514711719244410171e-01
2.519758832664928394e-01
2.524815147750751887e-01
2.529880689688921436e-01
2.534955483758486450e-01
2.540039555330919074e-01
2.545132929870548844e-01
2.550235632934975127e-01
2.555347690175505670e-01
2.560469127337579032e-01
2.565599970261197016e-01
2.570740244881367653e-01
2.575889977228529304e-01
2.581049193429001409e-01
2.586217919705418589e-01
2.591396182377179169e-01
2.596584007860892607e-01
2.601781422670822463e-01
2.606988453419346596e-01
2.612205126817405132e-01
2.617431469674958988e-01
2.622667508901451727e-01
2.627913271506265858e-01
2.633168784599193568e-01
2.638434075390898581e-01
2.643709171193388552e-01
2.648994099420487469e-01
2.654288887588308610e-01
2.659593563315733600e-01
2.664908154324891476e-01
2.670232688441644409e-01
2.675567193596068982e-01
2.680911697822948025e-01
2.686266229262259664e-01
2.691630816159673589e-01
2.697005486867045665e-01
2.702390269842916415e-01
2.707785193653017286e-01
2.713190286970770249e-01
2.718605578577802939e-01
2.724031097364451592e-01
2.729466872330282290e-01
2.734912932584599998e-01
2.740369307346975369e-01
2.745836025947762660e-01
2.751313117828627086e-01
2.756800612543074402e-01
2.762298539756977145e-01
2.767806929249119197e-01
2.773325810911722034e-01
2.778855214750992619e-01
2.784395170887667970e-01
2.789945709557553610e-01
2.795506861112087016e-01
2.801078656018876623e-01
2.806661124862270262e-01
2.812254298343906389e-01
2.817858207283279182e-01
2.823472882618310864e-01
2.829098355405908483e-01
2.834734656822548993e-01
2.840381818164848249e-01
2.846039870850140541e-01
2.851708846417065901e-01
2.857388776526147978e-01
2.863079692960393552e-01
2.868781627625877073e-01
2.874494612552339068e-01
2.880218679893790656e-01
2.885953861929108633e-01
2.891700191062648861e-01
2.897457699824853572e-01
2.903226420872865310e-01
2.909006386991146997e-01
2.914797631092098107e-01
2.920600186216683047e-01
2.926414085535061771e-01
2.932239362347212608e-01
2.938076050083580082e-01
2.943924182305704962e-01
2.949783792706871521e-01
2.955654915112756465e-01
2.961537583482073965e-01
2.967431831907237916e-01
2.973337694615012516e-01
2.979255205967180076e-01
2.985184400461208809e-01
2.991125312730916752e-01
2.997077977547153438e-01
3.003042429818471026e-01
3.009018704591813198e-01
3.015006837053197386e-01
3.021006862528407555e-01
3.027018816483688646e-01
3.033042734526441575e-01
3.039078652405934333e-01
3.045126606013999204e-01
3.051186631385753301e-01
3.057258764700308551e-01
3.063343042281492790e-01
3.069439500598574733e-01
3.075548176266993394e-01
3.081669106049090834e-01
3.087802326854846013e-01
3.093947875742624198e-01
3.100105789919914145e-01
3.106276106744086940e-01
3.112458863723147062e-01
3.118654098516493445e-01
3.124861848935686637e-01
3.131082152945210417e-01
3.137315048663255612e-01
3.143560574362492810e-01
3.149818768470855623e-01
3.156089669572333389e-01
3.162373316407755541e-01
3.168669747875600406e-01
3.174979003032788460e-01
3.181301121095496676e-01
3.187636141439966209e-01
3.193984103603319524e-01
3.200345047284390287e-01
3.206719012344541597e-01
3.213106038808504761e-01
3.219506166865215291e-01
3.225919436868653345e-01
3.232345889338696932e-01
3.238785564961970675e-01
3.245238504592707907e-01
3.251704749253611082e-01
3.258184340136725532e-01
3.264677318604308209e-01
3.271183726189714758e-01
3.277703604598279363e-01
3.284236995708208484e-01
3.290783941571479021e-01
3.297344484414733712e-01
3.303918666640200397e-01
3.310506530826592964e-01
3.317108119730041160e-01
3.323723476285009304e-01
3.330352643605226648e-01
3.336995664984630516e-01
3.343652583898299446e-01
3.350323444003411866e-01
3.357008289140190893e-01
3.363707163332870786e-01
3.370420110790661172e-01
3.377147175908720156e-01
3.383888403269133538e-01
3.390643837641897362e-01
3.397413523985912120e-01
3.404197507449976401e-01
3.410995833373796637e-01
3.417808547288989640e-01
3.424635694920104556e-01
3.431477322185644829e-01
3.438333475199093492e-01
3.445204200269957329e-01
3.452089543904801050e-01
3.458989552808303669e-01
3.465904273884308773e-01
3.472833754236888670e-01
3.479778041171419645e-01
3.486737182195648876e-01
3.493711225020787459e-01
3.500700217562593419e-01
3.507704207942471397e-01
3.514723244488578979e-01
3.521757375736935813e-01
3.528806650432544934e-01
3.535871117530515195e-01
3.542950826197197034e-01
3.550045825811323219e-01
3.557156165965155714e-01
3.564281896465641419e-01
3.571423067335576240e-01
3.578579728814772487e-01
3.585751931361241818e-01
3.592939725652377625e-01
3.600143162586148526e-01
3.607362293282303511e-01
3.614597169083575978e-01
3.621847841556902203e-01
3.629114362494651469e-01
3.636396783915852304e-01
3.643695158067440376e-01
3.651009537425500828e-01
3.658339974696532271e-01
3.665686522818707993e-01
3.673049234963154941e-01
3.680428164535232693e-01
3.687823365175827428e-01
3.695234890762648106e-01
3.702662795411538754e-01
3.710107133477794639e-01
3.717567959557486201e-01
3.725045328488796326e-01
3.732539295353360376e-01
3.740049915477623443e-01
3.747577244434198707e-01
3.755121338043239110e-01
3.762682252373815706e-01
3.770260043745308209e-01
3.777854768728803880e-01
3.785466484148504729e-01
3.793095247083143051e-01
3.800741114867410841e-01
3.808404145093394755e-01
3.816084395612020508e-01
3.823781924534512822e-01
3.831496790233857030e-01
3.839229051346278454e-01
3.846978766772723435e-01
3.854745995680357584e-01
3.862530797504072910e-01
3.870333231947999386e-01
3.878153358987037613e-01
3.885991238868389819e-01
3.893846932113108061e-01
3.901720499517654650e-01
3.909612002155469224e-01
3.917521501378547488e-01
3.925449058819029946e-01
3.933394736390804503e-01
3.941358596291117955e-01
3.949340701002200249e-01
3.957341113292894286e-01
3.965359896220308489e-01
3.973397113131462155e-01
3.981452827664966332e-01
3.989527103752695258e-01
3.997620005621479455e-01
4.005731597794811027e-01
4.013861945094555073e-01
4.022011112642678299e-01
4.030179165862987078e-01
4.038366170482878270e-01
4.046572192535104473e-01
4.054797298359545388e-01
4.063041554604996941e-01
4.071305028230974288e-01
4.079587786509520919e-01
4.087889897027036645e-01
4.096211427686113904e-01
4.104552446707390168e-01
4.112913022631412008e-01
4.121293224320514148e-01
4.129693120960706287e-01
4.138112782063583239e-01
4.146552277468232850e-01
4.155011677343175558e-01
4.163491052188307839e-01
4.171990472836855646e-01
4.180510010457354486e-01
4.189049736555625070e-01
4.197609722976787250e-01
4.206190041907262867e-01
4.214790765876811340e-01
4.223411967760574148e-01
4.232053720781127626e-01
4.240716098510560750e-01
4.249399174872560692e-01
4.258103024144517801e-01
4.266827720959641690e-01
4.275573340309094528e-01
4.284339957544139876e-01
4.293127648378307626e-01
4.301936488889573362e-01
4.310766555522552723e-01
4.319617925090715738e-01
4.328490674778607827e-01
4.337384882144099674e-01
4.346300625120646521e-01
4.355237982019560250e-01
4.364197031532308091e-01
4.373177852732813009e-01
4.382180525079791833e-01
4.391205128419089498e-01
4.400251742986043824e-01
4.409320449407863607e-01
4.418411328706018937e-01
4.427524462298662589e-01
4.436659932003051976e-01
4.445817820038005519e-01
4.454998209026361233e-01
4.464201181997468626e-01
4.473426822389687252e-01
4.482675214052909141e-01
4.491946441251102318e-01
4.501240588664865427e-01
4.510557741394010667e-01
4.519897984960154491e-01
4.529261405309339406e-01
4.538648088814672410e-01
4.548058122278973436e-01
4.557491592937458758e-01
4.566948588460427172e-01
4.576429196955987821e-01
4.585933506972787455e-01
4.595461607502769885e-01
4.605013587983957102e-01
4.614589538303238148e-01
4.624189548799201854e-01
4.633813710264965691e-01
4.643462113951047354e-01
4.653134851568242469e-01
4.662832015290530041e-01
4.672553697758006774e-01
4.682299992079830830e-01
4.692070991837199445e-01
4.701866791086336539e-01
4.711687484361522515e-01
4.721533166678119620e-01
4.731403933535649475e-01
4.741299880920878396e-01
4.751221105310922121e-01
4.761167703676389418e-01
4.771139773484532332e-01
4.781137412702440304e-01
4.791160719800240386e-01
4.801209793754332433e-01
4.811284734050650380e-01
4.821385640687936291e-01
4.831512614181061038e-01
4.841665755564347751e-01
4.851845166394940234e-01
4.862050948756183599e-01
4.872283205261033756e-01
4.882542039055507432e-01
4.892827553822137743e-01
4.903139853783473612e-01
4.913479043705595295e-01
4.923845228901665427e-01
4.934238515235502276e-01
4.944659009125186300e-01
4.955106817546692244e-01
4.965582048037545104e-01
4.976084808700517725e-01
4.986615208207338390e-01
4.997173355802451700e-01
5.007759361306787227e-01
5.018373335121568690e-01
5.029015388232159767e-01
5.039685632211915456e-01
5.050384179226100612e-01
5.061111142035806809e-01
5.071866634001923613e-01
5.082650769089123166e-01
5.093463661869885861e-01
5.104305427528569306e-01
5.115176181865482841e-01
5.126076041301024233e-01
5.137005122879824137e-01
5.147963544274943848e-01
5.158951423792091928e-01
5.169968880373889686e-01
5.181016033604155524e-01
5.192093003712237032e-01
5.203199911577366388e-01
5.214336878733064617e-01
5.225504027371569160e-01
5.236701480348306958e-01
5.247929361186393082e-01
5.259187794081183753e-01
5.270476903904840471e-01
5.281796816210964085e-01
5.293147657239234416e-01
5.304529553920114271e-01
5.315942633879573442e-01
5.327387025443857116e-01
5.338862857644306459e-01
5.350370260222199192e-01
5.361909363633639014e-01
5.373480299054492759e-01
5.385083198385345327e-01
5.396718194256533430e-01
5.408385420033181568e-01
5.420085009820305721e-01
5.431817098467951466e-01
5.443581821576368718e-01
5.455379315501243109e-01
5.467209717358961774e-01
5.479073165031926873e-01
5.490969797173906874e-01
5.502899753215444445e-01
5.514863173369299876e-01
5.526860198635946686e-01
5.538890970809110526e-01
5.550955632481353597e-01
5.563054327049712366e-01
5.575187198721368587e-01
5.587354392519395807e-01
5.599556054288521434e-01
5.611792330700964282e-01
5.624063369262307654e-01
5.636369318317422383e-01
5.648710327056455371e-01
5.661086545520848112e-01
5.673498124609426263e-01
5.685945216084524745e-01
5.698427972578175016e-01
5.710946547598350076e-01
5.723501095535248329e-01
5.736091771667649608e-01
5.748718732169310064e-01
5.761382134115418108e-01
5.774082135489115863e-01
5.786818895188062806e-01
5.799592573031066012e-01
5.812403329764760374e-01
5.825251327070353202e-01
5.838136727570431006e-01
5.851059694835816227e-01
5.864020393392486152e-01
5.877018988728562876e-01
5.890055647301349895e-01
5.903130536544435314e-01
5.916243824874872770e-01
5.929395681700400100e-01
5.942586277426737951e-01
5.955815783464956104e-01
5.969084372238883107e-01
5.982392217192614714e-01
5.995739492798060066e-01
6.009126374562572259e-01
6.022553039036639966e-01
6.036019663821640124e-01
6.049526427577682774e-01
6.063073510031505853e-01
6.076661091984443264e-01
6.090289355320473996e-01
6.103958483014333414e-01
6.117668659139705589e-01
6.131420068877484475e-01
6.145212898524112788e-01
6.159047335499993059e-01
6.172923568357974178e-01
6.186841786791924536e-01
6.200802181645372890e-01
6.214804944920225838e-01
6.228850269785581872e-01
6.242938350586602070e-01
6.257069382853477357e-01
6.271243563310480162e-01
6.285461089885088226e-01
6.299722161717199453e-01
6.314026979168428921e-01
6.328375743831489153e-01
6.342768658539665871e-01
6.357205927376373689e-01
6.371687755684799503e-01
6.386214350077642488e-01
6.400785918446931788e-01
6.415402669973955252e-01
6.430064815139262535e-01
6.444772565732764802e-01
6.459526134863945446e-01
6.474325736972131873e-01
6.489171587836906063e-01
6.504063904588580636e-01
6.519002905718787044e-01
6.533988811091163695e-01
6.549021841952129552e-01
6.564102220941792076e-01
6.579230172104924002e-01
6.594405920902061125e-01
6.609629694220710006e-01
6.624901720386645598e-01
6.640222229175328783e-01
6.655591451823433813e-01
6.671009621040483450e-01
6.686476971020585136e-01
6.701993737454300382e-01
6.717560157540600763e-01
6.733176469998971569e-01
6.748842915081608718e-01
6.764559734585732231e-01
6.780327171866039615e-01
6.796145471847248043e-01
6.812014881036796421e-01
6.827935647537638486e-01
6.843908021061172464e-01
6.859932252940306174e-01
6.876008596142620943e-01
6.892137305283706494e-01
6.908318636640585764e-01
6.924552848165297370e-01
6.940840199498604646e-01
6.957180951983820139e-01
6.973575368680811071e-01
6.990023714380093622e-01
7.006526255617101517e-01
7.023083260686574514e-01
7.039694999657105656e-01
7.056361744385816204e-01
7.073083768533193760e-01
7.089861347578072515e-01
7.106694758832748926e-01
7.123584281458279488e-01
7.140530196479885072e-01
7.157532786802566216e-01
7.174592337226830541e-01
7.191709134464598918e-01
7.208883467155270397e-01
7.226115625881934790e-01
7.243405903187778438e-01
7.260754593592628758e-01
7.278161993609677527e-01
7.295628401762380699e-01
7.313154118601506992e-01
7.330739446722400743e-01
7.348384690782375772e-01
7.366090157518324633e-01
7.383856155764484397e-01
7.401682996470387854e-01
7.419570992719022318e-01
7.437520459745142754e-01
7.455531714953798073e-01
7.473605077939033947e-01
7.491740870502806571e-01
7.509939416674062951e-01
7.528201042728062120e-01
7.546526077205859551e-01
7.564914850934014723e-01
7.583367697044500755e-01
7.601884950994810541e-01
7.620466950588304922e-01
7.639114035994735152e-01
7.657826549771011848e-01
7.676604836882182648e-01
7.695449244722615267e-01
7.714360123137440350e-01
7.733337824444190822e-01
7.752382703454682167e-01
7.771495117497129179e-01
7.790675426438479212e-01
7.809923992707024087e-01
7.829241181315205189e-01
7.848627359882703880e-01
7.868082898659748414e-01
7.887608170550685083e-01
7.907203551137820252e-01
7.926869418705483339e-01
7.946606154264382882e-01
7.966414141576201313e-01
7.986293767178482828e-01
8.006245420409754399e-01
8.026269493434968760e-01
8.046366381271183865e-01
8.066536481813540993e-01
8.086780195861531517e-01
8.107097927145525684e-01
8.127490082353637790e-01
8.147957071158843378e-01
8.168499306246420621e-01
8.189117203341690354e-01
8.209811181238045874e-01
8.230581661825332462e-01
8.251429070118495579e-01
8.272353834286588770e-01
8.293356385682075782e-01
8.314437158870464639e-01
8.335596591660304755e-01
8.356835125133469377e-01
8.378153203675823280e-01
8.399551275008207973e-01
8.421029790217778865e-01
8.442589203789720997e-01
8.464229973639292304e-01
8.485952561144249895e-01
8.507757431177634944e-01
8.529645052140942818e-01
8.551615895997641825e-01
8.573670438307130492e-01
8.595809158259021254e-01
8.618032538707858237e-01
8.640341066208229170e-01
8.662735231050245899e-01
8.685215527295503390e-01
8.707782452813381813e-01
8.730436509317816007e-01
8.753178202404475750e-01
8.776008041588365671e-01
8.798926540341903690e-01
8.821934216133392459e-01
8.845031590465978200e-01
8.868219188917054741e-01
8.891497541178112751e-01
8.914867181095096349e-01
8.938328646709198244e-01
8.961882480298160036e-01
8.985529228418048797e-01
9.009269441945522150e-01
9.033103676120627368e-01
9.057032490590080087e-01
9.081056449451061496e-01
9.105176121295551761e-01
9.129392079255195247e-01
9.153704901046670894e-01
9.178115169017673214e-01
9.202623470193377342e-01
9.227230396323512496e-01
9.251936543929982770e-01
9.276742514355058589e-01
9.301648913810197650e-01
9.326656353425396562e-01
9.351765449299195287e-01
9.376976822549265567e-01
9.402291099363617732e-01
9.427708911052467000e-01
9.453230894100694837e-01
9.478857690220990895e-01
9.504589946407628887e-01
9.530428314990909699e-01
9.556373453692302844e-01
9.582426025680244042e-01
9.608586699626642247e-01
9.634856149764088329e-01
9.661235055943770966e-01
9.687724103694139721e-01
9.714323984280285318e-01
9.741035394764065991e-01
9.767859038065010990e-01
9.794795623021954611e-01
9.821845864455509556e-01
9.849010483231278590e-01
9.876290206323894427e-01
9.903685766881871189e-01
9.931197904293290746e-01
9.958827364252302861e-01
9.986574898826524604e-01
1.001444126652526023e+00
1.004242723236862700e+00
1.007053356795756027e+00
1.009876105154471793e+00
1.012711046810633064e+00
1.015558260941496815e+00
1.018417827411322918e+00
1.021289826778844390e+00
1.024174340304829567e+00
1.027071449959748861e+00
1.029981238431538992e+00
1.032903789133468475e+00
1.035839186212110352e+00
1.038787514555415292e+00
1.041748859800898153e+00
1.044723308343927570e+00
1.047710947346127464e+00
1.050711864743893553e+00
1.053726149257016464e+00
1.056753890397430284e+00
1.059795178478069477e+00
1.062850104621850589e+00
1.065918760770772300e+00
1.069001239695140271e+00
1.072097635002913218e+00
1.075208041149182892e+00
1.078332553445775943e+00
1.081471268070989922e+00
1.084624282079462709e+00
1.087791693412174521e+00
1.090973600906592011e+00
1.094170104306947389e+00
1.097381304274660740e+00
1.100607302398907805e+00
1.103848201207330959e+00
1.107104104176904080e+00
1.110375115744944186e+00
1.113661341320277387e+00
1.116962887294563611e+00
1.120279861053775861e+00
1.123612370989846454e+00
1.126960526512471361e+00
1.130324438061084846e+00
1.133704217117003976e+00
1.137099976215739883e+00
1.140511828959493545e+00
1.143939890029820994e+00
1.147384275200483250e+00
1.150845101350480348e+00
1.154322486477272314e+00
1.157816549710187548e+00
1.161327411324029946e+00
1.164855192752878965e+00
1.168400016604089542e+00
1.171962006672498058e+00
1.175541287954830150e+00
1.179137986664326787e+00
1.182752230245577296e+00
1.186384147389571986e+00
1.190033868048979260e+00
1.193701523453640778e+00
1.197387246126305760e+00
1.201091169898588884e+00
1.204813429927170221e+00
1.208554162710236746e+00
1.212313506104163441e+00
1.216091599340453966e+00
1.219888583042925800e+00
1.223704599245159619e+00
1.227539791408209124e+00
1.231394304438578224e+00
1.235268284706474429e+00
1.239161880064334698e+00
1.243075239865635728e+00
1.247008514983991789e+00
1.250961857832544322e+00
1.254935422383646415e+00
1.258929364188856592e+00
1.262943840399234796e+00
1.266979009785955235e+00
1.271035032761238526e+00
1.275112071399605140e+00
1.279210289459469907e+00
1.283329852405063143e+00
1.287470927428701062e+00
1.291633683473406125e+00
1.295818291255877774e+00
1.300024923289836210e+00
1.304253753909725866e+00
1.308504959294799930e+00
1.312778717493588765e+00
1.317075208448753365e+00
1.321394614022345593e+00
1.325737118021464989e+00
1.330102906224333026e+00
1.334492166406787250e+00
1.338905088369199747e+00
1.343341863963841920e+00
1.347802687122682253e+00
1.352287753885647037e+00
1.356797262429336071e+00
1.361331413096215748e+00
1.365890408424283109e+00
1.370474453177229712e+00
1.375083754375096223e+00
1.379718521325437042e+00
1.384378965655005178e+00
1.389065301341958714e+00
1.393777744748616820e+00
1.398516514654753573e+00
1.403281832291456865e+00
1.408073921375558202e+00
1.412893008144639362e+00
1.417739321392642138e+00
1.422613092506072485e+00
1.427514555500829285e+00
1.432443947059659717e+00
1.437401506570254117e+00
1.442387476164003424e+00
1.447402100755418086e+00
1.452445628082229767e+00
1.457518308746192037e+00
1.462620396254581845e+00
1.467752147062438839e+00
1.472913820615531666e+00
1.478105679394080774e+00
1.483327988957254817e+00
1.488581017988448663e+00
1.493865038341359641e+00
1.499180325086891141e+00
1.504527156560882650e+00
1.509905814412696001e+00
1.515316583654670035e+00
1.520759752712463220e+00
1.526235613476309316e+00
1.531744461353190756e+00
1.537286595319962590e+00
1.542862317977443221e+00
1.548471935605485239e+00
1.554115758219063670e+00
1.559794099625385844e+00
1.565507277482053539e+00
1.571255613356302039e+00
1.577039432785328543e+00
1.582859065337754556e+00
1.588714844676220705e+00
1.594607108621156843e+00
1.600536199215749855e+00
1.606502462792126051e+00
1.612506250038794331e+00
1.618547916069352999e+00
1.624627820492509978e+00
1.630746327483433511e+00
1.636903805856465555e+00
1.643100629139228275e+00
1.649337175648162512e+00
1.655613828565514645e+00
1.661930976017817141e+00
1.668289011155896340e+00
1.674688332236429655e+00
1.681129342705109497e+00
1.687612451281427672e+00
1.694138072045131560e+00
1.700706624524387811e+00
1.707318533785683545e+00
1.713974230525531217e+00
1.720674151163982701e+00
1.727418737940023430e+00
1.734208439008881886e+00
1.741043708541288426e+00
1.747925006824755378e+00
1.754852800366893950e+00
1.761827562000843450e+00
1.768849770992849013e+00
1.775919913152033569e+00
1.783038480942445547e+00
1.790205973597396527e+00
1.797422897236174988e+00
1.804689764983179900e+00
1.812007097089540553e+00
1.819375421057268349e+00
1.826795271766028961e+00
1.834267191602570346e+00
1.841791730592890142e+00
1.849369446537207029e+00
1.857000905147793812e+00
1.864686680189772572e+00
1.872427353624908752e+00
1.880223515758504327e+00
1.888075765389465532e+00
1.895984709963608905e+00
1.903950965730318856e+00
1.911975157902604527e+00
1.920057920820673392e+00
1.928199898119096423e+00
1.936401742897652767e+00
1.944664117895977151e+00
1.952987695672066870e+00
1.961373158784782245e+00
1.969821199980429594e+00
1.978332522383533298e+00
1.986907839691923749e+00
1.995547876376226437e+00
2.004253367883894743e+00
2.013025060847895453e+00
2.021863713300172893e+00
2.030770094890013588e+00
2.039744987107468432e+00
2.048789183511931178e+00
2.057903489966040222e+00
2.067088724875047134e+00
2.076345719431778925e+00
2.085675317867387246e+00
2.095078377707999984e+00
2.104555770037471074e+00
2.114108379766384882e+00
2.123737105907478995e+00
2.133442861857702155e+00
2.143226575687043223e+00
2.153089190434363420e+00
2.163031664410408172e+00
2.173054971508207700e+00
2.183160101521091523e+00
2.193348060468506944e+00
2.203619870929892421e+00
2.213976572386829211e+00
2.224419221573696870e+00
2.234948892837121726e+00
2.245566678504424374e+00
2.256273689261369064e+00
2.267071054539468555e+00
2.277959922913147306e+00
2.288941462507025904e+00
2.300016861413672675e+00
2.311187328122092932e+00
2.322454091957309785e+00
2.333818403531362495e+00
2.345281535206056311e+00
2.356844781567865699e+00
2.368509459915304483e+00
2.380276910759197229e+00
2.392148498336223561e+00
2.404125611136154639e+00
2.416209662443228101e+00
2.428402090892068710e+00
2.440704361038646741e+00
2.453117963946734648e+00
2.465644417790348708e+00
2.478285268472716574e+00
2.491042090262262310e+00
2.503916486446181811e+00
2.516910090002177025e+00
2.530024564288923195e+00
2.543261603755919253e+00
2.556622934673310255e+00
2.570110315882374152e+00
2.583725539567353291e+00
2.597470432049335365e+00
2.611346854602912160e+00
2.625356704296427424e+00
2.639501914856546172e+00
2.653784457558026055e+00
2.668206342139523013e+00
2.682769617746325608e+00
2.697476373900979052e+00
2.712328741502707974e+00
2.727328893856692638e+00
2.742479047734220021e+00
2.757781464464785781e+00
2.773238451061315946e+00
2.788852361379638545e+00
2.804625597313454843e+00
2.820560610026082049e+00
2.836659901220279334e+00
2.852926024447576925e+00
2.869361586458493374e+00
2.885969248595177561e+00
2.902751728228040839e+00
2.919711800237968724e+00
2.936852298545873818e+00
2.954176117691296621e+00
2.971686214461939368e+00
2.989385609576048708e+00
3.007277389419662494e+00
3.025364707840798584e+00
3.043650788002826513e+00
3.062138924299241172e+00
3.080832484332282295e+00
3.099734910957875567e+00
3.118849724399483492e+00
3.138180524433650920e+00
3.157730992650025215e+00
3.177504894788872658e+00
3.197506083159204593e+00
3.217738499140750275e+00
3.238206175773244322e+00
3.258913240436528191e+00
3.279863917625261749e+00
3.301062531822150703e+00
3.322513510473760423e+00
3.344221387073293084e+00
3.366190804354747712e+00
3.388426517603250421e+00
3.410933398086496204e+00
3.433716436612475942e+00
3.456780747219023286e+00
3.480131571000807611e+00
3.503774280079863690e+00
3.527714381725952197e+00
3.551957522633388376e+00
3.576509493361297309e+00
3.601376232944691225e+00
3.626563833684000038e+00
3.652078546121222846e+00
3.677926784211224209e+00
3.704115130697141378e+00
3.730650342699428190e+00
3.757539357528412616e+00
3.784789298730940388e+00
3.812407482382155877e+00
3.840401423634063782e+00
3.868778843533257294e+00
3.897547676120715288e+00
3.926716075827443753e+00
3.956292425180426786e+00
3.986285342834149148e+00
4.016703691943952492e+00
4.047556588898182817e+00
4.078853412427293712e+00
4.110603813109006133e+00
4.142817723289715204e+00
4.175505367443671290e+00
4.208677272992499496e+00
4.242344281609220502e+00
4.276517561032209258e+00
4.311208617416158795e+00
4.346429308248710655e+00
4.382191855863302621e+00
4.418508861580445313e+00
4.455393320511918276e+00
4.492858637064367500e+00
4.530918641181134632e+00
4.569587605363769178e+00
4.608880262517090820e+00
4.648811824664775827e+00
4.689398002585382308e+00
4.730655026422023290e+00
4.772599667322607431e+00
4.815249260171102108e+00
4.858621727474655039e+00
4.902735604475713771e+00
4.947610065562988879e+00
4.993264952060476602e+00
5.039720801478972945e+00
5.086998878320805773e+00
5.135121206534824623e+00
5.184110603725661903e+00
5.233990717229059619e+00
5.284786062172888599e+00
5.336522061652711812e+00
5.389225089160196269e+00
5.442922513413115837e+00
5.497642745747033821e+00
5.553415290241217050e+00
5.610270796764414314e+00
5.668241117141008090e+00
5.727359364653784368e+00
5.787659977116803134e+00
5.849178783770994094e+00
5.911953076275271002e+00
5.976021684088913766e+00
6.041425054565354280e+00
6.108205338104443882e+00
6.176406478740108952e+00
6.246074310572240051e+00
6.317256660487678310e+00
6.390003457654021446e+00
6.464366850312933011e+00
6.540401330447326522e+00
6.618163866948411744e+00
6.697714047966761619e+00
6.779114233194857952e+00
6.862429716898891918e+00
6.947728902595880385e+00
7.035083490357854963e+00
7.124568677821341289e+00
7.216263376086396342e+00
7.310250441808096689e+00
7.406616926915135402e+00
7.505454347537740212e+00
7.606858973890802567e+00
7.710932143042628972e+00
7.817780596705193652e+00
7.927516846412670404e+00
8.040259568714871463e+00
8.156134033303242603e+00
8.275272567316640959e+00
8.397815059444734942e+00
8.523909507866367363e+00
8.653712616535695901e+00
8.787390444866796102e+00
8.925119116480654924e+00
9.067085593374972774e+00
9.213488522672204084e+00
9.364539164010620809e+00
9.520462406682533185e+00
9.681497886819096621e+00
9.847901216293584170e+00
1.001994533659767761e+01
1.019792201277432575e+01
1.038214348460629388e+01
1.057294429471797592e+01
1.077068331610644591e+01
1.097574600495379116e+01
1.118854690847457967e+01
1.140953246213077854e+01
1.163918411593035884e+01
1.187802183588192051e+01
1.212660803419890954e+01
1.238555199077904945e+01
1.265551483912855524e+01
1.293721520262369395e+01
1.323143558227416960e+01
1.353902961554518924e+01
1.386093034803804791e+01
1.419815968684009100e+01
1.455183923729101103e+01
1.492320276526447564e+01
1.531361057672384973e+01
1.572456616773362548e+01
1.615773557447365860e+01
1.661496994825480300e+01
1.709833200053772728e+01
1.761012711471975933e+01
1.815294011460967738e+01
1.872967892699271530e+01
1.934362669501336285e+01
1.999850431423538666e+01
2.069854590719685916e+01
2.144859047108431938e+01
2.225419389155586103e+01
2.312176680590982514e+01
2.405874555341210552e+01
2.507380586320623195e+01
2.617713228689575189e+01
2.738076111273860747e+01
2.869902125532839676e+01
3.014910741217715184e+01
3.175183421711524190e+01
3.353264177815797353e+01
3.552295611108765883e+01
3.776205973563352813e+01
4.029971051011883532e+01
4.319988282381631706e+01
4.654623549346801781e+01
