0.000000000000000000e+00
3.930305211912754094e-04
7.864482645709166371e-04
1.180253802670498458e-03
1.574447709150848806e-03
1.969030558804835823e-03
2.364002927560159353e-03
2.759365392482154150e-03
3.155118531776602512e-03
3.551262924792547571e-03
3.947799152025125227e-03
4.344727795118398690e-03
4.742049436868200386e-03
5.139764661224985147e-03
5.537874053296692502e-03
5.936378199351614177e-03
6.335277686821272868e-03
6.734573104303307953e-03
7.134265041564373348e-03
7.534354089543033629e-03
7.934840840352687039e-03
8.335725887284478955e-03
8.737009824810232708e-03
9.138693248585389936e-03
9.540776755451957011e-03
9.943260943441459276e-03
1.034614641177791089e-02
1.074943376088078294e-02
1.115312359236798889e-02
1.155721650905887701e-02
1.196171311497722968e-02
1.236661401535426967e-02
1.277191981663168552e-02
1.317763112646465860e-02
1.358374855372489025e-02
1.399027270850366177e-02
1.439720420211487717e-02
1.480454364709813189e-02
1.521229165722179193e-02
1.562044884748606775e-02
1.602901583412611256e-02
1.643799323461511350e-02
1.684738166766742290e-02
1.725718175324165646e-02
1.766739411254382788e-02
1.807801936803050957e-02
1.848905814341193429e-02
1.890051106365520442e-02
1.931237875498742831e-02
1.972466184489890875e-02
2.013736096214632440e-02
2.055047673675593212e-02
2.096400980002675538e-02
2.137796078453383514e-02
2.179233032413141480e-02
2.220711905395620495e-02
2.262232761043061688e-02
2.303795663126601348e-02
2.345400675546599131e-02
2.387047862332962109e-02
2.428737287645477833e-02
2.470469015774140117e-02
2.512243111139481413e-02
2.554059638292903445e-02
2.595918661917009235e-02
2.637820246825939297e-02
2.679764457965701924e-02
2.721751360414513196e-02
2.763781019383129353e-02
2.805853500215188187e-02
2.847968868387544539e-02
2.890127189510612732e-02
2.932328529328703803e-02
2.974572953720371407e-02
3.016860528698751473e-02
3.059191320411907763e-02
3.101565395143175349e-02
3.143982819311508248e-02
3.186443659471825673e-02
3.228947982315358289e-02
3.271495854670001396e-02
3.314087343500662225e-02
3.356722515909609655e-02
3.399401439136832959e-02
3.442124180560387353e-02
3.484890807696756215e-02
3.527701388201198024e-02
3.570555989868112734e-02
3.613454680631392191e-02
3.656397528564784422e-02
3.699384601882247520e-02
3.742415968938316018e-02
3.785491698228463792e-02
3.828611858389462108e-02
3.871776518199750161e-02
3.914985746579795201e-02
3.958239612592465151e-02
4.001538185443390128e-02
4.044881534481338525e-02
4.088269729198579922e-02
4.131702839231265328e-02
4.175180934359788709e-02
4.218704084509171393e-02
4.262272359749429140e-02
4.305885830295952399e-02
4.349544566509883081e-02
4.393248638898489961e-02
4.436998118115553780e-02
4.480793074961739869e-02
4.524633580384990195e-02
4.568519705480896670e-02
4.612451521493093204e-02
4.656429099813635258e-02
4.700452511983391896e-02
4.744521829692427417e-02
4.788637124780398963e-02
4.832798469236938149e-02
4.877005935202047282e-02
4.921259594966494177e-02
4.965559520972198659e-02
5.009905785812638485e-02
5.054298462233235145e-02
5.098737623131759794e-02
5.143223341558725986e-02
5.187755690717796991e-02
5.232334743966179230e-02
5.276960574815033056e-02
5.321633256929868966e-02
5.366352864130960465e-02
5.411119470393745134e-02
5.455933149849234720e-02
5.500793976784425915e-02
5.545702025642705590e-02
5.590657371024270600e-02
5.635660087686531622e-02
5.680710250544536433e-02
5.725807934671377913e-02
5.770953215298618016e-02
5.816146167816699242e-02
5.861386867775371379e-02
5.906675390884103677e-02
5.952011813012519220e-02
5.997396210190805016e-02
6.042828658610147757e-02
6.088309234623155708e-02
6.133838014744284750e-02
6.179415075650272759e-02
6.225040494180562878e-02
6.270714347337744132e-02
6.316436712287974709e-02
6.362207666361427427e-02
6.408027287052713017e-02
6.453895652021331142e-02
6.499812839092096450e-02
6.545778926255589603e-02
6.591793991668591646e-02
6.637858113654528103e-02
6.683971370703915837e-02
6.730133841474807144e-02
6.776345604793239386e-02
6.822606739653677699e-02
6.868917325219472958e-02
6.915277440823305866e-02
6.961687165967644919e-02
7.008146580325201602e-02
7.054655763739381413e-02
7.101214796224744608e-02
7.147823757967465552e-02
7.194482729325787917e-02
7.241191790830497910e-02
7.287951023185373911e-02
7.334760507267659713e-02
7.381620324128528032e-02
7.428530554993549584e-02
7.475491281263163534e-02
7.522502584513143797e-02
7.569564546495072266e-02
7.616677249136820371e-02
7.663840774543015377e-02
7.711055204995520551e-02
7.758320622953913948e-02
7.805637111055965804e-02
7.853004752118131204e-02
7.900423629136014980e-02
7.947893825284871316e-02
7.995415423920078368e-02
8.042988508577646189e-02
8.090613162974678862e-02
8.138289471009887976e-02
8.186017516764067248e-02
8.233797384500611549e-02
8.281629158665983204e-02
8.329512923890231013e-02
8.377448764987477370e-02
8.425436766956430346e-02
8.473477014980874966e-02
8.521569594430183914e-02
8.569714590859817127e-02
8.617912090011838055e-02
8.666162177815416034e-02
8.714464940387341152e-02
8.762820464032528012e-02
8.811228835244537538e-02
8.859690140706097394e-02
8.908204467289607131e-02
8.956771902057662771e-02
9.005392532263579997e-02
9.054066445351914572e-02
9.102793728958986919e-02
9.151574470913406700e-02
9.200408759236602951e-02
9.249296682143347270e-02
9.298238328042299217e-02
9.347233785536521178e-02
9.396283143424027928e-02
9.445386490698309823e-02
9.494543916548885132e-02
9.543755510361831562e-02
9.593021361720327489e-02
9.642341560405197354e-02
9.691716196395457061e-02
9.741145359868866316e-02
9.790629141202467078e-02
9.840167630973142843e-02
9.889760919958164032e-02
9.939409099135754211e-02
9.989112259685635486e-02
1.003887049298958778e-01
1.008868389063201365e-01
1.013855254440049897e-01
1.018847654628637633e-01
1.023845598848528438e-01
1.028849096339774782e-01
1.033858156362973402e-01
1.038872788199323716e-01
1.043893001150683897e-01
1.048918804539629157e-01
1.053950207709508924e-01
1.058987220024505682e-01
1.064029850869692290e-01
1.069078109651089847e-01
1.074132005795727374e-01
1.079191548751699675e-01
1.084256747988226605e-01
1.089327612995711486e-01
1.094404153285801345e-01
1.099486378391445474e-01
1.104574297866956073e-01
1.109667921288066961e-01
1.114767258251994492e-01
1.119872318377497650e-01
1.124983111304938693e-01
1.130099646696342969e-01
1.135221934235461222e-01
1.140349983627828995e-01
1.145483804600830047e-01
1.150623406903755475e-01
1.155768800307867411e-01
1.160919994606459671e-01
1.166076999614920479e-01
1.171239825170795196e-01
1.176408481133847522e-01
1.181582977386123612e-01
1.186763323832014244e-01
1.191949530398319079e-01
1.197141607034308414e-01
1.202339563711788128e-01
1.207543410425162833e-01
1.212753157191500814e-01
1.217968814050596899e-01
1.223190391065038102e-01
1.228417898320268015e-01
1.233651345924651477e-01
1.238890744009540357e-01
1.244136102729338084e-01
1.249387432261565845e-01
1.254644742806927948e-01
1.259908044589379272e-01
1.265177347856188961e-01
1.270452662878009398e-01
1.275733999948941155e-01
1.281021369386601827e-01
1.286314781532191254e-01
1.291614246750560080e-01
1.296919775430277200e-01
1.302231377983697203e-01
1.307549064847029763e-01
1.312872846480406253e-01
1.318202733367949409e-01
1.323538736017841611e-01
1.328880864962395658e-01
1.334229130758120552e-01
1.339583543985794767e-01
1.344944115250533145e-01
1.350310855181859615e-01
1.355683774433774913e-01
1.361062883684828195e-01
1.366448193638188369e-01
1.371839715021713479e-01
1.377237458588024266e-01
1.382641435114573270e-01
1.388051655403718110e-01
1.393468130282792261e-01
1.398890870604178882e-01
1.404319887245382148e-01
1.409755191109099970e-01
1.415196793123296437e-01
1.420644704241278145e-01
1.426098935441763027e-01
1.431559497728958075e-01
1.437026402132630110e-01
1.442499659708183779e-01
1.447979281536731777e-01
1.453465278725173948e-01
1.458957662406268063e-01
1.464456443738708924e-01
1.469961633907201637e-01
1.475473244122538219e-01
1.480991285621673093e-01
1.486515769667800801e-01
1.492046707550430396e-01
1.497584110585466199e-01
1.503127990115278867e-01
1.508678357508789758e-01
1.514235224161543658e-01
1.519798601495788715e-01
1.525368500960554430e-01
1.530944934031730764e-01
1.536527912212145297e-01
1.542117447031644550e-01
1.547713550047171149e-01
1.553316232842845424e-01
1.558925507030043955e-01
1.564541384247480627e-01
1.570163876161286554e-01
1.575792994465091135e-01
1.581428750880102541e-01
1.587071157155191259e-01
1.592720225066968087e-01
1.598375966419869065e-01
1.604038393046237354e-01
1.609707516806403449e-01
1.615383349588771222e-01
1.621065903309898137e-01
1.626755189914580735e-01
1.632451221375938177e-01
1.638154009695493574e-01
1.643863566903262519e-01
1.649579905057833584e-01
1.655303036246456583e-01
1.661032972585125833e-01
1.666769726218665093e-01
1.672513309320815822e-01
1.678263734094321558e-01
1.684021012771013404e-01
1.689785157611899680e-01
1.695556180907249466e-01
1.701334094976683364e-01
1.707118912169259262e-01
1.712910644863559206e-01
1.718709305467781001e-01
1.724514906419823135e-01
1.730327460187376654e-01
1.736146979268013146e-01
1.741973476189273839e-01
1.747806963508760081e-01
1.753647453814224655e-01
1.759494959723659491e-01
1.765349493885389476e-01
1.771211068978161551e-01
1.777079697711237694e-01
1.782955392824486784e-01
1.788838167088473985e-01
1.794728033304558157e-01
1.800625004304979848e-01
1.806529092952957882e-01
1.812440312142781784e-01
1.818358674799903929e-01
1.824284193881037242e-01
1.830216882374247345e-01
1.836156753299046929e-01
1.842103819706493451e-01
1.848058094679281838e-01
1.854019591331843297e-01
1.859988322810439687e-01
1.865964302293260102e-01
1.871947542990519131e-01
1.877938058144552613e-01
1.883935861029917003e-01
1.889940964953486791e-01
1.895953383254551372e-01
1.901973129304916632e-01
1.908000216509001812e-01
1.914034658303939984e-01
1.920076468159678251e-01
1.926125659579075999e-01
1.932182246098008704e-01
1.938246241285466187e-01
1.944317658743654753e-01
1.950396512108099889e-01
1.956482815047746182e-01
1.962576581265061959e-01
1.968677824496141981e-01
1.974786558510807644e-01
1.980902797112715219e-01
1.987026554139456336e-01
1.993157843462663170e-01
1.999296678988113918e-01
2.005443074655837432e-01
2.011597044440218418e-01
2.017758602350104569e-01
2.023927762428910648e-01
2.030104538754728127e-01
2.036288945440428710e-01
2.042480996633775359e-01
2.048680706517528594e-01
2.054888089309553356e-01
2.061103159262930584e-01
2.067325930666064349e-01
2.073556417842791488e-01
2.079794635152492355e-01
2.086040596990200169e-01
2.092294317786712321e-01
2.098555812008702226e-01
2.104825094158828680e-01
2.111102178775850491e-01
2.117387080434736113e-01
2.123679813746779388e-01
2.129980393359710844e-01
2.136288833957810662e-01
2.142605150262025804e-01
2.148929357030081311e-01
2.155261469056597157e-01
2.161601501173202045e-01
2.167949468248651645e-01
2.174305385188941286e-01
2.180669266937427797e-01
2.187041128474939700e-01
2.193420984819902664e-01
2.199808851028448586e-01
2.206204742194543822e-01
2.212608673450099650e-01
2.219020659965096620e-01
2.225440716947701403e-01
2.231868859644391134e-01
2.238305103340067770e-01
2.244749463358186037e-01
2.251201955060868898e-01
2.257662593849035504e-01
2.264131395162518601e-01
2.270608374480190816e-01
2.277093547320086231e-01
2.283586929239526386e-01
2.290088535835241024e-01
2.296598382743499089e-01
2.303116485640225308e-01
2.309642860241136186e-01
2.316177522301857139e-01
2.322720487618055996e-01
2.329271772025565679e-01
2.335831391400515211e-01
2.342399361659455170e-01
2.348975698759490360e-01
2.355560418698402769e-01
2.362153537514789237e-01
2.368755071288183855e-01
2.375365036139194530e-01
2.381983448229631761e-01
2.388610323762639653e-01
2.395245678982829696e-01
2.401889530176413712e-01
2.408541893671334311e-01
2.415202785837402555e-01
2.421872223086428688e-01
2.428550221872360082e-01
2.435236798691414462e-01
2.441931970082215075e-01
2.448635752625930584e-01
2.455348162946406898e-01
2.462069217710309843e-01
2.468798933627259218e-01
2.475537327449968128e-01
2.482284415974383984e-01
2.489040216039825892e-01
2.495804744529124819e-01
2.502578018368765700e-01
2.509360054529026218e-01
2.516150870024122521e-01
2.522950481912347720e-01
2.529758907296214554e-01
2.536576163322603050e-01
2.543402267182899856e-01
2.550237236113145345e-01
2.557081087394176833e-01
2.563933838351777350e-01
2.570795506356817195e-01
2.577666108825405478e-01
2.584545663219034450e-01
2.591434187044727722e-01
2.598331697855190692e-01
2.605238213248956547e-01
2.612153750870540025e-01
2.619078328410582857e-01
2.626011963606008082e-01
2.632954674240171045e-01
2.639906478143009827e-01
2.646867393191199569e-01
2.653837437308305125e-01
2.660816628464934275e-01
2.667804984678893709e-01
2.674802524015341687e-01
2.681809264586946240e-01
2.688825224554038940e-01
2.695850422124775880e-01
2.702884875555289224e-01
2.709928603149850956e-01
2.716981623261028322e-01
2.724043954289843694e-01
2.731115614685936666e-01
2.738196622947721703e-01
2.745286997622551350e-01
2.752386757306877763e-01
2.759495920646415912e-01
2.766614506336303458e-01
2.773742533121271725e-01
2.780880019795801128e-01
2.788026985204293817e-01
2.795183448241236879e-01
2.802349427851367203e-01
2.809524943029841348e-01
2.816710012822400966e-01
2.823904656325543217e-01
2.831108892686690637e-01
2.838322741104356561e-01
2.845546220828321093e-01
2.852779351159799859e-01
2.860022151451613870e-01
2.867274641108367716e-01
2.874536839586616099e-01
2.881808766395042576e-01
2.889090441094633865e-01
2.896381883298851934e-01
2.903683112673814404e-01
2.910994148938467752e-01
2.918315011864766606e-01
2.925645721277854161e-01
2.932986297056233149e-01
2.940336759131958466e-01
2.947697127490803704e-01
2.955067422172452662e-01
2.962447663270676435e-01
2.969837870933516033e-01
2.977238065363467245e-01
2.984648266817665485e-01
2.992068495608065648e-01
2.999498772101636401e-01
3.006939116720535599e-01
3.014389549942309010e-01
3.021850092300067958e-01
3.029320764382685272e-01
3.036801586834979583e-01
3.044292580357910172e-01
3.051793765708761264e-01
3.059305163701344643e-01
3.066826795206177847e-01
3.074358681150691219e-01
3.081900842519412764e-01
3.089453300354166876e-01
3.097016075754268072e-01
3.104589189876721944e-01
3.112172663936414452e-01
3.119766519206320088e-01
3.127370777017690062e-01
3.134985458760262134e-01
3.142610585882453234e-01
3.150246179891566523e-01
3.157892262353988455e-01
3.165548854895396946e-01
3.173215979200960102e-01
3.180893657015548270e-01
3.188581910143929443e-01
3.196280760450986858e-01
3.203990229861914396e-01
3.211710340362436966e-01
3.219441113999009230e-01
3.227182572879032652e-01
3.234934739171060891e-01
3.242697635105017406e-01
3.250471282972399178e-01
3.258255705126500423e-01
3.266050923982616871e-01
3.273856962018271699e-01
3.281673841773419253e-01
3.289501585850673204e-01
3.297340216915516931e-01
3.305189757696526676e-01
3.313050230985586375e-01
3.320921659638117474e-01
3.328804066573285980e-01
3.336697474774241168e-01
3.344601907288325404e-01
3.352517387227307855e-01
3.360443937767602640e-01
3.368381582150501430e-01
3.376330343682395485e-01
3.384290245735008251e-01
3.392261311745617403e-01
3.400243565217295760e-01
3.408237029719130007e-01
3.416241728886462159e-01
3.424257686421118829e-01
3.432284926091643262e-01
3.440323471733535143e-01
3.448373347249482079e-01
3.456434576609597742e-01
3.464507183851661676e-01
3.472591193081355221e-01
3.480686628472504651e-01
3.488793514267318763e-01
3.496911874776633677e-01
3.505041734380154872e-01
3.513183117526699761e-01
3.521336048734445279e-01
3.529500552591173235e-01
3.537676653754515121e-01
3.545864376952204688e-01
3.554063746982323857e-01
3.562274788713553075e-01
3.570497527085425005e-01
3.578731987108575430e-01
3.586978193864997499e-01
3.595236172508294858e-01
3.603505948263939773e-01
3.611787546429529039e-01
3.620080992375039886e-01
3.628386311543092546e-01
3.636703529449208938e-01
3.645032671682071901e-01
3.653373763903791094e-01
3.661726831850165009e-01
3.670091901330944095e-01
3.678468998230099984e-01
3.686858148506089727e-01
3.695259378192123356e-01
3.703672713396436444e-01
3.712098180302558226e-01
3.720535805169583599e-01
3.728985614332445686e-01
3.737447634202191726e-01
3.745921891266252857e-01
3.754408412088728331e-01
3.762907223310656968e-01
3.771418351650298040e-01
3.779941823903413267e-01
3.788477666943542710e-01
3.797025907722292315e-01
3.805586573269615358e-01
3.814159690694098326e-01
3.822745287183246798e-01
3.831343390003769667e-01
3.839954026501873341e-01
3.848577224103548744e-01
3.857213010314861079e-01
3.865861412722246260e-01
3.874522458992799567e-01
3.883196176874575412e-01
3.891882594196880429e-01
3.900581738870573800e-01
3.909293638888364786e-01
3.918018322325109160e-01
3.926755817338119514e-01
3.935506152167460026e-01
3.944269355136255650e-01
3.953045454650995216e-01
3.961834479201840065e-01
3.970636457362927141e-01
3.979451417792690404e-01
3.988279389234156147e-01
3.997120400515271066e-01
4.005974480549203132e-01
4.014841658334665220e-01
4.023721962956225973e-01
4.032615423584634540e-01
4.041522069477131440e-01
4.050441929977779409e-01
4.059375034517773151e-01
4.068321412615777399e-01
4.077281093878237783e-01
4.086254107999721108e-01
4.095240484763231770e-01
4.104240254040548153e-01
4.113253445792549590e-01
4.122280090069555536e-01
4.131320217011649198e-01
4.140373856849024481e-01
4.149441039902310169e-01
4.158521796582922425e-01
4.167616157393391751e-01
4.176724152927716038e-01
4.185845813871693077e-01
4.194981171003275833e-01
4.204130255192905508e-01
4.213293097403874032e-01
4.222469728692661017e-01
4.231660180209293465e-01
4.240864483197691603e-01
4.250082668996027491e-01
4.259314769037075843e-01
4.268560814848580964e-01
4.277820838053601471e-01
4.287094870370886102e-01
4.296382943615219552e-01
4.305685089697803836e-01
4.315001340626606896e-01
4.324331728506745076e-01
4.333676285540838946e-01
4.343035044029392444e-01
4.352408036371158695e-01
4.361795295063523037e-01
4.371196852702866065e-01
4.380612741984953873e-01
4.390042995705303874e-01
4.399487646759579484e-01
4.408946728143959271e-01
4.418420272955533856e-01
4.427908314392678957e-01
4.437410885755457834e-01
4.446928020445993779e-01
4.456459751968878669e-01
4.466006113931551003e-01
4.475567140044705572e-01
4.485142864122675932e-01
4.494733320083843520e-01
4.504338541951031782e-01
4.513958563851915295e-01
4.523593420019413891e-01
4.533243144792111212e-01
4.542907772614649398e-01
4.552587338038149301e-01
4.562281875720618496e-01
4.571991420427364283e-01
4.581716007031410021e-01
4.591455670513910903e-01
4.601210445964576956e-01
4.610980368582091593e-01
4.620765473674536827e-01
4.630565796659816824e-01
4.640381373066084780e-01
4.650212238532175912e-01
4.660058428808034336e-01
4.669919979755150496e-01
4.679796927346992486e-01
4.689689307669447915e-01
4.699597156921256902e-01
4.709520511414461708e-01
4.719459407574844723e-01
4.729413881942375886e-01
4.739383971171660659e-01
4.749369712032387447e-01
4.759371141409785011e-01
4.769388296305071551e-01
4.779421213835912674e-01
4.789469931236882694e-01
4.799534485859917599e-01
4.809614915174787453e-01
4.819711256769553809e-01
4.829823548351042106e-01
4.839951827745308521e-01
4.850096132898109036e-01
4.860256501875379609e-01
4.870432972863707466e-01
4.880625584170811271e-01
4.890834374226022963e-01
4.901059381580765151e-01
4.911300644909044610e-01
4.921558203007933563e-01
4.931832094798063171e-01
4.942122359324113146e-01
4.952429035755309128e-01
4.962752163385915627e-01
4.973091781635740061e-01
4.983447930050632357e-01
4.993820648302988996e-01
5.004209976192258713e-01
5.014615953645453761e-01
5.025038620717658944e-01
5.035478017592548428e-01
5.045934184582899773e-01
5.056407162131113520e-01
5.066896990809734991e-01
5.077403711321976099e-01
5.087927364502248251e-01
5.098467991316680825e-01
5.109025632863664068e-01
5.119600330374373121e-01
5.130192125213313137e-01
5.140801058878854413e-01
5.151427173003771953e-01
5.162070509355797254e-01
5.172731109838157870e-01
5.183409016490132526e-01
5.194104271487602897e-01
5.204816917143603172e-01
5.215546995908891814e-01
5.226294550372493353e-01
5.237059623262280139e-01
5.247842257445523018e-01
5.258642495929475302e-01
5.269460381861928999e-01
5.280295958531805445e-01
5.291149269369714858e-01
5.302020357948555862e-01
5.312909267984081696e-01
5.323816043335500847e-01
5.334740728006051036e-01
5.345683366143604287e-01
5.356644002041249797e-01
5.367622680137905666e-01
5.378619445018902878e-01
5.389634341416608132e-01
5.400667414211005601e-01
5.411718708430334202e-01
5.422788269251676008e-01
5.433876142001591303e-01
5.444982372156720318e-01
5.456107005344419392e-01
5.467250087343372700e-01
5.478411664084235078e-01
5.489591781650245972e-01
5.500790486277882252e-01
5.512007824357476604e-01
5.523243842433873674e-01
5.534498587207062892e-01
5.545772105532836838e-01
5.557064444423426286e-01
5.568375651048171893e-01
5.579705772734160352e-01
5.591054856966904962e-01
5.602422951390991779e-01
5.613810103810763508e-01
5.625216362190968988e-01
5.636641774657457082e-01
5.648086389497835036e-01
5.659550255162170140e-01
5.671033420263646985e-01
5.682535933579283549e-01
5.694057844050592898e-01
5.705599200784303715e-01
5.717160053053034208e-01
5.728740450296017084e-01
5.740340442119782338e-01
5.751960078298881118e-01
5.763599408776586275e-01
5.775258483665621778e-01
5.786937353248863269e-01
5.798636067980083020e-01
5.810354678484652702e-01
5.822093235560296121e-01
5.833851790177803087e-01
5.845630393481787701e-01
5.857429096791407774e-01
5.869247951601133106e-01
5.881087009581470459e-01
5.892946322579739604e-01
5.904825942620813839e-01
5.916725921907888264e-01
5.928646312823242503e-01
5.940587167929008983e-01
5.952548539967946750e-01
5.964530481864217526e-01
5.976533046724163967e-01
5.988556287837101255e-01
6.000600258676094256e-01
6.012665012898761319e-01
6.024750604348064753e-01
6.036857087053114634e-01
6.048984515229972603e-01
6.061132943282462326e-01
6.073302425802978854e-01
6.085493017573315733e-01
6.097704773565475467e-01
6.109937748942503299e-01
6.122191999059319878e-01
6.134467579463543929e-01
6.146764545896347132e-01
6.159082954293287893e-01
6.171422860785161779e-01
6.183784321698857500e-01
6.196167393558205116e-01
6.208572133084847566e-01
6.220998597199102198e-01
6.233446843020832295e-01
6.245916927870320823e-01
6.258408909269148612e-01
6.270922844941084762e-01
6.283458792812972593e-01
6.296016811015620052e-01
6.308596957884704537e-01
6.321199291961669964e-01
6.333823871994641586e-01
6.346470756939331936e-01
6.359140005959962316e-01
6.371831678430188717e-01
6.384545833934019976e-01
6.397282532266758137e-01
6.410041833435933256e-01
6.422823797662248202e-01
6.435628485380521235e-01
6.448455957240641911e-01
6.461306274108528092e-01
6.474179497067086286e-01
6.487075687417186431e-01
6.499994906678625561e-01
6.512937216591113687e-01
6.525902679115250793e-01
6.538891356433522706e-01
6.551903310951290305e-01
6.564938605297788721e-01
6.577997302327136531e-01
6.591079465119339398e-01
6.604185156981312588e-01
6.617314441447896822e-01
6.630467382282890787e-01
6.643644043480075867e-01
6.656844489264258646e-01
6.670068784092315628e-01
6.683316992654239064e-01
6.696589179874191666e-01
6.709885410911574644e-01
6.723205751162079080e-01
6.736550266258773956e-01
6.749919022073171959e-01
6.763312084716325279e-01
6.776729520539900298e-01
6.790171396137293369e-01
6.803637778344704401e-01
6.817128734242278165e-01
6.830644331155187876e-01
6.844184636654777609e-01
6.857749718559671415e-01
6.871339644936920177e-01
6.884954484103125161e-01
6.898594304625601525e-01
6.912259175323506311e-01
6.925949165269021934e-01
6.939664343788490841e-01
6.953404780463614543e-01
6.967170545132607140e-01
6.980961707891397694e-01
6.994778339094800401e-01
7.008620509357731398e-01
7.022488289556390040e-01
7.036381750829494575e-01
7.050300964579468976e-01
7.064246002473696384e-01
7.078216936445717034e-01
7.092213838696499462e-01
7.106236781695652871e-01
7.120285838182702776e-01
7.134361081168327789e-01
7.148462583935646375e-01
7.162590420041462513e-01
7.176744663317572437e-01
7.190925387872024732e-01
7.205132668090441506e-01
7.219366578637287368e-01
7.233627194457206144e-01
7.247914590776314281e-01
7.262228843103544218e-01
7.276570027231951121e-01
7.290938219240076235e-01
7.305333495493264717e-01
7.319755932645046759e-01
7.334205607638473179e-01
7.348682597707504316e-01
7.363186980378366719e-01
7.377718833470955362e-01
7.392278235100210315e-01
7.406865263677532285e-01
7.421479997912167059e-01
7.436122516812651018e-01
7.450792899688203352e-01
7.465491226150188231e-01
7.480217576113528111e-01
7.494972029798174784e-01
7.509754667730544897e-01
7.524565570745006537e-01
7.539404819985330297e-01
7.554272496906193624e-01
7.569168683274649645e-01
7.584093461171647066e-01
7.599046912993515646e-01
7.614029121453506077e-01
7.629040169583292119e-01
7.644080140734522688e-01
7.659149118580356186e-01
7.674247187117012592e-01
7.689374430665333326e-01
7.704530933872354437e-01
7.719716781712884224e-01
7.734932059491088641e-01
7.750176852842094455e-01
7.765451247733586859e-01
7.780755330467432618e-01
7.796089187681306543e-01
7.811452906350319081e-01
7.826846573788668326e-01
7.842270277651285371e-01
7.857724105935510739e-01
7.873208146982754174e-01
7.888722489480187727e-01
7.904267222462435516e-01
7.919842435313276807e-01
7.935448217767356871e-01
7.951084659911916708e-01
7.966751852188520555e-01
7.982449885394803379e-01
7.998178850686222807e-01
8.013938839577821049e-01
8.029729943946006809e-01
8.045552256030336080e-01
8.061405868435306266e-01
8.077290874132168064e-01
8.093207366460737351e-01
8.109155439131229270e-01
8.125135186226091211e-01
8.141146702201856877e-01
8.157190081891009248e-01
8.173265420503843526e-01
8.189372813630362291e-01
8.205512357242162880e-01
8.221684147694348077e-01
8.237888281727437922e-01
8.254124856469301497e-01
8.270393969437100923e-01
8.286695718539239808e-01
8.303030202077325006e-01
8.319397518748152809e-01
8.335797767645680700e-01
8.352231048263042412e-01
8.368697460494551876e-01
8.385197104637729382e-01
8.401730081395337724e-01
8.418296491877431675e-01
8.434896437603416341e-01
8.451530020504123275e-01
8.468197342923898807e-01
8.484898507622699038e-01
8.501633617778205920e-01
8.518402776987944458e-01
8.535206089271428764e-01
8.552043659072312565e-01
8.568915591260543030e-01
8.585821991134554576e-01
8.602762964423438241e-01
8.619738617289168792e-01
8.636749056328802965e-01
8.653794388576724339e-01
8.670874721506881544e-01
8.687990163035043123e-01
8.705140821521082373e-01
8.722326805771252189e-01
8.739548225040495444e-01
8.756805189034754244e-01
8.774097807913296965e-01
8.791426192291070807e-01
8.808790453241055474e-01
8.826190702296636825e-01
8.843627051453992749e-01
8.861099613174501233e-01
8.878608500387151770e-01
8.896153826490982297e-01
8.913735705357529460e-01
8.931354251333287753e-01
8.949009579242190870e-01
8.966701804388101937e-01
8.984431042557330382e-01
9.002197410021154367e-01
9.020001023538362084e-01
9.037842000357809713e-01
9.055720458220994917e-01
9.073636515364650323e-01
9.091590290523343665e-01
9.109581902932109010e-01
9.127611472329079101e-01
9.145679118958143228e-01
9.163784963571623976e-01
9.181929127432963966e-01
9.200111732319433688e-01
9.218332900524860429e-01
9.236592754862353871e-01
9.254891418667090530e-01
9.273229015799070440e-01
9.291605670645922688e-01
9.310021508125709833e-01
9.328476653689766751e-01
9.346971233325540585e-01
9.365505373559466218e-01
9.384079201459845088e-01
9.402692844639752856e-01
9.421346431259962628e-01
9.440040090031879272e-01
9.458773950220510374e-01
9.477548141647437197e-01
9.496362794693818943e-01
9.515218040303408120e-01
9.534114009985587002e-01
9.553050835818430730e-01
9.572028650451778198e-01
9.591047587110332895e-01
9.610107779596782640e-01
9.629209362294927077e-01
9.648352470172850692e-01
9.667537238786090281e-01
9.686763804280840162e-01
9.706032303397172933e-01
9.725342873472272442e-01
9.744695652443712275e-01
9.764090778852725361e-01
9.783528391847520211e-01
9.803008631186601596e-01
9.822531637242124525e-01
9.842097551003263778e-01
9.861706514079610075e-01
9.881358668704580683e-01
9.901054157738868877e-01
9.920793124673895624e-01
9.940575713635297905e-01
9.960402069386437018e-01
9.980272337331931309e-01
1.000018666352120666e+00
1.002014519465207920e+00
1.004014807807435350e+00
1.006019546179345081e+00
1.008028749447406280e+00
1.010042432544381530e+00
1.012060610469698529e+00
1.014083298289820467e+00
1.016110511138622607e+00
1.018142264217769544e+00
1.020178572797093786e+00
1.022219452214979896e+00
1.024264917878749070e+00
1.026314985265046165e+00
1.028369669920231377e+00
1.030428987460772383e+00
1.032492953573639349e+00
1.034561584016705060e+00
1.036634894619144154e+00
1.038712901281837908e+00
1.040795619977780584e+00
1.042883066752487986e+00
1.044975257724410689e+00
1.047072209085347927e+00
1.049173937100865928e+00
1.051280458110718241e+00
1.053391788529268513e+00
1.055507944845918589e+00
1.057628943625535722e+00
1.059754801508886235e+00
1.061885535213070275e+00
1.064021161531959470e+00
1.066161697336639236e+00
1.068307159575852427e+00
1.070457565276446088e+00
1.072612931543823089e+00
1.074773275562394881e+00
1.076938614596038901e+00
1.079108965988556879e+00
1.081284347164139570e+00
1.083464775627832832e+00
1.085650268966006360e+00
1.087840844846826638e+00
1.090036521020733895e+00
1.092237315320920610e+00
1.094443245663814901e+00
1.096654330049566362e+00
1.098870586562536111e+00
1.101092033371789070e+00
1.103318688731591335e+00
1.105550570981909342e+00
1.107787698548914568e+00
1.110030089945489129e+00
1.112277763771737593e+00
1.114530738715500791e+00
1.116789033552873844e+00
1.119052667148727753e+00
1.121321658457234527e+00
1.123596026522396540e+00
1.125875790478578997e+00
1.128160969551047055e+00
1.130451583056505394e+00
1.132747650403643336e+00
1.135049191093683074e+00
1.137356224720930120e+00
1.139668770973332190e+00
1.141986849633036316e+00
1.144310480576955502e+00
1.146639683777334939e+00
1.148974479302325324e+00
1.151314887316558178e+00
1.153660928081727821e+00
1.156012621957175135e+00
1.158369989400476197e+00
1.160733050968036695e+00
1.163101827315687675e+00
1.165476339199289502e+00
1.167856607475336483e+00
1.170242653101568164e+00
1.172634497137584164e+00
1.175032160745463683e+00
1.177435665190390557e+00
1.179845031841280534e+00
1.182260282171415877e+00
1.184681437759081968e+00
1.187108520288211233e+00
1.189541551549029741e+00
1.191980553438708901e+00
1.194425547962023604e+00
1.196876557232013250e+00
1.199333603470648102e+00
1.201796709009501418e+00
1.204265896290426019e+00
1.206741187866235521e+00
1.209222606401391120e+00
1.211710174672693485e+00
1.214203915569979086e+00
1.216703852096822969e+00
1.219210007371246185e+00
1.221722404626427672e+00
1.224241067211422784e+00
1.226766018591885832e+00
1.229297282350799936e+00
1.231834882189210667e+00
1.234378841926965897e+00
1.236929185503460982e+00
1.239485936978389269e+00
1.242049120532499717e+00
1.244618760468358731e+00
1.247194881211117545e+00
1.249777507309287605e+00
1.252366663435518612e+00
1.254962374387385671e+00
1.257564665088180211e+00
1.260173560587707575e+00
1.262789086063091704e+00
1.265411266819583602e+00
1.268040128291378466e+00
1.270675696042438130e+00
1.273317995767319299e+00
1.275967053292008213e+00
1.278622894574763080e+00
1.281285545706960960e+00
1.283955032913952410e+00
1.286631382555923464e+00
1.289314621128761829e+00
1.292004775264932181e+00
1.294701871734357246e+00
1.297405937445305302e+00
1.300116999445285693e+00
1.302835084921949882e+00
1.305560221204001170e+00
1.308292435762109518e+00
1.311031756209835919e+00
1.313778210304561433e+00
1.316531825948425993e+00
1.319292631189271869e+00
1.322060654221596909e+00
1.324835923387514658e+00
1.327618467177720252e+00
1.330408314232467193e+00
1.333205493342548786e+00
1.336010033450288237e+00
1.338821963650538072e+00
1.341641313191686224e+00
1.344468111476667893e+00
1.347302388063990719e+00
1.350144172668763520e+00
1.352993495163734572e+00
1.355850385580339212e+00
1.358714874109753890e+00
1.361586991103960420e+00
1.364466767076818243e+00
1.367354232705144446e+00
1.370249418829803334e+00
1.373152356456803780e+00
1.376063076758407222e+00
1.378981611074243219e+00
1.381907990912433659e+00
1.384842247950726968e+00
1.387784414037640968e+00
1.390734521193615514e+00
1.393692601612173787e+00
1.396658687661093357e+00
1.399632811883587236e+00
1.402615006999494041e+00
1.405605305906476366e+00
1.408603741681232702e+00
1.411610347580716018e+00
1.414625157043362780e+00
1.417648203690333952e+00
1.420679521326763117e+00
1.423719143943018350e+00
1.426767105715970985e+00
1.429823441010277696e+00
1.432888184379672580e+00
1.435961370568266338e+00
1.439043034511863217e+00
1.442133211339282184e+00
1.445231936373692516e+00
1.448339245133960063e+00
1.451455173336003712e+00
1.454579756894164078e+00
1.457713031922583502e+00
1.460855034736597613e+00
1.464005801854137312e+00
1.467165369997145419e+00
1.470333776093000866e+00
1.473511057275959546e+00
1.476697250888603818e+00
1.479892394483306228e+00
1.483096525823703882e+00
1.486309682886187256e+00
1.489531903861399664e+00
1.492763227155751160e+00
1.496003691392943757e+00
1.499253335415511312e+00
1.502512198286369394e+00
1.505780319290383362e+00
1.509057737935944887e+00
1.512344493956565117e+00
1.515640627312479616e+00
1.518946178192268182e+00
1.522261187014487982e+00
1.525585694429321792e+00
1.528919741320238224e+00
1.532263368805669046e+00
1.535616618240698061e+00
1.538979531218767516e+00
1.542352149573396947e+00
1.545734515379918461e+00
1.549126670957225782e+00
1.552528658869539724e+00
1.555940521928188547e+00
1.559362303193403188e+00
1.562794045976129809e+00
1.566235793839855228e+00
1.569687590602452998e+00
1.573149480338040584e+00
1.576621507378856757e+00
1.580103716317153406e+00
1.583596152007104463e+00
1.587098859566731690e+00
1.590611884379848462e+00
1.594135272098018419e+00
1.597669068642534773e+00
1.601213320206413382e+00
1.604768073256407579e+00
1.608333374535036553e+00
1.611909271062635929e+00
1.615495810139424782e+00
1.619093039347589968e+00
1.622701006553391556e+00
1.626319759909285345e+00
1.629949347856064712e+00
1.633589819125023546e+00
1.637241222740135393e+00
1.640903608020255033e+00
1.644577024581339364e+00
1.648261522338686058e+00
1.651957151509196864e+00
1.655663962613657558e+00
1.659382006479041216e+00
1.663111334240829464e+00
1.666851997345358827e+00
1.670604047552185056e+00
1.674367536936471001e+00
1.678142517891396013e+00
1.681929043130587331e+00
1.685727165690572127e+00
1.689536938933256183e+00
1.693358416548421674e+00
1.697191652556249153e+00
1.701036701309863508e+00
1.704893617497902580e+00
1.708762456147110198e+00
1.712643272624953195e+00
1.716536122642262407e+00
1.720441062255898990e+00
1.724358147871443814e+00
1.728287436245915520e+00
1.732228984490510548e+00
1.736182850073369810e+00
1.740149090822372679e+00
1.744127764927955626e+00
1.748118930945957716e+00
1.752122647800494537e+00
1.756138974786856766e+00
1.760167971574437606e+00
1.764209698209689092e+00
1.768264215119102145e+00
1.772331583112221942e+00
1.776411863384685041e+00
1.780505117521289371e+00
1.784611407499093083e+00
1.788730795690542053e+00
1.792863344866628239e+00
1.797009118200078026e+00
1.801168179268570979e+00
1.805340592057990357e+00
1.809526420965703153e+00
1.813725730803875669e+00
1.817938586802816614e+00
1.822165054614355073e+00
1.826405200315251109e+00
1.830659090410639678e+00
1.834926791837506732e+00
1.839208371968200861e+00
1.843503898613978897e+00
1.847813440028584830e+00
1.852137064911866249e+00
1.856474842413423199e+00
1.860826842136296788e+00
1.865193134140690434e+00
1.869573788947730186e+00
1.873968877543261025e+00
1.878378471381681347e+00
1.882802642389815428e+00
1.887241462970824291e+00
1.891695006008154767e+00
1.896163344869529865e+00
1.900646553410975770e+00
1.905144705980893027e+00
1.909657877424165706e+00
1.914186143086312297e+00
1.918729578817678805e+00
1.923288260977674025e+00
1.927862266439047234e+00
1.932451672592209846e+00
1.937056557349598807e+00
1.941676999150087291e+00
1.946313076963436917e+00
1.950964870294797704e+00
1.955632459189253103e+00
1.960315924236410767e+00
1.965015346575040844e+00
1.969730807897761782e+00
1.974462390455774097e+00
1.979210177063642773e+00
1.983974251104128284e+00
1.988754696533069133e+00
1.993551597884313242e+00
1.998365040274699078e+00
2.003195109409093178e+00
2.008041891585474747e+00
2.012905473700075998e+00
2.017785943252575098e+00
2.022683388351343758e+00
2.027597897718749209e+00
2.032529560696512583e+00
2.037478467251120584e+00
2.042444707979300667e+00
2.047428374113544169e+00
2.052429557527696957e+00
2.057448350742604237e+00
2.062484846931813998e+00
2.067539139927346170e+00
2.072611324225517748e+00
2.077701494992831410e+00
2.082809748071929423e+00
2.087936179987608387e+00
2.093080887952897040e+00
2.098243969875206005e+00
2.103425524362531274e+00
2.108625650729738954e+00
2.113844449004908199e+00
2.119082019935743411e+00
2.124338464996058828e+00
2.129613886392332400e+00
2.134908387070328484e+00
2.140222070721795600e+00
2.145555041791235240e+00
2.150907405482745727e+00
2.156279267766939345e+00
2.161670735387936304e+00
2.167081915870435971e+00
2.172512917526864484e+00
2.177963849464600976e+00
2.183434821593284614e+00
2.188925944632203358e+00
2.194437330117759988e+00
2.199969090411026507e+00
2.205521338705379364e+00
2.211094189034219504e+00
2.216687756278780341e+00
2.222302156176021004e+00
2.227937505326609724e+00
2.233593921202994714e+00
2.239271522157568750e+00
2.244970427430921678e+00
2.250690757160189293e+00
2.256432632387495474e+00
2.262196175068489801e+00
2.267981508080981534e+00
2.273788755233671743e+00
2.279618041274987128e+00
2.285469491902010652e+00
2.291343233769518317e+00
2.297239394499115406e+00
2.303158102688481534e+00
2.309099487920719174e+00
2.315063680773809640e+00
2.321050812830181442e+00
2.327061016686385209e+00
2.333094425962883189e+00
2.339151175313951558e+00
2.345231400437698177e+00
2.351335238086197599e+00
2.357462826075741535e+00
2.363614303297213670e+00
2.369789809726582153e+00
2.375989486435517772e+00
2.382213475602135588e+00
2.388461920521863568e+00
2.394734965618441347e+00
2.401032756455044659e+00
2.407355439745547443e+00
2.413703163365914062e+00
2.420076076365726081e+00
2.426474328979852046e+00
2.432898072640248710e+00
2.439347459987912803e+00
2.445822644884967811e+00
2.452323782426900411e+00
2.458851028954945672e+00
2.465404542068616589e+00
2.471984480638390824e+00
2.478591004818547994e+00
2.485224276060163717e+00
2.491884457124259988e+00
2.498571712095121189e+00
2.505286206393765980e+00
2.512028106791588833e+00
2.518797581424167653e+00
2.525594799805241486e+00
2.532419932840856536e+00
2.539273152843696923e+00
2.546154633547579760e+00
2.553064550122139398e+00
2.560003079187691544e+00
2.566970398830278999e+00
2.573966688616910581e+00
2.580992129610986119e+00
2.588046904387918179e+00
2.595131197050946081e+00
2.602245193247152866e+00
2.609389080183679432e+00
2.616563046644149182e+00
2.623767283005296047e+00
2.631001981253804800e+00
2.638267335003367187e+00
2.645563539511950335e+00
2.652890791699293871e+00
2.660249290164621527e+00
2.667639235204587678e+00
2.675060828831449022e+00
2.682514274791472531e+00
2.689999778583581858e+00
2.697517547478243571e+00
2.705067790536597183e+00
2.712650718629835644e+00
2.720266544458836311e+00
2.727915482574049921e+00
2.735597749395647593e+00
2.743313563233934271e+00
2.751063144310025077e+00
2.758846714776800102e+00
2.766664498740132760e+00
2.774516722280396142e+00
2.782403613474258908e+00
2.790325402416767187e+00
2.798282321243720894e+00
2.806274604154350261e+00
2.814302487434292122e+00
2.822366209478876176e+00
2.830466010816724776e+00
2.838602134133667576e+00
2.846774824296977702e+00
2.854984328379942760e+00
2.863230895686758704e+00
2.871514777777767868e+00
2.879836228495040729e+00
2.888195503988300938e+00
2.896592862741211416e+00
2.905028565598016588e+00
2.913502875790551006e+00
2.922016058965620111e+00
2.930568383212758476e+00
2.939160119092371737e+00
2.947791539664269767e+00
2.956462920516593318e+00
2.965174539795147002e+00
2.973926678233134613e+00
2.982719619181322113e+00
2.991553648638614060e+00
3.000429055283059032e+00
3.009346130503299577e+00
3.018305168430459595e+00
3.027306465970482918e+00
3.036350322836936844e+00
3.045437041584273974e+00
3.054566927641575003e+00
3.063740289346768009e+00
3.072957437981341577e+00
3.082218687805553969e+00
3.091524356094150772e+00
3.100874763172597248e+00
3.110270232453831607e+00
3.119711090475554283e+00
3.129197666938060340e+00
3.138730294742617666e+00
3.148309310030408703e+00
3.157935052222042405e+00
3.167607864057644829e+00
3.177328091637539931e+00
3.187096084463527657e+00
3.196912195480776209e+00
3.206776781120332931e+00
3.216690201342263133e+00
3.226652819679438622e+00
3.236665003281973263e+00
3.246727122962326018e+00
3.256839553241080321e+00
3.267002672393412244e+00
3.277216862496258987e+00
3.287482509476197468e+00
3.297800003158055215e+00
3.308169737314251790e+00
3.318592109714896043e+00
3.329067522178647653e+00
3.339596380624357153e+00
3.350179095123497319e+00
3.360816079953402369e+00
3.371507753651327377e+00
3.382254539069344812e+00
3.393056863430091052e+00
3.403915158383379769e+00
3.414829860063699041e+00
3.425801409148603760e+00
3.436830250918024188e+00
3.447916835314509765e+00
3.459061617004415279e+00
3.470265055440056923e+00
3.481527614922852454e+00
3.492849764667461887e+00
3.504231978866949593e+00
3.515674736758987784e+00
3.527178522693116935e+00
3.538743826199086229e+00
3.550371142056294893e+00
3.562060970364348211e+00
3.573813816614762384e+00
3.585630191763828023e+00
3.597510612306655364e+00
3.609455600352432736e+00
3.621465683700912042e+00
3.633541395920147909e+00
3.645683276425516706e+00
3.657891870560035841e+00
3.670167729676013124e+00
3.682511411218044817e+00
3.694923478807400574e+00
3.707404502327808604e+00
3.719955058012675675e+00
3.732575728533770842e+00
3.745267103091399097e+00
3.758029777506092461e+00
3.770864354311854516e+00
3.783771442850982325e+00
3.796751659370502630e+00
3.809805627120247173e+00
3.822933976452610683e+00
3.836137344924016812e+00
3.849416377398124034e+00
3.862771726150818097e+00
3.876204050977015036e+00
3.889714019299316927e+00
3.903302306278559897e+00
3.916969594926286380e+00
3.930716576219189573e+00
3.944543949215560286e+00
3.958452421173786373e+00
3.972442707672942941e+00
3.986515532735516398e+00
4.000671628952305880e+00
4.014911737609551778e+00
4.029236608818328236e+00
4.043647001646261785e+00
4.058143684251608541e+00
4.072727434019750348e+00
4.087399037702158289e+00
4.102159291557872400e+00
4.117009001497561549e+00
4.131948983230197214e+00
4.146980062412421120e+00
4.162103074800653779e+00
4.177318866405991038e+00
4.192628293651977422e+00
4.208032223535283833e+00
4.223531533789385506e+00
4.239127113051275764e+00
4.254819861031310602e+00
4.270610688686218737e+00
4.286500518395389925e+00
4.302490284140468191e+00
4.318580931688354774e+00
4.334773418777682963e+00
4.351068715308848311e+00
4.367467803537664395e+00
4.383971678272735595e+00
4.400581347076620631e+00
4.417297830470885422e+00
4.434122162145111901e+00
4.451055389169980891e+00
4.468098572214492137e+00
4.485252785767436912e+00
4.502519118363211170e+00
4.519898672812072249e+00
4.537392566434942154e+00
4.555001931302844476e+00
4.572727914481130362e+00
4.590571678278541512e+00
4.608534400501268280e+00
4.626617274712106820e+00
4.644821510494829830e+00
4.663148333723901473e+00
4.681598986839656362e+00
4.700174729129076745e+00
4.718876837012303760e+00
4.737706604335005345e+00
4.756665342666767771e+00
4.775754381605620935e+00
4.794975069088880382e+00
4.814328771710431276e+00
4.833816875044632866e+00
4.853440783976981088e+00
4.873201923041723838e+00
4.893101736766570120e+00
4.913141690024690256e+00
4.933323268394174121e+00
4.953647978525144602e+00
4.974117348514698556e+00
4.994732928289892904e+00
5.015496289998958801e+00
5.036409028410966826e+00
5.057472761324145694e+00
5.078689129983072093e+00
5.100059799504971458e+00
5.121586459315352613e+00
5.143270823593208974e+00
5.165114631726050121e+00
5.187119648774999980e+00
5.209287665950238733e+00
5.231620501097041576e+00
5.254119999192700341e+00
5.276788032854618393e+00
5.299626502859859478e+00
5.322637338676460494e+00
5.345822499006823492e+00
5.369183972343501310e+00
5.392723777537710816e+00
5.416443964380918352e+00
5.440346614199842890e+00
5.464433840465246384e+00
5.488707789414877247e+00
5.513170640690963964e+00
5.537824607992645198e+00
5.562671939743752070e+00
5.587714919776362699e+00
5.612955868030575779e+00
5.638397141270933055e+00
5.664041133819978313e+00
5.689890278309415628e+00
5.715947046449372237e+00
5.742213949816262542e+00
5.768693540659807439e+00
5.795388412729723271e+00
5.822301202122658559e+00
5.849434588149962089e+00
5.876791294226873852e+00
5.904374088783758801e+00
5.932185786200038002e+00
5.960229247761452243e+00
5.988507382641373056e+00
6.017023148906838870e+00
6.045779554550072099e+00
6.074779658546214378e+00
6.104026571938068635e+00
6.133523458948656248e+00
6.163273538122425066e+00
6.193280083495967148e+00
6.223546425799151294e+00
6.254075953687579847e+00
6.284872115007348548e+00
6.315938418093081097e+00
6.347278433100272288e+00
6.378895793373014378e+00
6.410794196848181414e+00
6.442977407497233244e+00
6.475449256806814269e+00
6.508213645299365524e+00
6.541274544095015742e+00
6.574635996516081882e+00
6.608302119735513180e+00
6.642277106470719339e+00
6.676565226724223479e+00
6.711170829572666641e+00
6.746098345005746566e+00
6.781352285816705461e+00
6.816937249546076494e+00
6.852857920480442289e+00
6.889119071708024400e+00
6.925725567233012470e+00
6.962682364150584391e+00
6.999994514884670949e+00
7.037667169490585906e+00
7.075705578024711784e+00
7.114115092983561262e+00
7.152901171814556314e+00
7.192069379501029758e+00
7.231625391224001831e+00
7.271574995103422090e+00
7.311924095021636205e+00
7.352678713531993537e+00
7.393844994855586883e+00
7.435429207969268539e+00
7.477437749788190757e+00
7.519877148446281190e+00
7.562754066678166076e+00
7.606075305306236878e+00
7.649847806836683084e+00
7.694078659168495093e+00
7.738775099419589409e+00
7.783944517874399338e+00
7.829594462057451132e+00
7.875732640937648910e+00
7.922366929268171987e+00
7.969505372067131610e+00
8.017156189244341036e+00
8.065327780379771383e+00
8.114028729659548134e+00
8.163267810975563421e+00
8.213053993195092772e+00
8.263396445607016361e+00
8.314304543551660487e+00
8.365787874241439326e+00
8.417856242779969023e+00
8.470519678387519846e+00
8.523788440841123304e+00
8.577673027138120077e+00
8.632184178392058982e+00
8.687332886970606793e+00
8.743130403885372104e+00
8.799588246444098871e+00
8.856718206176143582e+00
8.914532357042704191e+00
8.973043063943800135e+00
9.032262991534610208e+00
9.092205113364329350e+00
9.152882721351469186e+00
9.214309435610054777e+00
9.276499214642040414e+00
9.339466365911924584e+00
9.403225556820423492e+00
9.467791826094853036e+00
9.533180595614815900e+00
9.599407682692728372e+00
9.666489312829710912e+00
9.734442132968471384e+00
9.803283225265909451e+00
9.873030121409366089e+00
9.943700817501742506e+00
1.001531378954201656e+01
1.008788800952913967e+01
1.016144296221879273e+01
1.023599866256408752e+01
1.031157567387301555e+01
1.038819512671724077e+01
1.046587873862874574e+01
1.054464883462292946e+01
1.062452836858886052e+01
1.070554094558977098e+01
1.078771084511926581e+01
1.087106304536141366e+01
1.095562324850562419e+01
1.104141790717018523e+01
1.112847425199158025e+01
1.121682032043995747e+01
1.130648498692488069e+01
1.139749799425919896e+01
1.148988998655312876e+01
1.158369254361490341e+01
1.167893821693916756e+01
1.177566056736923450e+01
1.187389420452477040e+01
1.197367482809220540e+01
1.207503927108134612e+01
1.217802554515831126e+01
1.228267288817200509e+01
1.238902181399892655e+01
1.249711416483940596e+01
1.260699316610699938e+01
1.271870348406238627e+01
1.283229128635315774e+01
1.294780430563190876e+01
1.306529190643679250e+01
1.318480515553141430e+01
1.330639689591463970e+01
1.343012182472564042e+01
1.355603657528551054e+01
1.368419980353394649e+01
1.381467227913821105e+01
1.394751698157164554e+01
1.408279920148092046e+01
1.422058664768481329e+01
1.436094956017288915e+01
1.450396082950036458e+01
1.464969612300550494e+01
1.479823401830882190e+01
1.494965614458890357e+01
1.510404733216859441e+01
1.526149577098748544e+01
1.542209317858275419e+01
1.558593497825065555e+01
1.575312048811585974e+01
1.592375312189581038e+01
1.609794060221284440e+01
1.627579518737865882e+01
1.645743391265438405e+01
1.664297884707582398e+01
1.683255736702816208e+01
1.702630244785857627e+01
1.722435297492966555e+01
1.742685407564280098e+01
1.763395747409941805e+01
1.784582187022170174e+01
1.806261334532357665e+01
1.828450579631019934e+01
1.851168140089174230e+01
1.874433111642705541e+01
1.898265521526811384e+01
1.922686385975956469e+01
1.947717772036330075e+01
1.973382864072915766e+01
1.999706035392490833e+01
2.026712925447639435e+01
2.054430523135818021e+01
2.082887256762348116e+01
2.112113091297703349e+01
2.142139633628547912e+01
2.173000246579693950e+01
2.204730172571716906e+01
2.237366667877797610e+01
2.270949148555069286e+01
2.305519349252260497e+01
2.341121496238920230e+01
2.377802496164569490e+01
2.415612142241777249e+01
2.454603339758897818e+01
2.494832353070212605e+01
2.536359076488344044e+01
2.579247331821824574e+01
2.623565195666420635e+01
2.669385359980324779e+01
2.716785529960225887e+01
2.765848863799070756e+01
2.816664459560731615e+01
2.869327895168271070e+01
2.923941828390904263e+01
2.980616664754014522e+01
3.039471302515705631e+01
3.100633965287659777e+01
3.164243134570491733e+01
3.230448596477112488e+01
3.299412619296524696e+01
3.371311281384832625e+01
3.446335972259588942e+01
3.524695093839889637e+01
3.606615993673840137e+01
3.692347167918672568e+01
3.782160779032306408e+01
3.876355541907581426e+01
3.975260042926619519e+01
4.079236569638941745e+01
4.188685545125596832e+01
4.304050681449368199e+01
4.425824992013349402e+01
4.554557834609557432e+01
4.690863197358483916e+01
4.835429491183103323e+01
