0.000000000000000000e+00
1.179073032817415986e-03
2.359270598808715837e-03
3.540594307515656375e-03
4.723045771553104760e-03
5.906626606616376812e-03
7.091338431488595703e-03
8.277182868048075376e-03
9.464161541275710465e-03
1.065227607926241479e-02
1.184152811321655639e-02
1.303191927747142029e-02
1.422345120949269903e-02
1.541612554988600232e-02
1.660994394240438571e-02
1.780490803395589489e-02
1.900101947461114646e-02
2.019827991761092775e-02
2.139669101937380705e-02
2.259625443950376983e-02
2.379697184079787239e-02
2.499884488925395096e-02
2.620187525407830995e-02
2.740606460769344499e-02
2.861141462574579367e-02
2.981792698711353135e-02
3.102560337391432888e-02
3.223444547151319700e-02
3.344445496853031691e-02
3.465563355684889851e-02
3.586798293162308388e-02
3.708150479128582977e-02
3.829620083755686660e-02
3.951207277545062263e-02
4.072912231328421756e-02
4.194735116268549086e-02
4.316676103860096064e-02
4.438735365930394222e-02
4.560913074640255555e-02
4.683209402484787148e-02
4.805624522294198869e-02
4.928158607234620070e-02
5.050811830808916991e-02
5.173584366857508082e-02
5.296476389559187647e-02
5.419488073431949493e-02
5.542619593333812655e-02
5.665871124463651293e-02
5.789242842362021108e-02
5.912734922911999647e-02
6.036347542340016192e-02
6.160080877216692757e-02
6.283935104457685772e-02
6.407910401324523608e-02
6.532006945425461453e-02
6.656224914716321606e-02
6.780564487501350435e-02
6.905025842434059369e-02
7.029609158518100587e-02
7.154314615108108011e-02
7.279142391910560506e-02
7.404092668984654790e-02
7.529165626743160311e-02
7.654361445953297705e-02
7.779680307737596445e-02
7.905122393574778861e-02
8.030687885300637208e-02
8.156376965108901034e-02
8.282189815552133683e-02
8.408126619542598268e-02
8.534187560353163893e-02
8.660372821618178563e-02
8.786682587334364303e-02
8.913117041861724765e-02
9.039676369924418142e-02
9.166360756611678651e-02
9.293170387378713038e-02
9.420105448047590146e-02
9.547166124808174892e-02
9.674352604219017826e-02
9.801665073208276624e-02
9.929103719074629242e-02
1.005666872948819818e-01
1.018436029249146363e-01
1.031217859650019192e-01
1.044012383030435837e-01
1.056819618306908681e-01
1.069639584433556972e-01
1.082472300402200910e-01
1.095317785242455322e-01
1.108176058021824173e-01
1.121047137845793823e-01
1.133931043857929061e-01
1.146827795239966641e-01
1.159737411211911318e-01
1.172659911032131463e-01
1.185595313997454270e-01
1.198543639443262060e-01
1.211504906743588045e-01
1.224479135311214439e-01
1.237466344597768358e-01
1.250466554093817850e-01
1.263479783328972095e-01
1.276506051871977299e-01
1.289545379330815089e-01
1.302597785352801185e-01
1.315663289624683652e-01
1.328741911872743098e-01
1.341833671862889821e-01
1.354938589400765392e-01
1.368056684331841188e-01
1.381187976541519979e-01
1.394332485955234735e-01
1.407490232538550212e-01
1.420661236297264540e-01
1.433845517277509696e-01
1.447043095565854198e-01
1.460253991289403586e-01
1.473478224615905052e-01
1.486715815753847092e-01
1.499966784952565246e-01
1.513231152502343690e-01
1.526508938734519594e-01
1.539800164021586093e-01
1.553104848777298042e-01
1.566423013456774982e-01
1.579754678556605507e-01
1.593099864614955508e-01
1.606458592211670033e-01
1.619830881968381264e-01
1.633216754548613425e-01
1.646616230657890756e-01
1.660029331043842982e-01
1.673456076496311618e-01
1.686896487847459325e-01
1.700350585971877326e-01
1.713818391786691986e-01
1.727299926251674722e-01
1.740795210369349699e-01
1.754304265185104572e-01
1.767827111787296512e-01
1.781363771307366561e-01
1.794914264919945102e-01
1.808478613842966209e-01
1.822056839337775902e-01
1.835648962709243159e-01
1.849255005305873445e-01
1.862874988519917785e-01
1.876508933787487954e-01
1.890156862588665831e-01
1.903818796447618034e-01
1.917494756932708877e-01
1.931184765656613900e-01
1.944888844276431994e-01
1.958607014493802256e-01
1.972339298055017787e-01
1.986085716751139485e-01
1.999846292418112070e-01
2.013621046936879266e-01
2.027410002233501207e-01
2.041213180279268791e-01
2.055030603090821084e-01
2.068862292730263563e-01
2.082708271305283854e-01
2.096568560969270800e-01
2.110443183921431598e-01
2.124332162406910585e-01
2.138235518716908590e-01
2.152153275188802006e-01
2.166085454206262417e-01
2.180032078199375667e-01
2.193993169644763985e-01
2.207968751065705615e-01
2.221958845032255547e-01
2.235963474161367925e-01
2.249982661117017890e-01
2.264016428610323428e-01
2.278064799399667772e-01
2.292127796290822916e-01
2.306205442137073125e-01
2.320297759839337892e-01
2.334404772346297674e-01
2.348526502654516568e-01
2.362662973808568601e-01
2.376814208901162628e-01
2.390980231073268625e-01
2.405161063514242581e-01
2.419356729461953626e-01
2.433567252202911702e-01
2.447792655072394963e-01
2.462032961454574953e-01
2.476288194782648167e-01
2.490558378538962614e-01
2.504843536255147995e-01
2.519143691512242267e-01
2.533458867940824866e-01
2.547789089221145220e-01
2.562134379083254032e-01
2.576494761307132064e-01
2.590870259722825586e-01
2.605260898210572384e-01
2.619666700700941653e-01
2.634087691174958334e-01
2.648523893664243567e-01
2.662975332251142357e-01
2.677442031068861250e-01
2.691924014301602663e-01
2.706421306184695341e-01
2.720933931004734241e-01
2.735461913099715425e-01
2.750005276859169290e-01
2.764564046724301005e-01
2.779138247188123745e-01
2.793727902795598572e-01
2.808333038143771554e-01
2.822953677881909762e-01
2.837589846711645047e-01
2.852241569387108377e-01
2.866908870715069724e-01
2.881591775555082946e-01
2.896290308819619019e-01
2.911004495474214249e-01
2.925734360537604606e-01
2.940479929081872834e-01
2.955241226232588336e-01
2.970018277168949838e-01
2.984811107123930274e-01
2.999619741384417781e-01
3.014444205291362811e-01
3.029284524239919119e-01
3.044140723679592542e-01
3.059012829114383658e-01
3.073900866102933782e-01
3.088804860258674845e-01
3.103724837249970947e-01
3.118660822800271570e-01
3.133612842688253131e-01
3.148580922747972188e-01
3.163565088869013664e-01
3.178565366996636277e-01
3.193581783131927421e-01
3.208614363331949160e-01
3.223663133709893103e-01
3.238728120435226954e-01
3.253809349733848832e-01
3.268906847888241596e-01
3.284020641237619387e-01
3.299150756178088062e-01
3.314297219162791741e-01
3.329460056702073789e-01
3.344639295363627807e-01
3.359834961772649176e-01
3.375047082612001037e-01
3.390275684622358621e-01
3.405520794602376333e-01
3.420782439408835973e-01
3.436060645956811044e-01
3.451355441219822184e-01
3.466666852229995377e-01
3.481994906078223484e-01
3.497339629914322789e-01
3.512701050947197867e-01
3.528079196444996457e-01
3.543474093735277108e-01
3.558885770205165167e-01
3.574314253301519306e-01
3.589759570531095290e-01
3.605221749460701952e-01
3.620700817717376063e-01
3.636196802988537757e-01
3.651709733022161508e-01
3.667239635626938776e-01
3.682786538672442878e-01
3.698350470089300512e-01
3.713931457869354413e-01
3.729529530065834320e-01
3.745144714793521845e-01
3.760777040228924228e-01
3.776426534610439201e-01
3.792093226238526515e-01
3.807777143475881698e-01
3.823478314747599804e-01
3.839196768541358051e-01
3.854932533407575690e-01
3.870685637959595526e-01
3.886456110873856007e-01
3.902243980890062747e-01
3.918049276811365611e-01
3.933872027504529689e-01
3.949712261900117372e-01
3.965570008992660433e-01
3.981445297840836006e-01
3.997338157567648653e-01
4.013248617360603565e-01
4.029176706471888636e-01
4.045122454218552654e-01
4.061085889982683494e-01
4.077067043211591302e-01
4.093065943417988350e-01
4.109082620180170564e-01
4.125117103142199038e-01
4.141169422014085444e-01
4.157239606571971891e-01
4.173327686658320768e-01
4.189433692182091273e-01
4.205557653118930928e-01
4.221699599511362644e-01
4.237859561468962921e-01
4.254037569168560018e-01
4.270233652854413253e-01
4.286447842838406741e-01
4.302680169500234797e-01
4.318930663287592897e-01
4.335199354716370856e-01
4.351486274370838792e-01
4.367791452903843630e-01
4.384114921036996737e-01
4.400456709560872648e-01
4.416816849335196693e-01
4.433195371289041509e-01
4.449592306421025212e-01
4.466007685799500693e-01
4.482441540562759341e-01
4.498893901919218119e-01
4.515364801147628837e-01
4.531854269597266338e-01
4.548362338688132778e-01
4.564889039911156909e-01
4.581434404828390039e-01
4.597998465073213636e-01
4.614581252350535290e-01
4.631182798436995207e-01
4.647803135181163836e-01
4.664442294503751696e-01
4.681100308397810328e-01
4.697777208928936021e-01
4.714473028235481311e-01
4.731187798528753707e-01
4.747921552093226638e-01
4.764674321286751502e-01
4.781446138540756952e-01
4.798237036360467056e-01
4.815047047325105023e-01
4.831876204088108584e-01
4.848724539377338716e-01
4.865592085995289473e-01
4.882478876819308367e-01
4.899384944801802311e-01
4.916310322970455227e-01
4.933255044428442870e-01
4.950219142354650992e-01
4.967202650003886832e-01
4.984205600707100059e-01
5.001228027871600368e-01
5.018269964981273423e-01
5.035331445596807898e-01
5.052412503355904194e-01
5.069513171973507593e-01
5.086633485242022523e-01
5.103773477031533501e-01
5.120933181290040492e-01
5.138112632043664307e-01
5.155311863396889738e-01
5.172530909532780941e-01
5.189769804713209034e-01
5.207028583279080802e-01
5.224307279650568514e-01
5.241605928327335295e-01
5.258924563888766057e-01
5.276263220994198422e-01
5.293621934383153649e-01
5.311000738875568672e-01
5.328399669372028136e-01
5.345818760853998652e-01
5.363258048384064169e-01
5.380717567106159116e-01
5.398197352245809322e-01
5.415697439110358502e-01
5.433217863089220279e-01
5.450758659654103555e-01
5.468319864359258986e-01
5.485901512841721006e-01
5.503503640821539866e-01
5.521126284102035875e-01
5.538769478570031435e-01
5.556433260196098622e-01
5.574117665034806768e-01
5.591822729224961153e-01
5.609548488989855031e-01
5.627294980637514987e-01
5.645062240560948519e-01
5.662850305238389392e-01
5.680659211233556327e-01
5.698488995195890583e-01
5.716339693860820192e-01
5.734211344050005321e-01
5.752103982671589177e-01
5.770017646720462245e-01
5.787952373278504314e-01
5.805908199514849821e-01
5.823885162686142092e-01
5.841883300136786472e-01
5.859902649299217892e-01
5.877943247694151774e-01
5.896005132930851600e-01
5.914088342707379820e-01
5.932192914810874296e-01
5.950318887117801436e-01
5.968466297594221537e-01
5.986635184296058565e-01
6.004825585369358842e-01
6.023037539050567490e-01
6.041271083666786001e-01
6.059526257636047575e-01
6.077803099467588011e-01
6.096101647762111053e-01
6.114421941212063727e-01
6.132764018601910561e-01
6.151127918808401152e-01
6.169513680800853273e-01
6.187921343641419325e-01
6.206350946485370557e-01
6.224802528581371286e-01
6.243276129271759789e-01
6.261771787992822524e-01
6.280289544275082791e-01
6.298829437743572734e-01
6.317391508118127552e-01
6.335975795213655282e-01
6.354582338940435449e-01
6.373211179304394403e-01
6.391862356407401746e-01
6.410535910447542340e-01
6.429231881719426056e-01
6.447950310614458669e-01
6.466691237621143840e-01
6.485454703325371772e-01
6.504240748410710093e-01
6.523049413658706941e-01
6.541880739949168522e-01
6.560734768260475525e-01
6.579611539669867337e-01
6.598511095353740696e-01
6.617433476587957220e-01
6.636378724748137614e-01
6.655346881309962548e-01
6.674337987849476850e-01
6.693352086043398153e-01
6.712389217669415542e-01
6.731449424606493759e-01
6.750532748835187391e-01
6.769639232437943965e-01
6.788768917599419250e-01
6.807921846606774796e-01
6.827098061850006561e-01
6.846297605822245780e-01
6.865520521120073161e-01
6.884766850443843067e-01
6.904036636597987719e-01
6.923329922491346933e-01
6.942646751137473426e-01
6.961987165654961451e-01
6.981351209267768754e-01
7.000738925305529659e-01
7.020150357203885916e-01
7.039585548504814216e-01
7.059044542856934834e-01
7.078527384015859125e-01
7.098034115844508163e-01
7.117564782313438032e-01
7.137119427501174007e-01
7.156698095594545839e-01
7.176300830889017490e-01
7.195927677789016874e-01
7.215578680808276690e-01
7.235253884570170824e-01
7.254953333808051852e-01
7.274677073365584112e-01
7.294425148197092312e-01
7.314197603367899037e-01
7.333994484054666696e-01
7.353815835545743917e-01
7.373661703241510823e-01
7.393532132654724309e-01
7.413427169410862216e-01
7.433346859248483041e-01
7.453291248019567883e-01
7.473260381689870169e-01
7.493254306339279802e-01
7.513273068162166224e-01
7.533316713467743675e-01
7.553385288680415366e-01
7.573478840340147622e-01
7.593597415102819603e-01
7.613741059740584127e-01
7.633909821142235153e-01
7.654103746313570822e-01
7.674322882377755395e-01
7.694567276575686732e-01
7.714836976266363777e-01
7.735132028927262926e-01
7.755452482154695515e-01
7.775798383664189739e-01
7.796169781290864798e-01
7.816566722989799487e-01
7.836989256836410789e-01
7.857437431026835783e-01
7.877911293878303578e-01
7.898410893829520552e-01
7.918936279441055603e-01
7.939487499395712078e-01
7.960064602498927444e-01
7.980667637679146331e-01
8.001296653988217988e-01
8.021951700601782642e-01
8.042632826819655634e-01
8.063340082066230430e-01
8.084073515890867201e-01
8.104833177968288060e-01
8.125619118098968974e-01
8.146431386209550540e-01
8.167270032353225462e-01
8.188135106710145994e-01
8.209026659587822516e-01
8.229944741421534316e-01
8.250889402774732595e-01
8.271860694339439046e-01
8.292858666936669954e-01
8.313883371516840315e-01
8.334934859160169074e-01
8.356013181077102114e-01
8.377118388608726374e-01
8.398250533227181736e-01
8.419409666536081804e-01
8.440595840270934680e-01
8.461809106299567063e-01
8.483049516622540587e-01
8.504317123373584808e-01
8.525611978820017978e-01
8.546934135363178919e-01
8.568283645538850024e-01
8.589660562017701340e-01
8.611064937605709124e-01
8.632496825244599936e-01
8.653956278012285841e-01
8.675443349123302950e-01
8.696958091929248846e-01
8.718500559919223347e-01
8.740070806720272589e-01
8.761668886097842002e-01
8.783294851956205962e-01
8.804948758338935200e-01
8.826630659429334225e-01
8.848340609550898739e-01
8.870078663167766386e-01
8.891844874885174166e-01
8.913639299449914732e-01
8.935461991750797139e-01
8.957313006819103141e-01
8.979192399829055704e-01
9.001100226098281976e-01
9.023036541088274021e-01
9.045001400404861780e-01
9.066994859798688244e-01
9.089016975165663537e-01
9.111067802547460071e-01
9.133147398131973294e-01
9.155255818253800193e-01
9.177393119394730014e-01
9.199559358184208335e-01
9.221754591399836665e-01
9.243978875967839848e-01
9.266232268963567886e-01
9.288514827611979996e-01
9.310826609288124223e-01
9.333167671517649255e-01
9.355538071977285153e-01
9.377937868495345164e-01
9.400367119052218667e-01
9.422825881780877433e-01
9.445314214967376332e-01
9.467832177051354048e-01
9.490379826626541560e-01
9.512957222441273952e-01
9.535564423398997791e-01
9.558201488558778491e-01
9.580868477135822125e-01
9.603565448501990565e-01
9.626292462186313292e-01
9.649049577875514760e-01
9.671836855414538414e-01
9.694654354807061836e-01
9.717502136216029651e-01
9.740380259964186438e-01
9.763288786534601860e-01
9.786227776571199133e-01
9.809197290879303477e-01
9.832197390426166139e-01
9.855228136341515066e-01
9.878289589918082259e-01
9.901381812612162214e-01
9.924504866044153717e-01
9.947658811999098294e-01
9.970843712427244210e-01
9.994059629444593806e-01
1.001730662533345306e+00
1.004058476254299448e+00
1.006389410368980997e+00
1.008723471155849039e+00
1.011060664910215845e+00
1.013400997944306603e+00
1.015744476587314038e+00
1.018091107185457034e+00
1.020440896102035921e+00
1.022793849717492431e+00
1.025149974429465871e+00
1.027509276652851078e+00
1.029871762819857706e+00
1.032237439380067512e+00
1.034606312800493866e+00
1.036978389565640368e+00
1.039353676177559471e+00
1.041732179155913318e+00
1.044113905038031698e+00
1.046498860378973328e+00
1.048887051751585142e+00
1.051278485746563129e+00
1.053673168972512508e+00
1.056071108056009011e+00
1.058472309641660170e+00
1.060876780392165708e+00
1.063284526988380385e+00
1.065695556129375055e+00
1.068109874532499504e+00
1.070527488933443738e+00
1.072948406086301709e+00
1.075372632763634373e+00
1.077800175756530754e+00
1.080231041874674114e+00
1.082665237946403902e+00
1.085102770818780593e+00
1.087543647357648524e+00
1.089987874447702509e+00
1.092435458992550457e+00
1.094886407914779758e+00
1.097340728156021461e+00
1.099798426677017549e+00
1.102259510457684222e+00
1.104723986497180066e+00
1.107191861813971778e+00
1.109663143445900779e+00
1.112137838450249161e+00
1.114615953903809187e+00
1.117097496902947906e+00
1.119582474563677543e+00
1.122070894021720777e+00
1.124562762432582019e+00
1.127058086971613582e+00
1.129556874834085844e+00
1.132059133235255866e+00
1.134564869410437327e+00
1.137074090615069810e+00
1.139586804124788744e+00
1.142103017235496010e+00
1.144622737263431000e+00
1.147145971545240117e+00
1.149672727438049602e+00
1.152203012319536368e+00
1.154736833587999278e+00
1.157274198662432196e+00
1.159815114982595263e+00
1.162359590009089727e+00
1.164907631223427442e+00
1.167459246128107697e+00
1.170014442246689601e+00
1.172573227123864692e+00
1.175135608325533543e+00
1.177701593438878591e+00
1.180271190072439413e+00
1.182844405856188441e+00
1.185421248441605568e+00
1.188001725501755423e+00
1.190585844731362197e+00
1.193173613846886250e+00
1.195765040586601824e+00
1.198360132710674097e+00
1.200958898001234232e+00
1.203561344262461086e+00
1.206167479320656266e+00
1.208777311024323842e+00
1.211390847244249613e+00
1.214008095873578386e+00
1.216629064827895901e+00
1.219253762045306111e+00
1.221882195486513334e+00
1.224514373134902190e+00
1.227150302996616871e+00
1.229789993100644852e+00
1.232433451498897270e+00
1.235080686266289973e+00
1.237731705500827006e+00
1.240386517323682325e+00
1.243045129879283506e+00
1.245707551335394125e+00
1.248373789883197693e+00
1.251043853737382916e+00
1.253717751136225855e+00
1.256395490341676302e+00
1.259077079639442376e+00
1.261762527339076012e+00
1.264451841774057783e+00
1.267145031301885716e+00
1.269842104304158781e+00
1.272543069186666154e+00
1.275247934379472925e+00
1.277956708337009362e+00
1.280669399538157505e+00
1.283386016486340875e+00
1.286106567709611737e+00
1.288831061760742802e+00
1.291559507217314051e+00
1.294291912681804657e+00
1.297028286781683137e+00
1.299768638169497503e+00
1.302512975522966743e+00
1.305261307545073191e+00
1.308013642964152456e+00
1.310769990533988905e+00
1.313530359033904693e+00
1.316294757268857030e+00
1.319063194069528988e+00
1.321835678292424099e+00
1.324612218819961162e+00
1.327392824560569284e+00
1.330177504448783132e+00
1.332966267445337083e+00
1.335759122537264032e+00
1.338556078737989763e+00
1.341357145087430425e+00
1.344162330652090898e+00
1.346971644525161382e+00
1.349785095826616654e+00
1.352602693703313541e+00
1.355424447329090842e+00
1.358250365904869694e+00
1.361080458658751269e+00
1.363914734846119803e+00
1.366753203749741852e+00
1.369595874679868208e+00
1.372442756974335376e+00
1.375293859998668600e+00
1.378149193146183116e+00
1.381008765838089181e+00
1.383872587523593545e+00
1.386740667680005590e+00
1.389613015812841246e+00
1.392489641455926686e+00
1.395370554171505351e+00
1.398255763550344088e+00
1.401145279211837513e+00
1.404039110804117696e+00
1.406937268004158526e+00
1.409839760517887175e+00
1.412746598080288907e+00
1.415657790455518317e+00
1.418573347437007470e+00
1.421493278847576036e+00
1.424417594539541865e+00
1.427346304394831566e+00
1.430279418325091756e+00
1.433216946271800296e+00
1.436158898206380652e+00
1.439105284130312468e+00
1.442056114075245254e+00
1.445011398103114297e+00
1.447971146306251899e+00
1.450935368807504622e+00
1.453904075760347414e+00
1.456877277349000854e+00
1.459854983788546390e+00
1.462837205325043133e+00
1.465823952235647099e+00
1.468815234828727556e+00
1.471811063443985601e+00
1.474811448452574947e+00
1.477816400257219831e+00
1.480825929292336474e+00
1.483840046024152981e+00
1.486858760950831027e+00
1.489882084602588197e+00
1.492910027541819451e+00
1.495942600363220576e+00
1.498979813693912311e+00
1.502021678193564025e+00
1.505068204554517397e+00
1.508119403501914091e+00
1.511175285793819656e+00
1.514235862221350093e+00
1.517301143608800196e+00
1.520371140813769006e+00
1.523445864727291044e+00
1.526525326273961536e+00
1.529609536412068538e+00
1.532698506133721938e+00
1.535792246464984245e+00
1.538890768466000925e+00
1.541994083231133850e+00
1.545102201889092530e+00
1.548215135603066006e+00
1.551332895570860071e+00
1.554455493025027391e+00
1.557582939233005614e+00
1.560715245497251047e+00
1.563852423155375426e+00
1.566994483580283148e+00
1.570141438180307603e+00
1.573293298399349727e+00
1.576450075717018118e+00
1.579611781648764923e+00
1.582778427746030170e+00
1.585950025596379653e+00
1.589126586823646603e+00
1.592308123088074678e+00
1.595494646086459634e+00
1.598686167552292758e+00
1.601882699255906317e+00
1.605084253004615436e+00
1.608290840642866426e+00
1.611502474052381784e+00
1.614719165152305402e+00
1.617940925899352678e+00
1.621167768287957500e+00
1.624399704350419027e+00
1.627636746157055336e+00
1.630878905816349977e+00
1.634126195475105847e+00
1.637378627318594182e+00
1.640636213570709545e+00
1.643898966494120817e+00
1.647166898390426626e+00
1.650440021600308338e+00
1.653718348503687929e+00
1.657001891519880976e+00
1.660290663107755860e+00
1.663584675765890086e+00
1.666883942032729715e+00
1.670188474486746788e+00
1.673498285746601422e+00
1.676813388471299460e+00
1.680133795360357674e+00
1.683459519153961415e+00
1.686790572633132035e+00
1.690126968619887204e+00
1.693468719977407888e+00
1.696815839610201992e+00
1.700168340464270678e+00
1.703526235527275556e+00
1.706889537828707448e+00
1.710258260440052691e+00
1.713632416474964559e+00
1.717012019089432462e+00
1.720397081481953361e+00
1.723787616893701635e+00
1.727183638608705607e+00
1.730585159954016961e+00
1.733992194299888157e+00
1.737404755059945627e+00
1.740822855691366522e+00
1.744246509695056790e+00
1.747675730615825707e+00
1.751110532042568169e+00
1.754550927608442557e+00
1.757996930991049922e+00
1.761448555912617842e+00
1.764905816140179828e+00
1.768368725485760962e+00
1.771837297806559519e+00
1.775311547005133495e+00
1.778791487029585339e+00
1.782277131873749587e+00
1.785768495577379600e+00
1.789265592226335411e+00
1.792768435952775796e+00
1.796277040935344571e+00
1.799791421399365987e+00
1.803311591617035026e+00
1.806837565907610355e+00
1.810369358637608839e+00
1.813906984221001828e+00
1.817450457119408558e+00
1.820999791842295767e+00
1.824555002947174209e+00
1.828116105039798933e+00
1.831683112774368016e+00
1.835256040853725068e+00
1.838834904029559292e+00
1.842419717102611099e+00
1.846010494922871725e+00
1.849607252389794398e+00
1.853210004452494841e+00
1.856818766109962215e+00
1.860433552411264957e+00
1.864054378455761274e+00
1.867681259393308757e+00
1.871314210424475766e+00
1.874953246800753259e+00
1.878598383824769957e+00
1.882249636850504393e+00
1.885907021283502960e+00
1.889570552581094853e+00
1.893240246252610559e+00
1.896916117859600126e+00
1.900598183016053877e+00
1.904286457388622900e+00
1.907980956696842201e+00
1.911681696713352085e+00
1.915388693264124642e+00
1.919101962228689340e+00
1.922821519540356849e+00
1.926547381186451080e+00
1.930279563208535665e+00
1.934018081702643777e+00
1.937762952819511941e+00
1.941514192764810076e+00
1.945271817799376635e+00
1.949035844239453308e+00
1.952806288456921502e+00
1.956583166879539037e+00
1.960366495991179292e+00
1.964156292332069897e+00
1.967952572499036323e+00
1.971755353145739909e+00
1.975564650982926329e+00
1.979380482778666961e+00
1.983202865358606459e+00
1.987031815606209006e+00
1.990867350463008112e+00
1.994709486928855080e+00
1.998558242062171253e+00
2.002413632980199587e+00
2.006275676859260226e+00
2.010144390935002523e+00
2.014019792502665496e+00
2.017901898917330961e+00
2.021790727594187320e+00
2.025686296008784471e+00
2.029588621697301143e+00
2.033497722256804696e+00
2.037413615345516682e+00
2.041336318683078854e+00
2.045265850050819179e+00
2.049202227292023171e+00
2.053145468312199906e+00
2.057095591079358243e+00
2.061052613624275498e+00
2.065016554040774999e+00
2.068987430485999202e+00
2.072965261180689911e+00
2.076950064409464503e+00
2.080941858521096588e+00
2.084940661928798011e+00
2.088946493110502622e+00
2.092959370609149161e+00
2.096979313032969916e+00
2.101006339055774941e+00
2.105040467417245154e+00
2.109081716923218774e+00
2.113130106445987089e+00
2.117185654924587102e+00
2.121248381365096858e+00
2.125318304840930317e+00
2.129395444493139777e+00
2.133479819530712085e+00
2.137571449230873277e+00
2.141670352939390121e+00
2.145776550070876088e+00
2.149890060109096890e+00
2.154010902607278677e+00
2.158139097188418898e+00
2.162274663545597608e+00
2.166417621442287889e+00
2.170567990712675144e+00
2.174725791261971075e+00
2.178891043066731648e+00
2.183063766175177722e+00
2.187243980707517466e+00
2.191431706856267425e+00
2.195626964886579824e+00
2.199829775136568522e+00
2.204040158017638085e+00
2.208258134014814189e+00
2.212483723687075798e+00
2.216716947667687787e+00
2.220957826664541113e+00
2.225206381460482330e+00
2.229462632913663089e+00
2.233726601957874092e+00
2.237998309602891034e+00
2.242277776934819666e+00
2.246565025116443071e+00
2.250860075387568937e+00
2.255162949065382172e+00
2.259473667544795283e+00
2.263792252298806318e+00
2.268118724878851467e+00
2.272453106915167442e+00
2.276795420117148971e+00
2.281145686273713391e+00
2.285503927253662582e+00
2.289870165006052449e+00
2.294244421560558411e+00
2.298626719027848431e+00
2.303017079599953831e+00
2.307415525550644997e+00
2.311822079235807958e+00
2.316236763093821427e+00
2.320659599645940485e+00
2.325090611496677173e+00
2.329529821334186401e+00
2.333977251930654084e+00
2.338432926142685275e+00
2.342896866911696296e+00
2.347369097264307758e+00
2.351849640312741574e+00
2.356338519255219310e+00
2.360835757376360977e+00
2.365341378047588705e+00
2.369855404727531312e+00
2.374377860962432418e+00
2.378908770386557237e+00
2.383448156722606903e+00
2.387996043782132372e+00
2.392552455465949635e+00
2.397117415764558057e+00
2.401690948758563593e+00
2.406273078619098893e+00
2.410863829608252740e+00
2.415463226079494596e+00
2.420071292478109370e+00
2.424688053341627292e+00
2.429313533300260453e+00
2.433947757077340679e+00
2.438590749489761844e+00
2.443242535448417740e+00
2.447903139958654162e+00
2.452572588120712549e+00
2.457250905130182073e+00
2.461938116278453048e+00
2.466634246953171239e+00
2.471339322638699265e+00
2.476053368916573572e+00
2.480776411465969833e+00
2.485508476064171024e+00
2.490249588587034602e+00
2.494999775009463239e+00
2.499759061405880889e+00
2.504527473950710625e+00
2.509305038918850705e+00
2.514091782686160403e+00
2.518887731729945845e+00
2.523692912629446283e+00
2.528507352066325264e+00
2.533331076825165340e+00
2.538164113793965004e+00
2.543006489964636074e+00
2.547858232433510395e+00
2.552719368401839883e+00
2.557589925176309453e+00
2.562469930169545940e+00
2.567359410900634131e+00
2.572258394995631026e+00
2.577166910188088522e+00
2.582084984319577448e+00
2.587012645340211581e+00
2.591949921309178340e+00
2.596896840395272132e+00
2.601853430877428597e+00
2.606819721145265500e+00
2.611795739699620089e+00
2.616781515153100646e+00
2.621777076230631387e+00
2.626782451770004467e+00
2.631797670722434201e+00
2.636822762153116173e+00
2.641857755241790340e+00
2.646902679283302362e+00
2.651957563688173369e+00
2.657022437983171947e+00
2.662097331811890122e+00
2.667182274935318897e+00
2.672277297232430904e+00
2.677382428700767925e+00
2.682497699457025764e+00
2.687623139737650213e+00
2.692758779899429911e+00
2.697904650420097195e+00
2.703060781898931619e+00
2.708227205057364806e+00
2.713403950739591064e+00
2.718591049913181568e+00
2.723788533669702083e+00
2.728996433225333806e+00
2.734214779921498639e+00
2.739443605225487133e+00
2.744682940731091314e+00
2.749932818159242398e+00
2.755193269358648944e+00
2.760464326306440341e+00
2.765746021108819175e+00
2.771038386001707376e+00
2.776341453351407473e+00
2.781655255655255399e+00
2.786979825542293288e+00
2.792315195773929393e+00
2.797661399244614877e+00
2.803018468982516609e+00
2.808386438150200615e+00
2.813765340045313312e+00
2.819155208101273402e+00
2.824556075887959761e+00
2.829967977112411770e+00
2.835390945619531422e+00
2.840825015392787201e+00
2.846270220554921959e+00
2.851726595368671457e+00
2.857194174237479789e+00
2.862672991706225023e+00
2.868163082461942182e+00
2.873664481334560872e+00
2.879177223297638477e+00
2.884701343469102675e+00
2.890236877111995284e+00
2.895783859635224999e+00
2.901342326594320120e+00
2.906912313692191496e+00
2.912493856779891477e+00
2.918086991857389290e+00
2.923691755074341536e+00
2.929308182730872012e+00
2.934936311278353305e+00
2.940576177320198159e+00
2.946227817612652178e+00
2.951891269065592738e+00
2.957566568743329238e+00
2.963253753865417117e+00
2.968952861807467869e+00
2.974663930101968390e+00
2.980386996439103875e+00
2.986122098667589153e+00
2.991869274795503131e+00
2.997628562991127232e+00
3.003400001583786949e+00
3.009183629064710708e+00
3.014979484087877637e+00
3.020787605470882209e+00
3.026608032195798881e+00
3.032440803410058283e+00
3.038285958427320299e+00
3.044143536728360466e+00
3.050013577961955047e+00
3.055896121945781641e+00
3.061791208667313136e+00
3.067698878284728981e+00
3.073619171127822458e+00
3.079552127698922170e+00
3.085497788673814856e+00
3.091456194902673538e+00
3.097427387410993216e+00
3.103411407400533228e+00
3.109408296250265380e+00
3.115418095517328734e+00
3.121440846937983959e+00
3.127476592428586777e+00
3.133525374086555626e+00
3.139587234191353105e+00
3.145662215205468737e+00
3.151750359775410182e+00
3.157851710732705541e+00
3.163966311094902562e+00
3.170094204066583377e+00
3.176235433040377920e+00
3.182390041597993768e+00
3.188558073511241986e+00
3.194739572743079403e+00
3.200934583448646009e+00
3.207143149976325880e+00
3.213365316868797894e+00
3.219601128864105100e+00
3.225850630896723636e+00
3.232113868098643650e+00
3.238390885800458197e+00
3.244681729532453929e+00
3.250986445025709770e+00
3.257305078213211136e+00
3.263637675230961488e+00
3.269984282419106325e+00
3.276344946323059393e+00
3.282719713694648878e+00
3.289108631493256496e+00
3.295511746886972571e+00
3.301929107253755546e+00
3.308360760182602167e+00
3.314806753474724754e+00
3.321267135144731597e+00
3.327741953421821552e+00
3.334231256750985306e+00
3.340735093794211963e+00
3.347253513431707184e+00
3.353786564763113098e+00
3.360334297108746870e+00
3.366896760010838374e+00
3.373474003234782526e+00
3.380066076770391614e+00
3.386673030833169395e+00
3.393294915865580741e+00
3.399931782538337721e+00
3.406583681751689241e+00
3.413250664636725773e+00
3.419932782556688977e+00
3.426630087108288869e+00
3.433342630123032091e+00
3.440070463668559952e+00
3.446813640049995797e+00
3.453572211811299475e+00
3.460346231736627587e+00
3.467135752851715935e+00
3.473940828425257976e+00
3.480761511970300148e+00
3.487597857245639865e+00
3.494449918257244825e+00
3.501317749259671430e+00
3.508201404757495201e+00
3.515100939506754951e+00
3.522016408516405406e+00
3.528947867049777809e+00
3.535895370626052525e+00
3.542858975021737855e+00
3.549838736272170614e+00
3.556834710673010047e+00
3.563846954781759724e+00
3.570875525419282770e+00
3.577920479671345522e+00
3.584981874890157627e+00
3.592059768695930799e+00
3.599154218978442010e+00
3.606265283898616669e+00
3.613393021890116241e+00
3.620537491660938745e+00
3.627698752195030796e+00
3.634876862753908089e+00
3.642071882878295419e+00
3.649283872389768479e+00
3.656512891392414755e+00
3.663759000274498856e+00
3.671022259710150060e+00
3.678302730661051179e+00
3.685600474378147862e+00
3.692915552403360557e+00
3.700248026571320459e+00
3.707597959011108557e+00
3.714965412148012902e+00
3.722350448705290304e+00
3.729753131705954683e+00
3.737173524474563191e+00
3.744611690639025436e+00
3.752067694132418918e+00
3.759541599194823558e+00
3.767033470375166893e+00
3.774543372533080809e+00
3.782071370840772051e+00
3.789617530784911370e+00
3.797181918168529347e+00
3.804764599112931300e+00
3.812365640059618421e+00
3.819985107772236876e+00
3.827623069338526918e+00
3.835279592172293750e+00
3.842954744015387281e+00
3.850648592939706294e+00
3.858361207349207511e+00
3.866092655981931081e+00
3.873843007912044278e+00
3.881612332551900746e+00
3.889400699654109950e+00
3.897208179313626175e+00
3.905034841969847292e+00
3.912880758408741499e+00
3.920745999764972289e+00
3.928630637524055835e+00
3.936534743524518376e+00
3.944458389960086908e+00
3.952401649381882542e+00
3.960364594700635177e+00
3.968347299188912825e+00
3.976349836483371814e+00
3.984372280587021198e+00
3.992414705871502711e+00
4.000477187079385821e+00
4.008559799326489426e+00
4.016662618104210658e+00
4.024785719281878116e+00
4.032929179109111750e+00
4.041093074218220949e+00
4.049277481626598174e+00
4.057482478739149911e+00
4.065708143350724058e+00
4.073954553648581722e+00
4.082221788214869029e+00
4.090509926029112897e+00
4.098819046470732808e+00
4.107149229321583661e+00
4.115500554768502184e+00
4.123873103405885310e+00
4.132266956238272115e+00
4.140682194682971939e+00
4.149118900572683621e+00
4.157577156158155596e+00
4.166057044110852203e+00
4.174558647525655530e+00
4.183082049923573464e+00
4.191627335254477948e+00
4.200194587899858334e+00
4.208783892675599603e+00
4.217395334834782794e+00
4.226029000070505859e+00
4.234684974518725831e+00
4.243363344761117872e+00
4.252064197827972514e+00
4.260787621201097330e+00
4.269533702816749710e+00
4.278302531068593595e+00
4.287094194810675774e+00
4.295908783360429695e+00
4.304746386501698829e+00
4.313607094487780458e+00
4.322490998044505872e+00
4.331398188373333014e+00
4.340328757154468420e+00
4.349282796550007824e+00
4.358260399207113167e+00
4.367261658261208268e+00
4.376286667339194025e+00
4.385335520562694711e+00
4.394408312551336238e+00
4.403505138426041299e+00
4.412626093812351158e+00
4.421771274843775856e+00
4.430940778165178173e+00
4.440134700936171797e+00
4.449353140834555020e+00
4.458596196059769312e+00
4.467863965336387189e+00
4.477156547917628515e+00
4.486474043588900784e+00
4.495816552671369593e+00
4.505184176025566423e+00
4.514577015055009745e+00
4.523995171709870533e+00
4.533438748490653758e+00
4.542907848451926078e+00
4.552402575206056845e+00
4.561923032927001742e+00
4.571469326354109519e+00
4.581041560795963363e+00
4.590639842134257798e+00
4.600264276827699561e+00
4.609914971915936910e+00
4.619592035023542209e+00
4.629295574363998966e+00
4.639025698743747483e+00
4.648782517566235839e+00
4.658566140836039260e+00
4.668376679162981269e+00
4.678214243766307234e+00
4.688078946478881903e+00
4.697970899751436669e+00
4.707890216656834603e+00
4.717837010894380789e+00
4.727811396794165510e+00
4.737813489321450078e+00
4.747843404081077523e+00
4.757901257321931254e+00
4.767987165941418581e+00
4.778101247490011083e+00
4.788243620175801851e+00
4.798414402869117801e+00
4.808613715107154185e+00
4.818841677098667731e+00
4.829098409728694641e+00
4.839384034563315673e+00
4.849698673854449638e+00
4.860042450544710846e+00
4.870415488272286098e+00
4.880817911375859630e+00
4.891249844899586030e+00
4.901711414598095118e+00
4.912202746941550124e+00
4.922723969120741394e+00
4.933275209052228938e+00
4.943856595383518737e+00
4.954468257498302997e+00
4.965110325521725265e+00
4.975782930325704179e+00
4.986486203534290951e+00
4.997220277529089927e+00
5.007985285454709334e+00
5.018781361224270654e+00
5.029608639524957070e+00
5.040467255823619652e+00
5.051357346372422619e+00
5.062279048214547217e+00
5.073232499189933797e+00
5.084217837941084284e+00
5.095235203918914380e+00
5.106284737388652850e+00
5.117366579435786100e+00
5.128480871972076471e+00
5.139627757741611624e+00
5.150807380326917873e+00
5.162019884155120586e+00
5.173265414504171211e+00
5.184544117509119587e+00
5.195856140168441328e+00
5.207201630350422050e+00
5.218580736799609099e+00
5.229993609143304134e+00
5.241440397898125880e+00
5.252921254476620838e+00
5.264436331193949492e+00
5.275985781274612485e+00
5.287569758859255842e+00
5.299188419011516160e+00
5.310841917724953731e+00
5.322530411930022076e+00
5.334254059501121858e+00
5.346013019263700095e+00
5.357807451001429300e+00
5.369637515463440813e+00
5.381503374371633619e+00
5.393405190428031126e+00
5.405343127322232988e+00
5.417317349738908661e+00
5.429328023365378897e+00
5.441375314899244309e+00
5.453459392056114297e+00
5.465580423577378610e+00
5.477738579238066841e+00
5.489934029854767417e+00
5.502166947293638977e+00
5.514437504478475915e+00
5.526745875398861862e+00
5.539092235118382668e+00
5.551476759782939752e+00
5.563899626629122963e+00
5.576361013992658933e+00
5.588861101316950020e+00
5.601400069161689643e+00
5.613978099211552220e+00
5.626595374284974582e+00
5.639252078342998686e+00
5.651948396498231553e+00
5.664684515023856726e+00
5.677460621362751425e+00
5.690276904136671199e+00
5.703133553155549151e+00
5.716030759426852015e+00
5.728968715165047243e+00
5.741947613801150929e+00
5.754967649992357437e+00
5.768029019631790710e+00
5.781131919858312429e+00
5.794276549066450066e+00
5.807463106916397777e+00
5.820691794344139858e+00
5.833962813571652362e+00
5.847276368117203305e+00
5.860632662805755011e+00
5.874031903779478370e+00
5.887474298508351467e+00
5.900960055800868354e+00
5.914489385814844624e+00
5.928062500068349117e+00
5.941679611450713772e+00
5.955340934233672279e+00
5.969046684082589316e+00
5.982797078067823016e+00
5.996592334676172698e+00
6.010432673822459826e+00
6.024318316861205780e+00
6.038249486598437521e+00
6.052226407303608724e+00
6.066249304721627489e+00
6.080318406085008398e+00
6.094433940126156024e+00
6.108596137089754130e+00
6.122805228745287209e+00
6.137061448399674823e+00
6.151365030910057818e+00
6.165716212696680465e+00
6.180115231755928029e+00
6.194562327673468261e+00
6.209057741637555417e+00
6.223601716452443533e+00
6.238194496551948021e+00
6.252836328013128941e+00
6.267527458570137711e+00
6.282268137628182814e+00
6.297058616277642962e+00
6.311899147308316138e+00
6.326789985223840951e+00
6.341731386256224567e+00
6.356723608380558943e+00
6.371766911329845406e+00
6.386861556610016422e+00
6.402007807515077253e+00
6.417205929142418164e+00
6.432456188408272268e+00
6.447758854063356360e+00
6.463114196708646730e+00
6.478522488811337965e+00
6.493984004720943837e+00
6.509499020685600712e+00
6.525067814868505067e+00
6.540690667364548183e+00
6.556367860217096499e+00
6.572099677434984244e+00
6.587886405009653501e+00
6.603728330932488788e+00
6.619625745212318613e+00
6.635578939893130190e+00
6.651588209071942259e+00
6.667653848916879511e+00
6.683776157685428210e+00
6.699955435742912080e+00
6.716191985581130730e+00
6.732486111837218345e+00
6.748838121312684457e+00
6.765248322992690966e+00
6.781717028065495256e+00
6.798244549942131343e+00
6.814831204276289078e+00
6.831477308984401198e+00
6.848183184265971946e+00
6.864949152624095774e+00
6.881775538886214960e+00
6.898662670225090388e+00
6.915610876180018352e+00
6.932620488678262305e+00
6.949691842056719970e+00
6.966825273083824044e+00
6.984021120981701358e+00
7.001279727448548762e+00
7.018601436681273675e+00
7.035986595398364685e+00
7.053435552863041913e+00
7.070948660906632988e+00
7.088526273952228784e+00
7.106168749038581645e+00
7.123876445844291361e+00
7.141649726712245183e+00
7.159488956674330495e+00
7.177394503476421939e+00
7.195366737603659857e+00
7.213406032305999638e+00
7.231512763624053264e+00
7.249687310415203534e+00
7.267930054380054905e+00
7.286241380089134800e+00
7.304621675009927984e+00
7.323071329534193374e+00
7.341590737005619260e+00
7.360180293747771607e+00
7.378840399092363889e+00
7.397571455407844887e+00
7.416373868128336433e+00
7.435248045782875792e+00
7.454194400025007994e+00
7.473213345662700569e+00
7.492305300688638425e+00
7.511470686310828704e+00
7.530709926983590208e+00
7.550023450438867911e+00
7.569411687717957804e+00
7.588875073203555033e+00
7.608414044652207053e+00
7.628029043227115835e+00
7.647720513531361064e+00
7.667488903641481279e+00
7.687334665141468903e+00
7.707258253157139194e+00
7.727260126390945949e+00
7.747340747157169361e+00
7.767500581417543515e+00
7.787740098817282686e+00
7.808059772721575698e+00
7.828460080252471975e+00
7.848941502326239217e+00
7.869504523691133180e+00
7.890149632965666626e+00
7.910877322677300150e+00
7.931688089301607292e+00
7.952582433301913056e+00
7.973560859169422699e+00
7.994623875463817697e+00
8.015771994854354432e+00
8.037005734161450476e+00
8.058325614398796688e+00
8.079732160815970232e+00
8.101225902941568080e+00
8.122807374626857424e+00
8.144477114090001635e+00
8.166235663960780045e+00
8.188083571325895704e+00
8.210021387774823154e+00
8.232049669446215745e+00
8.254168977074927582e+00
8.276379876039575478e+00
8.298682936410720856e+00
8.321078732999621863e+00
8.343567845407642736e+00
8.366150858076240482e+00
8.388828360337598156e+00
8.411600946465874529e+00
8.434469215729142988e+00
8.457433772441943276e+00
8.480495226018513577e+00
8.503654191026692288e+00
8.526911287242533888e+00
8.550267139705576724e+00
8.573722378774849773e+00
8.597277640185563286e+00
8.620933565106581042e+00
8.644690800198565839e+00
8.668549997672924334e+00
8.692511815351469551e+00
8.716576916726904045e+00
8.740745971024047378e+00
8.765019653261875376e+00
8.789398644316349873e+00
8.813883630984102879e+00
8.838475306046923663e+00
8.863174368337096709e+00
8.887981522803590551e+00
8.912897480579147214e+00
8.937922959048222538e+00
8.963058681915846648e+00
8.988305379277360174e+00
9.013663787689147000e+00
9.039134650240233881e+00
9.064718716624884820e+00
9.090416743216144013e+00
9.116229493140398432e+00
9.142157736352906738e+00
9.168202249714353158e+00
9.194363817068431644e+00
9.220643229320501177e+00
9.247041284517274917e+00
9.273558787927614233e+00
9.300196552124390337e+00
9.326955397067514753e+00
9.353836150188055143e+00
9.380839646473535964e+00
9.407966728554370661e+00
9.435218246791537311e+00
9.462595059365426664e+00
9.490098032365928304e+00
9.517728039883749602e+00
9.545485964103040288e+00
9.573372695395276466e+00
9.601389132414457350e+00
9.629536182193630722e+00
9.657814760242798613e+00
9.686225790648169465e+00
9.714770206172818945e+00
9.743448948358755857e+00
9.772262967630474861e+00
9.801213223399933838e+00
9.830300684173044701e+00
9.859526327657659905e+00
9.888891140873155905e+00
9.918396120261515847e+00
9.948042271800067837e+00
9.977830611115775739e+00
1.000776216360127258e+01
1.003783796453248023e+01
1.006805905918799482e+01
1.009842650297017563e+01
1.012894136152799263e+01
1.015960471088171069e+01
1.019041763754934848e+01
1.022138123867502735e+01
1.025249662215915869e+01
1.028376490679063160e+01
1.031518722238087982e+01
1.034676470989997554e+01
1.037849852161470388e+01
1.041038982122876000e+01
1.044243978402497852e+01
1.047464959700971043e+01
1.050702045905936011e+01
1.053955358106915874e+01
1.057225018610413159e+01
1.060511150955238691e+01
1.063813879928067507e+01
1.067133331579239908e+01
1.070469633238793961e+01
1.073822913532748302e+01
1.077193302399630603e+01
1.080580931107263964e+01
1.083985932269808394e+01
1.087408439865065546e+01
1.090848589252050438e+01
1.094306517188838690e+01
1.097782361850688027e+01
1.101276262848443821e+01
1.104788361247228856e+01
1.108318799585433290e+01
1.111867721893994698e+01
1.115435273715987563e+01
1.119021602126516512e+01
1.122626855752932151e+01
1.126251184795360771e+01
1.129894741047564111e+01
1.133557677918129514e+01
1.137240150452004528e+01
1.140942315352370962e+01
1.144664331002874036e+01
1.148406357490207164e+01
1.152168556627067630e+01
1.155951091975478562e+01
1.159754128870494227e+01
1.163577834444286374e+01
1.167422377650633258e+01
1.171287929289801788e+01
1.175174662033843198e+01
1.179082750452301731e+01
1.183012371038354971e+01
1.186963702235380858e+01
1.190936924463970037e+01
1.194932220149383895e+01
1.198949773749479775e+01
1.202989771783095563e+01
1.207052402858917439e+01
1.211137857704827425e+01
1.215246329197756481e+01
1.219378012394035515e+01
1.223533104560265983e+01
1.227711805204712725e+01
1.231914316109241980e+01
1.236140841361797271e+01
1.240391587389439287e+01
1.244666762991952069e+01
1.248966579376035568e+01
1.253291250190084938e+01
1.257640991559578758e+01
1.262016022123080461e+01
1.266416563068876755e+01
1.270842838172250744e+01
1.275295073833415671e+01
1.279773499116117819e+01
1.284278345786917619e+01
1.288809848355177756e+01
1.293368244113753995e+01
1.297953773180418224e+01
1.302566678540016376e+01
1.307207206087396756e+01
1.311875604671097761e+01
1.316572126137833898e+01
1.321297025377782042e+01
1.326050560370699571e+01
1.330832992232875078e+01
1.335644585264942741e+01
1.340485607000569424e+01
1.345356328256046652e+01
1.350257023180788352e+01
1.355187969308770235e+01
1.360149447610918116e+01
1.365141742548483528e+01
1.370165142127403968e+01
1.375219937953693794e+01
1.380306425289865224e+01
1.385424903112427764e+01
1.390575674170463749e+01
1.395759045045323887e+01
1.400975326211452021e+01
1.406224832098383359e+01
1.411507881153921318e+01
1.416824795908534362e+01
1.422175903040989375e+01
1.427561533445266839e+01
1.432982022298762814e+01
1.438437709131828512e+01
1.443928937898658482e+01
1.449456057049585489e+01
1.455019419604780850e+01
1.460619383229419377e+01
1.466256310310325084e+01
1.471930568034150788e+01
1.477642528467104732e+01
1.483392568636279485e+01
1.489181070612604962e+01
1.495008421595482773e+01
1.500875013999120711e+01
1.506781245540622294e+01
1.512727519329861714e+01
1.518714243961205135e+01
1.524741833607096630e+01
1.530810708113577689e+01
1.536921293097765151e+01
1.543074020047360939e+01
1.549269326422213311e+01
1.555507655758003516e+01
1.561789457772090550e+01
1.568115188471590926e+01
1.574485310263719384e+01
1.580900292068469604e+01
1.587360609433676117e+01
1.593866744652536660e+01
1.600419186883631184e+01
1.607018432273520858e+01
1.613664984081974296e+01
1.620359352809913034e+01
1.627102056330111068e+01
1.633893620020747051e+01
1.640734576901858688e+01
1.647625467774803454e+01
1.654566841364766105e+01
1.661559254466421010e+01
1.668603272092810030e+01
1.675699467627542560e+01
1.682848422980377379e+01
1.690050728746292918e+01
1.697306984368134408e+01
1.704617798302921017e+01
1.711983788191932021e+01
1.719405581034647312e+01
1.726883813366662679e+01
1.734419131441669037e+01
1.742012191417633460e+01
1.749663659547258732e+01
1.757374212372867461e+01
1.765144536925804886e+01
1.772975330930515980e+01
1.780867303013389247e+01
1.788821172916521718e+01
1.796837671716527751e+01
1.804917542048549706e+01
1.813061538335587386e+01
1.821270427023320693e+01
1.829544986820553731e+01
1.837886008945475780e+01
1.846294297377856353e+01
1.854770669117383974e+01
1.863315954448287926e+01
1.871930997210464298e+01
1.880616655077249177e+01
1.889373799840058510e+01
1.898203317700079040e+01
1.907106109567236985e+01
1.916083091366621360e+01
1.925135194352613510e+01
1.934263365430922832e+01
1.943468567488795529e+01
1.952751779733599946e+01
1.962113998040063834e+01
1.971556235306410088e+01
1.981079521819677680e+01
1.990684905630473622e+01
2.000373452937468954e+01
2.010146248481914455e+01
2.020004395952512155e+01
2.029949018400922256e+01
2.039981258668262853e+01
2.050102279822923279e+01
2.060313265610069777e+01
2.070615420913172855e+01
2.081009972227964866e+01
2.091498168149194115e+01
2.102081279870615660e+01
2.112760601698595764e+01
2.123537451579801427e+01
2.134413171643401341e+01
2.145389128758278474e+01
2.156466715105700871e+01
2.167647348767985349e+01
2.178932474333653246e+01
2.190323563519656247e+01
2.201822115811187430e+01
2.213429659119702819e+01
2.225147750459725060e+01
2.236977976645106381e+01
2.248921955005346973e+01
2.260981334122693909e+01
2.273157794590692404e+01
2.285453049794963576e+01
2.297868846716924196e+01
2.310406966761270908e+01
2.323069226608034299e+01
2.335857479090089228e+01
2.348773614096964479e+01
2.361819559505921617e+01
2.374997282141228894e+01
2.388308788762682155e+01
2.401756127084353665e+01
2.415341386824708891e+01
2.429066700789194755e+01
2.442934245986469932e+01
2.456946244779550170e+01
2.471104966073081499e+01
2.485412726538126904e+01
2.499871891875815066e+01
2.514484878121351130e+01
2.529254152989834026e+01
2.544182237265507851e+01
2.559271706236051003e+01
2.574525191173664851e+01
2.589945380864696034e+01
2.605535023189697341e+01
2.621296926755855594e+01
2.637233962583859892e+01
2.653349065851283228e+01
2.669645237694748729e+01
2.686125547073164910e+01
2.702793132694517908e+01
2.719651205008686290e+01
2.736703048268998018e+01
2.753952022665263399e+01
2.771401566531252669e+01
2.789055198629593235e+01
2.806916520517329516e+01
2.824989218995449747e+01
2.843277068645928196e+01
2.861783934459885259e+01
2.880513774560761675e+01
2.899470643026493022e+01
2.918658692814977229e+01
2.938082178797185406e+01
2.957745460902634704e+01
2.977653007382060224e+01
2.997809398192478980e+01
3.018219328509946919e+01
3.038887612375741654e+01
3.059819186481860243e+01
3.081019114102160117e+01
3.102492589175625781e+01
3.124244940548750549e+01
3.146281636384264857e+01
3.168608288743930501e+01
3.191230658353392968e+01
3.214154659557652849e+01
3.237386365476059780e+01
3.260932013366335980e+01
3.284798010207501306e+01
3.308990938512248903e+01
3.333517562379815047e+01
3.358384833801098068e+01
3.383599899228272534e+01
3.409170106422033086e+01
3.435103011590167910e+01
3.461406386832132398e+01
3.488088227904916749e+01
3.515156762326587625e+01
3.542620457834701142e+01
3.570488031217933411e+01
3.598768457540175802e+01
3.627470979777682913e+01
3.656605118890934847e+01
3.686180684354388148e+01
3.716207785168428046e+01
3.746696841379614540e+01
3.777658596136703295e+01
3.809104128311872017e+01
3.841044865718146184e+01
3.873492598956272559e+01
3.906459495926201697e+01
3.939958117040806940e+01
3.974001431181665822e+01
4.008602832439588326e+01
4.043776157685252315e+01
4.079535705018336245e+01
4.115896253146934924e+01
4.152873081752288442e+01
4.190481992897913699e+01
4.228739333546040768e+01
4.267662019248918170e+01
4.307267559086933062e+01
4.347574081930940793e+01
4.388600364111439234e+01
4.430365858583477490e+01
4.472890725682280078e+01
4.516195865571896206e+01
4.560302952496495266e+01
4.605234470952395753e+01
4.651013753907463411e+01
4.697665023204543644e+01
4.745213432295787470e+01
4.793685111466472648e+01
4.843107215718936231e+01
4.893507975501162832e+01
4.944916750479022483e+01
