0.000000000000000000e+00
1.219756466748734506e-04
2.440727830376700680e-04
3.662915906873254754e-04
4.886322515848868413e-04
6.110949480544158570e-04
7.336798627838944523e-04
8.563871788261334921e-04
9.792170795996832898e-04
1.102169748889748674e-03
1.225245370849103836e-03
1.348444129999013582e-03
1.471766211230154681e-03
1.595211799803540262e-03
1.718781081351448319e-03
1.842474241878351744e-03
1.966291467761851607e-03
2.090232945753613906e-03
2.214298862980308268e-03
2.338489406944547523e-03
2.462804765525836593e-03
2.587245126981516184e-03
2.711810679947714714e-03
2.836501613440301113e-03
2.961318116855839785e-03
3.086260379972553813e-03
3.211328592951279929e-03
3.336522946336439952e-03
3.461843631057003566e-03
3.587290838427461496e-03
3.712864760148799556e-03
3.838565588309470963e-03
3.964393515386382093e-03
4.090348734245869561e-03
4.216431438144689452e-03
4.342641820731000905e-03
4.468980076045363584e-03
4.595446398521726462e-03
4.722040982988432237e-03
4.848764024669208715e-03
4.975615719184178429e-03
5.102596262550863904e-03
5.229705851185199005e-03
5.356944681902537676e-03
5.484312951918673962e-03
5.611810858850856815e-03
5.739438600718817056e-03
5.867196375945784789e-03
5.995084383359529367e-03
6.123102822193379410e-03
6.251251892087264506e-03
6.379531793088749105e-03
6.507942725654075090e-03
6.636484890649207817e-03
6.765158489350879545e-03
6.893963723447643285e-03
7.022900795040923176e-03
7.151969906646074397e-03
7.281171261193444821e-03
7.410505062029433196e-03
7.539971512917562069e-03
7.669570818039541174e-03
7.799303181996348165e-03
7.929168809809299806e-03
8.059167906921134439e-03
8.189300679197094451e-03
8.319567332926013081e-03
8.449968074821404690e-03
8.580503112022559373e-03
8.711172652095637570e-03
8.841976903034769880e-03
8.972916073263163816e-03
9.103990371634208822e-03
9.235200007432584762e-03
9.366545190375379082e-03
9.498026130613207441e-03
9.629643038731322199e-03
9.761396125750748665e-03
9.893285603129409189e-03
1.002531168276325248e-02
1.015747457698738983e-02
1.028977449857723311e-02
1.042221166074963970e-02
1.055478627716405042e-02
1.068749856192364664e-02
1.082034872957650037e-02
1.095333699511672788e-02
1.108646357398565020e-02
1.121972868207295887e-02
1.135313253571787993e-02
1.148667535171034836e-02
1.162035734729217895e-02
1.175417874015824427e-02
1.188813974845765939e-02
1.202224059079496331e-02
1.215648148623131586e-02
1.229086265428568081e-02
1.242538431493602456e-02
1.256004668862052004e-02
1.269484999623875232e-02
1.282979445915291908e-02
1.296488029918905008e-02
1.310010773863821629e-02
1.323547700025775459e-02
1.337098830727248555e-02
1.350664188337594683e-02
1.364243795273161787e-02
1.377837673997415677e-02
1.391445847021064233e-02
1.405068336902181095e-02
1.418705166246330730e-02
1.432356357706693166e-02
1.446021933984189926e-02
1.459701917827609281e-02
1.473396332033732360e-02
1.487105199447461001e-02
1.500828542961943346e-02
1.514566385518702034e-02
1.528318750107761533e-02
1.542085659767777374e-02
1.555867137586163483e-02
1.569663206699222630e-02
1.583473890292274103e-02
1.597299211599785551e-02
1.611139193905502393e-02
1.624993860542578092e-02
1.638863234893705653e-02
1.652747340391249806e-02
1.666646200517378149e-02
1.680559838804192990e-02
1.694488278833867004e-02
1.708431544238771596e-02
1.722389658701615339e-02
1.736362645955575809e-02
1.750350529784433853e-02
1.764353334022709247e-02
1.778371082555796345e-02
1.792403799320098703e-02
1.806451508303166115e-02
1.820514233543831656e-02
1.834591999132348036e-02
1.848684829210526029e-02
1.862792747971870819e-02
1.876915779661723210e-02
1.891053948577394936e-02
1.905207279068311596e-02
1.919375795536150051e-02
1.933559522434978931e-02
1.947758484271400192e-02
1.961972705604690670e-02
1.976202211046941548e-02
1.990447025263202344e-02
2.004707172971622806e-02
2.018982678943595857e-02
2.033273568003900536e-02
2.047579865030847365e-02
2.061901594956420600e-02
2.076238782766425331e-02
2.090591453500630775e-02
2.104959632252917379e-02
2.119343344171422880e-02
2.133742614458688028e-02
2.148157468371805420e-02
2.162587931222565568e-02
2.177034028377606081e-02
2.191495785258559814e-02
2.205973227342204399e-02
2.220466380160611430e-02
2.234975269301296696e-02
2.249499920407371095e-02
2.264040359177691558e-02
2.278596611367011970e-02
2.293168702786135479e-02
2.307756659302068192e-02
2.322360506838170441e-02
2.336980271374312218e-02
2.351615978947025828e-02
2.366267655649660281e-02
2.380935327632537762e-02
2.395619021103108370e-02
2.410318762326105896e-02
2.425034577623704640e-02
2.439766493375677275e-02
2.454514536019551316e-02
2.469278732050768019e-02
2.484059108022840592e-02
2.498855690547514483e-02
2.513668506294925234e-02
2.528497581993759818e-02
2.543342944431417965e-02
2.558204620454172795e-02
2.573082636967331804e-02
2.587977020935400621e-02
2.602887799382245723e-02
2.617814999391256808e-02
2.632758648105511939e-02
2.647718772727942343e-02
2.662695400521494435e-02
2.677688558809299818e-02
2.692698274974839046e-02
2.707724576462107804e-02
2.722767490775786225e-02
2.737827045481404376e-02
2.752903268205512607e-02
2.767996186635849135e-02
2.783105828521510380e-02
2.798232221673119940e-02
2.813375393963000320e-02
2.828535373325345020e-02
2.843712187756387150e-02
2.858905865314575329e-02
2.874116434120743344e-02
2.889343922358287090e-02
2.904588358273334572e-02
2.919849770174924586e-02
2.935128186435179143e-02
2.950423635489480764e-02
2.965736145836648380e-02
2.981065746039113923e-02
2.996412464723101354e-02
3.011776330578802563e-02
3.027157372360558471e-02
3.042555618887036323e-02
3.057971099041412177e-02
3.073403841771548198e-02
3.088853876090177919e-02
3.104321231075083884e-02
3.119805935869282565e-02
3.135308019681207897e-02
3.150827511784893425e-02
3.166364441520155837e-02
3.181918838292781965e-02
3.197490731574714057e-02
3.213080150904233656e-02
3.228687125886151726e-02
3.244311686191993227e-02
3.259953861560185850e-02
3.275613681796250842e-02
3.291291176772987576e-02
3.306986376430669922e-02
3.322699310777230824e-02
3.338430009888457284e-02
3.354178503908180481e-02
3.369944823048468679e-02
3.385728997589822209e-02
3.401531057881364284e-02
3.417351034341038069e-02
3.433188957455798190e-02
3.449044857781813356e-02
3.464918765944654394e-02
3.480810712639498955e-02
3.496720728631325104e-02
3.512648844755109773e-02
3.528595091916030685e-02
3.544559501089662029e-02
3.560542103322181934e-02
3.576542929730565368e-02
3.592562011502791613e-02
3.608599379898044801e-02
3.624655066246920687e-02
3.640729101951622332e-02
3.656821518486175898e-02
3.672932347396627023e-02
3.689061620301251065e-02
3.705209368890760580e-02
3.721375624928510012e-02
3.737560420250706644e-02
3.753763786766617372e-02
3.769985756458780340e-02
3.786226361383215888e-02
3.802485633669631937e-02
3.818763605521646731e-02
3.835060309216987984e-02
3.851375777107719084e-02
3.867710041620443101e-02
3.884063135256525523e-02
3.900435090592302423e-02
3.916825940279303891e-02
3.933235717044467755e-02
3.949664453690351212e-02
3.966112183095365368e-02
3.982578938213975073e-02
3.999064752076936236e-02
4.015569657791503988e-02
4.032093688541662363e-02
4.048636877588342869e-02
4.065199258269648619e-02
4.081780864001077064e-02
4.098381728275747593e-02
4.115001884664624965e-02
4.131641366816745514e-02
4.148300208459444055e-02
4.164978443398583557e-02
4.181676105518781356e-02
4.198393228783642295e-02
4.215129847235983551e-02
4.231885994998071249e-02
4.248661706271848748e-02
4.265457015339169794e-02
4.282271956562034437e-02
4.299106564382820100e-02
4.315960873324520275e-02
4.332834917990975587e-02
4.349728733067117353e-02
4.366642353319197256e-02
4.383575813595034371e-02
4.400529148824246228e-02
4.417502394018495149e-02
4.434495584271726937e-02
4.451508754760412356e-02
4.468541940743789992e-02
4.485595177564111885e-02
4.502668500646883620e-02
4.519761945501113432e-02
4.536875547719559226e-02
4.554009342978970060e-02
4.571163367040340098e-02
4.588337655749153560e-02
4.605532245035637989e-02
4.622747170915009890e-02
4.639982469487730077e-02
4.657238176939754865e-02
4.674514329542789337e-02
4.691810963654540617e-02
4.709128115718975299e-02
4.726465822266572026e-02
4.743824119914582388e-02
4.761203045367283504e-02
4.778602635416243777e-02
4.796022926940572695e-02
4.813463956907194224e-02
4.830925762371094528e-02
4.848408380475596052e-02
4.865911848452612182e-02
4.883436203622919941e-02
4.900981483396414651e-02
4.918547725272387483e-02
4.936134966839784977e-02
4.953743245777476184e-02
4.971372599854533003e-02
4.989023066930482059e-02
5.006694684955594749e-02
5.024387491971144676e-02
5.042101526109689369e-02
5.059836825595338122e-02
5.077593428744033716e-02
5.095371373963820949e-02
5.113170699755129750e-02
5.130991444711048566e-02
5.148833647517606776e-02
5.166697346954052250e-02
5.184582581893133757e-02
5.202489391301381300e-02
5.220417814239392690e-02
5.238367889862109716e-02
5.256339657419115824e-02
5.274333156254908811e-02
5.292348425809195733e-02
5.310385505617180868e-02
5.328444435309851596e-02
5.346525254614271222e-02
5.364628003353868330e-02
5.382752721448733069e-02
5.400899448915903039e-02
5.419068225869669297e-02
5.437259092521858767e-02
5.455472089182140938e-02
5.473707256258320691e-02
5.491964634256640831e-02
5.510244263782074908e-02
5.528546185538638774e-02
5.546870440329682711e-02
5.565217069058200905e-02
5.583586112727131900e-02
5.601977612439668075e-02
5.620391609399558869e-02
5.638828144911419565e-02
5.657287260381042154e-02
5.675768997315701336e-02
5.694273397324467467e-02
5.712800502118520890e-02
5.731350353511462103e-02
5.749922993419626788e-02
5.768518463862406381e-02
5.787136806962556168e-02
5.805778064946522793e-02
5.824442280144753736e-02
5.843129494992029688e-02
5.861839752027770550e-02
5.880573093896377529e-02
5.899329563347537053e-02
5.918109203236560784e-02
5.936912056524705494e-02
5.955738166279502671e-02
5.974587575675085332e-02
5.993460327992519016e-02
6.012356466620137618e-02
6.031276035053864670e-02
6.050219076897559584e-02
6.069185635863344475e-02
6.088175755771944170e-02
6.107189480553021355e-02
6.126226854245518660e-02
6.145287920997994507e-02
6.164372725068965192e-02
6.183481310827252525e-02
6.202613722752321063e-02
6.221770005434625744e-02
6.240950203575959532e-02
6.260154361989798966e-02
6.279382525601656662e-02
6.298634739449426867e-02
6.317911048683740038e-02
6.337211498568313950e-02
6.356536134480313127e-02
6.375885001910697181e-02
6.395258146464581628e-02
6.414655613861597327e-02
6.434077449936248527e-02
6.453523700638270910e-02
6.472994412033000744e-02
6.492489630301732928e-02
6.512009401742088754e-02
6.531553772768379507e-02
6.551122789911979771e-02
6.570716499821692425e-02
6.590334949264119169e-02
6.609978185124033845e-02
6.629646254404758521e-02
6.649339204228532640e-02
6.669057081836894663e-02
6.688799934591055374e-02
6.708567809972279528e-02
6.728360755582270258e-02
6.748178819143541007e-02
6.768022048499811039e-02
6.787890491616381528e-02
6.807784196580525526e-02
6.827703211601875155e-02
6.847647585012814342e-02
6.867617365268861851e-02
6.887612600949072350e-02
6.907633340756426377e-02
6.927679633518224467e-02
6.947751528186488224e-02
6.967849073838353058e-02
6.987972319676474808e-02
7.008121315029422482e-02
7.028296109352094589e-02
7.048496752226106332e-02
7.068723293360214266e-02
7.088975782590709040e-02
7.109254269881834509e-02
7.129558805326191573e-02
7.149889439145154513e-02
7.170246221689288713e-02
7.190629203438755890e-02
7.211038435003740144e-02
7.231473967124864288e-02
7.251935850673611739e-02
7.272424136652744231e-02
7.292938876196730646e-02
7.313480120572170284e-02
7.334047921178216134e-02
7.354642329547013413e-02
7.375263397344120064e-02
7.395911176368942519e-02
7.416585718555171458e-02
7.437287075971213413e-02
7.458015300820632076e-02
7.478770445442581294e-02
7.499552562312254700e-02
7.520361704041313156e-02
7.541197923378348267e-02
7.562061273209312595e-02
7.582951806557970686e-02
7.603869576586354262e-02
7.624814636595204920e-02
7.645787040024434877e-02
7.666786840453568286e-02
7.687814091602220012e-02
7.708868847330528629e-02
7.729951161639633805e-02
7.751061088672130117e-02
7.772198682712531947e-02
7.793363998187741171e-02
7.814557089667512058e-02
7.835778011864918957e-02
7.857026819636828141e-02
7.878303567984375200e-02
7.899608312053432724e-02
7.920941107135087700e-02
7.942302008666127233e-02
7.963691072229507617e-02
7.985108353554844218e-02
8.006553908518895812e-02
8.028027793146043367e-02
8.049530063608785480e-02
8.071060776228222711e-02
8.092619987474557186e-02
8.114207753967574155e-02
8.135824132477149917e-02
8.157469179923740321e-02
8.179142953378888692e-02
8.200845510065714328e-02
8.222576907359434306e-02
8.244337202787851981e-02
8.266126454031878790e-02
8.287944718926028298e-02
8.309792055458944948e-02
8.331668521773906433e-02
8.353574176169339949e-02
8.375509077099348165e-02
8.397473283174218539e-02
8.419466853160953446e-02
8.441489845983791984e-02
8.463542320724731782e-02
8.485624336624067454e-02
8.507735953080908242e-02
8.529877229653720638e-02
8.552048226060857128e-02
8.574249002181102974e-02
8.596479618054195249e-02
8.618740133881389043e-02
8.641030610025980663e-02
8.663351107013865515e-02
8.685701685534077954e-02
8.708082406439347778e-02
8.730493330746651182e-02
8.752934519637757538e-02
8.775406034459798388e-02
8.797907936725817002e-02
8.820440288115334593e-02
8.843003150474912366e-02
8.865596585818719122e-02
8.888220656329093305e-02
8.910875424357117547e-02
8.933560952423200141e-02
8.956277303217632935e-02
8.979024539601182520e-02
9.001802724605660611e-02
9.024611921434513850e-02
9.047452193463409453e-02
9.070323604240809745e-02
9.093226217488574459e-02
9.116160097102544990e-02
9.139125307153152244e-02
9.162121911885984238e-02
9.185149975722420312e-02
9.208209563260204289e-02
9.231300739274070355e-02
9.254423568716328707e-02
9.277578116717492829e-02
9.300764448586883171e-02
9.323982629813233614e-02
9.347232726065328456e-02
9.370514803192596387e-02
9.393828927225750247e-02
9.417175164377408758e-02
9.440553581042715470e-02
9.463964243799975751e-02
9.487407219411278514e-02
9.510882574823154023e-02
9.534390377167178965e-02
9.557930693760643970e-02
9.581503592107178113e-02
9.605109139897405335e-02
9.628747405009589755e-02
9.652418455510276829e-02
9.676122359654963645e-02
9.699859185888737301e-02
9.723629002846954916e-02
9.747431879355873685e-02
9.771267884433354478e-02
9.795137087289491895e-02
9.819039557327310930e-02
9.842975364143427552e-02
9.866944577528720395e-02
9.890947267469023252e-02
9.914983504145785664e-02
9.939053357936787625e-02
9.963156899416786283e-02
9.987294199358240365e-02
1.001146532873198880e-01
1.003567035870794738e-01
1.005990936065580127e-01
1.008418240614571276e-01
1.010848956694903600e-01
1.013283091503900113e-01
1.015720652259144569e-01
1.018161646198550985e-01
1.020606080580437336e-01
1.023053962683595636e-01
1.025505299807365628e-01
1.027960099271705841e-01
1.030418368417267416e-01
1.032880114605467942e-01
1.035345345218563196e-01
1.037814067659722506e-01
1.040286289353101606e-01
1.042762017743917996e-01
1.045241260298525737e-01
1.047724024504489287e-01
1.050210317870660381e-01
1.052700147927252555e-01
1.055193522225918723e-01
1.057690448339824729e-01
1.060190933863729146e-01
1.062694986414058490e-01
1.065202613628985356e-01
1.067713823168504883e-01
1.070228622714513717e-01
1.072747019970889115e-01
1.075269022663565416e-01
1.077794638540615774e-01
1.080323875372328074e-01
1.082856740951288199e-01
1.085393243092457882e-01
1.087933389633255893e-01
1.090477188433638112e-01
1.093024647376178854e-01
1.095575774366153304e-01
1.098130577331617452e-01
1.100689064223491914e-01
1.103251243015643257e-01
1.105817121704967265e-01
1.108386708311472485e-01
1.110960010878363075e-01
1.113537037472123320e-01
1.116117796182601318e-01
1.118702295123094881e-01
1.121290542430434384e-01
1.123882546265070476e-01
1.126478314811158593e-01
1.129077856276644864e-01
1.131681178893354234e-01
1.134288290917074143e-01
1.136899200627646267e-01
1.139513916329049636e-01
1.142132446349492930e-01
1.144754799041498433e-01
1.147380982781994879e-01
1.150011005972404327e-01
1.152644877038732640e-01
1.155282604431658727e-01
1.157924196626625435e-01
1.160569662123931145e-01
1.163219009448819008e-01
1.165872247151570201e-01
1.168529383807594968e-01
1.171190428017525598e-01
1.173855388407308992e-01
1.176524273628299921e-01
1.179197092357354287e-01
1.181873853296922933e-01
1.184554565175148233e-01
1.187239236745955828e-01
1.189927876789151767e-01
1.192620494110518126e-01
1.195317097541908624e-01
1.198017695941346189e-01
1.200722298193117182e-01
1.203430913207873543e-01
1.206143549922725489e-01
1.208860217301344769e-01
1.211580924334058063e-01
1.214305680037951057e-01
1.217034493456965183e-01
1.219767373661999055e-01
1.222504329751007562e-01
1.225245370849103732e-01
1.227990506108661145e-01
1.230739744709413441e-01
1.233493095858559235e-01
1.236250568790862175e-01
1.239012172768756553e-01
1.241777917082449861e-01
1.244547811050027430e-01
1.247321864017556237e-01
1.250100085359190649e-01
1.252882484477279013e-01
1.255669070802467591e-01
1.258459853793808536e-01
1.261254842938866472e-01
1.264054047753826460e-01
1.266857477783601971e-01
1.269665142601941188e-01
1.272477051811541082e-01
1.275293215044150108e-01
1.278113641960685332e-01
1.280938342251335960e-01
1.283767325635679635e-01
1.286600601862791793e-01
1.289438180711357240e-01
1.292280071989784507e-01
1.295126285536314925e-01
1.297976831219141980e-01
1.300831718936519554e-01
1.303690958616881834e-01
1.306554560218952665e-01
1.309422533731866567e-01
1.312294889175281420e-01
1.315171636599496707e-01
1.318052786085570083e-01
1.320938347745434782e-01
1.323828331722020080e-01
1.326722748189367029e-01
1.329621607352749757e-01
1.332524919448794809e-01
1.335432694745602722e-01
1.338344943542867371e-01
1.341261676171998096e-01
1.344182902996243489e-01
1.347108634410810746e-01
1.350038880842993894e-01
1.352973652752292311e-01
1.355912960630538400e-01
1.358856815002022211e-01
1.361805226423616622e-01
1.364758205484904452e-01
1.367715762808301705e-01
1.370677909049191345e-01
1.373644654896044592e-01
1.376616011070554979e-01
1.379591988327762420e-01
1.382572597456186991e-01
1.385557849277958276e-01
1.388547754648945254e-01
1.391542324458888702e-01
1.394541569631532474e-01
1.397545501124758949e-01
1.400554129930718927e-01
1.403567467075968744e-01
1.406585523621602385e-01
1.409608310663388875e-01
1.412635839331908005e-01
1.415668120792684948e-01
1.418705166246330696e-01
1.421746986928676681e-01
1.424793594110916883e-01
1.427844999099742995e-01
1.430901213237487646e-01
1.433962247902263454e-01
1.437028114508104304e-01
1.440098824505108011e-01
1.443174389379576761e-01
1.446254820654163664e-01
1.449340129888013196e-01
1.452430328676909133e-01
1.455525428653415831e-01
1.458625441487028385e-01
1.461730378884315840e-01
1.464840252589071357e-01
1.467955074382458758e-01
1.471074856083159355e-01
1.474199609547527379e-01
1.477329346669732646e-01
1.480464079381917930e-01
1.483603819654346068e-01
1.486748579495555111e-01
1.489898370952510154e-01
1.493053206110757369e-01
1.496213097094578892e-01
1.499378056067146858e-01
1.502548095230682723e-01
1.505723226826609640e-01
1.508903463135713163e-01
1.512088816478298625e-01
1.515279299214350450e-01
1.518474923743692029e-01
1.521675702506145034e-01
1.524881647981693455e-01
1.528092772690642920e-01
1.531309089193786943e-01
1.534530610092566805e-01
1.537757348029239468e-01
1.540989315687041339e-01
1.544226525790354521e-01
1.547468991104874736e-01
1.550716724437777028e-01
1.553969738637887843e-01
1.557228046595850179e-01
1.560491661244298445e-01
1.563760595558024991e-01
1.567034862554155528e-01
1.570314475292320933e-01
1.573599446874829333e-01
1.576889790446843465e-01
1.580185519196552479e-01
1.583486646355352634e-01
1.586793185198019651e-01
1.590105149042889410e-01
1.593422551252036412e-01
1.596745405231453085e-01
1.600073724431231026e-01
1.603407522345740577e-01
1.606746812513816514e-01
1.610091608518937345e-01
1.613441923989413773e-01
1.616797772598569660e-01
1.620159168064930488e-01
1.623526124152410433e-01
1.626898654670498601e-01
1.630276773474449714e-01
1.633660494465471458e-01
1.637049831590918769e-01
1.640444798844481189e-01
1.643845410266378815e-01
1.647251679943553815e-01
1.650663622009866660e-01
1.654081250646290135e-01
1.657504580081105849e-01
1.660933624590104074e-01
1.664368398496777202e-01
1.667808916172525968e-01
1.671255192036852633e-01
1.674707240557569143e-01
1.678165076250993648e-01
1.681628713682158938e-01
1.685098167465014229e-01
1.688573452262630281e-01
1.692054582787408390e-01
1.695541573801284674e-01
1.699034440115943234e-01
1.702533196593021270e-01
1.706037858144321684e-01
1.709548439732026526e-01
1.713064956368907377e-01
1.716587423118541289e-01
1.720115855095523949e-01
1.723650267465688390e-01
1.727190675446319268e-01
1.730737094306374069e-01
1.734289539366700994e-01
1.737848026000259338e-01
1.741412569632343477e-01
1.744983185740801579e-01
1.748559889856265981e-01
1.752142697562369955e-01
1.755731624495983079e-01
1.759326686347431057e-01
1.762927898860729425e-01
1.766535277833810591e-01
1.770148839118756423e-01
1.773768598622030290e-01
1.777394572304708265e-01
1.781026776182718097e-01
1.784665226327069310e-01
1.788309938864096338e-01
1.791960929975691674e-01
1.795618215899548731e-01
1.799281812929399982e-01
1.802951737415261213e-01
1.806628005763674105e-01
1.810310634437949096e-01
1.813999639958413512e-01
1.817695038902656657e-01
1.821396847905779603e-01
1.825105083660644167e-01
1.828819762918123537e-01
1.832540902487355405e-01
1.836268519235993435e-01
1.840002630090466218e-01
1.843743252036227354e-01
1.847490402118020236e-01
1.851244097440130632e-01
1.855004355166650076e-01
1.858771192521737337e-01
1.862544626789880975e-01
1.866324675316163584e-01
1.870111355506526574e-01
1.873904684828041345e-01
1.877704680809171023e-01
1.881511361040048569e-01
1.885324743172740458e-01
1.889144844921525623e-01
1.892971684063165516e-01
1.896805278437182496e-01
1.900645645946136275e-01
1.904492804555901198e-01
1.908346772295949345e-01
1.912207567259628649e-01
1.916075207604449326e-01
1.919949711552366711e-01
1.923831097390066858e-01
1.927719383469256864e-01
1.931614588206949923e-01
1.935516730085761472e-01
1.939425827654196188e-01
1.943341899526946082e-01
1.947264964385182762e-01
1.951195040976856643e-01
1.955132148116995594e-01
1.959076304688002756e-01
1.963027529639962132e-01
1.966985841990937511e-01
1.970951260827283891e-01
1.974923805303945845e-01
1.978903494644775607e-01
1.982890348142833936e-01
1.986884385160708755e-01
1.990885625130824899e-01
1.994894087555760809e-01
1.998909792008564945e-01
2.002932758133073587e-01
2.006963005644233355e-01
2.011000554328420398e-01
2.015045424043766242e-01
2.019097634720483092e-01
2.023157206361190230e-01
2.027224159041244589e-01
2.031298512909068821e-01
2.035380288186489361e-01
2.039469505169063945e-01
2.043566184226424942e-01
2.047670345802611591e-01
2.051782010416415003e-01
2.055901198661716778e-01
2.060027931207833729e-01
2.064162228799865106e-01
2.068304112259037320e-01
2.072453602483057267e-01
2.076610720446458724e-01
2.080775487200961782e-01
2.084947923875822839e-01
2.089128051678195430e-01
2.093315891893487157e-01
2.097511465885723014e-01
2.101714795097908151e-01
2.105925901052390636e-01
2.110144805351234498e-01
2.114371529676581374e-01
2.118606095791029098e-01
2.122848525538001407e-01
2.127098840842124305e-01
2.131357063709604094e-01
2.135623216228605126e-01
2.139897320569636996e-01
2.144179398985931462e-01
2.148469473813834629e-01
2.152767567473191646e-01
2.157073702467739162e-01
2.161387901385497523e-01
2.165710186899165446e-01
2.170040581766518040e-01
2.174379108830803431e-01
2.178725791021150771e-01
2.183080651352965751e-01
2.187443712928343331e-01
2.191814998936473802e-01
2.196194532654053566e-01
2.200582337445698977e-01
2.204978436764360450e-01
2.209382854151742681e-01
2.213795613238721260e-01
2.218216737745770939e-01
2.222646251483383628e-01
2.227084178352501942e-01
2.231530542344945522e-01
2.235985367543844859e-01
2.240448678124075665e-01
2.244920498352695193e-01
2.249400852589385214e-01
2.253889765286889724e-01
2.258387260991464862e-01
2.262893364343320779e-01
2.267408100077076827e-01
2.271931493022211201e-01
2.276463568103516966e-01
2.281004350341559461e-01
2.285553864853135386e-01
2.290112136851741587e-01
2.294679191648032746e-01
2.299255054650294894e-01
2.303839751364916977e-01
2.308433307396861867e-01
2.313035748450145423e-01
2.317647100328314169e-01
2.322267388934929344e-01
2.326896640274049299e-01
2.331534880450721881e-01
2.336182135671469040e-01
2.340838432244785605e-01
2.345503796581633604e-01
2.350178255195941590e-01
2.354861834705107015e-01
2.359554561830500274e-01
2.364256463397977348e-01
2.368967566338384123e-01
2.373687897688077642e-01
2.378417484589436803e-01
2.383156354291387224e-01
2.387904534149923041e-01
2.392662051628633157e-01
2.397428934299230818e-01
2.402205209842084854e-01
2.406990906046760081e-01
2.411786050812549931e-01
2.416590672149022956e-01
2.421404798176567119e-01
2.426228457126937965e-01
2.431061677343811234e-01
2.435904487283337139e-01
2.440756915514699366e-01
2.445618990720675734e-01
2.450490741698207464e-01
2.455372197358960951e-01
2.460263386729905077e-01
2.465164338953885204e-01
2.470075083290200757e-01
2.474995649115189489e-01
2.479926065922810341e-01
2.484866363325236582e-01
2.489816571053444505e-01
2.494776718957813777e-01
2.499746837008724187e-01
2.504726955297161828e-01
2.509717104035323887e-01
2.514717313557233158e-01
2.519727614319347553e-01
2.524748036901183768e-01
2.529778612005935123e-01
2.534819370461101617e-01
2.539870343219114979e-01
2.544931561357975935e-01
2.550003056081890929e-01
2.555084858721911600e-01
2.560177000736580943e-01
2.565279513712583337e-01
2.570392429365398468e-01
2.575515779539953032e-01
2.580649596211289087e-01
2.585793911485224639e-01
2.590948757599025876e-01
2.596114166922076638e-01
2.601290171956558428e-01
2.606476805338134306e-01
2.611674099836630569e-01
2.616882088356727865e-01
2.622100803938658409e-01
2.627330279758902654e-01
2.632570549130892057e-01
2.637821645505715185e-01
2.643083602472833804e-01
2.648356453760795648e-01
2.653640233237955504e-01
2.658934974913200189e-01
2.664240712936680189e-01
2.669557481600541848e-01
2.674885315339666225e-01
2.680224248732414605e-01
2.685574316501372349e-01
2.690935553514106626e-01
2.696307994783920803e-01
2.701691675470618281e-01
2.707086630881265776e-01
2.712492896470971582e-01
2.717910507843657175e-01
2.723339500752839926e-01
2.728779911102420241e-01
2.734231774947473714e-01
2.739695128495044929e-01
2.745170008104954040e-01
2.750656450290596133e-01
2.756154491719759458e-01
2.761664169215439779e-01
2.767185519756661938e-01
2.772718580479308081e-01
2.778263388676948664e-01
2.783819981801682886e-01
2.789388397464981351e-01
2.794968673438530948e-01
2.800560847655094165e-01
2.806164958209366733e-01
2.811781043358840271e-01
2.817409141524677141e-01
2.823049291292581420e-01
2.828701531413686521e-01
2.834365900805437266e-01
2.840042438552487503e-01
2.845731183907596051e-01
2.851432176292532095e-01
2.857145455298987224e-01
2.862871060689491931e-01
2.868609032398333758e-01
2.874359410532492110e-01
2.880122235372568062e-01
2.885897547373728611e-01
2.891685387166648136e-01
2.897485795558466526e-01
2.903298813533745637e-01
2.909124482255434074e-01
2.914962843065841414e-01
2.920813937487612422e-01
2.926677807224714600e-01
2.932554494163429060e-01
2.938444040373343058e-01
2.944346488108360860e-01
2.950261879807710153e-01
2.956190258096959012e-01
2.962131665789042301e-01
2.968086145885287519e-01
2.974053741576458409e-01
2.980034496243795239e-01
2.986028453460067844e-01
2.992035656990629233e-01
2.998056150794488062e-01
3.004089979025377222e-01
3.010137186032830758e-01
3.016197816363276329e-01
3.022271914761122669e-01
3.028359526169864813e-01
3.034460695733192659e-01
3.040575468796103964e-01
3.046703890906030110e-01
3.052846007813967977e-01
3.059001865475614590e-01
3.065171510052517312e-01
3.071354987913224033e-01
3.077552345634448905e-01
3.083763630002239187e-01
3.089988888013150414e-01
3.096228166875437671e-01
3.102481514010244634e-01
3.108748977052804841e-01
3.115030603853652935e-01
3.121326442479843144e-01
3.127636541216171628e-01
3.133960948566414384e-01
3.140299713254570135e-01
3.146652884226107671e-01
3.153020510649229280e-01
3.159402641916139731e-01
3.165799327644320260e-01
3.172210617677816424e-01
3.178636562088532069e-01
3.185077211177532730e-01
3.191532615476360135e-01
3.198002825748348932e-01
3.204487892989963393e-01
3.210987868432133574e-01
3.217502803541604783e-01
3.224032750022295946e-01
3.230577759816667949e-01
3.237137885107100321e-01
3.243713178317280676e-01
3.250303692113594711e-01
3.256909479406540076e-01
3.263530593352136910e-01
3.270167087353356705e-01
3.276819015061556151e-01
3.283486430377924314e-01
3.290169387454935923e-01
3.296867940697821298e-01
3.303582144766041839e-01
3.310312054574771623e-01
3.317057725296402304e-01
3.323819212362046915e-01
3.330596571463056432e-01
3.337389858552552990e-01
3.344199129846965324e-01
3.351024441827583633e-01
3.357865851242119448e-01
3.364723415106275484e-01
3.371597190705334923e-01
3.378487235595753480e-01
3.385393607606764776e-01
3.392316364842001830e-01
3.399255565681123525e-01
3.406211268781455526e-01
3.413183533079646725e-01
3.420172417793326813e-01
3.427177982422791591e-01
3.434200286752684961e-01
3.441239390853702562e-01
3.448295355084303182e-01
3.455368240092436261e-01
3.462458106817274950e-01
3.469565016490971376e-01
3.476689030640417455e-01
3.483830211089017914e-01
3.490988619958483863e-01
3.498164319670629130e-01
3.505357372949188810e-01
3.512567842821642805e-01
3.519795792621061570e-01
3.527041285987953523e-01
3.534304386872141879e-01
3.541585159534635929e-01
3.548883668549535630e-01
3.556199978805935080e-01
3.563534155509847090e-01
3.570886264186140524e-01
3.578256370680491516e-01
3.585644541161347454e-01
3.593050842121912059e-01
3.600475340382133238e-01
3.607918103090718698e-01
3.615379197727158211e-01
3.622858692103761435e-01
3.630356654367714042e-01
3.637873153003148285e-01
3.645408256833224114e-01
3.652962035022235265e-01
3.660534557077719797e-01
3.668125892852596159e-01
3.675736112547310919e-01
3.683365286712000364e-01
3.691013486248670983e-01
3.698680782413398815e-01
3.706367246818538796e-01
3.714072951434954639e-01
3.721797968594270367e-01
3.729542370991124067e-01
3.737306231685457170e-01
3.745089624104807613e-01
3.752892622046624660e-01
3.760715299680602586e-01
3.768557731551031020e-01
3.776419992579158613e-01
3.784302158065586674e-01
3.792204303692663370e-01
3.800126505526915666e-01
3.808068840021483492e-01
3.816031384018582218e-01
3.824014214751979002e-01
3.832017409849491907e-01
3.840041047335505109e-01
3.848085205633502981e-01
3.856149963568626382e-01
3.864235400370250595e-01
3.872341595674574366e-01
3.880468629527238367e-01
3.888616582385958087e-01
3.896785535123179489e-01
3.904975569028756310e-01
3.913186765812640688e-01
3.921419207607610424e-01
3.929672976971996246e-01
3.937948156892450147e-01
3.946244830786723723e-01
3.954563082506469818e-01
3.962902996340069151e-01
3.971264657015477484e-01
3.979648149703093885e-01
3.988053560018651744e-01
3.996480974026134225e-01
4.004930478240714131e-01
4.013402159631709876e-01
4.021896105625572537e-01
4.030412404108893454e-01
4.038951143431431801e-01
4.047512412409176030e-01
4.056096300327416415e-01
4.064702896943852561e-01
4.073332292491722573e-01
4.081984577682955528e-01
4.090659843711350052e-01
4.099358182255777305e-01
4.108079685483412291e-01
4.116824446052988473e-01
4.125592557118076265e-01
4.134384112330398708e-01
4.143199205843154376e-01
4.152037932314389113e-01
4.160900386910378890e-01
4.169786665309045959e-01
4.178696863703402764e-01
4.187631078805021945e-01
4.196589407847536868e-01
4.205571948590167697e-01
4.214578799321274660e-01
4.223610058861951289e-01
4.232665826569630974e-01
4.241746202341733496e-01
4.250851286619338754e-01
4.259981180390888245e-01
4.269135985195921523e-01
4.278315803128838191e-01
4.287520736842691527e-01
4.296750889553021535e-01
4.306006365041706307e-01
4.315287267660853909e-01
4.324593702336725909e-01
4.333925774573688661e-01
4.343283590458201227e-01
4.352667256662837714e-01
4.362076880450336813e-01
4.371512569677689086e-01
4.380974432800262552e-01
4.390462578875954924e-01
4.399977117569381924e-01
4.409518159156105011e-01
4.419085814526891864e-01
4.428680195192011282e-01
4.438301413285565267e-01
4.447949581569856092e-01
4.457624813439796663e-01
4.467327222927349739e-01
4.477056924706007135e-01
4.486814034095308878e-01
4.496598667065397903e-01
4.506410940241617480e-01
4.516250970909144180e-01
4.526118877017653030e-01
4.536014777186043734e-01
4.545938790707185762e-01
4.555891037552712297e-01
4.565871638377855812e-01
4.575880714526323612e-01
4.585918388035215565e-01
4.595984781639985139e-01
4.606080018779439289e-01
4.616204223600784418e-01
4.626357520964719527e-01
4.636540036450564894e-01
4.646751896361441814e-01
4.656993227729492868e-01
4.667264158321151046e-01
4.677564816642453271e-01
4.687895331944397781e-01
4.698255834228348693e-01
4.708646454251497748e-01
4.719067323532355474e-01
4.729518574356306737e-01
4.740000339781203498e-01
4.750512753643015285e-01
4.761055950561523531e-01
4.771630065946070309e-01
4.782235236001348144e-01
4.792871597733259215e-01
4.803539288954807307e-01
4.814238448292053052e-01
4.824969215190118565e-01
4.835731729919242605e-01
4.846526133580897899e-01
4.857352568113953439e-01
4.868211176300897280e-01
4.879102101774109856e-01
4.890025489022205574e-01
4.900981483396414928e-01
4.911970231117034347e-01
4.922991879279930982e-01
4.934046575863106354e-01
4.945134469733318272e-01
4.956255710652766044e-01
4.967410449285824536e-01
4.978598837205860383e-01
4.989821026902089840e-01
5.001077171786507680e-01
5.012367426200877718e-01
5.023691945423789385e-01
5.035050885677774257e-01
5.046444404136491979e-01
5.057872658931971133e-01
5.069335809161941153e-01
5.080834014897200879e-01
5.092367437189077028e-01
5.103936238076940413e-01
5.115540580595796527e-01
5.127180628783940541e-01
5.138856547690692222e-01
5.150568503384196362e-01
5.162316662959284264e-01
5.174101194545440707e-01
5.185922267314810874e-01
5.197780051490296094e-01
5.209674718353730638e-01
5.221606440254122905e-01
5.233575390615983203e-01
5.245581743947725917e-01
5.257625675850144953e-01
5.269707363024985769e-01
5.281826983283577359e-01
5.293984715555560827e-01
5.306180739897692344e-01
5.318415237502732706e-01
5.330688390708421265e-01
5.343000383006535348e-01
5.355351399052026284e-01
5.367741624672264233e-01
5.380171246876350732e-01
5.392640453864526728e-01
5.405149435037671646e-01
5.417698381006897934e-01
5.430287483603226661e-01
5.442916935887363028e-01
5.455586932159572910e-01
5.468297667969633791e-01
5.481049340126908920e-01
5.493842146710496976e-01
5.506676287079492749e-01
5.519551961883339963e-01
5.532469373072288477e-01
5.545428723907954716e-01
5.558430218973983150e-01
5.571474064186804354e-01
5.584560466806518519e-01
5.597689635447865575e-01
5.610861780091311868e-01
5.624077112094245656e-01
5.637335844202279178e-01
5.650638190560667296e-01
5.663984366725840491e-01
5.677374589677035566e-01
5.690809077828068441e-01
5.704288051039204666e-01
5.717811730629149825e-01
5.731380339387168732e-01
5.744994101585313429e-01
5.758653242990785515e-01
5.772357990878412837e-01
5.786108574043259400e-01
5.799905222813345196e-01
5.813748169062525895e-01
5.827637646223468026e-01
5.841573889300776257e-01
5.855557134884248338e-01
5.869587621162258850e-01
5.883665587935288377e-01
5.897791276629583690e-01
5.911964930310955602e-01
5.926186793698726696e-01
5.940457113179811177e-01
5.954776136822946819e-01
5.969144114393067913e-01
5.983561297365826981e-01
5.998027938942266379e-01
6.012544294063643102e-01
6.027110619426401250e-01
6.041727173497304371e-01
6.056394216528729890e-01
6.071112010574105655e-01
6.085880819503519668e-01
6.100700909019494134e-01
6.115572546672916054e-01
6.130496001879136569e-01
6.145471545934249047e-01
6.160499452031508172e-01
6.175579995277968859e-01
6.190713452711260611e-01
6.205900103316549510e-01
6.221140228043687825e-01
6.236434109824536831e-01
6.251782033590477239e-01
6.267184286290106154e-01
6.282641156907107227e-01
6.298152936478341735e-01
6.313719918112107310e-01
6.329342397006599841e-01
6.345020670468571877e-01
6.360755037932197542e-01
6.376545800978129508e-01
6.392393263352774690e-01
6.408297730987758678e-01
6.424259512019625529e-01
6.440278916809729637e-01
6.456356257964354084e-01
6.472491850355046594e-01
6.488686011139171983e-01
6.504939059780694421e-01
6.521251318071183967e-01
6.537623110151057348e-01
6.554054762531037470e-01
6.570546604113874922e-01
6.587098966216281548e-01
6.603712182591123803e-01
6.620386589449851478e-01
6.637122525485179558e-01
6.653920331894020990e-01
6.670780352400675905e-01
6.687702933280266215e-01
6.704688423382456630e-01
6.721737174155417716e-01
6.738849539670069833e-01
6.756025876644589090e-01
6.773266544469200845e-01
6.790571905231240768e-01
6.807942323740509005e-01
6.825378167554894127e-01
6.842879807006315707e-01
6.860447615226928919e-01
6.878081968175649985e-01
6.895783244664973610e-01
6.913551826388096844e-01
6.931388097946356019e-01
6.949292446876974561e-01
6.967265263681136078e-01
6.985306941852361673e-01
7.003417877905241395e-01
7.021598471404478792e-01
7.039849124994270735e-01
7.058170244428040307e-01
7.076562238598496091e-01
7.095025519568063377e-01
7.113560502599650670e-01
7.132167606187779230e-01
7.150847252090091200e-01
7.169599865359208568e-01
7.188425874374975155e-01
7.207325710877079405e-01
7.226299809998051327e-01
7.245348610296665770e-01
7.264472553791727627e-01
7.283672085996252266e-01
7.302947655952083394e-01
7.322299716264881742e-01
7.341728723139558932e-01
7.361235136416127700e-01
7.380819419605976206e-01
7.400482039928584221e-01
7.420223468348677853e-01
7.440044179613835018e-01
7.459944652292531675e-01
7.479925368812673225e-01
7.499986815500573334e-01
7.520129482620409034e-01
7.540353864414157670e-01
7.560660459142027889e-01
7.581049769123372473e-01
7.601522300778112973e-01
7.622078564668657297e-01
7.642719075542360185e-01
7.663444352374475521e-01
7.684254918411661528e-01
7.705151301216011106e-01
7.726134032709635058e-01
7.747203649219795984e-01
7.768360691524608397e-01
7.789605704899290606e-01
7.810939239163036119e-01
7.832361848726420162e-01
7.853874092639442361e-01
7.875476534640148962e-01
7.897169743203884540e-01
7.918954291593152117e-01
7.940830757908111659e-01
7.962799725137726936e-01
7.984861781211530785e-01
8.007017519052104237e-01
8.029267536628168500e-01
8.051612437008394130e-01
8.074052828415886340e-01
8.096589324283367528e-01
8.119222543309079221e-01
8.141953109513399012e-01
8.164781652296182468e-01
8.187708806494874425e-01
8.210735212443344144e-01
8.233861516031503180e-01
8.257088368765697073e-01
8.280416427829887516e-01
8.303846356147633889e-01
8.327378822444893025e-01
8.351014501313627214e-01
8.374754073276291511e-01
8.398598224851124838e-01
8.422547648618341487e-01
8.446603043287181922e-01
8.470765113763867316e-01
8.495034571220448916e-01
8.519412133164592227e-01
8.543898523510268239e-01
8.568494472649436089e-01
8.593200717524654975e-01
8.618018001702684172e-01
8.642947075449081140e-01
8.667988695803815480e-01
8.693143626657890977e-01
8.718412638831033457e-01
8.743796510150422252e-01
8.769296025530486371e-01
8.794911977053840868e-01
8.820645164053272369e-01
8.846496393194903662e-01
8.872466478562472947e-01
8.898556241742796580e-01
8.924766511912405331e-01
8.951098125925397442e-01
8.977551928402480730e-01
9.004128771821319210e-01
9.030829516608078755e-01
9.057655031230288367e-01
9.084606192291010407e-01
9.111683884624317553e-01
9.138889001392135336e-01
9.166222444182445805e-01
9.193685123108877866e-01
9.221277956911737572e-01
9.249001873060455070e-01
9.276857807857498139e-01
9.304846706543787871e-01
9.332969523405610923e-01
9.361227221883077210e-01
9.389620774680146331e-01
9.418151163876242737e-01
9.446819381039465169e-01
9.475626427341493629e-01
9.504573313674113955e-01
9.533661060767476547e-01
9.562890699310074849e-01
9.592263270070485737e-01
9.621779824020898486e-01
9.651441422462473385e-01
9.681249137152523332e-01
9.711204050433636104e-01
9.741307255364655138e-01
9.771559855853644283e-01
9.801962966792827636e-01
9.832517714195547764e-01
9.863225235335281171e-01
9.894086678886747643e-01
9.925103205069121248e-01
9.956275985791456229e-01
9.987606204800268950e-01
1.001909505782937915e+00
1.005074375275203602e+00
1.008255350973537023e+00
1.011452556139718961e+00
1.014666115296520621e+00
1.017896154243870699e+00
1.021142800075268475e+00
1.024406181194456700e+00
1.027686427332348940e+00
1.030983669564219607e+00
1.034298040327165102e+00
1.037629673437834299e+00
1.040978704110439024e+00
1.044345268975047647e+00
1.047729506096162666e+00
1.051131554991599382e+00
1.054551556651655897e+00
1.057989653558590870e+00
1.061445989706411686e+00
1.064920710620975930e+00
1.068413963380417941e+00
1.071925896635900433e+00
1.075456660632698513e+00
1.079006407231629883e+00
1.082575289930825191e+00
1.086163463887853897e+00
1.089771085942210727e+00
1.093398314638167168e+00
1.097045310247998229e+00
1.100712234795587774e+00
1.104399252080425109e+00
1.108106527701991473e+00
1.111834229084558423e+00
1.115582525502388123e+00
1.119351588105358175e+00
1.123141589945011454e+00
1.126952706001041360e+00
1.130785113208222503e+00
1.134638990483791909e+00
1.138514518755290750e+00
1.142411880988882356e+00
1.146331262218144298e+00
1.150272849573350964e+00
1.154236832311257510e+00
1.158223401845391631e+00
1.162232751776863582e+00
1.166265077925708438e+00
1.170320578362764596e+00
1.174399453442109165e+00
1.178501905834050900e+00
1.182628140558699803e+00
1.186778365020120019e+00
1.190952789041081816e+00
1.195151624898423526e+00
1.199375087359034087e+00
1.203623393716472423e+00
1.207896763828231412e+00
1.212195420153669323e+00
1.216519587792611379e+00
1.220869494524642329e+00
1.225245370849103344e+00
1.229647450025806554e+00
1.234075968116483901e+00
1.238531164026985598e+00
1.243013279550238659e+00
1.247522559409996346e+00
1.252059251305375653e+00
1.256623605956214584e+00
1.261215877149260534e+00
1.265836321785208440e+00
1.270485199926608466e+00
1.275162774846659852e+00
1.279869313078908943e+00
1.284605084467880021e+00
1.289370362220645383e+00
1.294165422959365541e+00
1.298990546774817512e+00
1.303846017280932523e+00
1.308732121670366899e+00
1.313649150771126761e+00
1.318597399104273427e+00
1.323577164942725926e+00
1.328588750371200389e+00
1.333632461347293185e+00
1.338708607763747116e+00
1.343817503511919753e+00
1.348959466546488351e+00
1.354134818951411301e+00
1.359343887007181451e+00
1.364587001259393917e+00
1.369864496588669711e+00
1.375176712281954261e+00
1.380523992105227471e+00
1.385906684377661291e+00
1.391325142047254104e+00
1.396779722767977461e+00
1.402270788978472682e+00
1.407798707982325759e+00
1.413363852029976053e+00
1.418966598402272350e+00
1.424607329495737096e+00
1.430286432909565475e+00
1.436004301534409722e+00
1.441761333642985532e+00
1.447557932982548312e+00
1.453394508869281676e+00
1.459271476284641711e+00
1.465189255973719629e+00
1.471148274545648116e+00
1.477148964576121770e+00
1.483191764712072258e+00
1.489277119778557701e+00
1.495405480887915806e+00
1.501577305551242025e+00
1.507793057792242042e+00
1.514053208263534955e+00
1.520358234365446481e+00
1.526708620367371871e+00
1.533104857531766063e+00
1.539547444240829455e+00
1.546036886125959020e+00
1.552573696200032272e+00
1.559158394992595564e+00
1.565791510688045562e+00
1.572473579266856714e+00
1.579205144649955317e+00
1.585986758846311240e+00
1.592818982103834102e+00
1.599702383063660305e+00
1.606637538917921271e+00
1.613625035571083721e+00
1.620665467804950577e+00
1.627759439447439949e+00
1.634907563545215714e+00
1.642110462540292470e+00
1.649368768450715672e+00
1.656683123055427975e+00
1.664054178083432589e+00
1.671482595407376648e+00
1.678969047241662294e+00
1.686514216345236461e+00
1.694118796229153734e+00
1.701783491369070589e+00
1.709509017422796262e+00
1.717296101453045454e+00
1.725145482155536758e+00
1.733057910092587806e+00
1.741034147932355225e+00
1.749074970693902387e+00
1.757181165998226158e+00
1.765353534325442508e+00
1.773592889278291951e+00
1.781900057852152219e+00
1.790275880711746925e+00
1.798721212474740705e+00
1.807236922002428026e+00
1.815823892697709052e+00
1.824483022810597710e+00
1.833215225751443134e+00
1.842021430412126071e+00
1.850902581495453614e+00
1.859859639852997182e+00
1.868893582831635536e+00
1.878005404629057296e+00
1.887196116658489409e+00
1.896466747922959994e+00
1.905818345399347580e+00
1.915251974432545357e+00
1.924768719140044659e+00
1.934369682827256298e+00
1.944055988413909697e+00
1.953828778871874450e+00
1.963689217674751797e+00
1.973638489259636808e+00
1.983677799501398775e+00
1.993808376199904142e+00
2.004031469580587643e+00
2.014348352808800424e+00
2.024760322518378786e+00
2.035268699354898292e+00
2.045874828534084866e+00
2.056580080415878253e+00
2.067385851094684313e+00
2.078293563006309075e+00
2.089304665552166984e+00
2.100420635741319320e+00
2.111642978850941876e+00
2.122973229105848958e+00
2.134412950377714058e+00
2.145963736904643593e+00
2.157627214031835550e+00
2.169405038974000277e+00
2.181298901600324136e+00
2.193310525242750497e+00
2.205441667528384997e+00
2.217694121236875482e+00
2.230069715183645052e+00
2.242570315129874370e+00
2.255197824720228006e+00
2.267954186449258280e+00
2.280841382657560867e+00
2.293861436558732869e+00
2.307016413298258684e+00
2.320308421045488068e+00
2.333739612119913431e+00
2.347312184153019565e+00
2.361028381287002542e+00
2.374890495411772662e+00
2.388900867441620335e+00
2.403061888633079235e+00
2.417376001945527264e+00
2.431845703446153806e+00
2.446473543760994573e+00
2.461262129573803747e+00
2.476214125174597047e+00
2.491332254059843265e+00
2.506619300586265808e+00
2.522078111680400525e+00
2.537711598606107621e+00
2.553522738792334490e+00
2.569514577723546189e+00
2.585690230895349995e+00
2.602052885837922602e+00
2.618605804210060395e+00
2.635352323966667409e+00
2.652295861602763871e+00
2.669439914477157227e+00
2.686788063219103684e+00
2.704343974221432134e+00
2.722111402223788446e+00
2.740094192989813493e+00
2.758296286082249971e+00
2.776721717740237239e+00
2.795374623863138730e+00
2.814259243105578623e+00
2.833379920088549664e+00
2.852741108731683628e+00
2.872347375712072548e+00
2.892203404055272653e+00
2.912313996864407173e+00
2.932684081193659864e+00
2.953318712072642960e+00
2.974223076688606415e+00
2.995402498733726659e+00
3.016862442925140719e+00
3.038608519705773503e+00
3.060646490134472320e+00
3.082982270974365946e+00
3.105621939988951308e+00
3.128571741455791866e+00
3.151838091908381490e+00
3.175427586117257395e+00
3.199347003322061678e+00
3.223603313726933539e+00
3.248203685272299968e+00
3.273155490696890713e+00
3.298466314904564545e+00
3.324143962651479711e+00
3.350196466569882237e+00
3.376632095545908818e+00
3.403459363469728327e+00
3.430687038377485898e+00
3.458324152005660235e+00
3.486380009779721956e+00
3.514864201260252230e+00
3.543786611071251702e+00
3.573157430336685980e+00
3.602987168653141836e+00
3.633286666628125161e+00
3.664067109015409773e+00
3.695340038480890765e+00
3.727117370034531696e+00
3.759411406166273117e+00
3.792234852726404259e+00
3.825600835593314208e+00
3.859522918174672856e+00
3.894015119791012225e+00
3.929091934994068946e+00
3.964768353875811169e+00
4.001059883427934949e+00
4.037982570015740791e+00
4.075553023034911959e+00
4.113788439824332954e+00
4.152706631913565261e+00
4.192326052689089977e+00
4.232665826569624201e+00
4.273745779787416765e+00
4.315586472879612501e+00
4.358209235001577753e+00
4.401636200182438508e+00
4.445890345652458997e+00
4.490995532381518274e+00
4.536976547979102214e+00
4.583859152117816471e+00
4.631670124655316911e+00
4.680437316643566881e+00
4.730189704429569986e+00
4.780957447068337807e+00
4.832771947287286096e+00
4.885665916260796493e+00
4.939673442475854159e+00
4.994830064993359464e+00
5.051172851435972611e+00
5.108740481062121752e+00
5.167573333317428741e+00
5.227713582289507777e+00
5.289205297530622296e+00
5.352094551754488450e+00
5.416429535960513242e+00
5.482260682589934042e+00
5.549640797375340995e+00
5.618625200608020620e+00
5.689271878617390144e+00
5.761641646334320299e+00
5.835798321896097818e+00
5.911808914346919686e+00
5.989743825593964566e+00
6.069677067898626710e+00
6.151686498315097396e+00
6.235854071637264795e+00
6.322266113581357594e+00
6.411013616118552250e+00
6.502192557081404090e+00
6.595904246404335147e+00
6.692255701623686548e+00
6.791360055563591125e+00
6.893336999472768234e+00
6.998313265261626448e+00
7.106423150924780607e+00
7.217809093729265157e+00
7.332622296312324650e+00
7.451023411476104918e+00
7.573183292200639904e+00
7.699283814238869539e+00
7.829518779622614666e+00
7.964094910519150972e+00
8.103232944157943152e+00
8.247168841025660058e+00
8.396155120239644276e+00
8.550462337996950879e+00
8.710380727309070537e+00
8.876222019929045359e+00
9.048321474534677833e+00
9.227040138932837365e+00
9.412767378405431984e+00
9.605923707456932803e+00
9.806963968306495971e+00
1.001638090669141334e+01
1.023470920415653929e+01
1.046253003629406209e+01
1.070047623874880927e+01
1.094923817767877061e+01
1.120957043934966002e+01
1.148229947538582962e+01
1.176833236683846096e+01
1.206866690286365973e+01
1.238440320996707378e+01
1.271675721744435172e+01
1.306707630640688578e+01
1.343685756697844980e+01
1.382776918529695820e+01
1.424167560469302707e+01
1.468066726162825120e+01
1.514709589712203019e+01
1.564361670264755944e+01
1.617323889520812230e+01
1.673938675622114047e+01
1.734597375016365461e+01
1.799749311402783647e+01
1.869912935203541338e+01
1.945689648908359715e+01
2.027781088755264705e+01
2.117010914675794808e+01
2.214352542952736158e+01
2.320964802494147960e+01
2.438238287989700481e+01
2.567856350905837104e+01
2.711876420812654942e+01
2.872840028355568620e+01
3.053924086841388075e+01
3.259152686458606496e+01
3.493699657449712959e+01
3.764330777824064711e+01
4.080067084927473786e+01
4.453209993322408877e+01
