0.000000000000000000e+00
7.146055079776389494e-05
1.429924195104956123e-04
2.145957129548426660e-04
2.862705381608723464e-04
3.580170023726051754e-04
4.298352130485498242e-04
5.017252778622392512e-04
5.736873047027692260e-04
6.457214016753377731e-04
7.178276771017865149e-04
7.900062395211442361e-04
8.622571976901700691e-04
9.345806605839015579e-04
1.006976737396201096e-03
1.079445537540305944e-03
1.151987170649379760e-03
1.224601746577065001e-03
1.297289375398037606e-03
1.370050167408563401e-03
1.442884233127055384e-03
1.515791683294634255e-03
1.588772628875688301e-03
1.661827181058437609e-03
1.734955451255498727e-03
1.808157551104449959e-03
1.881433592468399925e-03
1.954783687436558066e-03
2.028207948324805589e-03
2.101706487676267918e-03
2.175279418261891716e-03
2.248926853081019937e-03
2.322648905361971230e-03
2.396445688562619768e-03
2.470317316370975944e-03
2.544263902705774447e-03
2.618285561717054524e-03
2.692382407786751957e-03
2.766554555529284094e-03
2.840802119792144430e-03
2.915125215656492411e-03
2.989523958437751046e-03
3.063998463686200616e-03
3.138548847187577154e-03
3.213175224963675265e-03
3.287877713272945729e-03
3.362656428611103965e-03
3.437511487711730242e-03
3.512443007546883333e-03
3.587451105327702904e-03
3.662535898505025773e-03
3.737697504769998697e-03
3.812936042054689435e-03
3.888251628532709073e-03
3.963644382619823520e-03
4.039114422974584076e-03
4.114661868498938925e-03
4.190286838338865005e-03
4.265989451884990777e-03
4.341769828773230262e-03
4.417628088885404078e-03
4.493564352349878679e-03
4.569578739542196066e-03
4.645671371085715630e-03
4.721842367852246460e-03
4.798091850962689191e-03
4.874419941787678720e-03
4.950826761948226920e-03
5.027312433316372293e-03
5.103877078015820953e-03
5.180520818422604951e-03
5.257243777165724989e-03
5.334046077127815692e-03
5.410927841445790053e-03
5.487889193511505566e-03
5.564930256972421690e-03
5.642051155732259911e-03
5.719252013951674207e-03
5.796532956048908516e-03
5.873894106700473274e-03
5.951335590841810678e-03
6.028857533667971239e-03
6.106460060634283371e-03
6.184143297457035150e-03
6.261907370114149114e-03
6.339752404845867481e-03
6.417678528155430426e-03
6.495685866809768234e-03
6.573774547840178714e-03
6.651944698543024552e-03
6.730196446480425469e-03
6.808529919480945172e-03
6.886945245640297385e-03
6.965442553322030196e-03
7.044021971158243370e-03
7.122683628050275294e-03
7.201427653169421156e-03
7.280254175957627701e-03
7.359163326128212272e-03
7.438155233666567112e-03
7.517230028830881872e-03
7.596387842152849644e-03
7.675628804438389477e-03
7.754953046768371487e-03
7.834360700499330699e-03
7.913851897264199964e-03
7.993426768973030741e-03
8.073085447813732954e-03
8.152828066252788830e-03
8.232654757036009241e-03
8.312565653189255346e-03
8.392560888019177587e-03
8.472640595113972023e-03
8.552804908344096776e-03
8.633053961863052655e-03
8.713387890108096126e-03
8.793806827801018203e-03
8.874310909948885176e-03
8.954900271844788012e-03
9.035575049068614306e-03
9.116335377487801150e-03
9.197181393258094945e-03
9.278113232824325082e-03
9.359131032921160290e-03
9.440234930573887517e-03
9.521425063099190830e-03
9.602701568105899074e-03
9.684064583495801196e-03
9.765514247464390438e-03
9.847050698501674457e-03
9.928674075392942069e-03
1.001038451721955949e-02
1.009218216335976137e-02
1.017406715348943315e-02
1.025603962758291771e-02
1.033809972591381160e-02
1.042024758905575436e-02
1.050248335788324036e-02
1.058480717357242716e-02
1.066721917760193178e-02
1.074971951175365814e-02
1.083230831811358812e-02
1.091498573907261592e-02
1.099775191732736170e-02
1.108060699588098337e-02
1.116355111804401452e-02
1.124658442743517450e-02
1.132970706798221497e-02
1.141291918392274389e-02
1.149622091980504780e-02
1.157961242048895049e-02
1.166309383114663527e-02
1.174666529726349669e-02
1.183032696463898713e-02
1.191407897938744943e-02
1.199792148793899296e-02
1.208185463704031931e-02
1.216587857375560182e-02
1.224999344546733038e-02
1.233419939987717359e-02
1.241849658500685481e-02
1.250288514919901083e-02
1.258736524111805401e-02
1.267193700975106224e-02
1.275660060440864454e-02
1.284135617472582230e-02
1.292620387066291225e-02
1.301114384250640077e-02
1.309617624086985462e-02
1.318130121669477614e-02
1.326651892125153658e-02
1.335182950614024165e-02
1.343723312329163366e-02
1.352272992496801780e-02
1.360832006376413127e-02
1.369400369260808693e-02
1.377978096476225288e-02
1.386565203382418739e-02
1.395161705372754794e-02
1.403767617874300717e-02
1.412382956347918266e-02
1.421007736288356499e-02
1.429641973224343200e-02
1.438285682718680111e-02
1.446938880368334700e-02
1.455601581804534354e-02
1.464273802692862142e-02
1.472955558733348227e-02
1.481646865660567712e-02
1.490347739243733614e-02
1.499058195286792627e-02
1.507778249628521916e-02
1.516507918142623486e-02
1.525247216737821328e-02
1.533996161357959256e-02
1.542754767982094759e-02
1.551523052624599781e-02
1.560301031335255620e-02
1.569088720199351972e-02
1.577886135337786683e-02
1.586693292907160463e-02
1.595510209099880450e-02
1.604336900144254577e-02
1.613173382304596351e-02
1.622019671881319916e-02
1.630875785211044135e-02
1.639741738666690082e-02
1.648617548657584087e-02
1.657503231629557996e-02
1.666398804065051184e-02
1.675304282483212198e-02
1.684219683440000073e-02
1.693145023528290147e-02
1.702080319377971898e-02
1.711025587656057889e-02
1.719980845066782296e-02
1.728946108351708810e-02
1.737921394289832291e-02
1.746906719697685628e-02
1.755902101429442780e-02
1.764907556377024248e-02
1.773923101470205668e-02
1.782948753676719816e-02
1.791984530002367279e-02
1.801030447491117764e-02
1.810086523225223898e-02
1.819152774325323227e-02
1.828229217950549240e-02
1.837315871298638228e-02
1.846412751606038571e-02
1.855519876148018985e-02
1.864637262238779541e-02
1.873764927231558880e-02
1.882902888518746265e-02
1.892051163531991570e-02
1.901209769742315259e-02
1.910378724660221489e-02
1.919558045835807400e-02
1.928747750858877258e-02
1.937947857359053130e-02
1.947158383005888338e-02
1.956379345508980211e-02
1.965610762618084928e-02
1.974852652123229232e-02
1.984105031854827006e-02
1.993367919683791678e-02
2.002641333521652453e-02
2.011925291320670883e-02
2.021219811073954320e-02
2.030524910815574222e-02
2.039840608620680645e-02
2.049166922605622290e-02
2.058503870928060642e-02
2.067851471787090709e-02
2.077209743423357596e-02
2.086578704119174121e-02
2.095958372198642936e-02
2.105348766027773794e-02
2.114749904014604290e-02
2.124161804609318860e-02
2.133584486304371253e-02
2.143017967634603532e-02
2.152462267177370978e-02
2.161917403552660044e-02
2.171383395423213958e-02
2.180860261494652411e-02
2.190348020515598890e-02
2.199846691277799679e-02
2.209356292616251188e-02
2.218876843409324506e-02
2.228408362578887525e-02
2.237950869090432268e-02
2.247504381953201527e-02
2.257068920220313413e-02
2.266644502988888685e-02
2.276231149400177386e-02
2.285828878639686867e-02
2.295437709937310500e-02
2.305057662567454313e-02
2.314688755849167792e-02
2.324331009146271901e-02
2.333984441867487797e-02
2.343649073466570754e-02
2.353324923442437488e-02
2.363012011339298002e-02
2.372710356746788804e-02
2.382419979300101978e-02
2.392140898680120142e-02
2.401873134613549676e-02
2.411616706873051519e-02
2.421371635277378559e-02
2.431137939691506086e-02
2.440915640026770569e-02
2.450704756241002188e-02
2.460505308338661185e-02
2.470317316370975944e-02
2.480140800436076917e-02
2.489975780679136094e-02
2.499822277292502656e-02
2.509680310515844531e-02
2.519549900636282661e-02
2.529431067988533594e-02
2.539323832955047919e-02
2.549228215966149735e-02
2.559144237500178901e-02
2.569071918083631195e-02
2.579011278291299183e-02
2.588962338746415501e-02
2.598925120120795795e-02
2.608899643134980975e-02
2.618885928558381537e-02
2.628883997209419815e-02
2.638893869955677776e-02
2.648915567714039965e-02
2.658949111450839911e-02
2.668994522182006890e-02
2.679051820973209902e-02
2.689121028940009636e-02
2.699202167248002451e-02
2.709295257112969563e-02
2.719400319801026575e-02
2.729517376628773709e-02
2.739646448963440825e-02
2.749787558223045977e-02
2.759940725876538353e-02
2.770105973443955788e-02
2.780283322496572215e-02
2.790472794657053793e-02
2.800674411599609476e-02
2.810888195050146796e-02
2.821114166786424515e-02
2.831352348638208755e-02
2.841602762487426340e-02
2.851865430268321969e-02
2.862140373967616419e-02
2.872427615624659550e-02
2.882727177331591978e-02
2.893039081233498774e-02
2.903363349528573917e-02
2.913700004468273985e-02
2.924049068357481573e-02
2.934410563554664883e-02
2.944784512472035931e-02
2.955170937575718124e-02
2.965569861385903075e-02
2.975981306477015406e-02
2.986405295477876157e-02
2.996841851071866542e-02
3.007290995997091362e-02
3.017752753046547623e-02
3.028227145068285511e-02
3.038714194965579096e-02
3.049213925697088351e-02
3.059726360277033319e-02
3.070251521775355791e-02
3.080789433317891735e-02
3.091340118086539912e-02
3.101903599319431881e-02
3.112479900311101305e-02
3.123069044412656731e-02
3.133671055031955061e-02
3.144285955633768781e-02
3.154913769739964291e-02
3.165554520929673293e-02
3.176208232839466961e-02
3.186874929163531489e-02
3.197554633653845735e-02
3.208247370120353992e-02
3.218953162431142240e-02
3.229672034512622719e-02
3.240404010349703240e-02
3.251149113985973144e-02
3.261907369523878858e-02
3.272678801124905001e-02
3.283463433009755489e-02
3.294261289458536024e-02
3.305072394810935205e-02
3.315896773466406322e-02
3.326734449884353323e-02
3.337585448584313996e-02
3.348449794146144548e-02
3.359327511210204176e-02
3.370218624477545888e-02
3.381123158710096221e-02
3.392041138730849531e-02
3.402972589424052563e-02
3.413917535735395276e-02
3.424876002672200270e-02
3.435848015303612224e-02
3.446833598760789402e-02
3.457832778237095867e-02
3.468845578988296458e-02
3.479872026332745533e-02
3.490912145651582643e-02
3.501965962388929599e-02
3.513033502052083368e-02
3.524114790211712450e-02
3.535209852502056715e-02
3.546318714621119611e-02
3.557441402330872859e-02
3.568577941457449360e-02
3.579728357891349272e-02
3.590892677587636389e-02
3.602070926566137976e-02
3.613263130911654325e-02
3.624469316774155125e-02
3.635689510368984162e-02
3.646923737977064012e-02
3.658172025945104905e-02
3.669434400685803871e-02
3.680710888678058457e-02
3.692001516467167260e-02
3.703306310665046425e-02
3.714625297950430172e-02
3.725958505069087989e-02
3.737305958834028635e-02
3.748667686125717324e-02
3.760043713892285283e-02
3.771434069149744162e-02
3.782838778982196976e-02
3.794257870542053906e-02
3.805691371050251570e-02
3.817139307796464653e-02
3.828601708139325877e-02
3.840078599506640405e-02
3.851570009395607896e-02
3.863075965373042459e-02
3.874596495075591229e-02
3.886131626209956419e-02
3.897681386553115274e-02
3.909245803952546977e-02
3.920824906326454001e-02
3.932418721663988315e-02
3.944027278025472733e-02
3.955650603542634064e-02
3.967288726418823769e-02
3.978941674929251104e-02
3.990609477421208640e-02
4.002292162314303320e-02
4.013989758100688227e-02
4.025702293345294336e-02
4.037429796686058808e-02
4.049172296834164381e-02
4.060929822574271125e-02
4.072702402764748209e-02
4.084490066337916753e-02
4.096292842300282289e-02
4.108110759732772760e-02
4.119943847790977914e-02
4.131792135705392166e-02
4.143655652781650517e-02
4.155534428400770725e-02
4.167428492019401715e-02
4.179337873170058809e-02
4.191262601461374915e-02
4.203202706578339914e-02
4.215158218282553937e-02
4.227129166412465361e-02
4.239115580883631024e-02
4.251117491688954225e-02
4.263134928898941467e-02
4.275167922661951558e-02
4.287216503204447499e-02
4.299280700831250440e-02
4.311360545925790877e-02
4.323456068950370240e-02
4.335567300446412087e-02
4.347694271034714675e-02
4.359837011415720193e-02
4.371995552369765253e-02
4.384169924757343878e-02
4.396360159519369787e-02
4.408566287677433831e-02
4.420788340334073918e-02
4.433026348673032441e-02
4.445280343959528285e-02
4.457550357540516345e-02
4.469836420844958830e-02
4.482138565384092416e-02
4.494456822751699554e-02
4.506791224624375619e-02
4.519141802761802301e-02
4.531508589007020998e-02
4.543891615286704821e-02
4.556290913611434762e-02
4.568706516075973084e-02
4.581138454859543657e-02
4.593586762226108122e-02
4.606051470524644836e-02
4.618532612189428510e-02
4.631030219740312620e-02
4.643544325783013904e-02
4.656074963009389917e-02
4.668622164197731850e-02
4.681185962213042090e-02
4.693766390007327038e-02
4.706363480619882300e-02
4.718977267177584811e-02
4.731607782895178027e-02
4.744255061075566826e-02
4.756919135110113106e-02
4.769600038478925136e-02
4.782297804751153153e-02
4.795012467585285654e-02
4.807744060729451235e-02
4.820492618021710723e-02
4.833258173390359708e-02
4.846040760854231771e-02
4.858840414522993395e-02
4.871657168597458287e-02
4.884491057369884370e-02
4.897342115224280479e-02
4.910210376636713753e-02
4.923095876175620500e-02
4.935998648502113589e-02
4.948918728370291925e-02
4.961856150627554085e-02
4.974810950214914040e-02
4.987783162167312018e-02
5.000772821613928831e-02
5.013779963778509235e-02
5.026804623979673481e-02
5.039846837631244136e-02
5.052906640242561115e-02
5.065984067418805720e-02
5.079079154861323997e-02
5.092191938367954251e-02
5.105322453833349705e-02
5.118470737249308095e-02
5.131636824705097105e-02
5.144820752387790908e-02
5.158022556582597673e-02
5.171242273673191253e-02
5.184479940142047022e-02
5.197735592570779106e-02
5.211009267640474146e-02
5.224301002132033384e-02
5.237610832926509197e-02
5.250938797005445108e-02
5.264284931451223420e-02
5.277649273447405920e-02
5.291031860279078042e-02
5.304432729333196511e-02
5.317851918098941838e-02
5.331289464168059017e-02
5.344745405235219043e-02
5.358219779098361002e-02
5.371712623659052888e-02
5.385223976922846184e-02
5.398753876999630441e-02
5.412302362103993403e-02
5.425869470555576973e-02
5.439455240779447059e-02
5.453059711306447455e-02
5.466682920773567600e-02
5.480324907924308958e-02
5.493985711609049999e-02
5.507665370785420206e-02
5.521363924518664368e-02
5.535081411982017280e-02
5.548817872457074973e-02
5.562573345334173580e-02
5.576347870112765420e-02
5.590141486401791621e-02
5.603954233920066530e-02
5.617786152496660051e-02
5.631637282071277201e-02
5.645507662694643214e-02
5.659397334528889351e-02
5.673306337847944247e-02
5.687234713037915557e-02
5.701182500597490321e-02
5.715149741138320083e-02
5.729136475385416399e-02
5.743142744177550524e-02
5.757168588467648229e-02
5.771214049323186018e-02
5.785279167926597049e-02
5.799363985575670816e-02
5.813468543683960460e-02
5.827592883781181066e-02
5.841737047513625297e-02
5.855901076644569325e-02
5.870085013054685691e-02
5.884288898742454088e-02
5.898512775824575616e-02
5.912756686536389111e-02
5.927020673232293035e-02
5.941304778386160418e-02
5.955609044591763518e-02
5.969933514563192239e-02
5.984278231135286424e-02
5.998643237264061207e-02
6.013028576027130284e-02
6.027434290624140989e-02
6.041860424377205885e-02
6.056307020731339225e-02
6.070774123254890631e-02
6.085261775639980858e-02
6.099770021702945189e-02
6.114298905384776828e-02
6.128848470751564748e-02
6.143418761994943328e-02
6.158009823432537833e-02
6.172621699508418908e-02
6.187254434793543201e-02
6.201908073986218961e-02
6.216582661912550822e-02
6.231278243526901933e-02
6.245994863912354700e-02
6.260732568281170141e-02
6.275491401975244465e-02
6.290271410466583002e-02
6.305072639357765796e-02
6.319895134382412516e-02
6.334738941405658463e-02
6.349604106424620864e-02
6.364490675568880429e-02
6.379398695100954586e-02
6.394328211416781815e-02
6.409279271046197657e-02
6.424251920653416270e-02
6.439246207037523095e-02
6.454262177132960576e-02
6.469299878010012494e-02
6.484359356875298019e-02
6.499440661072274084e-02
6.514543838081718330e-02
6.529668935522237039e-02
6.544816001150759177e-02
6.559985082863042938e-02
6.575176228694179503e-02
6.590389486819105136e-02
6.605624905553096615e-02
6.620882533352297206e-02
6.636162418814225972e-02
6.651464610678288480e-02
6.666789157826302770e-02
6.682136109283010050e-02
6.697505514216613165e-02
6.712897421939283127e-02
6.728311881907703129e-02
6.743748943723583411e-02
6.759208657134202491e-02
6.774691072032942851e-02
6.790196238459823841e-02
6.805724206602038751e-02
6.821275026794498819e-02
6.836848749520378632e-02
6.852445425411662905e-02
6.868065105249689106e-02
6.883707839965705344e-02
6.899373680641419926e-02
6.915062678509559246e-02
6.930774884954427062e-02
6.946510351512463766e-02
6.962269129872807050e-02
6.978051271877865058e-02
6.993856829523881213e-02
7.009685854961503204e-02
7.025538400496356140e-02
7.041414518589625415e-02
7.057314261858629867e-02
7.073237683077401861e-02
7.089184835177274324e-02
7.105155771247467777e-02
7.121150544535675975e-02
7.137169208448661262e-02
7.153211816552847158e-02
7.169278422574913712e-02
7.185369080402403963e-02
7.201483844084317909e-02
7.217622767831721742e-02
7.233785906018355694e-02
7.249973313181244661e-02
7.266185044021315764e-02
7.282421153404002034e-02
7.298681696359875237e-02
7.314966728085260661e-02
7.331276303942860229e-02
7.347610479462389488e-02
7.363969310341193786e-02
7.380352852444889422e-02
7.396761161807999252e-02
7.413194294634595227e-02
7.429652307298931224e-02
7.446135256346089748e-02
7.462643198492638352e-02
7.479176190627269405e-02
7.495734289811460671e-02
7.512317553280126181e-02
7.528926038442279589e-02
7.545559802881696143e-02
7.562218904357578819e-02
7.578903400805223067e-02
7.595613350336692660e-02
7.612348811241491375e-02
7.629109841987247176e-02
7.645896501220381114e-02
7.662708847766801223e-02
7.679546940632588081e-02
7.696410839004684534e-02
7.713300602251584037e-02
7.730216289924035644e-02
7.747157961755736511e-02
7.764125677664042435e-02
7.781119497750671465e-02
7.798139482302404724e-02
7.815185691791814993e-02
7.832258186877968931e-02
7.849357028407158432e-02
7.866482277413613944e-02
7.883633995120233051e-02
7.900812242939313224e-02
7.918017082473285950e-02
7.935248575515443936e-02
7.952506784050690503e-02
7.969791770256276497e-02
7.987103596502555247e-02
8.004442325353725018e-02
8.021808019568581194e-02
8.039200742101280939e-02
8.056620556102100927e-02
8.074067524918200622e-02
8.091541712094385552e-02
8.109043181373890019e-02
8.126571996699144540e-02
8.144128222212554391e-02
8.161711922257283702e-02
8.179323161378043716e-02
8.196962004321874107e-02
8.214628516038950667e-02
8.232322761683370793e-02
8.250044806613958392e-02
8.267794716395061860e-02
8.285572556797379806e-02
8.303378393798757640e-02
8.321212293585007747e-02
8.339074322550731055e-02
8.356964547300139989e-02
8.374883034647888358e-02
8.392829851619905412e-02
8.410805065454218798e-02
8.428808743601808040e-02
8.446840953727444146e-02
8.464901763710537541e-02
8.482991241645983227e-02
8.501109455845028140e-02
8.519256474836120474e-02
8.537432367365785368e-02
8.555637202399478392e-02
8.573871049122468169e-02
8.592133976940707907e-02
8.610426055481723573e-02
8.628747354595489583e-02
8.647097944355319754e-02
8.665477895058763813e-02
8.683887277228506674e-02
8.702326161613267719e-02
8.720794619188701469e-02
8.739292721158314903e-02
8.757820538954386169e-02
8.776378144238877743e-02
8.794965608904357912e-02
8.813583005074936139e-02
8.832230405107188709e-02
8.850907881591105197e-02
8.869615507351027994e-02
8.888353355446587667e-02
8.907121499173667467e-02
8.925920012065353959e-02
8.944748967892898750e-02
8.963608440666678834e-02
8.982498504637170811e-02
9.001419234295927885e-02
9.020370704376552695e-02
9.039352989855682641e-02
9.058366165953979365e-02
9.077410308137126571e-02
9.096485492116823668e-02
9.115591793851790525e-02
9.134729289548773612e-02
9.153898055663560462e-02
9.173098168902001082e-02
9.192329706221032126e-02
9.211592744829692758e-02
9.230887362190168255e-02
9.250213636018832231e-02
9.269571644287280532e-02
9.288961465223385949e-02
9.308383177312345991e-02
9.327836859297747307e-02
9.347322590182630120e-02
9.366840449230556809e-02
9.386390515966683279e-02
9.405972870178835876e-02
9.425587591918611896e-02
9.445234761502459275e-02
9.464914459512768774e-02
9.484626766798986974e-02
9.504371764478712625e-02
9.524149533938820744e-02
9.543960156836570063e-02
9.563803715100734071e-02
9.583680290932725110e-02
9.603589966807730971e-02
9.623532825475865360e-02
9.643508949963294774e-02
9.663518423573407012e-02
9.683561329887963032e-02
9.703637752768264069e-02
9.723747776356314598e-02
9.743891485076004721e-02
9.764068963634282838e-02
9.784280297022357464e-02
9.804525570516879618e-02
9.824804869681139086e-02
9.845118280366280117e-02
9.865465888712506015e-02
9.885847781150303160e-02
9.906264044401653923e-02
9.926714765481275959e-02
9.947200031697857325e-02
9.967719930655295768e-02
9.988274550253949113e-02
1.000886397869188982e-01
1.002948830446616230e-01
1.005014761637406523e-01
1.007084200351441028e-01
1.009157155528880856e-01
1.011233636140295711e-01
1.013313651186793923e-01
1.015397209700151654e-01
1.017484320742944037e-01
1.019574993408676050e-01
1.021669236821915877e-01
1.023767060138426332e-01
1.025868472545298504e-01
1.027973483261086646e-01
1.030082101535941957e-01
1.032194336651749006e-01
1.034310197922261448e-01
1.036429694693238729e-01
1.038552836342583746e-01
1.040679632280481770e-01
1.042810091949539497e-01
1.044944224824922857e-01
1.047082040414500093e-01
1.049223548258981786e-01
1.051368757932062137e-01
1.053517679040563287e-01
1.055670321224577018e-01
1.057826694157609493e-01
1.059986807546727111e-01
1.062150671132701119e-01
1.064318294690153738e-01
1.066489688027706245e-01
1.068664860988126353e-01
1.070843823448477672e-01
1.073026585320268206e-01
1.075213156549601201e-01
1.077403547117325722e-01
1.079597767039189721e-01
1.081795826365991448e-01
1.083997735183733352e-01
1.086203503613776128e-01
1.088413141812994422e-01
1.090626659973932405e-01
1.092844068324959755e-01
1.095065377130430284e-01
1.097290596690840003e-01
1.099519737342986303e-01
1.101752809460127686e-01
1.103989823452144747e-01
1.106230789765702410e-01
1.108475718884412153e-01
1.110724621328996048e-01
1.112977507657449683e-01
1.115234388465208976e-01
1.117495274385315734e-01
1.119760176088584469e-01
1.122029104283770035e-01
1.124302069717736940e-01
1.126579083175628937e-01
1.128860155481039712e-01
1.131145297496183727e-01
1.133434520122068856e-01
1.135727834298670413e-01
1.138025251005104765e-01
1.140326781259805300e-01
1.142632436120696870e-01
1.144942226685374959e-01
1.147256164091281921e-01
1.149574259515887958e-01
1.151896524176869163e-01
1.154222969332289461e-01
1.156553606280782687e-01
1.158888446361734798e-01
1.161227500955468589e-01
1.163570781483427713e-01
1.165918299408362918e-01
1.168270066234519816e-01
1.170626093507825816e-01
1.172986392816078860e-01
1.175350975789137969e-01
1.177719854099114477e-01
1.180093039460563820e-01
1.182470543630678439e-01
1.184852378409481377e-01
1.187238555640023480e-01
1.189629087208577407e-01
1.192023985044836643e-01
1.194423261122112973e-01
1.196826927457535772e-01
1.199234996112254342e-01
1.201647479191637891e-01
1.204064388845479117e-01
1.206485737268197661e-01
1.208911536699046191e-01
1.211341799422316068e-01
1.213776537767543989e-01
1.216215764109721681e-01
1.218659490869504619e-01
1.221107730513423945e-01
1.223560495554097405e-01
1.226017798550442794e-01
1.228479652107892228e-01
1.230946068878608635e-01
1.233417061561701278e-01
1.235892642903444055e-01
1.238372825697494628e-01
1.240857622785115494e-01
1.243347047055395477e-01
1.245841111445470661e-01
1.248339828940751295e-01
1.250843212575145080e-01
1.253351275431285328e-01
1.255864030640758411e-01
1.258381491384331363e-01
1.260903670892184469e-01
1.263430582444142469e-01
1.265962239369907150e-01
1.268498655049291879e-01
1.271039842912456697e-01
1.273585816440147289e-01
1.276136589163932022e-01
1.278692174666440640e-01
1.281252586581607400e-01
1.283817838594912275e-01
1.286387944443625753e-01
1.288962917917052531e-01
1.291542772856779930e-01
1.294127523156924087e-01
1.296717182764380860e-01
1.299311765679076469e-01
1.301911285954218678e-01
1.304515757696551037e-01
1.307125195066610179e-01
1.309739612278978116e-01
1.312359023602544528e-01
1.314983443360764337e-01
1.317612885931918332e-01
1.320247365749376844e-01
1.322886897301864539e-01
1.325531495133723814e-01
1.328181173845182639e-01
1.330835948092625176e-01
1.333495832588859897e-01
1.336160842103391866e-01
1.338830991462695852e-01
1.341506295550493333e-01
1.344186769308025053e-01
1.346872427734333855e-01
1.349563285886540842e-01
1.352259358880127660e-01
1.354960661889220985e-01
1.357667210146875914e-01
1.360379018945361840e-01
1.363096103636451673e-01
1.365818479631711047e-01
1.368546162402790034e-01
1.371279167481715133e-01
1.374017510461184866e-01
1.376761206994866205e-01
1.379510272797693782e-01
1.382264723646168814e-01
1.385024575378660527e-01
1.387789843895710362e-01
1.390560545160337558e-01
1.393336695198347241e-01
1.396118310098636017e-01
1.398905406013506714e-01
1.401697999158978691e-01
1.404496105815103146e-01
1.407299742326279801e-01
1.410108925101573041e-01
1.412923670615034988e-01
1.415743995406026079e-01
1.418569916079539528e-01
1.421401449306525233e-01
1.424238611824220624e-01
1.427081420436478454e-01
1.429929892014099868e-01
1.432784043495166082e-01
1.435643891885375889e-01
1.438509454258383446e-01
1.441380747756136893e-01
1.444257789589221408e-01
1.447140597037201437e-01
1.450029187448969303e-01
1.452923578243089653e-01
1.455823786908153339e-01
1.458729831003126864e-01
1.461641728157706821e-01
1.464559496072679878e-01
1.467483152520276113e-01
1.470412715344534271e-01
1.473348202461662038e-01
1.476289631860404072e-01
1.479237021602405333e-01
1.482190389822585497e-01
1.485149754729506999e-01
1.488115134605751677e-01
1.491086547808295748e-01
1.494064012768890060e-01
1.497047547994439509e-01
1.500037172067388014e-01
1.503032903646103757e-01
1.506034761465266381e-01
1.509042764336259723e-01
1.512056931147562344e-01
1.515077280865144704e-01
1.518103832532865516e-01
1.521136605272873921e-01
1.524175618286009726e-01
1.527220890852211133e-01
1.530272442330919414e-01
1.533330292161493580e-01
1.536394459863618389e-01
1.539464965037722344e-01
1.542541827365396245e-01
1.545625066609811193e-01
1.548714702616144356e-01
1.551810755312001966e-01
1.554913244707851749e-01
1.558022190897448700e-01
1.561137614058274448e-01
1.564259534451969413e-01
1.567387972424774401e-01
1.570522948407971908e-01
1.573664482918330776e-01
1.576812596558554436e-01
1.579967310017729998e-01
1.583128644071783442e-01
1.586296619583933420e-01
1.589471257505152835e-01
1.592652578874626523e-01
1.595840604820221997e-01
1.599035356558951015e-01
1.602236855397445314e-01
1.605445122732426788e-01
1.608660180051186273e-01
1.611882048932061773e-01
1.615110751044921966e-01
1.618346308151652480e-01
1.621588742106643555e-01
1.624838074857284098e-01
1.628094328444453509e-01
1.631357525003024889e-01
1.634627686762361032e-01
1.637904836046824297e-01
1.641188995276280649e-01
1.644480186966614244e-01
1.647778433730239245e-01
1.651083758276618019e-01
1.654396183412785715e-01
1.657715732043869572e-01
1.661042427173620994e-01
1.664376291904944849e-01
1.667717349440435981e-01
1.671065623082914897e-01
1.674421136235972329e-01
1.677783912404512412e-01
1.681153975195303074e-01
1.684531348317526711e-01
1.687916055583338903e-01
1.691308120908424362e-01
1.694707568312562862e-01
1.698114421920196848e-01
1.701528705960998478e-01
1.704950444770448603e-01
1.708379662790410758e-01
1.711816384569716798e-01
1.715260634764749215e-01
1.718712438140034549e-01
1.722171819568832640e-01
1.725638804033738372e-01
1.729113416627279520e-01
1.732595682552524607e-01
1.736085627123690744e-01
1.739583275766757864e-01
1.743088654020086004e-01
1.746601787535036199e-01
1.750122702076598313e-01
1.753651423524016650e-01
1.757187977871429996e-01
1.760732391228503890e-01
1.764284689821077612e-01
1.767844899991808105e-01
1.771413048200823903e-01
1.774989161026377660e-01
1.778573265165507566e-01
1.782165387434703208e-01
1.785765554770570585e-01
1.789373794230509906e-01
1.792990132993389218e-01
1.796614598360230519e-01
1.800247217754893658e-01
1.803888018724769948e-01
1.807537028941477719e-01
1.811194276201564257e-01
1.814859788427209963e-01
1.818533593666941395e-01
1.822215720096343750e-01
1.825906196018782790e-01
1.829605049866131483e-01
1.833312310199496364e-01
1.837028005709956946e-01
1.840752165219301795e-01
1.844484817680778210e-01
1.848225992179837185e-01
1.851975717934894461e-01
1.855734024298086593e-01
1.859500940756040055e-01
1.863276496930640069e-01
1.867060722579808596e-01
1.870853647598285652e-01
1.874655302018416181e-01
1.878465716010943587e-01
1.882284919885806318e-01
1.886112944092943888e-01
1.889949819223103178e-01
1.893795576008656945e-01
1.897650245324420115e-01
1.901513858188480233e-01
1.905386445763025405e-01
1.909268039355186131e-01
1.913158670417876017e-01
1.917058370550641655e-01
1.920967171500520265e-01
1.924885105162897903e-01
1.928812203582381257e-01
1.932748498953666128e-01
1.936694023622422267e-01
1.940648810086175180e-01
1.944612890995201515e-01
1.948586299153425294e-01
1.952569067519324963e-01
1.956561229206842112e-01
1.960562817486301568e-01
1.964573865785334272e-01
1.968594407689807924e-01
1.972624476944766503e-01
1.976664107455371189e-01
1.980713333287854316e-01
1.984772188670473614e-01
1.988840707994480317e-01
1.992918925815087561e-01
1.997006876852450985e-01
2.001104595992650725e-01
2.005212118288689227e-01
2.009329478961484339e-01
2.013456713400880449e-01
2.017593857166662397e-01
2.021740945989572991e-01
2.025898015772346628e-01
2.030065102590740966e-01
2.034242242694584146e-01
2.038429472508823115e-01
2.042626828634583891e-01
2.046834347850236824e-01
2.051052067112474064e-01
2.055280023557385927e-01
2.059518254501556955e-01
2.063766797443158940e-01
2.068025690063059197e-01
2.072294970225935229e-01
2.076574675981394114e-01
2.080864845565106591e-01
2.085165517399941437e-01
2.089476730097117041e-01
2.093798522457352707e-01
2.098130933472036608e-01
2.102474002324394298e-01
2.106827768390674982e-01
2.111192271241335849e-01
2.115567550642244721e-01
2.119953646555888249e-01
2.124350599142584839e-01
2.128758448761715327e-01
2.133177235972951724e-01
2.137607001537508711e-01
2.142047786419389865e-01
2.146499631786655815e-01
2.150962579012692666e-01
2.155436669677496808e-01
2.159921945568962220e-01
2.164418448684186924e-01
2.168926221230777773e-01
2.173445305628174951e-01
2.177975744508983402e-01
2.182517580720309269e-01
2.187070857325114914e-01
2.191635617603576447e-01
2.196211905054458735e-01
2.200799763396493469e-01
2.205399236569774157e-01
2.210010368737156672e-01
2.214633204285675061e-01
2.219267787827963190e-01
2.223914164203692756e-01
2.228572378481016303e-01
2.233242475958026607e-01
2.237924502164224949e-01
2.242618502861998819e-01
2.247324524048115724e-01
2.252042611955222262e-01
2.256772813053361526e-01
2.261515174051495491e-01
2.266269741899046286e-01
2.271036563787440510e-01
2.275815687151676314e-01
2.280607159671892148e-01
2.285411029274954098e-01
2.290227344136055443e-01
2.295056152680323980e-01
2.299897503584448222e-01
2.304751445778309427e-01
2.309618028446634719e-01
2.314497301030652154e-01
2.319389313229772709e-01
2.324294115003268935e-01
2.329211756571984426e-01
2.334142288420040789e-01
2.339085761296570143e-01
2.344042226217453173e-01
2.349011734467074675e-01
2.353994337600094910e-01
2.358990087443228190e-01
2.363999036097043926e-01
2.369021235937774084e-01
2.374056739619142542e-01
2.379105600074200855e-01
2.384167870517188426e-01
2.389243604445396019e-01
2.394332855641056190e-01
2.399435678173237885e-01
2.404552126399764067e-01
2.409682254969142678e-01
2.414826118822508139e-01
2.419983773195588939e-01
2.425155273620676621e-01
2.430340675928628347e-01
2.435540036250867235e-01
2.440753411021414909e-01
2.445980856978926810e-01
2.451222431168756932e-01
2.456478190945027007e-01
2.461748193972723986e-01
2.467032498229804194e-01
2.472331162009321348e-01
2.477644243921572897e-01
2.482971802896254687e-01
2.488313898184646988e-01
2.493670589361804690e-01
2.499041936328777747e-01
2.504427999314837727e-01
2.509828838879735180e-01
2.515244515915963652e-01
2.520675091651055078e-01
2.526120627649878769e-01
2.531581185816976221e-01
2.537056828398899233e-01
2.542547617986580799e-01
2.548053617517719305e-01
2.553574890279178833e-01
2.559111499909421661e-01
2.564663510400943536e-01
2.570230986102748916e-01
2.575813991722829543e-01
2.581412592330675770e-01
2.587026853359802869e-01
2.592656840610300106e-01
2.598302620251402018e-01
2.603964258824079669e-01
2.609641823243656900e-01
2.615335380802443210e-01
2.621044999172398304e-01
2.626770746407803836e-01
2.632512690947977907e-01
2.638270901619993447e-01
2.644045447641433788e-01
2.649836398623161560e-01
2.655643824572121448e-01
2.661467795894154054e-01
2.667308383396849725e-01
2.673165658292410152e-01
2.679039692200546052e-01
2.684930557151399833e-01
2.690838325588482127e-01
2.696763070371648863e-01
2.702704864780089422e-01
2.708663782515356999e-01
2.714639897704405058e-01
2.720633284902670423e-01
2.726644019097167471e-01
2.732672175709620621e-01
2.738717830599613490e-01
2.744781060067774114e-01
2.750861940858986832e-01
2.756960550165624690e-01
2.763076965630824056e-01
2.769211265351768092e-01
2.775363527883022985e-01
2.781533832239881932e-01
2.787722257901754652e-01
2.793928884815572999e-01
2.800153793399241531e-01
2.806397064545103071e-01
2.812658779623449790e-01
2.818939020486051494e-01
2.825237869469727214e-01
2.831555409399942325e-01
2.837891723594436755e-01
2.844246895866892055e-01
2.850621010530620114e-01
2.857014152402300722e-01
2.863426406805734681e-01
2.869857859575646319e-01
2.876308597061509320e-01
2.882778706131414737e-01
2.889268274175966211e-01
2.895777389112217937e-01
2.902306139387644257e-01
2.908854613984143134e-01
2.915422902422085127e-01
2.922011094764383476e-01
2.928619281620620241e-01
2.935247554151190763e-01
2.941896004071505311e-01
2.948564723656209585e-01
2.955253805743464079e-01
2.961963343739241195e-01
2.968693431621683421e-01
2.975444163945482612e-01
2.982215635846312551e-01
2.989007943045300375e-01
2.995821181853528525e-01
3.002655449176597768e-01
3.009510842519211860e-01
3.016387459989822717e-01
3.023285400305302795e-01
3.030204762795677409e-01
3.037145647408881488e-01
3.044108154715586267e-01
3.051092385914042082e-01
3.058098442834994435e-01
3.065126427946622822e-01
3.072176444359540626e-01
3.079248595831840518e-01
3.086342986774177621e-01
3.093459722254917610e-01
3.100598908005311460e-01
3.107760650424743476e-01
3.114945056586008731e-01
3.122152234240654356e-01
3.129382291824361340e-01
3.136635338462390177e-01
3.143911483975061483e-01
3.151210838883307108e-01
3.158533514414263443e-01
3.165879622506918012e-01
3.173249275817819348e-01
3.180642587726828507e-01
3.188059672342941631e-01
3.195500644510152477e-01
3.202965619813387121e-01
3.210454714584482505e-01
3.217968045908236596e-01
3.225505731628500738e-01
3.233067890354351381e-01
3.240654641466302333e-01
3.248266105122590841e-01
3.255902402265524187e-01
3.263563654627877342e-01
3.271249984739372230e-01
3.278961515933198623e-01
3.286698372352621633e-01
3.294460678957634170e-01
3.302248561531692106e-01
3.310062146688501072e-01
3.317901561878888184e-01
3.325766935397719837e-01
3.333658396390908329e-01
3.341576074862480650e-01
3.349520101681710549e-01
3.357490608590338876e-01
3.365487728209846652e-01
3.373511594048819173e-01
3.381562340510366194e-01
3.389640102899637575e-01
3.397745017431392789e-01
3.405877221237667007e-01
3.414036852375495479e-01
3.422224049834737269e-01
3.430438953545955627e-01
3.438681704388397709e-01
3.446952444198047583e-01
3.455251315775756393e-01
3.463578462895469112e-01
3.471934030312517350e-01
3.480318163772018192e-01
3.488731010017337986e-01
3.497172716798663816e-01
3.505643432881642707e-01
3.514143308056129622e-01
3.522672493145010408e-01
3.531231140013129099e-01
3.539819401576292934e-01
3.548437431810384513e-01
3.557085385760568319e-01
3.565763419550577740e-01
3.574471690392121426e-01
3.583210356594367374e-01
3.591979577573545246e-01
3.600779513862631398e-01
3.609610327121154372e-01
3.618472180145084205e-01
3.627365236876845533e-01
3.636289662415421176e-01
3.645245623026570070e-01
3.654233286153157900e-01
3.663252820425583201e-01
3.672304395672334465e-01
3.681388182930639408e-01
3.690504354457245784e-01
3.699653083739302684e-01
3.708834545505375613e-01
3.718048915736558713e-01
3.727296371677729647e-01
3.736577091848902743e-01
3.745891256056730900e-01
3.755239045406102982e-01
3.764620642311891086e-01
3.774036230510817713e-01
3.783485995073441188e-01
3.792970122416293721e-01
3.802488800314127726e-01
3.812042217912320896e-01
3.821630565739390084e-01
3.831254035719673934e-01
3.840912821186122650e-01
3.850607116893257631e-01
3.860337119030253783e-01
3.870103025234174488e-01
3.879905034603360892e-01
3.889743347710949983e-01
3.899618166618568638e-01
3.909529694890154783e-01
3.919478137605956758e-01
3.929463701376667006e-01
3.939486594357736737e-01
3.949547026263827143e-01
3.959645208383451020e-01
3.969781353593748174e-01
3.979955676375460660e-01
3.990168392828047361e-01
4.000419720684990077e-01
4.010709879329271144e-01
4.021039089809013145e-01
4.031407574853318465e-01
4.041815558888267046e-01
4.052263268053121759e-01
4.062750930216693090e-01
4.073278774993919216e-01
4.083847033762612044e-01
4.094455939680416434e-01
4.105105727701948148e-01
4.115796634596152193e-01
4.126528898963834346e-01
4.137302761255420291e-01
4.148118463788917354e-01
4.158976250768068317e-01
4.169876368300746150e-01
4.180819064417534148e-01
4.191804589090553645e-01
4.202833194252485471e-01
4.213905133815841197e-01
4.225020663692436451e-01
4.236180041813122910e-01
4.247383528147725129e-01
4.258631384725234947e-01
4.269923875654244583e-01
4.281261267143606219e-01
4.292643827523365263e-01
4.304071827265916195e-01
4.315545539007439868e-01
4.327065237569568401e-01
4.338631199981345943e-01
4.350243705501418146e-01
4.361903035640524728e-01
4.373609474184232404e-01
4.385363307215973117e-01
4.397164823140337075e-01
4.409014312706668326e-01
4.420912069032945646e-01
4.432858387629940999e-01
4.444853566425698843e-01
4.456897905790289660e-01
4.468991708560897114e-01
4.481135280067183868e-01
4.493328928157004354e-01
4.505572963222400085e-01
4.517867698225956907e-01
4.530213448727454240e-01
4.542610532910867915e-01
4.555059271611715532e-01
4.567559988344713773e-01
4.580113009331827634e-01
4.592718663530625522e-01
4.605377282663033478e-01
4.618089201244418018e-01
4.630854756613067558e-01
4.643674288960018548e-01
4.656548141359288517e-01
4.669476659798468821e-01
4.682460193209733168e-01
4.695499093501215859e-01
4.708593715588813566e-01
4.721744417428394569e-01
4.734951560048401009e-01
4.748215507582904671e-01
4.761536627305054115e-01
4.774915289660995321e-01
4.788351868304189241e-01
4.801846740130218949e-01
4.815400285312012030e-01
4.829012887335558668e-01
4.842684933036061068e-01
4.856416812634599123e-01
4.870208919775235179e-01
4.884061651562641715e-01
4.897975408600214742e-01
4.911950595028680144e-01
4.925987618565238479e-01
4.940086890543198272e-01
4.954248825952173307e-01
4.968473843478780627e-01
4.982762365547920291e-01
4.997114818364569722e-01
5.011531631956185340e-01
5.026013240215627675e-01
5.040560080944703758e-01
5.055172595898294041e-01
5.069851230829046651e-01
5.084596435532731107e-01
5.099408663894157145e-01
5.114288373933769671e-01
5.129236027854838786e-01
5.144252092091339268e-01
5.159337037356444000e-01
5.174491338691736830e-01
5.189715475517050480e-01
5.205009931681052748e-01
5.220375195512479971e-01
5.235811759872124327e-01
5.251320122205538343e-01
5.266900784596447727e-01
5.282554253820962442e-01
5.298281041402497227e-01
5.314081663667515887e-01
5.329956641802015005e-01
5.345906501908849195e-01
5.361931775065831296e-01
5.378032997384697422e-01
5.394210710070874715e-01
5.410465459484125050e-01
5.426797797200066942e-01
5.443208280072543426e-01
5.459697470296926980e-01
5.476265935474310398e-01
5.492914248676648015e-01
5.509642988512810646e-01
5.526452739195639730e-01
5.543344090609936270e-01
5.560317638381482297e-01
5.577373983947033764e-01
5.594513734625378154e-01
5.611737503689400164e-01
5.629045910439237632e-01
5.646439580276515491e-01
5.663919144779654413e-01
5.681485241780335205e-01
5.699138515441066755e-01
5.716879616333945258e-01
5.734709201520549193e-01
5.752627934633089968e-01
5.770636485956718298e-01
5.788735532513131776e-01
5.806925758145392580e-01
5.825207853604082997e-01
5.843582516634715507e-01
5.862050452066515094e-01
5.880612371902551594e-01
5.899268995411216521e-01
5.918021049219163165e-01
5.936869267405607831e-01
5.955814391598156510e-01
5.974857171070044881e-01
5.993998362838949268e-01
6.013238731767274192e-01
6.032579050664060860e-01
6.052020100388435520e-01
6.071562669954708724e-01
6.091207556639134379e-01
6.110955566088304147e-01
6.130807512429314876e-01
6.150764218381620241e-01
6.170826515370713139e-01
6.190995243643565571e-01
6.211271252385958119e-01
6.231655399841639076e-01
6.252148553433449774e-01
6.272751589886339518e-01
6.293465395352421110e-01
6.314290865537995900e-01
6.335228905832677171e-01
6.356280431440614054e-01
6.377446367513807113e-01
6.398727649287675456e-01
6.420125222218773242e-01
6.441640042124840981e-01
6.463273075327091721e-01
6.485025298794923065e-01
6.506897700292959552e-01
6.528891278530601916e-01
6.551007043314008849e-01
6.573246015700661138e-01
6.595609228156517068e-01
6.618097724715764629e-01
6.640712561143324866e-01
6.663454805100050837e-01
6.686325536310774309e-01
6.709325846735151311e-01
6.732456840741488646e-01
6.755719635283471414e-01
6.779115360079983610e-01
6.802645157797961861e-01
6.826310184238461032e-01
6.850111608525879525e-01
6.874050613300504153e-01
6.898128394914406769e-01
6.922346163630711535e-01
6.946705143826416018e-01
6.971206574198698380e-01
6.995851707974929390e-01
7.020641813126309305e-01
7.045578172585371668e-01
7.070662084467264075e-01
7.095894862295047956e-01
7.121277835228945197e-01
7.146812348299765860e-01
7.172499762646459276e-01
7.198341455757992779e-01
7.224338821719601400e-01
7.250493271463449574e-01
7.276806233023932480e-01
7.303279151797544833e-01
7.329913490807585807e-01
7.356710730973645695e-01
7.383672371386129640e-01
7.410799929585760726e-01
7.438094941848358843e-01
7.465558963474812071e-01
7.493193569086517014e-01
7.521000352926338062e-01
7.548980929165152176e-01
7.577136932214246778e-01
7.605470017043518549e-01
7.633981859505787337e-01
7.662674156667180769e-01
7.691548627143889316e-01
7.720607011445285162e-01
7.749851072323691303e-01
7.779282595130799782e-01
7.808903388181046568e-01
7.838715283121939770e-01
7.868720135311636499e-01
7.898919824203868290e-01
7.929316253740344989e-01
7.959911352750920210e-01
7.990707075361560552e-01
8.021705401410433867e-01
8.052908336872165451e-01
8.084317914290602980e-01
8.115936193220120165e-01
8.147765260675841059e-01
8.179807231592802763e-01
8.212064249294437346e-01
8.244538485970499542e-01
8.277232143164636735e-01
8.310147452271962054e-01
8.343286675046676093e-01
8.376652104120201336e-01
8.410246063529839278e-01
8.444070909258449831e-01
8.478129029785183013e-01
8.512422846647748065e-01
8.546954815016296614e-01
8.581727424279405048e-01
8.616743198642256019e-01
8.652004697737472050e-01
8.687514517248857704e-01
8.723275289548302336e-01
8.759289684346331928e-01
8.795560409356439902e-01
8.832090210973770894e-01
8.868881874968278511e-01
8.905938227192971013e-01
8.943262134307364830e-01
8.980856504516797623e-01
9.018724288327746308e-01
9.056868479319803988e-01
9.095292114934514505e-01
9.133998277281678568e-01
9.172990093963515612e-01
9.212270738917062163e-01
9.251843433275475093e-01
9.291711446248495099e-01
9.331878096022819813e-01
9.372346750682657435e-01
9.413120829151256919e-01
9.454203802153701153e-01
9.495599193201799126e-01
9.537310579601409044e-01
9.579341593483000628e-01
9.621695922855997285e-01
9.664377312687464361e-01
9.707389566006006110e-01
9.750736545031297720e-01
9.794422172330232712e-01
9.838450432000132029e-01
9.882825370880039539e-01
9.927551099790606903e-01
9.972631794803651362e-01
1.001807169854188828e+00
1.006387512151004193e+00
1.011004644345785630e+00
1.015659011477621165e+00
1.020351065792711065e+00
1.025081266890849774e+00
1.029850081875504531e+00
1.034657985507573930e+00
1.039505460362953437e+00
1.044392996993996015e+00
1.049321094095007068e+00
1.054290258671858549e+00
1.059301006215881635e+00
1.064353860882123248e+00
1.069449355672129620e+00
1.074588032621374367e+00
1.079770442991462742e+00
1.084997147467279266e+00
1.090268716359196421e+00
1.095585729810527376e+00
1.100948778010353957e+00
1.106358461411918848e+00
1.111815390956728322e+00
1.117320188304562922e+00
1.122873486069558391e+00
1.128475928062563582e+00
1.134128169539951214e+00
1.139830877459100167e+00
1.145584730740753621e+00
1.151390420538456860e+00
1.157248650515326105e+00
1.163160137128347538e+00
1.169125609920484310e+00
1.175145811820804909e+00
1.181221499452926649e+00
1.187353443452011437e+00
1.193542428790623555e+00
1.199789255113709041e+00
1.206094737083019064e+00
1.212459704731286614e+00
1.218885003826455371e+00
1.225371496246341563e+00
1.231920060364024350e+00
1.238531591444378632e+00
1.245207002052077794e+00
1.251947222471503807e+00
1.258753201138922417e+00
1.265625905087395919e+00
1.272566320404818541e+00
1.279575452705583150e+00
1.286654327616305604e+00
1.293803991276133880e+00
1.301025510852142908e+00
1.308319975070332264e+00
1.315688494762819571e+00
1.323132203431759191e+00
1.330652257830638341e+00
1.338249838563524641e+00
1.345926150702971391e+00
1.353682424427202102e+00
1.361519915677342762e+00
1.369439906835377752e+00
1.377443707423658514e+00
1.385532654826707954e+00
1.393708115036205841e+00
1.401971483420000553e+00
1.410324185516051321e+00
1.418767677852277753e+00
1.427303448793270313e+00
1.435933019414934897e+00
1.444657944408107575e+00
1.453479813012317656e+00
1.462400249980818412e+00
1.471420916578180638e+00
1.480543511611671192e+00
1.489769772497813394e+00
1.499101476365513275e+00
1.508540441197207871e+00
1.518088527009617383e+00
1.527747637075657972e+00
1.537519719189256229e+00
1.547406766974777526e+00
1.557410821242969368e+00
1.567533971395304482e+00
1.577778356878807298e+00
1.588146168693434612e+00
1.598639650954301938e+00
1.609261102511033714e+00
1.620012878626741148e+00
1.630897392719188321e+00
1.641917118166819067e+00
1.653074590182546988e+00
1.664372407758219152e+00
1.675813235682952707e+00
1.687399806638572253e+00
1.699134923375676287e+00
1.711021460973902286e+00
1.723062369190288878e+00
1.735260674899700817e+00
1.747619484631601994e+00
1.760141987207637149e+00
1.772831456484683210e+00
1.785691254208404244e+00
1.798724832982442567e+00
1.811935739358851771e+00
1.825327617055482632e+00
1.838904210306553155e+00
1.852669367352774099e+00
1.866627044077966424e+00
1.880781307799285207e+00
1.895136341218781384e+00
1.909696446544270954e+00
1.924466049788109201e+00
1.939449705252876299e+00
1.954652100213475796e+00
1.970078059805852266e+00
1.985732552132927209e+00
2.001620693599215794e+00
2.017747754486046041e+00
2.034119164780256561e+00
2.050740520269795031e+00
2.067617588920714677e+00
2.084756317550714222e+00
2.102162838815561319e+00
2.119843478525524016e+00
2.137804763310244827e+00
2.156053428651524495e+00
2.174596427304756663e+00
2.193440938131215656e+00
2.212594375364662636e+00
2.232064398337509026e+00
2.251858921693231874e+00
2.271986126113761273e+00
2.292454469592260846e+00
2.313272699284073308e+00
2.334449863970571304e+00
2.355995327173352472e+00
2.377918780958642841e+00
2.400230260474641497e+00
2.422940159267716442e+00
2.446059245426428053e+00
2.469598678606211184e+00
2.493570027991123705e+00
2.517985291253538982e+00
2.542856914576929306e+00
2.568197813812086672e+00
2.594021396842194349e+00
2.620341587238270709e+00
2.647172849292523722e+00
2.674530214524305283e+00
2.702429309760682408e+00
2.730886386901781648e+00
2.759918354490181081e+00
2.789542811213031825e+00
2.819778081476565834e+00
2.850643253203917649e+00
2.882158218020272056e+00
2.914343714002926244e+00
2.947221371189514105e+00
2.980813760054072503e+00
3.015144443179382350e+00
3.050238030374151421e+00
3.086120237505873831e+00
3.122817949345143340e+00
3.160359286743927854e+00
3.198773678500832496e+00
3.238091938299066719e+00
3.278346347140125516e+00
3.319570741736380892e+00
3.361800609371579096e+00
3.405073189787883425e+00
3.449427584714605644e+00
3.494904875715421966e+00
3.541548251100864242e+00
3.589403142730094753e+00
3.638517373612715211e+00
3.688941317318883417e+00
3.740728070314395914e+00
3.793933638460482261e+00
3.848617139055058978e+00
3.904841019948086966e+00
3.962671297438045137e+00
4.022177814855262490e+00
4.083434523961207319e+00
4.146519791547940592e+00
4.211516733910029231e+00
4.278513582190938358e+00
4.347604081980638746e+00
4.418887930969998656e+00
4.492471258959029434e+00
4.568467155078832498e+00
4.646996247735979857e+00
4.728187343534028919e+00
4.812178132290650723e+00
4.899115966266783140e+00
4.989158722884940111e+00
5.082475761561938477e+00
5.179248986856584303e+00
5.279674031973689452e+00
5.383961578826046868e+00
5.492338833398126674e+00
5.605051178153066971e+00
5.722364026775578871e+00
5.844564910757338083e+00
5.971965832355367709e+00
6.104905924457631805e+00
6.243754465097803852e+00
6.388914303039770815e+00
6.540825761351163337e+00
6.699971098629767141e+00
6.866879623092655649e+00
7.042133573778727396e+00
7.226374906551225052e+00
7.420313151574946531e+00
7.624734544978285733e+00
7.840512682459634064e+00
8.068620999225581514e+00
8.310147452271930746e+00
8.566311872169519503e+00
8.838486568310763403e+00
9.128220922267576753e+00
9.437270899821440295e+00
9.767634668930817554e+00
1.012159585011935548e+01
1.050177637806268471e+01
1.091120156200156188e+01
1.135338076065565005e+01
1.183240822586413543e+01
1.235309025326477972e+01
1.292110701042899024e+01
1.354322060160897934e+01
1.422754555190681280e+01
1.498390470749932213e+01
1.582430376926878601e+01
1.676357330889326747e+01
1.782025154097104647e+01
1.901782020399225459e+01
2.038647010458822706e+01
2.196568152835245158e+01
2.380809485607778697e+01
2.598549242520723368e+01
2.859836950816314172e+01
3.179188594288629588e+01
3.578378148629110456e+01
4.091621861352466283e+01
