0.000000000000000000e+00
8.131715828614163421e-05
1.627154309446385250e-04
2.441949394041917918e-04
3.257558053359962415e-04
4.073981506543459369e-04
4.891220975172417152e-04
5.709277683270003742e-04
6.528152857308658916e-04
7.347847726216221072e-04
8.168363521382079537e-04
8.989701476663332835e-04
9.811862828390982734e-04
1.063484881537613480e-03
1.145866067891621520e-03
1.228329966280121248e-03
1.310876701331994965e-03
1.393506397926634003e-03
1.476219181194571035e-03
1.559015176518109991e-03
1.641894509531958805e-03
1.724857306123868221e-03
1.807903692435265837e-03
1.891033794861896435e-03
1.974247740054464045e-03
2.057545654919274662e-03
2.140927666618880690e-03
2.224393902572729086e-03
2.307944490457808622e-03
2.391579558209303881e-03
2.475299234021246207e-03
2.559103646347168134e-03
2.642992923900761276e-03
2.726967195656536825e-03
2.811026590850483446e-03
2.895171238980732108e-03
2.979401269808221349e-03
3.063716813357362113e-03
3.148117999916711252e-03
3.232604960039636797e-03
3.317177824544994928e-03
3.401836724517804788e-03
3.486581791309926320e-03
3.571413156540735948e-03
3.656330952097812219e-03
3.741335310137617123e-03
3.826426363086183041e-03
3.911604243639798389e-03
3.996869084765699784e-03
4.082221019702760717e-03
4.167660181962189354e-03
4.253186705328223724e-03
4.338800723858826473e-03
4.424502371886390034e-03
4.510291784018436584e-03
4.596169095138323210e-03
4.682134440405949678e-03
4.768187955258465331e-03
4.854329775410983795e-03
4.940560036857292482e-03
5.026878875870574234e-03
5.113286429004114224e-03
5.199782833092034609e-03
5.286368225250003168e-03
5.373042742875968822e-03
5.459806523650879810e-03
5.546659705539416611e-03
5.633602426790725731e-03
5.720634825939147419e-03
5.807757041804958130e-03
5.894969213495099974e-03
5.982271480403930121e-03
6.069663982213957185e-03
6.157146858896591496e-03
6.244720250712885827e-03
6.332384298214289997e-03
6.420139142243402007e-03
6.507984923934719175e-03
6.595921784715401415e-03
6.683949866306020636e-03
6.772069310721333564e-03
6.860280260271032875e-03
6.948582857560524351e-03
7.036977245491688425e-03
7.125463567263655602e-03
7.214041966373574075e-03
7.302712586617392081e-03
7.391475572090630726e-03
7.480331067189166343e-03
7.569279216610016320e-03
7.658320165352117993e-03
7.747454058717124885e-03
7.836681042310188194e-03
7.926001262040757375e-03
8.015414864123372035e-03
8.104921995078458175e-03
8.194522801733128761e-03
8.284217431221995581e-03
8.374006030987958538e-03
8.463888748783024440e-03
8.553865732669118857e-03
8.643937131018894493e-03
8.734103092516541308e-03
8.824363766158619185e-03
8.914719301254866307e-03
9.005169847429028360e-03
9.095715554619680787e-03
9.186356573081057991e-03
9.277093053383894672e-03
9.367925146416234208e-03
9.458853003384297756e-03
9.549876775813297830e-03
9.640996615548293527e-03
9.732212674755023191e-03
9.823525105920766567e-03
9.914934061855186151e-03
1.000643969569117719e-02
1.009804216088572119e-02
1.018974161122075846e-02
1.028153820080403291e-02
1.037343208406995947e-02
1.046542341578049484e-02
1.055751235102600147e-02
1.064969904522612351e-02
1.074198365413065077e-02
1.083436633382041207e-02
1.092684724070814087e-02
1.101942653153937038e-02
1.111210436339330268e-02
1.120488089368371423e-02
1.129775628015983711e-02
1.139073068090725761e-02
1.148380425434880787e-02
1.157697715924547142e-02
1.167024955469728523e-02
1.176362160014423827e-02
1.185709345536719098e-02
1.195066528048877724e-02
1.204433723597432733e-02
1.213810948263276991e-02
1.223198218161757576e-02
1.232595549442766329e-02
1.242002958290832140e-02
1.251420460925215319e-02
1.260848073600000750e-02
1.270285812604190004e-02
1.279733694261795708e-02
1.289191734931936263e-02
1.298659951008930384e-02
1.308138358922390602e-02
1.317626975137319197e-02
1.327125816154203428e-02
1.336634898509111470e-02
1.346154238773787301e-02
1.355683853555748365e-02
1.365223759498381158e-02
1.374773973281038196e-02
1.384334511619136031e-02
1.393905391264251871e-02
1.403486629004221768e-02
1.413078241663238629e-02
1.422680246101951096e-02
1.432292659217561902e-02
1.441915497943927447e-02
1.451548779251655812e-02
1.461192520148209446e-02
1.470846737678001975e-02
1.480511448922501236e-02
1.490186671000327291e-02
1.499872421067356860e-02
1.509568716316821851e-02
1.519275573979412923e-02
1.528993011323379926e-02
1.538721045654635640e-02
1.548459694316858815e-02
1.558208974691594959e-02
1.567968904198362851e-02
1.577739500294755154e-02
1.587520780476545795e-02
1.597312762277790926e-02
1.607115463270937170e-02
1.616928901066923274e-02
1.626753093315288709e-02
1.636588057704277399e-02
1.646433811960944585e-02
1.656290373851263334e-02
1.666157761180231747e-02
1.676035991791979124e-02
1.685925083569874555e-02
1.695825054436635171e-02
1.705735922354431611e-02
1.715657705325001128e-02
1.725590421389753062e-02
1.735534088629880206e-02
1.745488725166465666e-02
1.755454349160597005e-02
1.765430978813474494e-02
1.775418632366520394e-02
1.785417328101493797e-02
1.795427084340598528e-02
1.805447919446597632e-02
1.815479851822925095e-02
1.825522899913796168e-02
1.835577082204324986e-02
1.845642417220633505e-02
1.855718923529968076e-02
1.865806619740811856e-02
1.875905524503001381e-02
1.886015656507838978e-02
1.896137034488210374e-02
1.906269677218699540e-02
1.916413603515702835e-02
1.926568832237550086e-02
1.936735382284617002e-02
1.946913272599443481e-02
1.957102522166854000e-02
1.967303150014071758e-02
1.977515175210839415e-02
1.987738616869537747e-02
1.997973494145303258e-02
2.008219826236151348e-02
2.018477632383092191e-02
2.028746931870253553e-02
2.039027744025001532e-02
2.049320088218060942e-02
2.059623983863637792e-02
2.069939450419541055e-02
2.080266507387305147e-02
2.090605174312311701e-02
2.100955470783916201e-02
2.111317416435566988e-02
2.121691030944933970e-02
2.132076334034029713e-02
2.142473345469336071e-02
2.152882085061930476e-02
2.163302572667609100e-02
2.173734828187014190e-02
2.184178871565764166e-02
2.194634722794575055e-02
2.205102401909390594e-02
2.215581928991512684e-02
2.226073324167724896e-02
2.236576607610426398e-02
2.247091799537756854e-02
2.257618920213728259e-02
2.268157989948355741e-02
2.278709029097786970e-02
2.289272058064433304e-02
2.299847097297102322e-02
2.310434167291127924e-02
2.321033288588504606e-02
2.331644481778019987e-02
2.342267767495386302e-02
2.352903166423376755e-02
2.363550699291958393e-02
2.374210386878426032e-02
2.384882250007540339e-02
2.395566309551658973e-02
2.406262586430876413e-02
2.416971101613159603e-02
2.427691876114483963e-02
2.438424930998970425e-02
2.449170287379027339e-02
2.459927966415483003e-02
2.470697989317729645e-02
2.481480377343859428e-02
2.492275151800805999e-02
2.503082334044484311e-02
2.513901945479932870e-02
2.524734007561451818e-02
2.535578541792747609e-02
2.546435569727075604e-02
2.557305112967379196e-02
2.568187193166437954e-02
2.579081832027007096e-02
2.589989051301964593e-02
2.600908872794455845e-02
2.611841318358036276e-02
2.622786409896820520e-02
2.633744169365626747e-02
2.644714618770123427e-02
2.655697780166977467e-02
2.666693675664002020e-02
2.677702327420303577e-02
2.688723757646432552e-02
2.699757988604531422e-02
2.710805042608485302e-02
2.721864942024071476e-02
2.732937709269111712e-02
2.744023366813622480e-02
2.755121937179967270e-02
2.766233442943008894e-02
2.777357906730264225e-02
2.788495351222055815e-02
2.799645799151665587e-02
2.810809273305492351e-02
2.821985796523204457e-02
2.833175391697896617e-02
2.844378081776245681e-02
2.855593889758667112e-02
2.866822838699474921e-02
2.878064951707036065e-02
2.889320251943931425e-02
2.900588762627114708e-02
2.911870507028070307e-02
2.923165508472974974e-02
2.934473790342859156e-02
2.945795376073766583e-02
2.957130289156918029e-02
2.968478553138871254e-02
2.979840191621687187e-02
2.991215228263091955e-02
3.002603686776639247e-02
3.014005590931878933e-02
3.025420964554520822e-02
3.036849831526598070e-02
3.048292215786637185e-02
3.059748141329824908e-02
3.071217632208172316e-02
3.082700712530689335e-02
3.094197406463547115e-02
3.105707738230250800e-02
3.117231732111812315e-02
3.128769412446914117e-02
3.140320803632087876e-02
3.151885930121881008e-02
3.163464816429032572e-02
3.175057487124644667e-02
3.186663966838358675e-02
3.198284280258523876e-02
3.209918452132381333e-02
3.221566507266231116e-02
3.233228470525614101e-02
3.244904366835486137e-02
3.256594221180397070e-02
3.268298058604666989e-02
3.280015904212569416e-02
3.291747783168505470e-02
3.303493720697185665e-02
3.315253742083815180e-02
3.327027872674267334e-02
3.338816137875272316e-02
3.350618563154596913e-02
3.362435174041227687e-02
3.374265996125558331e-02
3.386111055059569386e-02
3.397970376557015587e-02
3.409843986393616688e-02
3.421731910407235788e-02
3.433634174498072233e-02
3.445550804628849662e-02
3.457481826825002658e-02
3.469427267174866186e-02
3.481387151829869880e-02
3.493361507004721228e-02
3.505350358977605413e-02
3.517353734090371969e-02
3.529371658748729768e-02
3.541404159422440606e-02
3.553451262645512809e-02
3.565512995016395514e-02
3.577589383198179901e-02
3.589680453918786540e-02
3.601786233971170093e-02
3.613906750213514291e-02
3.626042029569429698e-02
3.638192099028156323e-02
3.650356985644759300e-02
3.662536716540332193e-02
3.674731318902200311e-02
3.686940819984119849e-02
3.699165247106481896e-02
3.711404627656516436e-02
3.723658989088497046e-02
3.735928358923946285e-02
3.748212764751841092e-02
3.760512234228819556e-02
3.772826795079389089e-02
3.785156475096135287e-02
3.797501302139928703e-02
3.809861304140137878e-02
3.822236509094836809e-02
3.834626945071017978e-02
3.847032640204806064e-02
3.859453622701666115e-02
3.871889920836624893e-02
3.884341562954475580e-02
3.896808577470002588e-02
3.909290992868193204e-02
3.921788837704452690e-02
3.934302140604826331e-02
3.946830930266215232e-02
3.959375235456597669e-02
3.971935085015244893e-02
3.984510507852947331e-02
3.997101532952235942e-02
4.009708189367600789e-02
4.022330506225716557e-02
4.034968512725670836e-02
4.047622238139182010e-02
4.060291711810830317e-02
4.072976963158284752e-02
4.085678021672526500e-02
4.098394916918082082e-02
4.111127678533253726e-02
4.123876336230340028e-02
4.136640919795880195e-02
4.149421459090878173e-02
4.162217984051035102e-02
4.175030524686986627e-02
4.187859111084537428e-02
4.200703773404890207e-02
4.213564541884892711e-02
4.226441446837267413e-02
4.239334518650850203e-02
4.252243787790831869e-02
4.265169284798996790e-02
4.278111040293965800e-02
4.291069084971431413e-02
4.304043449604411098e-02
4.317034165043481114e-02
4.330041262217027009e-02
4.343064772131485785e-02
4.356104725871594308e-02
4.369161154600634950e-02
4.382234089560685386e-02
4.395323562072869089e-02
4.408429603537598190e-02
4.421552245434835077e-02
4.434691519324338027e-02
4.447847456845913094e-02
4.461020089719672926e-02
4.474209449746289341e-02
4.487415568807245903e-02
4.500638478865101599e-02
4.513878211963743420e-02
4.527134800228647948e-02
4.540408275867136717e-02
4.553698671168645434e-02
4.567006018504977949e-02
4.580330350330570621e-02
4.593671699182761553e-02
4.607030097682048020e-02
4.620405578532356394e-02
4.633798174521308599e-02
4.647207918520489950e-02
4.660634843485717688e-02
4.674078982457310905e-02
4.687540368560362547e-02
4.701019035005009339e-02
4.714515015086707950e-02
4.728028342186507693e-02
4.741559049771321838e-02
4.755107171394212101e-02
4.768672740694659268e-02
4.782255791398843520e-02
4.795856357319926155e-02
4.809474472358325065e-02
4.823110170502004773e-02
4.836763485826747755e-02
4.850434452496447946e-02
4.864123104763393157e-02
4.877829476968546796e-02
4.891553603541842071e-02
4.905295519002466492e-02
4.919055257959147054e-02
4.932832855110450693e-02
4.946628345245068781e-02
4.960441763242108559e-02
4.974273144071394981e-02
4.988122522793757979e-02
5.001989934561331536e-02
5.015875414617853439e-02
5.029778998298960885e-02
5.043700721032488843e-02
5.057640618338776067e-02
5.071598725830964161e-02
5.085575079215298028e-02
5.099569714291436046e-02
5.113582666952751904e-02
5.127613973186644081e-02
5.141663669074839765e-02
5.155731790793707803e-02
5.169818374614570250e-02
5.183923456904008381e-02
5.198047074124181877e-02
5.212189262833140380e-02
5.226350059685135746e-02
5.240529501430944703e-02
5.254727624918185958e-02
5.268944467091632444e-02
5.283180064993538844e-02
5.297434455763964239e-02
5.311707676641087145e-02
5.325999764961537181e-02
5.340310758160718430e-02
5.354640693773134175e-02
5.368989609432718579e-02
5.383357542873165591e-02
5.397744531928252987e-02
5.412150614532186543e-02
5.426575828719923389e-02
5.441020212627512703e-02
5.455483804492423927e-02
5.469966642653895789e-02
5.484468765553265901e-02
5.498990211734314237e-02
5.513531019843603137e-02
5.528091228630824250e-02
5.542670876949135766e-02
5.557270003755514221e-02
5.571888648111100739e-02
5.586526849181542437e-02
5.601184646237353931e-02
5.615862078654257350e-02
5.630559185913543152e-02
5.645276007602417767e-02
5.660012583414366499e-02
5.674768953149500472e-02
5.689545156714923002e-02
5.704341234125089033e-02
5.719157225502158326e-02
5.733993171076367384e-02
5.748849111186392358e-02
5.763725086279707088e-02
5.778621136912959200e-02
5.793537303752333001e-02
5.808473627573923492e-02
5.823430149264101352e-02
5.838406909819895962e-02
5.853403950349361784e-02
5.868421312071955137e-02
5.883459036318919311e-02
5.898517164533653712e-02
5.913595738272101748e-02
5.928694799203129001e-02
5.943814389108910412e-02
5.958954549885310537e-02
5.974115323542278366e-02
5.989296752204227581e-02
6.004498878110433452e-02
6.019721743615419340e-02
6.034965391189355682e-02
6.050229863418446485e-02
6.065515203005335254e-02
6.080821452769498425e-02
6.096148655647643660e-02
6.111496854694114383e-02
6.126866093081292236e-02
6.142256414100004391e-02
6.157667861159921152e-02
6.173100477789975754e-02
6.188554307638767515e-02
6.204029394474969844e-02
6.219525782187753510e-02
6.235043514787195346e-02
6.250582636404690418e-02
6.266143191293382930e-02
6.281725223828575622e-02
6.297328778508153035e-02
6.312953899953009651e-02
6.328600632907473156e-02
6.344269022239727718e-02
6.359959112942248360e-02
6.375670950132229786e-02
6.391404579052015200e-02
6.407160045069539012e-02
6.422937393678754270e-02
6.438736670500073977e-02
6.454557921280811017e-02
6.470401191895619464e-02
6.486266528346941451e-02
6.502153976765440158e-02
6.518063583410464712e-02
6.533995394670485957e-02
6.549949457063551639e-02
6.565925817237740214e-02
6.581924521971613262e-02
6.597945618174672067e-02
6.613989152887819745e-02
6.630055173283817826e-02
6.646143726667746998e-02
6.662254860477477558e-02
6.678388622284134324e-02
6.694545059792554598e-02
6.710724220841776666e-02
6.726926153405493602e-02
6.743150905592540378e-02
6.759398525647361544e-02
6.775669061950499727e-02
6.791962563019059151e-02
6.808279077507208010e-02
6.824618654206646151e-02
6.840981342047104674e-02
6.857367190096819165e-02
6.873776247563034847e-02
6.890208563792492302e-02
6.906664188271920135e-02
6.923143170628535958e-02
6.939645560630544607e-02
6.956171408187637739e-02
6.972720763351497597e-02
6.989293676316303550e-02
7.005890197419235854e-02
7.022510377140987747e-02
7.039154266106283087e-02
7.055821915084374563e-02
7.072513374989575219e-02
7.089228696881777481e-02
7.105967931966956919e-02
7.122731131597713483e-02
7.139518347273787757e-02
7.156329630642585538e-02
7.173165033499717680e-02
7.190024607789524680e-02
7.206908405605609580e-02
7.223816479191377815e-02
7.240748880940579835e-02
7.257705663397845397e-02
7.274686879259226191e-02
7.291692581372750948e-02
7.308722822738966673e-02
7.325777656511485436e-02
7.342857135997549189e-02
7.359961314658573783e-02
7.377090246110713789e-02
7.394243984125420388e-02
7.411422582630004807e-02
7.428626095708198984e-02
7.445854577600730106e-02
7.463108082705888213e-02
7.480386665580092409e-02
7.497690380938477894e-02
7.515019283655463567e-02
7.532373428765337664e-02
7.549752871462832304e-02
7.567157667103724394e-02
7.584587871205407394e-02
7.602043539447485287e-02
7.619524727672373487e-02
7.637031491885887258e-02
7.654563888257838455e-02
7.672121973122641991e-02
7.689705802979916738e-02
7.707315434495089213e-02
7.724950924500004201e-02
7.742612329993539544e-02
7.760299708142211206e-02
7.778013116280800554e-02
7.795752611912966368e-02
7.813518252711869339e-02
7.831310096520802122e-02
7.849128201353805512e-02
7.866972625396312369e-02
7.884843427005770733e-02
7.902740664712283591e-02
7.920664397219251418e-02
7.938614683404006389e-02
7.956591582318463252e-02
7.974595153189768804e-02
7.992625455420940273e-02
8.010682548591535612e-02
8.028766492458296045e-02
8.046877346955809418e-02
8.065015172197176341e-02
8.083180028474670764e-02
8.101371976260408891e-02
8.119591076207019475e-02
8.137837389148325218e-02
8.156110976100004739e-02
8.174411898260289244e-02
8.192740217010634207e-02
8.211095993916410485e-02
8.229479290727592655e-02
8.247890169379451519e-02
8.266328691993249378e-02
8.284794920876940860e-02
8.303288918525869589e-02
8.321810747623481497e-02
8.340360471042022883e-02
8.358938151843260667e-02
8.377543853279191544e-02
8.396177638792760856e-02
8.414839572018587011e-02
8.433529716783678964e-02
8.452248137108175907e-02
8.470994897206060581e-02
8.489770061485914232e-02
8.508573694551635480e-02
8.527405861203192494e-02
8.546266626437364067e-02
8.565156055448487626e-02
8.584074213629207251e-02
8.603021166571239720e-02
8.621996980066112815e-02
8.641001720105950801e-02
8.660035452884216889e-02
8.679098244796494555e-02
8.698190162441259143e-02
8.717311272620649476e-02
8.736461642341246392e-02
8.755641338814859620e-02
8.774850429459316037e-02
8.794088981899238211e-02
8.813357063966850702e-02
8.832654743702771094e-02
8.851982089356809358e-02
8.871339169388775536e-02
8.890726052469290208e-02
8.910142807480592175e-02
8.929589503517354476e-02
8.949066209887504564e-02
8.968572996113055584e-02
8.988109931930918228e-02
9.007677087293741724e-02
9.027274532370750670e-02
9.046902337548573536e-02
9.066560573432100312e-02
9.086249310845312399e-02
9.105968620832149973e-02
9.125718574657347426e-02
9.145499243807315992e-02
9.165310699990979193e-02
9.185153015140661015e-02
9.205026261412944943e-02
9.224930511189555205e-02
9.244865837078225512e-02
9.264832311913599738e-02
9.284830008758097886e-02
9.304859000902822308e-02
9.324919361868447276e-02
9.345011165406119646e-02
9.365134485498359529e-02
9.385289396359974834e-02
9.405475972438971655e-02
9.425694288417459099e-02
9.445944419212594367e-02
9.466226439977486196e-02
9.486540426102132995e-02
9.506886453214359600e-02
9.527264597180748473e-02
9.547674934107590328e-02
9.568117540341825045e-02
9.588592492472000628e-02
9.609099867329222444e-02
9.629639741988119117e-02
9.650212193767808422e-02
9.670817300232863178e-02
9.691455139194288249e-02
9.712125788710498919e-02
9.732829327088313165e-02
9.753565832883924480e-02
9.774335384903910795e-02
9.795138062206228124e-02
9.815973944101202830e-02
9.836843110152561354e-02
9.857745640178423863e-02
9.878681614252327048e-02
9.899651112704251077e-02
9.920654216121642388e-02
9.941691005350447585e-02
9.962761561496154272e-02
9.983865965924824948e-02
1.000500430026415449e-01
1.002617664640451101e-01
1.004738308650000717e-01
1.006862370296954801e-01
1.008989857849791061e-01
1.011120779603680991e-01
1.013255143880598397e-01
1.015392959029426806e-01
1.017534233426068552e-01
1.019678975473555377e-01
1.021827193602156264e-01
1.023978896269489708e-01
1.026134091960633765e-01
1.028292789188238188e-01
1.030454996492634889e-01
1.032620722441953548e-01
1.034789975632231795e-01
1.036962764687531097e-01
1.039139098260049576e-01
1.041318985030237343e-01
1.043502433706912647e-01
1.045689453027376231e-01
1.047880051757529296e-01
1.050074238691990902e-01
1.052272022654213851e-01
1.054473412496604312e-01
1.056678417100641171e-01
1.058887045376993435e-01
1.061099306265642223e-01
1.063315208736000800e-01
1.065534761787035462e-01
1.067757974447387237e-01
1.069984855775495958e-01
1.072215414859719884e-01
1.074449660818463520e-01
1.076687602800298488e-01
1.078929249984090094e-01
1.081174611579122508e-01
1.083423696825224769e-01
1.085676514992897079e-01
1.087933075383439308e-01
1.090193387329078112e-01
1.092457460193095448e-01
1.094725303369959019e-01
1.096996926285450646e-01
1.099272338396798249e-01
1.101551549192805596e-01
1.103834568193985816e-01
1.106121404952692955e-01
1.108412069053255899e-01
1.110706570112111047e-01
1.113004917777938724e-01
1.115307121731796136e-01
1.117613191687255175e-01
1.119923137390538559e-01
1.122236968620656805e-01
1.124554695189546039e-01
1.126876326942208156e-01
1.129201873756847385e-01
1.131531345545013362e-01
1.133864752251740604e-01
1.136202103855689649e-01
1.138543410369290132e-01
1.140888681838883034e-01
1.143237928344865428e-01
1.145591160001832864e-01
1.147948386958727446e-01
1.150309619398981048e-01
1.152674867540663950e-01
1.155044141636630411e-01
1.157417451974668693e-01
1.159794808877648020e-01
1.162176222703669853e-01
1.164561703846217627e-01
1.166951262734308437e-01
1.169344909832644025e-01
1.171742655641764413e-01
1.174144510698201249e-01
1.176550485574631988e-01
1.178960590880035186e-01
1.181374837259846211e-01
1.183793235396114335e-01
1.186215796007660112e-01
1.188642529850233442e-01
1.191073447716673173e-01
1.193508560437067101e-01
1.195947878878912685e-01
1.198391413947278161e-01
1.200839176584966167e-01
1.203291177772676385e-01
1.205747428529168885e-01
1.208207939911431911e-01
1.210672723014844659e-01
1.213141788973345486e-01
1.215615148959600655e-01
1.218092814185170597e-01
1.220574795900680326e-01
1.223061105395990555e-01
1.225551754000367422e-01
1.228046753082655818e-01
1.230546114051451756e-01
1.233049848355276396e-01
1.235557967482750347e-01
1.238070482962770336e-01
1.240587406364685036e-01
1.243108749298473259e-01
1.245634523414921868e-01
1.248164740405805356e-01
1.250699412004067923e-01
1.253238549984000971e-01
1.255782166161429347e-01
1.258330272393893001e-01
1.260882880580831145e-01
1.263440002663767381e-01
1.266001650626496500e-01
1.268567836495271273e-01
1.271138572338990080e-01
1.273713870269388704e-01
1.276293742441226287e-01
1.278878201052480734e-01
1.281467258344538285e-01
1.284060926602387520e-01
1.286659218154813933e-01
1.289262145374595048e-01
1.291869720678697209e-01
1.294481956528472644e-01
1.297098865429857917e-01
1.299720459933572936e-01
1.302346752635323290e-01
1.304977756176000925e-01
1.307613483241885921e-01
1.310253946564852723e-01
1.312899158922572751e-01
1.315549133138722848e-01
1.318203882083190115e-01
1.320863418672282019e-01
1.323527755868935674e-01
1.326196906682927668e-01
1.328870884171085842e-01
1.331549701437503286e-01
1.334233371633751219e-01
1.336921907959094380e-01
1.339615323660708623e-01
1.342313632033897419e-01
1.345016846422309731e-01
1.347724980218162893e-01
1.350438046862459940e-01
1.353156059845215253e-01
1.355879032705676335e-01
1.358606979032548900e-01
1.361339912464223922e-01
1.364077846689003559e-01
1.366820795445330416e-01
1.369568772522017364e-01
1.372321791758477905e-01
1.375079867044959603e-01
1.377843012322776672e-01
1.380611241584545623e-01
1.383384568874420906e-01
1.386163008288332776e-01
1.388946573974225995e-01
1.391735280132299912e-01
1.394529141015250218e-01
1.397328170928511526e-01
1.400132384230501070e-01
1.402941795332864894e-01
1.405756418700724597e-01
1.408576268852925750e-01
1.411401360362287138e-01
1.414231707855851949e-01
1.417067326015140627e-01
1.419908229576403724e-01
1.422754433330877810e-01
1.425605952125043041e-01
1.428462800860879622e-01
1.431324994496128156e-01
1.434192548044551374e-01
1.437065476576196155e-01
1.439943795217655531e-01
1.442827519152339033e-01
1.445716663620734144e-01
1.448611243920678304e-01
1.451511275407628143e-01
1.454416773494930648e-01
1.457327753654095448e-01
1.460244231415071814e-01
1.463166222366522606e-01
1.466093742156102941e-01
1.469026806490739412e-01
1.471965431136910973e-01
1.474909631920930941e-01
1.477859424729232041e-01
1.480814825508651178e-01
1.483775850266718377e-01
1.486742515071943771e-01
1.489714836054109315e-01
1.492692829404562160e-01
1.495676511376505258e-01
1.498665898285297393e-01
1.501661006508747398e-01
1.504661852487415019e-01
1.507668452724909847e-01
1.510680823788196903e-01
1.513698982307897234e-01
1.516722944978597110e-01
1.519752728559153887e-01
1.522788349873006875e-01
1.525829825808487084e-01
1.528877173319132532e-01
1.531930409424001049e-01
1.534989551207989467e-01
1.538054615822150306e-01
1.541125620484012360e-01
1.544202582477905705e-01
1.547285519155282563e-01
1.550374447935044808e-01
1.553469386303872879e-01
1.556570351816554398e-01
1.559677362096316688e-01
1.562790434835162057e-01
1.565909587794200031e-01
1.569034838803989307e-01
1.572166205764873870e-01
1.575303706647327162e-01
1.578447359492295143e-01
1.581597182411541846e-01
1.584753193587996878e-01
1.587915411276107358e-01
1.591083853802186254e-01
1.594258539564769317e-01
1.597439487034971461e-01
1.600626714756842039e-01
1.603820241347728437e-01
1.607020085498636341e-01
1.610226265974595561e-01
1.613438801615025842e-01
1.616657711334108238e-01
1.619883014121152598e-01
1.623114729040975035e-01
1.626352875234269579e-01
1.629597471917989260e-01
1.632848538385724135e-01
1.636106094008084877e-01
1.639370158233088015e-01
1.642640750586540910e-01
1.645917890672433381e-01
1.649201598173327954e-01
1.652491892850753430e-01
1.655788794545603460e-01
1.659092323178533723e-01
1.662402498750363278e-01
1.665719341342478121e-01
1.669042871117239202e-01
1.672373108318386814e-01
1.675710073271455824e-01
1.679053786384187008e-01
1.682404268146944215e-01
1.685761539133131814e-01
1.689125619999616024e-01
1.692496531487148181e-01
1.695874294420793849e-01
1.699258929710357191e-01
1.702650458350815910e-01
1.706048901422753394e-01
1.709454280092796707e-01
1.712866615614056509e-01
1.716285929326565596e-01
1.719712242657729095e-01
1.723145577122767447e-01
1.726585954325170202e-01
1.730033395957146780e-01
1.733487923800083597e-01
1.736949559725000924e-01
1.740418325693018631e-01
1.743894243755815532e-01
1.747377336056100405e-01
1.750867624828079394e-01
1.754365132397932847e-01
1.757869881184286887e-01
1.761381893698695522e-01
1.764901192546121655e-01
1.768427800425421692e-01
1.771961740129834872e-01
1.775503034547472880e-01
1.779051706661813892e-01
1.782607779552201344e-01
1.786171276394343532e-01
1.789742220460816269e-01
1.793320635121570250e-01
1.796906543844440651e-01
1.800499970195661714e-01
1.804100937840379115e-01
1.807709470543173713e-01
1.811325592168581411e-01
1.814949326681622177e-01
1.818580698148325736e-01
1.822219730736267251e-01
1.825866448715101897e-01
1.829520876457104706e-01
1.833183038437715406e-01
1.836852959236081606e-01
1.840530663535611122e-01
1.844216176124523487e-01
1.847909521896409224e-01
1.851610725850788564e-01
1.855319813093675441e-01
1.859036808838145927e-01
1.862761738404910272e-01
1.866494627222885783e-01
1.870235500829776909e-01
1.873984384872656450e-01
1.877741305108554248e-01
1.881506287405044220e-01
1.885279357740839157e-01
1.889060542206388305e-01
1.892849867004479103e-01
1.896647358450841703e-01
1.900453042974758755e-01
1.904266947119677422e-01
1.908089097543828050e-01
1.911919521020845336e-01
1.915758244440391445e-01
1.919605294808786888e-01
1.923460699249642802e-01
1.927324485004501264e-01
1.931196679433472285e-01
1.935077310015883567e-01
1.938966404350928041e-01
1.942863990158320009e-01
1.946770095278952117e-01
1.950684747675559272e-01
1.954607975433385880e-01
1.958539806760856428e-01
1.962480269990253545e-01
1.966429393578397189e-01
1.970387206107328260e-01
1.974353736285001104e-01
1.978329012945976850e-01
1.982313065052120626e-01
1.986305921693305165e-01
1.990307612088120792e-01
1.994318165584585967e-01
1.998337611660866153e-01
2.002365979925994910e-01
2.006403300120601085e-01
2.010449602117642953e-01
2.014504915923141792e-01
2.018569271676924626e-01
2.022642699653372234e-01
2.026725230262168831e-01
2.030816894049061738e-01
2.034917721696619386e-01
2.039027744025001532e-01
2.043146991992728645e-01
2.047275496697462116e-01
2.051413289376784188e-01
2.055560401408987881e-01
2.059716864313868023e-01
2.063882709753522560e-01
2.068057969533154128e-01
2.072242675601879414e-01
2.076436860053545996e-01
2.080640555127552249e-01
2.084853793209672235e-01
2.089076606832887817e-01
2.093309028678227157e-01
2.097551091575604876e-01
2.101802828504676368e-01
2.106064272595686293e-01
2.110335457130332881e-01
2.114616415542632799e-01
2.118907181419795172e-01
2.123207788503097826e-01
2.127518270688773250e-01
2.131838662028897602e-01
2.136168996732291381e-01
2.140509309165416207e-01
2.144859633853288539e-01
2.149220005480393936e-01
2.153590458891608272e-01
2.157971029093126436e-01
2.162361751253396580e-01
2.166762660704061871e-01
2.171173792940906955e-01
2.175595183624815521e-01
2.180026868582725652e-01
2.184468883808603212e-01
2.188921265464411903e-01
2.193384049881099418e-01
2.197857273559580271e-01
2.202340973171734717e-01
2.206835185561408230e-01
2.211339947745424028e-01
2.215855296914596151e-01
2.220381270434754473e-01
2.224917905847774990e-01
2.229465240872618992e-01
2.234023313406376943e-01
2.238592161525320701e-01
2.243171823485966276e-01
2.247762337726138815e-01
2.252363742866051177e-01
2.256976077709383910e-01
2.261599381244377704e-01
2.266233692644930020e-01
2.270879051271705862e-01
2.275535496673247449e-01
2.280203068587098314e-01
2.284881806940934068e-01
2.289571751853702042e-01
2.294272943636764261e-01
2.298985422795055689e-01
2.303709230028246346e-01
2.308444406231914547e-01
2.313190992498724285e-01
2.317949030119615950e-01
2.322718560585002034e-01
2.327499625585974785e-01
2.332292267015522169e-01
2.337096526969747179e-01
2.341912447749103510e-01
2.346740071859636512e-01
2.351579442014235244e-01
2.356430601133887304e-01
2.361293592348953085e-01
2.366168459000440871e-01
2.371055244641297188e-01
2.375953993037700218e-01
2.380864748170369583e-01
2.385787554235878627e-01
2.390722455647986688e-01
2.395669497038968310e-01
2.400628723260962161e-01
2.405600179387326065e-01
2.410583910714001465e-01
2.415579962760891763e-01
2.420588381273244272e-01
2.425609212223050204e-01
2.430642501810447997e-01
2.435688296465144120e-01
2.440746642847837211e-01
2.445817587851658315e-01
2.450901178603617225e-01
2.455997462466068815e-01
2.461106487038176582e-01
2.466228300157398412e-01
2.471362949900978434e-01
2.476510484587454430e-01
2.481670952778167460e-01
2.486844403278794247e-01
2.492030885140883445e-01
2.497230447663406072e-01
2.502443140394319809e-01
2.507669013132138303e-01
2.512908115927521280e-01
2.518160499084868276e-01
2.523426213163935672e-01
2.528705308981450406e-01
2.533997837612749771e-01
2.539303850393428430e-01
2.544623398920996538e-01
2.549956535056553397e-01
2.555303310926472227e-01
2.560663778924098799e-01
2.566037991711462851e-01
2.571426002221002816e-01
2.576827863657302764e-01
2.582243629498843784e-01
2.587673353499769791e-01
2.593117089691666100e-01
2.598574892385350776e-01
2.604046816172679857e-01
2.609532915928369223e-01
2.615033246811830359e-01
2.620547864269014982e-01
2.626076824034280222e-01
2.631620182132267116e-01
2.637177994879792986e-01
2.642750318887756578e-01
2.648337211063060970e-01
2.653938728610550912e-01
2.659554929034969040e-01
2.665185870142914859e-01
2.670831610044837601e-01
2.676492207157027958e-01
2.682167720203638139e-01
2.687858208218709133e-01
2.693563730548218516e-01
2.699284346852144911e-01
2.705020117106544664e-01
2.710771101605651268e-01
2.716537360963985903e-01
2.722318956118486288e-01
2.728115948330653850e-01
2.733928399188721436e-01
2.739756370609828240e-01
2.745599924842221373e-01
2.751459124467471318e-01
2.757334032402709578e-01
2.763224711902874109e-01
2.769131226562985826e-01
2.775053640320432891e-01
2.780992017457278864e-01
2.786946422602593065e-01
2.792916920734785924e-01
2.798903577183980418e-01
2.804906457634391836e-01
2.810925628126731413e-01
2.816961155060626609e-01
2.823013105197063055e-01
2.829081545660846464e-01
2.835166543943085093e-01
2.841268167903690522e-01
2.847386485773900633e-01
2.853521566158823131e-01
2.859673478040001271e-01
2.865842290777996237e-01
2.872028074114995055e-01
2.878230898177440156e-01
2.884450833478677256e-01
2.890687950921631555e-01
2.896942321801495579e-01
2.903214017808450897e-01
2.909503111030403710e-01
2.915809673955752079e-01
2.922133779476163151e-01
2.928475500889389238e-01
2.934834911902093335e-01
2.941212086632711276e-01
2.947607099614323878e-01
2.954020025797565174e-01
2.960450940553550070e-01
2.966899919676827535e-01
2.973367039388356003e-01
2.979852376338508746e-01
2.986356007610101448e-01
2.992878010721442550e-01
2.999418463629421883e-01
3.005977444732608195e-01
3.012555032874384975e-01
3.019151307346109592e-01
3.025766347890300745e-01
3.032400234703848119e-01
3.039053048441257565e-01
3.045724870217915714e-01
3.052415781613392332e-01
3.059125864674758222e-01
3.065855201919945316e-01
3.072603876341122309e-01
3.079371971408116915e-01
3.086159571071846464e-01
3.092966759767794560e-01
3.099793622419511063e-01
3.106640244442143151e-01
3.113506711746001909e-01
3.120393110740147247e-01
3.127299528336019985e-01
3.134226051951093384e-01
3.141172769512567409e-01
3.148139769461082427e-01
3.155127140754476200e-01
3.162134972871568084e-01
3.169163355815984295e-01
3.176212380120002066e-01
3.183282136848443189e-01
3.190372717602593666e-01
3.197484214524161095e-01
3.204616720299263699e-01
3.211770328162458221e-01
3.218945131900802781e-01
3.226141225857954153e-01
3.233358704938307793e-01
3.240597664611163387e-01
3.247858200914935378e-01
3.255140410461404565e-01
3.262444390440001896e-01
3.269770238622127789e-01
3.277118053365519756e-01
3.284487933618649991e-01
3.291879978925175143e-01
3.299294289428406080e-01
3.306730965875839812e-01
3.314190109623717517e-01
3.321671822641635852e-01
3.329176207517183794e-01
3.336703367460640002e-01
3.344253406309699028e-01
3.351826428534248614e-01
3.359422539241190830e-01
3.367041844179299859e-01
3.374684449744130843e-01
3.382350462982972594e-01
3.390039991599848590e-01
3.397753143960555167e-01
3.405490029097756333e-01
3.413250756716118550e-01
3.421035437197501583e-01
3.428844181606184316e-01
3.436677101694151082e-01
3.444534309906420178e-01
3.452415919386430665e-01
3.460322043981464146e-01
3.468252798248133151e-01
3.476208297457912266e-01
3.484188657602720895e-01
3.492193995400565409e-01
3.500224428301225155e-01
3.508280074491996192e-01
3.516361052903492213e-01
3.524467483215498187e-01
3.532599485862873423e-01
3.540757182041519568e-01
3.548940693714400241e-01
3.557150143617625049e-01
3.565385655266573584e-01
3.573647352962101009e-01
3.581935361796785289e-01
3.590249807661246018e-01
3.598590817250513774e-01
3.606958518070466635e-01
3.615353038444329981e-01
3.623774507519231247e-01
3.632223055272831846e-01
3.640698812520002936e-01
3.649201910919583347e-01
3.657732482981197464e-01
3.666290662072138051e-01
3.674876582424313476e-01
3.683490379141268756e-01
3.692132188205270449e-01
3.700802146484464816e-01
3.709500391740100378e-01
3.718227062633825963e-01
3.726982298735058707e-01
3.735766240528428095e-01
3.744579029421283289e-01
3.753420807751285948e-01
3.762291718794072426e-01
3.771191906770992031e-01
3.780121516856927988e-01
3.789080695188181136e-01
3.798069588870450208e-01
3.807088345986879285e-01
3.816137115606191843e-01
3.825216047790902518e-01
3.834325293605612139e-01
3.843465005125386025e-01
3.852635335444223319e-01
3.861836438683593498e-01
3.871068470001078343e-01
3.880331585599092747e-01
3.889625942733694886e-01
3.898951699723481878e-01
3.908309015958581489e-01
3.917698051909732082e-01
3.927118969137455284e-01
3.936571930301329125e-01
3.946057099169338334e-01
3.955574640627340655e-01
3.965124720688616988e-01
3.974707506503529775e-01
3.984323166369265201e-01
3.993971869739693648e-01
4.003653787235320061e-01
4.013369090653347016e-01
4.023117952977826040e-01
4.032900548389933282e-01
4.042717052278338441e-01
4.052567641249689712e-01
4.062452493139202536e-01
4.072371787021361600e-01
4.082325703220736068e-01
4.092314423322904182e-01
4.102338130185501641e-01
4.112397007949371575e-01
4.122491242049844962e-01
4.132621019228135961e-01
4.142786527542859365e-01
4.152987956381663515e-01
4.163225496472994780e-01
4.173499339897980831e-01
4.183809680102453243e-01
4.194156711909077240e-01
4.204540631529628536e-01
4.214961636577394533e-01
4.225419926079715949e-01
4.235915700490647806e-01
4.246449161703773068e-01
4.257020513065147282e-01
4.267629959386380345e-01
4.278277706957872573e-01
4.288963963562172910e-01
4.299688938487503664e-01
4.310452842541417917e-01
4.321255888064620687e-01
4.332098288944921105e-01
4.342980260631353340e-01
4.353902020148447960e-01
4.364863786110662058e-01
4.375865778736957035e-01
4.386908219865554570e-01
4.397991332968841371e-01
4.409115343168452106e-01
4.420280477250501661e-01
4.431486963681003366e-01
4.442735032621450975e-01
4.454024915944574947e-01
4.465356847250281924e-01
4.476731061881756846e-01
4.488147796941760470e-01
4.499607291309102863e-01
4.511109785655312288e-01
4.522655522461469513e-01
4.534244746035257512e-01
4.545877702528190456e-01
4.557554639953045883e-01
4.569275808201480049e-01
4.581041459061863108e-01
4.592851846237302471e-01
4.604707225363888212e-01
4.616607854029124991e-01
4.628553991790596012e-01
4.640545900194831264e-01
4.652583842796393920e-01
4.664668085177195445e-01
4.676798894966014974e-01
4.688976541858266289e-01
4.701201297635979048e-01
4.713473436188025945e-01
4.725793233530565796e-01
4.738160967827746983e-01
4.750576919412633492e-01
4.763041370808400732e-01
4.775554606749748410e-01
4.788116914204591512e-01
4.800728582395993871e-01
4.813389902824372624e-01
4.826101169289943593e-01
4.838862677915458099e-01
4.851674727169191792e-01
4.864537617888216592e-01
4.877451653301950740e-01
4.890417139055979745e-01
4.903434383236171534e-01
4.916503696393082490e-01
4.929625391566656023e-01
4.942799784311208144e-01
4.956027192720727781e-01
4.969307937454477964e-01
4.982642341762911764e-01
4.996030731513889656e-01
5.009473435219232718e-01
5.022970784061586702e-01
5.036523111921631379e-01
5.050130755405594085e-01
5.063794053873132972e-01
5.077513349465536674e-01
5.091288987134293675e-01
5.105121314670002519e-01
5.119010682731631734e-01
5.132957444876160569e-01
5.146961957588573888e-01
5.161024580312243426e-01
5.175145675479670970e-01
5.189325608543629009e-01
5.203564748008686625e-01
5.217863465463140615e-01
5.232222135611324099e-01
5.246641136306348097e-01
5.261120848583243914e-01
5.275661656692534063e-01
5.290263948134210636e-01
5.304928113692164438e-01
5.319654547469045980e-01
5.334443646921577242e-01
5.349295812896291968e-01
5.364211449665772236e-01
5.379190964965315791e-01
5.394234770030088555e-01
5.409343279632777834e-01
5.424516912121685186e-01
5.439756089459356625e-01
5.455061237261690232e-01
5.470432784837573337e-01
5.485871165229003754e-01
5.501376815251768360e-01
5.516950175536639023e-01
5.532591690571118104e-01
5.548301808741713526e-01
5.564080982376795603e-01
5.579929667790002323e-01
5.595848325324240813e-01
5.611837419396242810e-01
5.627897418541732977e-01
5.644028795461204506e-01
5.660232027066283145e-01
5.676507594526744027e-01
5.692855983318124702e-01
5.709277683270004289e-01
5.725773188614923237e-01
5.742342998037975876e-01
5.758987614727045790e-01
5.775707546423760608e-01
5.792503305475104058e-01
5.809375408885776304e-01
5.826324378371210422e-01
5.843350740411373812e-01
5.860455026305264603e-01
5.877637772226195212e-01
5.894899519277796429e-01
5.912240813550833085e-01
5.929662206180789097e-01
5.947164253406251877e-01
5.964747516628122748e-01
5.982412562469632267e-01
6.000159962837208205e-01
6.017990294982198396e-01
6.035904141563469549e-01
6.053902090710848727e-01
6.071984736089510726e-01
6.090152676965238099e-01
6.108406518270641516e-01
6.126746870672278300e-01
6.145174350638769045e-01
6.163689580509859045e-01
6.182293188566493347e-01
6.200985809101868806e-01
6.219768082493529748e-01
6.238640655276496139e-01
6.257604180217448686e-01
6.276659316390003074e-01
6.295806729251045564e-01
6.315047090718208800e-01
6.334381079248468938e-01
6.353809379917905176e-01
6.373332684502595047e-01
6.392951691560739835e-01
6.412667106515972382e-01
6.432479641741923881e-01
6.452390016648004156e-01
6.472398957766489769e-01
6.492507198840895555e-01
6.512715480915675093e-01
6.533024552427235676e-01
6.553435169296354390e-01
6.573948095021959759e-01
6.594564100776334481e-01
6.615283965501765895e-01
6.636108476008639734e-01
6.657038427075042675e-01
6.678074621547869238e-01
6.699217870445498546e-01
6.720468993061994301e-01
6.741828817072946789e-01
6.763298178642925818e-01
6.784877922534604533e-01
6.806568902219539696e-01
6.828371979990702778e-01
6.850288027076737452e-01
6.872317923758028968e-01
6.894462559484534347e-01
6.916722832995513270e-01
6.939099652441104160e-01
6.961593935505828723e-01
6.984206609534054921e-01
7.006938611657419491e-01
7.029790888924292158e-01
7.052764398431302650e-01
7.075860107456971582e-01
7.099078993597444098e-01
7.122422044904443972e-01
7.145890260025417051e-01
7.169484648345970657e-01
7.193206230134558954e-01
7.217056036689571963e-01
7.241035110488781568e-01
7.265144505341252223e-01
7.289385286541694153e-01
7.313758531027382270e-01
7.338265327537649707e-01
7.362906776775991480e-01
7.387683991574879316e-01
7.412598097063264335e-01
7.437650230836903020e-01
7.462841543131502053e-01
7.488173196998777481e-01
7.513646368485422666e-01
7.539262246815131574e-01
7.565022034573652965e-01
7.590926947897016497e-01
7.616978216662886325e-01
7.643177084685218725e-01
7.669524809912218188e-01
7.696022664627695242e-01
7.722671935655832653e-01
7.749473924569517669e-01
7.776429947902248063e-01
7.803541337363690822e-01
7.830809440059021131e-01
7.858235618712003934e-01
7.885821251892040085e-01
7.913567734245132712e-01
7.941476476728951406e-01
7.969548906851969816e-01
7.997786468916888714e-01
8.026190624268321194e-01
8.054762851544914337e-01
8.083504646935909532e-01
8.112417524442326888e-01
8.141503016142807025e-01
8.170762672464253473e-01
8.200198062457301207e-01
8.229810774076812274e-01
8.259602414467438480e-01
8.289574610254365483e-01
8.319729007839397061e-01
8.350067273702383996e-01
8.380591094708264022e-01
8.411302178419696185e-01
8.442202253415511670e-01
8.473293069615004391e-01
8.504576398608303389e-01
8.536054033992859225e-01
8.567727791716264196e-01
8.599599510425441906e-01
8.631671051822450424e-01
8.663944301026981210e-01
8.696421166945744741e-01
8.729103582648802817e-01
8.761993505753149503e-01
8.795092918813574023e-01
8.828403829721025442e-01
8.861928272108657856e-01
8.895668305765664918e-01
8.929626017059167919e-01
8.963803519364273997e-01
8.998202953502535406e-01
9.032826488188929748e-01
9.067676320487653152e-01
9.102754676276852974e-01
9.138063810722569791e-01
9.173606008761985287e-01
9.209383585596364608e-01
9.245398887193755355e-01
9.281654290801802931e-01
9.318152205470773275e-01
9.354895072587187110e-01
9.391885366418188941e-01
9.429125594666961652e-01
9.466618299039460949e-01
9.504366055822658366e-01
9.542371476474682535e-01
9.580637208227055224e-01
9.619165934699386300e-01
9.657960376526695256e-01
9.697023291999868899e-01
9.736357477719376208e-01
9.775965769262721095e-01
9.815851041865809590e-01
9.856016211118743264e-01
9.896464233676268707e-01
9.937198107983323814e-01
9.978220875015961777e-01
1.001953561903815570e+00
1.006114546837479251e+00
1.010305359620129240e+00
1.014526322135029357e+00
1.018777760913574637e+00
1.023060007219500855e+00
1.027373397134923927e+00
1.031718271648270457e+00
1.036094976744132534e+00
1.040503863495111148e+00
1.044945288155690211e+00
1.049419612258200241e+00
1.053927202710915001e+00
1.058468431898351492e+00
1.063043677783820140e+00
1.067653324014293581e+00
1.072297760027638214e+00
1.076977381162296243e+00
1.081692588769461061e+00
1.086443790327824566e+00
1.091231399560965931e+00
1.096055836557439100e+00
1.100917527893653380e+00
1.105816906759604645e+00
1.110754413087548853e+00
1.115730493683680269e+00
1.120745602362918314e+00
1.125800200086874092e+00
1.130894755105091187e+00
1.136029743099643552e+00
1.141205647333195961e+00
1.146422958800616065e+00
1.151682176384241307e+00
1.156983807012895715e+00
1.162328365824778054e+00
1.167716376334317907e+00
1.173148370603118495e+00
1.178624889415107013e+00
1.184146482456000626e+00
1.189713708497232236e+00
1.195327135584448364e+00
1.200987341230725480e+00
1.206694912614628246e+00
1.212450446783269742e+00
1.218254550860506269e+00
1.224107842260432566e+00
1.230010948906315349e+00
1.235964509455154570e+00
1.241969173528016945e+00
1.248025601946336272e+00
1.254134466974338169e+00
1.260296452567800651e+00
1.266512254629328593e+00
1.272782581270342384e+00
1.279108153080000587e+00
1.285489703401248462e+00
1.291927978614241024e+00
1.298423738427348262e+00
1.304977756176000314e+00
1.311590819129595298e+00
1.318263728806752022e+00
1.324997301299154495e+00
1.331792367604274219e+00
1.338649773967238943e+00
1.345570382232166740e+00
1.352555070203250054e+00
1.359604732015925910e+00
1.366720278518439802e+00
1.373902637664169868e+00
1.381152754915048408e+00
1.388471593656455116e+00
1.395860135623971932e+00
1.403319381342373884e+00
1.410850350577299128e+00
1.418454082799999849e+00
1.426131637665640994e+00
1.433884095505581158e+00
1.441712557834148312e+00
1.449618147870384233e+00
1.457602011075297410e+00
1.465665315705134919e+00
1.473809253381271001e+00
1.482035039677266131e+00
1.490343914723727403e+00
1.498737143831574192e+00
1.507216018134398761e+00
1.515781855250585952e+00
1.524435999965907174e+00
1.533179824937347391e+00
1.542014731418906992e+00
1.550942150010221177e+00
1.559963541428810441e+00
1.569080397306857444e+00
1.578294241013394439e+00
1.587606628502888917e+00
1.597019149191193366e+00
1.606533426859913627e+00
1.616151120590250567e+00
1.625873925727476355e+00
1.635703574877197308e+00
1.645641838934651879e+00
1.655690528148300311e+00
1.665851493219084656e+00
1.676126626436732048e+00
1.686517862854576277e+00
1.697027181504443538e+00
1.707656606653166653e+00
1.718408209102449735e+00
1.729284107533803239e+00
1.740286469900407251e+00
1.751417514867790182e+00
1.762679513305377643e+00
1.774074789830981658e+00
1.785605724410464168e+00
1.797274754014850817e+00
1.809084374337362799e+00
1.821037141572872109e+00
1.833135674262475590e+00
1.845382655205939137e+00
1.857780833445001223e+00
1.870333026320573078e+00
1.883042121607087171e+00
1.895911079727396586e+00
1.908942936051760464e+00
1.922140803284714927e+00
1.935507873943730139e+00
1.949047422933832152e+00
1.962762810222506982e+00
1.976657483619530975e+00
1.990734981666512526e+00
2.004998936641271712e+00
2.019453077682360487e+00
2.034101234039437767e+00
2.048947338455390899e+00
2.063995430686530241e+00
2.079249661167411389e+00
2.094714294827339174e+00
2.110393715065876918e+00
2.126292427895160042e+00
2.142415066257253642e+00
2.158766394525192478e+00
2.175351313196959069e+00
2.192174863792056616e+00
2.209242233961000057e+00
2.226558762818541037e+00
2.244129946512222418e+00
2.261961444038398827e+00
2.280059083318701330e+00
2.298428867550586840e+00
2.317076981846592165e+00
2.336009800177647033e+00
2.355233892636876103e+00
2.374756033041209413e+00
2.394583206889360660e+00
2.414722619695750527e+00
2.435181705721285006e+00
2.455968137123232253e+00
2.477089833547791553e+00
2.498554972190636381e+00
2.520371998352211484e+00
2.542549636516462375e+00
2.565096901983450639e+00
2.588023113088539606e+00
2.611337904042862590e+00
2.635051238432306597e+00
2.659173423414673110e+00
2.683715124657601869e+00
2.708687382062681781e+00
2.734101626324494383e+00
2.759969696376696646e+00
2.786303857781190718e+00
2.813116822120311777e+00
2.840421767456475344e+00
2.868232359928499786e+00
2.896562776558879282e+00
2.925427729352096495e+00
2.954842490769940433e+00
2.984822920676595270e+00
3.015385494853282555e+00
3.046547335190296746e+00
3.078326241672591390e+00
3.110740726284538571e+00
3.143810048969454929e+00
3.177554255790797644e+00
3.211994219453810917e+00
3.247151682359810554e+00
3.283049302379620560e+00
3.319710701548788556e+00
3.357160517904390407e+00
3.395424460702496816e+00
3.434529369276394295e+00
3.474503275818601189e+00
3.515375472395463774e+00
3.557176582530882758e+00
3.599938637726895152e+00
3.643695159322814625e+00
3.688481246132755853e+00
3.734333668342923573e+00
3.781290968196720392e+00
3.829393568046950858e+00
3.878683886412002124e+00
3.929206462736168692e+00
3.981008091625514833e+00
4.034137967409460401e+00
4.088647839967014974e+00
4.144592182855030948e+00
4.202028374886714879e+00
4.261016896432781920e+00
4.321621541856822901e+00
4.383909649653753959e+00
4.447952352036500301e+00
4.513824845915910267e+00
4.581606687443999348e+00
4.651382112546444070e+00
4.723240386159393900e+00
4.797276183215176459e+00
4.873590004795753217e+00
4.952288633300721443e+00
5.033485630964560364e+00
5.117301886617573459e+00
5.203866216226423091e+00
5.293316023488901401e+00
5.385798027607735072e+00
5.481469066351334796e+00
5.580496983647363685e+00
5.683061612275392527e+00
5.789355863762623677e+00
5.899586939378986372e+00
6.013977678226181567e+00
6.132768060875190663e+00
6.256216889902593614e+00
6.384603672091063054e+00
6.518230731103581199e+00
6.657425584241621230e+00
6.802543622619577235e+00
6.953971140926976879e+00
7.112128771159184737e+00
7.277475384583764750e+00
7.450512538167628485e+00
7.631789556207866809e+00
7.821909355615879633e+00
8.021535144994338395e+00
8.231398154340920925e+00
8.452306585232062019e+00
8.685156012387537316e+00
8.930941518829481396e+00
9.190771911353822432e+00
9.465886444614890038e+00
9.757674585952321067e+00
1.006769948612340748e+01
1.039772599275714704e+01
1.074975426649980292e+01
1.112606035222462708e+01
1.152924544407274077e+01
1.196229609827997464e+01
1.242865834127238145e+01
1.293232956370418307e+01
1.347797338800517863e+01
1.407106450137595388e+01
1.471807298868952962e+01
1.542670133193773552e+01
1.620619250951058277e+01
1.706773538998602291e+01
1.802500525718096114e+01
1.909489510875177842e+01
2.029852119176867120e+01
2.166263075252144787e+01
2.322161310766747988e+01
2.502043890206676480e+01
2.711906899553210692e+01
2.959926819690075916e+01
3.257550723854316743e+01
3.621313273388392417e+01
4.076016460305991274e+01
