0.000000000000000000e+00
8.843240963617901823e-05
1.769530311522943787e-04
2.655619966020585153e-04
3.542594383028958740e-04
4.430454888366011732e-04
5.319202810500002921e-04
6.208839480556128812e-04
7.099366232323165446e-04
7.990784402260140036e-04
8.883095329503010737e-04
9.776300355871373523e-04
1.067040082587519291e-03
1.156539808672154678e-03
1.246129348832138205e-03
1.335808838329631803e-03
1.425578412698544220e-03
1.515438207745214289e-03
1.605388359549096136e-03
1.695429004463444187e-03
1.785560279116005103e-03
1.875782320409706463e-03
1.966095265523351305e-03
2.056499251912312452e-03
2.146994417309229432e-03
2.237580899724711265e-03
2.328258837448032945e-03
2.419028369047842349e-03
2.509889633372866264e-03
2.600842769552617721e-03
2.691887916998105066e-03
2.783025215402544494e-03
2.874254804742077361e-03
2.965576825276483586e-03
3.056991417549900260e-03
3.148498722391545896e-03
3.240098880916440337e-03
3.331792034526131607e-03
3.423578324909422755e-03
3.515457894043104350e-03
3.607430884192681757e-03
3.699497437913112398e-03
3.791657698049544310e-03
3.883911807738049931e-03
3.976259910406370300e-03
4.068702149774658383e-03
4.161238669856224572e-03
4.253869614958280879e-03
4.346595129682697713e-03
4.439415358926752410e-03
4.532330447883881237e-03
4.625340542044442671e-03
4.718445787196473735e-03
4.811646329426448945e-03
4.904942315120048787e-03
4.998333890962925602e-03
5.091821203941468595e-03
5.185404401343580126e-03
5.279083630759444194e-03
5.372859040082305325e-03
5.466730777509248330e-03
5.560698991541974598e-03
5.654763830987586185e-03
5.748925444959378586e-03
5.843183982877615291e-03
5.937539594470330091e-03
6.031992429774114643e-03
6.126542639134912975e-03
6.221190373208822059e-03
6.315935782962891522e-03
6.410779019675920745e-03
6.505720234939273323e-03
6.600759580657678503e-03
6.695897209050043035e-03
6.791133272650263022e-03
6.886467924308039244e-03
6.981901317189698544e-03
7.077433604779007417e-03
7.173064940877998605e-03
7.268795479607796824e-03
7.364625375409448831e-03
7.460554783044747416e-03
7.556583857597069277e-03
7.652712754472210284e-03
7.748941629399224221e-03
7.845270638431262392e-03
7.941699937946413226e-03
8.038229684648559234e-03
8.134860035568217476e-03
8.231591148063391317e-03
8.328423179820427374e-03
8.425356288854872477e-03
8.522390633512328881e-03
8.619526372469323364e-03
8.716763664734165917e-03
8.814102669647822311e-03
8.911543546884776248e-03
9.009086456453917549e-03
9.106731558699404303e-03
9.204479014301538906e-03
9.302328984277666649e-03
9.400281629983044812e-03
9.498337113111737784e-03
9.596495595697498299e-03
9.694757240114667760e-03
9.793122209079067886e-03
9.891590665648901035e-03
9.990162773225650522e-03
1.008883869555498268e-02
1.018761859672765412e-02
1.028650264118042244e-02
1.038549099369696048e-02
1.048458381940876698e-02
1.058378128379608429e-02
1.068308355268883340e-02
1.078249079226751596e-02
1.088200316906415277e-02
1.098162084996322056e-02
1.108134400220257311e-02
1.118117279337438319e-02
1.128110739142608107e-02
1.138114796466128779e-02
1.148129468174077621e-02
1.158154771168340598e-02
1.168190722386708118e-02
1.178237338802969568e-02
1.188294637427010289e-02
1.198362635304906290e-02
1.208441349519021567e-02
1.218530797188103858e-02
1.228630995467382137e-02
1.238741961548664103e-02
1.248863712660432806e-02
1.258996266067945007e-02
1.269139639073329530e-02
1.279293849015685804e-02
1.289458913271181867e-02
1.299634849253154638e-02
1.309821674412207926e-02
1.320019406236313739e-02
1.330228062250911336e-02
1.340447660019008017e-02
1.350678217141279731e-02
1.360919751256171699e-02
1.371172280040000753e-02
1.381435821207056477e-02
1.391710392509702687e-02
1.401996011738480472e-02
1.412292696722211756e-02
1.422600465328099743e-02
1.432919335461834559e-02
1.443249325067696119e-02
1.453590452128658388e-02
1.463942734666493460e-02
1.474306190741876341e-02
1.484680838454489372e-02
1.495066695943128923e-02
1.505463781385810336e-02
1.515872112999873747e-02
1.526291709042091119e-02
1.536722587808771884e-02
1.547164767635871713e-02
1.557618266899098505e-02
1.568083104014020637e-02
1.578559297436175554e-02
1.589046865661177671e-02
1.599545827224827313e-02
1.610056200703219656e-02
1.620578004712855749e-02
1.631111257910750414e-02
1.641655978994543963e-02
1.652212186702611482e-02
1.662779899814175594e-02
1.673359137149416087e-02
1.683949917569583718e-02
1.694552259977109496e-02
1.705166183315719522e-02
1.715791706570546013e-02
1.726428848768243179e-02
1.737077628977097554e-02
1.747738066307143873e-02
1.758410179910278870e-02
1.769093988980376120e-02
1.779789512753401567e-02
1.790496770507527327e-02
1.801215781563248949e-02
1.811946565283501995e-02
1.822689141073777219e-02
1.833443528382238535e-02
1.844209746699840280e-02
1.854987815560444134e-02
1.865777754540938471e-02
1.876579583261356321e-02
1.887393321384994369e-02
1.898218988618530917e-02
1.909056604712149399e-02
1.919906189459653564e-02
1.930767762698590989e-02
1.941641344310374162e-02
1.952526954220400873e-02
1.963424612398174951e-02
1.974334338857430468e-02
1.985256153656253172e-02
1.996190076897202959e-02
2.007136128727438767e-02
2.018094329338840018e-02
2.029064698968133240e-02
2.040047257897013855e-02
2.051042026452274888e-02
2.062049025005928751e-02
2.073068273975335260e-02
2.084099793823326538e-02
2.095143605058335384e-02
2.106199728234520521e-02
2.117268183951894617e-02
2.128348992856453348e-02
2.139442175640302729e-02
2.150547753041787483e-02
2.161665745845621836e-02
2.172796174883017198e-02
2.183939061031814344e-02
2.195094425216612480e-02
2.206262288408900735e-02
2.217442671627188958e-02
2.228635595937140945e-02
2.239841082451705934e-02
2.251059152331250438e-02
2.262289826783693905e-02
2.273533127064638476e-02
2.284789074477508453e-02
2.296057690373679017e-02
2.307338996152615701e-02
2.318633013262006923e-02
2.329939763197903108e-02
2.341259267504849223e-02
2.352591547776024250e-02
2.363936625653377879e-02
2.375294522827768248e-02
2.386665261039099678e-02
2.398048862076462145e-02
2.409445347778270061e-02
2.420854740032401045e-02
2.432277060776338526e-02
2.443712331997310166e-02
2.455160575732429420e-02
2.466621814068836391e-02
2.478096069143842853e-02
2.489583363145071032e-02
2.501083718310598281e-02
2.512597156929101058e-02
2.524123701339998568e-02
2.535663373933596393e-02
2.547216197151232556e-02
2.558782193485421852e-02
2.570361385480004340e-02
2.581953795730288284e-02
2.593559446883199684e-02
2.605178361637428691e-02
2.616810562743577748e-02
2.628456073004310778e-02
2.640114915274500637e-02
2.651787112461380033e-02
2.663472687524692101e-02
2.675171663476837852e-02
2.686884063383030916e-02
2.698609910361447067e-02
2.710349227583376541e-02
2.722102038273376684e-02
2.733868365709426693e-02
2.745648233223078535e-02
2.757441664199612730e-02
2.769248682078194121e-02
2.781069310352024537e-02
2.792903572568500997e-02
2.804751492329370099e-02
2.816613093290886577e-02
2.828488399163970463e-02
2.840377433714364602e-02
2.852280220762792168e-02
2.864196784185118680e-02
2.876127147912508827e-02
2.888071335931587796e-02
2.900029372284601906e-02
2.912001281069579936e-02
2.923987086440495153e-02
2.935986812607428026e-02
2.948000483836727900e-02
2.960028124451177453e-02
2.972069758830158878e-02
2.984125411409814174e-02
2.996195106683213760e-02
3.008278869200521968e-02
3.020376723569161842e-02
3.032488694453985140e-02
3.044614806577436092e-02
3.056755084719722793e-02
3.068909553718984773e-02
3.081078238471462311e-02
3.093261163931666780e-02
3.105458355112550306e-02
3.117669837085678894e-02
3.129895634981401387e-02
3.142135773989025022e-02
3.154390279356986820e-02
3.166659176393025327e-02
3.178942490464359977e-02
3.191240246997859020e-02
3.203552471480221320e-02
3.215879189458148435e-02
3.228220426538522259e-02
3.240576208388584734e-02
3.252946560736112019e-02
3.265331509369594903e-02
3.277731080138418518e-02
3.290145298953040670e-02
3.302574191785175028e-02
3.315017784667967371e-02
3.327476103696184323e-02
3.339949175026387523e-02
3.352437024877124444e-02
3.364939679529107414e-02
3.377457165325397498e-02
3.389989508671595320e-02
3.402536736036018694e-02
3.415098873949894837e-02
3.427675949007545630e-02
3.440267987866572202e-02
3.452875017248051293e-02
3.465497063936714278e-02
3.478134154781144932e-02
3.490786316693964692e-02
3.503453576652026252e-02
3.516135961696605083e-02
3.528833498933590940e-02
3.541546215533681458e-02
3.554274138732575056e-02
3.567017295831169388e-02
3.579775714195749386e-02
3.592549421258189185e-02
3.605338444516148488e-02
3.618142811533265474e-02
3.630962549939358713e-02
3.643797687430624238e-02
3.656648251769835378e-02
3.669514270786544685e-02
3.682395772377280996e-02
3.695292784505754130e-02
3.708205335203057507e-02
3.721133452567867983e-02
3.734077164766653328e-02
3.747036500033873452e-02
3.760011486672189956e-02
3.773002153052666674e-02
3.786008527614982688e-02
3.799030638867634257e-02
3.812068515388145062e-02
3.825122185823279231e-02
3.838191678889243258e-02
3.851277023371903196e-02
3.864378248126994903e-02
3.877495382080330122e-02
3.890628454228020616e-02
3.903777493636680085e-02
3.916942529443647597e-02
3.930123590857195759e-02
3.943320707156754840e-02
3.956533907693118857e-02
3.969763221888674559e-02
3.983008679237611677e-02
3.996270309306142188e-02
4.009548141732729998e-02
4.022842206228298412e-02
4.036152532576461199e-02
4.049479150633739782e-02
4.062822090329791525e-02
4.076181381667626225e-02
4.089557054723840651e-02
4.102949139648835036e-02
4.116357666667046916e-02
4.129782666077172482e-02
4.143224168252399031e-02
4.156682203640634649e-02
4.170156802764731635e-02
4.183647996222725901e-02
4.197155814688061787e-02
4.210680288909828678e-02
4.224221449712990684e-02
4.237779327998627416e-02
4.251353954744159502e-02
4.264945361003591451e-02
4.278553577907748956e-02
4.292178636664509273e-02
4.305820568559049627e-02
4.319479404954078283e-02
4.333155177290080179e-02
4.346847917085556318e-02
4.360557655937265242e-02
4.374284425520466590e-02
4.388028257589166731e-02
4.401789183976359543e-02
4.415567236594277606e-02
4.429362447434634364e-02
4.443174848568871849e-02
4.457004472148414637e-02
4.470851350404912022e-02
4.484715515650494755e-02
4.498597000278019287e-02
4.512495836761329371e-02
4.526412057655499616e-02
4.540345695597097775e-02
4.554296783304433160e-02
4.568265353577817545e-02
4.582251439299821205e-02
4.596255073435528277e-02
4.610276289032799041e-02
4.624315119222529441e-02
4.638371597218909209e-02
4.652445756319686931e-02
4.666537629906431645e-02
4.680647251444796514e-02
4.694774654484785287e-02
4.708919872661015971e-02
4.723082939692990756e-02
4.737263889385358306e-02
4.751462755628189927e-02
4.765679572397245323e-02
4.779914373754243911e-02
4.794167193847138214e-02
4.808438066910382391e-02
4.822727027265216737e-02
4.837034109319929970e-02
4.851359347570143726e-02
4.865702776599088036e-02
4.880064431077879572e-02
4.894444345765797122e-02
4.908842555510570943e-02
4.923259095248654071e-02
4.937694000005510980e-02
4.952147304895902075e-02
4.966619045124162635e-02
4.981109255984495637e-02
4.995617972861252781e-02
5.010145231229226614e-02
5.024691066653936417e-02
5.039255514791923102e-02
5.053838611391031632e-02
5.068440392290717023e-02
5.083060893422325366e-02
5.097700150809392899e-02
5.112358200567947847e-02
5.127035078906794913e-02
5.141730822127826145e-02
5.156445466626311674e-02
5.171179048891205721e-02
5.185931605505440800e-02
5.200703173146242059e-02
5.215493788585418705e-02
5.230303488689678343e-02
5.245132310420929506e-02
5.259980290836587663e-02
5.274847467089887471e-02
5.289733876430189469e-02
5.304639556203294415e-02
5.319564543851753452e-02
5.334508876915181746e-02
5.349472593030571432e-02
5.364455729932614964e-02
5.379458325454011119e-02
5.394480417525792521e-02
5.409522044177642042e-02
5.424583243538211308e-02
5.439664053835447516e-02
5.454764513396915399e-02
5.469884660650119190e-02
5.485024534122830142e-02
5.500184172443418895e-02
5.515363614341171894e-02
5.530562898646636250e-02
5.545782064291936153e-02
5.561021150311117045e-02
5.576280195840475212e-02
5.591559240118887386e-02
5.606858322488156993e-02
5.622177482393344444e-02
5.637516759383109227e-02
5.652876193110047826e-02
5.668255823331039278e-02
5.683655689907583797e-02
5.699075832806151792e-02
5.714516292098525962e-02
5.729977107962149624e-02
5.745458320680473657e-02
5.760959970643310391e-02
5.776482098347181932e-02
5.792024744395671276e-02
5.807587949499781049e-02
5.823171754478282530e-02
5.838776200258081334e-02
5.854401327874565741e-02
5.870047178471974464e-02
5.885713793303751912e-02
5.901401213732916651e-02
5.917109481232419449e-02
5.932838637385511038e-02
5.948588723886111956e-02
5.964359782539176147e-02
5.980151855261066351e-02
5.995964984079917709e-02
6.011799211136020782e-02
6.027654578682184461e-02
6.043531129084121767e-02
6.059428904820820388e-02
6.075347948484927096e-02
6.091288302783122444e-02
6.107250010536503793e-02
6.123233114680977363e-02
6.139237658267628767e-02
6.155263684463122692e-02
6.171311236550080376e-02
6.187380357927478591e-02
6.203471092111032675e-02
6.219583482733596208e-02
6.235717573545548897e-02
6.251873408415201117e-02
6.268051031329180400e-02
6.284250486392842228e-02
6.300471817830662069e-02
6.316715069986640618e-02
6.332980287324710411e-02
6.349267514429136894e-02
6.365576796004930593e-02
6.381908176878250960e-02
6.398261701996824091e-02
6.414637416430346573e-02
6.431035365370910140e-02
6.447455594133402745e-02
6.463898148155938772e-02
6.480363073000275365e-02
6.496850414352227376e-02
6.513360218022097581e-02
6.529892529945095780e-02
6.546447396181769018e-02
6.563024862918423463e-02
6.579624976467560171e-02
6.596247783268301135e-02
6.612893329886829208e-02
6.629561663016811379e-02
6.646252829479848412e-02
6.662966876225905055e-02
6.679703850333754134e-02
6.696463799011413698e-02
6.713246769596598051e-02
6.730052809557159066e-02
6.746881966491528881e-02
6.763734288129182037e-02
6.780609822331074010e-02
6.797508617090100569e-02
6.814430720531554353e-02
6.831376180913574514e-02
6.848345046627615784e-02
6.865337366198898117e-02
6.882353188286877144e-02
6.899392561685703529e-02
6.916455535324694814e-02
6.933542158268798938e-02
6.950652479719066079e-02
6.967786549013123276e-02
6.984944415625643499e-02
7.002126129168829982e-02
7.019331739392881131e-02
7.036561296186487346e-02
7.053814849577297319e-02
7.071092449732416241e-02
7.088394146958879039e-02
7.105719991704152749e-02
7.123070034556611141e-02
7.140444326246041251e-02
7.157842917644127723e-02
7.175265859764955179e-02
7.192713203765503660e-02
7.210185000946151002e-02
7.227681302751175207e-02
7.245202160769256827e-02
7.262747626733995210e-02
7.280317752524402553e-02
7.297912590165431257e-02
7.315532191828473529e-02
7.333176609831887349e-02
7.350845896641505783e-02
7.368540104871167118e-02
7.386259287283226949e-02
7.404003496789088312e-02
7.421772786449729042e-02
7.439567209476224963e-02
7.457386819230291120e-02
7.475231669224800812e-02
7.493101813124335153e-02
7.510997304745711811e-02
7.528918198058533184e-02
7.546864547185716532e-02
7.564836406404056024e-02
7.582833830144752874e-02
7.600856872993978774e-02
7.618905589693418523e-02
7.636980035140823742e-02
7.655080264390581868e-02
7.673206332654256001e-02
7.691358295301163606e-02
7.709536207858931622e-02
7.727740126014065458e-02
7.745970105612512424e-02
7.764226202660243215e-02
7.782508473323811182e-02
7.800816973930942144e-02
7.819151760971107534e-02
7.837512891096098944e-02
7.855900421120623478e-02
7.874314408022881073e-02
7.892754908945155690e-02
7.911221981194407893e-02
7.929715682242867436e-02
7.948236069728624453e-02
7.966783201456240082e-02
7.985357135397333495e-02
8.003957929691198070e-02
8.022585642645400916e-02
8.041240332736393492e-02
8.059922058610129170e-02
8.078630879082665528e-02
8.097366853140794407e-02
8.116130039942652530e-02
8.134920498818350165e-02
8.153738289270594242e-02
8.172583470975315623e-02
8.191456103782301934e-02
8.210356247715829003e-02
8.229283962975300626e-02
8.248239309935878616e-02
8.267222349149139227e-02
8.286233141343705977e-02
8.305271747425901907e-02
8.324338228480397672e-02
8.343432645770873513e-02
8.362555060740657631e-02
8.381705535013408981e-02
8.400884130393754257e-02
8.420090908867973456e-02
8.439325932604654912e-02
8.458589263955369753e-02
8.477880965455350526e-02
8.497201099824157333e-02
8.516549729966371718e-02
8.535926918972262800e-02
8.555332730118489493e-02
8.574767226868773573e-02
8.594230472874607452e-02
8.613722531975934182e-02
8.633243468201856619e-02
8.652793345771328526e-02
8.672372229093872065e-02
8.691980182770271679e-02
8.711617271593292966e-02
8.731283560548395994e-02
8.750979114814441684e-02
8.770703999764428715e-02
8.790458280966202687e-02
8.810242024183194409e-02
8.830055295375133229e-02
8.849898160698803362e-02
8.869770686508754443e-02
8.889672939358063408e-02
8.909604985999064475e-02
8.929566893384095760e-02
8.949558728666255625e-02
8.969580559200152070e-02
8.989632452542657692e-02
9.009714476453671572e-02
9.029826698896882553e-02
9.049969188040535295e-02
9.070142012258199105e-02
9.090345240129546478e-02
9.110578940441120543e-02
9.130843182187127482e-02
9.151138034570212298e-02
9.171463567002249850e-02
9.191819849105140050e-02
9.212206950711590570e-02
9.232624941865930079e-02
9.253073892824903446e-02
9.273553874058471092e-02
9.294064956250631948e-02
9.314607210300229756e-02
9.335180707321762139e-02
9.355785518646221599e-02
9.376421715821896263e-02
9.397089370615220594e-02
9.417788555011584462e-02
9.438519341216186631e-02
9.459281801654867428e-02
9.480076008974955282e-02
9.500902036046103560e-02
9.521759955961159316e-02
9.542649842037007057e-02
9.563571767815420843e-02
9.584525807063949687e-02
9.605512033776762715e-02
9.626530522175529014e-02
9.647581346710291939e-02
9.668664582060353119e-02
9.689780303135142603e-02
9.710928585075120911e-02
9.732109503252660276e-02
9.753323133272946699e-02
9.774569550974872290e-02
9.795848832431944264e-02
9.817161053953188388e-02
9.838506292084073235e-02
9.859884623607408083e-02
9.881296125544276887e-02
9.902740875154961153e-02
9.924218949939864198e-02
9.945730427640454840e-02
9.967275386240188884e-02
9.988853903965466685e-02
1.001046605928657685e-01
1.003211193091863990e-01
1.005379159782257004e-01
1.007550513920603963e-01
1.009725263452442984e-01
1.011903416348181872e-01
1.014084980603193603e-01
1.016269964237915407e-01
1.018458375297946472e-01
1.020650221854147166e-01
1.022845512002737989e-01
1.025044253865398658e-01
1.027246455589369695e-01
1.029452125347551372e-01
1.031661271338606967e-01
1.033873901787061567e-01
1.036090024943406435e-01
1.038309649084200176e-01
1.040532782512173376e-01
1.042759433556329912e-01
1.044989610572052974e-01
1.047223321941207763e-01
1.049460576072249046e-01
1.051701381400323848e-01
1.053945746387378729e-01
1.056193679522266921e-01
1.058445189320853796e-01
1.060700284326126785e-01
1.062958973108300287e-01
1.065221264264927109e-01
1.067487166421005607e-01
1.069756688229090980e-01
1.072029838369403520e-01
1.074306625549940469e-01
1.076587058506587313e-01
1.078871146003228393e-01
1.081158896831861116e-01
1.083450319812706703e-01
1.085745423794324677e-01
1.088044217653726525e-01
1.090346710296490468e-01
1.092652910656875670e-01
1.094962827697938262e-01
1.097276470411647636e-01
1.099593847819003017e-01
1.101914968970150732e-01
1.104239842944501476e-01
1.106568478850849524e-01
1.108900885827491245e-01
1.111237073042344869e-01
1.113577049693070115e-01
1.115920825007189338e-01
1.118268408242208689e-01
1.120619808685740237e-01
1.122975035655624371e-01
1.125334098500052060e-01
1.127697006597690177e-01
1.130063769357803755e-01
1.132434396220383110e-01
1.134808896656267357e-01
1.137187280167271525e-01
1.139569556286312985e-01
1.141955734577539960e-01
1.144345824636457537e-01
1.146739836090057280e-01
1.149137778596946990e-01
1.151539661847480051e-01
1.153945495563885731e-01
1.156355289500400757e-01
1.158769053443401004e-01
1.161186797211533478e-01
1.163608530655851486e-01
1.166034263659945225e-01
1.168464006140079031e-01
1.170897768045324333e-01
1.173335559357697871e-01
1.175777390092295760e-01
1.178223270297431846e-01
1.180673210054775379e-01
1.183127219479490067e-01
1.185585308720372294e-01
1.188047487959991294e-01
1.190513767414830421e-01
1.192984157335427453e-01
1.195458668006517816e-01
1.197937309747175855e-01
1.200420092910959580e-01
1.202907027886053470e-01
1.205398125095415718e-01
1.207893394996920750e-01
1.210392848083508138e-01
1.212896494883328180e-01
1.215404345959889831e-01
1.217916411912210589e-01
1.220432703374964289e-01
1.222953231018631404e-01
1.225478005549651001e-01
1.228007037710571320e-01
1.230540338280201873e-01
1.233077918073767765e-01
1.235619787943062486e-01
1.238165958776602793e-01
1.240716441499785244e-01
1.243271247075040942e-01
1.245830386501993181e-01
1.248393870817615936e-01
1.250961711096391649e-01
1.253533918450472073e-01
1.256110504029835651e-01
1.258691479022451820e-01
1.261276854654442003e-01
1.263866642190240863e-01
1.266460852932761727e-01
1.269059498223560345e-01
1.271662589443000313e-01
1.274270138010418496e-01
1.276882155384293782e-01
1.279498653062412228e-01
1.282119642582038033e-01
1.284745135520082571e-01
1.287375143493274254e-01
1.290009678158330064e-01
1.292648751212128744e-01
1.295292374391881773e-01
1.297940559475310451e-01
1.300593318280817423e-01
1.303250662667665150e-01
1.305912604536150490e-01
1.308579155827785390e-01
1.311250328525470910e-01
1.313926134653682076e-01
1.316606586278643298e-01
1.319291695508513218e-01
1.321981474493565678e-01
1.324675935426372908e-01
1.327375090541989822e-01
1.330078952118139424e-01
1.332787532475399606e-01
1.335500843977387997e-01
1.338218899030954034e-01
1.340941710086362704e-01
1.343669289637490771e-01
1.346401650222012469e-01
1.349138804421594895e-01
1.351880764862089523e-01
1.354627544213727330e-01
1.357379155191313358e-01
1.360135610554423502e-01
1.362896923107601022e-01
1.365663105700554159e-01
1.368434171228358476e-01
1.371210132631653922e-01
1.373991002896847169e-01
1.376776795056314784e-01
1.379567522188607231e-01
1.382363197418651768e-01
1.385163833917960052e-01
1.387969444904833538e-01
1.390780043644572472e-01
1.393595643449685173e-01
1.396416257680096196e-01
1.399241899743360051e-01
1.402072583094871872e-01
1.404908321238083069e-01
1.407749127724713945e-01
1.410595016154970183e-01
1.413446000177760176e-01
1.416302093490914016e-01
1.419163309841400822e-01
1.422029663025551061e-01
1.424901166889277204e-01
1.427777835328297995e-01
1.430659682288360768e-01
1.433546721765469045e-01
1.436438967806106803e-01
1.439336434507467455e-01
1.442239136017683665e-01
1.445147086536055780e-01
1.448060300313284698e-01
1.450978791651704181e-01
1.453902574905514833e-01
1.456831664481020583e-01
1.459766074836863214e-01
1.462705820484261898e-01
1.465650915987251890e-01
1.468601375962924893e-01
1.471557215081671366e-01
1.474518448067422827e-01
1.477485089697896936e-01
1.480457154804843412e-01
1.483434658274291329e-01
1.486417615046796703e-01
1.489406040117693675e-01
1.492399948537344589e-01
1.495399355411393405e-01
1.498404275901019655e-01
1.501414725223193247e-01
1.504430718650932308e-01
1.507452271513561592e-01
1.510479399196970607e-01
1.513512117143876179e-01
1.516550440854084747e-01
1.519594385884756038e-01
1.522643967850669522e-01
1.525699202424490308e-01
1.528760105337038100e-01
1.531826692377556420e-01
1.534898979393987117e-01
1.537976982293238759e-01
1.541060717041465300e-01
1.544150199664338641e-01
1.547245446247329514e-01
1.550346472935984210e-01
1.553453295936206568e-01
1.556565931514539147e-01
1.559684395998449657e-01
1.562808705776612961e-01
1.565938877299200283e-01
1.569074927078168424e-01
1.572216871687547868e-01
1.575364727763737538e-01
1.578518512005795404e-01
1.581678241175736854e-01
1.584843932098828623e-01
1.588015601663890497e-01
1.591193266823593133e-01
1.594376944594761980e-01
1.597566652058679260e-01
1.600762406361390389e-01
1.603964224714012066e-01
1.607172124393039525e-01
1.610386122740657955e-01
1.613606237165055857e-01
1.616832485140738684e-01
1.620064884208843869e-01
1.623303451977461120e-01
1.626548206121949391e-01
1.629799164385260790e-01
1.633056344578262820e-01
1.636319764580063674e-01
1.639589442338339476e-01
1.642865395869663736e-01
1.646147643259837923e-01
1.649436202664224249e-01
1.652731092308079852e-01
1.656032330486894855e-01
1.659339935566729596e-01
1.662653925984556302e-01
1.665974320248601037e-01
1.669301136938688424e-01
1.672634394706588035e-01
1.675974112276363281e-01
1.679320308444722520e-01
1.682673002081369606e-01
1.686032212129360830e-01
1.689397957605461298e-01
1.692770257600502704e-01
1.696149131279744426e-01
1.699534597883238796e-01
1.702926676726192190e-01
1.706325387199338073e-01
1.709730748769300035e-01
1.713142780978968160e-01
1.716561503447870951e-01
1.719986935872551692e-01
1.723419098026946761e-01
1.726858009762766433e-01
1.730303691009877354e-01
1.733756161776686400e-01
1.737215442150531197e-01
1.740681552298065649e-01
1.744154512465654616e-01
1.747634342979766664e-01
1.751121064247372350e-01
1.754614696756340297e-01
1.758115261075842706e-01
1.761622777856753364e-01
1.765137267832060097e-01
1.768658751817268060e-01
1.772187250710813011e-01
1.775722785494474876e-01
1.779265377233791856e-01
1.782815047078482873e-01
1.786371816262863343e-01
1.789935706106271507e-01
1.793506738013493917e-01
1.797084933475193991e-01
1.800670314068343603e-01
1.804262901456655521e-01
1.807862717391020280e-01
1.811469783709944992e-01
1.815084122339997164e-01
1.818705755296245452e-01
1.822334704682708195e-01
1.825970992692803052e-01
1.829614641609801917e-01
1.833265673807280838e-01
1.836924111749582145e-01
1.840589977992273252e-01
1.844263295182612949e-01
1.847944086060013258e-01
1.851632373456512104e-01
1.855328180297244611e-01
1.859031529600916333e-01
1.862742444480285919e-01
1.866460948142640019e-01
1.870187063890280388e-01
1.873920815121009331e-01
1.877662225328622370e-01
1.881411318103397290e-01
1.885168117132590693e-01
1.888932646200938148e-01
1.892704929191157404e-01
1.896484990084449374e-01
1.900272852961009118e-01
1.904068542000536268e-01
1.907872081482751558e-01
1.911683495787911691e-01
1.915502809397331141e-01
1.919330046893907293e-01
1.923165232962645577e-01
1.927008392391195146e-01
1.930859550070376240e-01
1.934718730994722524e-01
1.938585960263018715e-01
1.942461263078848199e-01
1.946344664751137599e-01
1.950236190694707716e-01
1.954135866430829205e-01
1.958043717587781563e-01
1.961959769901411854e-01
1.965884049215701201e-01
1.969816581483332107e-01
1.973757392766263830e-01
1.977706509236303867e-01
1.981663957175690272e-01
1.985629762977672852e-01
1.989603953147101312e-01
1.993586554301015334e-01
1.997577593169238830e-01
2.001577096594976957e-01
2.005585091535418973e-01
2.009601605062344698e-01
2.013626664362732355e-01
2.017660296739371972e-01
2.021702529611483778e-01
2.025753390515339925e-01
2.029812907104888153e-01
2.033881107152382128e-01
2.037958018549013428e-01
2.042043669305552700e-01
2.046138087552985263e-01
2.050241301543162253e-01
2.054353339649447330e-01
2.058474230367370872e-01
2.062604002315290008e-01
2.066742684235049754e-01
2.070890304992649145e-01
2.075046893578912921e-01
2.079212479110169320e-01
2.083387090828925370e-01
2.087570758104555224e-01
2.091763510433986284e-01
2.095965377442395028e-01
2.100176388883900902e-01
2.104396574642273254e-01
2.108625964731634106e-01
2.112864589297172857e-01
2.117112478615860438e-01
2.121369663097170399e-01
2.125636173283806940e-01
2.129912039852431271e-01
2.134197293614400748e-01
2.138491965516506332e-01
2.142796086641719222e-01
2.147109688209938583e-01
2.151432801578749832e-01
2.155765458244180699e-01
2.160107689841469225e-01
2.164459528145830924e-01
2.168821005073237052e-01
2.173192152681191758e-01
2.177573003169518961e-01
2.181963588881153382e-01
2.186363942302936569e-01
2.190774096066416543e-01
2.195194082948655201e-01
2.199623935873041836e-01
2.204063687910108316e-01
2.208513372278354536e-01
2.212973022345073593e-01
2.217442671627188888e-01
2.221922353792091798e-01
2.226412102658489600e-01
2.230911952197252857e-01
2.235421936532274167e-01
2.239942089941331371e-01
2.244472446856955739e-01
2.249013041867304885e-01
2.253563909717043456e-01
2.258125085308230751e-01
2.262696603701212783e-01
2.267278500115518236e-01
2.271870809930765511e-01
2.276473568687571447e-01
2.281086812088470028e-01
2.285710575998835259e-01
2.290344896447808754e-01
2.294989809629236766e-01
2.299645351902612767e-01
2.304311559794026965e-01
2.308988469997118598e-01
2.313676119374040718e-01
2.318374544956426087e-01
2.323083783946366665e-01
2.327803873717389782e-01
2.332534851815451504e-01
2.337276755959927788e-01
2.342029624044623670e-01
2.346793494138774694e-01
2.351568404488068864e-01
2.356354393515666945e-01
2.361151499823236355e-01
2.365959762191986449e-01
2.370779219583714070e-01
2.375609911141855768e-01
2.380451876192547778e-01
2.385305154245695447e-01
2.390169784996043489e-01
2.395045808324261227e-01
2.399933264298030888e-01
2.404832193173148114e-01
2.409742635394623023e-01
2.414664631597795430e-01
2.419598222609455340e-01
2.424543449448973154e-01
2.429500353329434592e-01
2.434468975658786172e-01
2.439449358040988169e-01
2.444441542277175639e-01
2.449445570366830527e-01
2.454461484508954905e-01
2.459489327103260292e-01
2.464529140751360869e-01
2.469580968257979736e-01
2.474644852632156278e-01
2.479720837088469354e-01
2.484808965048266038e-01
2.489909280140900627e-01
2.495021826204980586e-01
2.500146647289622770e-01
2.505283787655717687e-01
2.510433291777207088e-01
2.515595204342362390e-01
2.520769570255081971e-01
2.525956434636189574e-01
2.531155842824747704e-01
2.536367840379379901e-01
2.541592473079599679e-01
2.546829786927150008e-01
2.552079828147355012e-01
2.557342643190479992e-01
2.562618278733101995e-01
2.567906781679485939e-01
2.573208199162979049e-01
2.578522578547410293e-01
2.583849967428498706e-01
2.589190413635276689e-01
2.594543965231517757e-01
2.599910670517185385e-01
2.605290578029877957e-01
2.610683736546296485e-01
2.616090195083716763e-01
2.621510002901476510e-01
2.626943209502469179e-01
2.632389864634652743e-01
2.637850018292566823e-01
2.643323720718862013e-01
2.648811022405844207e-01
2.654311974097022797e-01
2.659826626788677761e-01
2.665355031731433400e-01
2.670897240431849839e-01
2.676453304654016763e-01
2.682023276421170443e-01
2.687607208017314120e-01
2.693205151988856683e-01
2.698817161146256915e-01
2.704443288565688275e-01
2.710083587590710330e-01
2.715738111833954083e-01
2.721406915178822827e-01
2.727090051781200231e-01
2.732787576071178948e-01
2.738499542754794236e-01
2.744226006815779773e-01
2.749967023517326803e-01
2.755722648403865493e-01
2.761492937302852946e-01
2.767277946326583415e-01
2.773077731874001306e-01
2.778892350632538588e-01
2.784721859579957215e-01
2.790566315986215962e-01
2.796425777415340597e-01
2.802300301727316256e-01
2.808189947079992033e-01
2.814094771930998884e-01
2.820014835039686973e-01
2.825950195469068560e-01
2.831900912587789199e-01
2.837867046072101163e-01
2.843848655907865175e-01
2.849845802392553251e-01
2.855858546137279297e-01
2.861886948068840253e-01
2.867931069431774449e-01
2.873990971790434945e-01
2.880066717031078416e-01
2.886158367363974020e-01
2.892265985325528366e-01
2.898389633780419916e-01
2.904529375923760592e-01
2.910685275283267925e-01
2.916857395721456081e-01
2.923045801437845759e-01
2.929250556971187414e-01
2.935471727201707237e-01
2.941709377353367016e-01
2.947963572996145643e-01
2.954234380048334496e-01
2.960521864778853374e-01
2.966826093809585840e-01
2.973147134117734569e-01
2.979485053038187781e-01
2.985839918265915660e-01
2.992211797858374545e-01
2.998600760237946083e-01
3.005006874194375288e-01
3.011430208887246884e-01
3.017870833848470546e-01
3.024328818984790557e-01
3.030804234580319334e-01
3.037297151299079290e-01
3.043807640187578545e-01
3.050335772677400525e-01
3.056881620587820203e-01
3.063445256128431438e-01
3.070026751901805961e-01
3.076626180906169572e-01
3.083243616538104415e-01
3.089879132595262923e-01
3.096532803279116730e-01
3.103204703197720016e-01
3.109894907368501160e-01
3.116603491221070499e-01
3.123330530600056942e-01
3.130076101767966246e-01
3.136840281408061482e-01
3.143623146627274045e-01
3.150424774959126317e-01
3.157245244366690407e-01
3.164084633245563549e-01
3.170943020426879588e-01
3.177820485180327115e-01
3.184717107217210907e-01
3.191632966693526141e-01
3.198568144213073117e-01
3.205522720830576433e-01
3.212496778054851898e-01
3.219490397851985097e-01
3.226503662648549375e-01
3.233536655334837140e-01
3.240589459268128358e-01
3.247662158275984590e-01
3.254754836659567996e-01
3.261867579196995881e-01
3.269000471146711329e-01
3.276153598250893806e-01
3.283327046738894195e-01
3.290520903330701463e-01
3.297735255240434316e-01
3.304970190179867262e-01
3.312225796361983332e-01
3.319502162504563425e-01
3.326799377833799531e-01
3.334117532087939595e-01
3.341456715520970122e-01
3.348817018906326548e-01
3.356198533540632467e-01
3.363601351247476057e-01
3.371025564381218143e-01
3.378471265830830794e-01
3.385938549023776445e-01
3.393427507929909770e-01
3.400938237065421199e-01
3.408470831496813735e-01
3.416025386844916412e-01
3.423601999288926612e-01
3.431200765570492361e-01
3.438821782997830145e-01
3.446465149449882692e-01
3.454130963380501740e-01
3.461819323822681871e-01
3.469530330392820439e-01
3.477264083295025232e-01
3.485020683325448787e-01
3.492800231876672656e-01
3.500602830942122212e-01
3.508428583120525301e-01
3.516277591620409759e-01
3.524149960264639225e-01
3.532045793494991703e-01
3.539965196376777534e-01
3.547908274603501777e-01
3.555875134501563783e-01
3.563865883035002291e-01
3.571880627810281594e-01
3.579919477081127677e-01
3.587982539753390987e-01
3.596069925389975275e-01
3.604181744215792516e-01
3.612318107122778343e-01
3.620479125674937460e-01
3.628664912113445107e-01
3.636875579361796840e-01
3.645111241030994931e-01
3.653372011424795285e-01
3.661658005544988215e-01
3.669969339096741945e-01
3.678306128493982197e-01
3.686668490864835057e-01
3.695056544057103154e-01
3.703470406643809554e-01
3.711910197928778854e-01
3.720376037952283221e-01
3.728868047496725624e-01
3.737386348092388566e-01
3.745931062023231672e-01
3.754502312332742564e-01
3.763100222829842134e-01
3.771724918094844226e-01
3.780376523485479145e-01
3.789055165142958259e-01
3.797760969998114633e-01
3.806494065777581426e-01
3.815254581010045776e-01
3.824042645032547649e-01
3.832858387996854188e-01
3.841701940875874022e-01
3.850573435470151518e-01
3.859473004414409880e-01
3.868400781184166415e-01
3.877356900102398862e-01
3.886341496346284452e-01
3.895354705954003349e-01
3.904396665831604829e-01
3.913467513759932848e-01
3.922567388401632105e-01
3.931696429308207952e-01
3.940854776927163461e-01
3.950042572609204217e-01
3.959259958615502506e-01
3.968507078125046439e-01
3.977784075242051798e-01
3.987091095003449936e-01
3.996428283386440627e-01
4.005795787316129286e-01
4.015193754673230808e-01
4.024622334301855009e-01
4.034081676017358675e-01
4.043571930614285881e-01
4.053093249874376025e-01
4.062645786574665130e-01
4.072229694495644869e-01
4.081845128429522629e-01
4.091492244188552618e-01
4.101171198613453583e-01
4.110882149581908673e-01
4.120625256017146909e-01
4.130400677896615136e-01
4.140208576260730466e-01
4.150049113221733199e-01
4.159922451972606350e-01
4.169828756796102875e-01
4.179768193073857274e-01
4.189740927295592110e-01
4.199747127068407249e-01
4.209786961126172344e-01
4.219860599339012586e-01
4.229968212722892695e-01
4.240109973449286418e-01
4.250286054854957030e-01
4.260496631451833327e-01
4.270741878936982761e-01
4.281021974202695035e-01
4.291337095346654529e-01
4.301687421682232615e-01
4.312073133748870468e-01
4.322494413322587881e-01
4.332951443426575344e-01
4.343444408341916585e-01
4.353973493618410462e-01
4.364538886085514990e-01
4.375140773863386290e-01
4.385779346374051868e-01
4.396454794352691597e-01
4.407167309859036930e-01
4.417917086288882245e-01
4.428704318385730532e-01
4.439529202252550100e-01
4.450391935363657847e-01
4.461292716576732986e-01
4.472231746144941233e-01
4.483209225729205549e-01
4.494225358410596782e-01
4.505280348702859206e-01
4.516374402565058732e-01
4.527507727414381011e-01
4.538680532139053869e-01
4.549893027111417965e-01
4.561145424201121790e-01
4.572437936788470436e-01
4.583770779777915916e-01
4.595144169611690144e-01
4.606558324283578920e-01
4.618013463352853010e-01
4.629509807958347434e-01
4.641047580832688424e-01
4.652627006316686353e-01
4.664248310373863005e-01
4.675911720605158695e-01
4.687617466263790944e-01
4.699365778270274130e-01
4.711156889227600675e-01
4.722991033436596542e-01
4.734868446911436601e-01
4.746789367395344295e-01
4.758754034376440623e-01
4.770762689103790755e-01
4.782815574603614395e-01
4.794912935695690992e-01
4.807055019009919827e-01
4.819242073003090487e-01
4.831474347975827088e-01
4.843752096089724568e-01
4.856075571384681488e-01
4.868445029796410473e-01
4.880860729174164581e-01
4.893322929298648538e-01
4.905831891900150898e-01
4.918387880676847179e-01
4.930991161313342253e-01
4.943642001499407024e-01
4.956340670948937155e-01
4.969087441419109408e-01
4.981882586729775575e-01
4.994726382783066243e-01
5.007619107583227702e-01
5.020561041256672574e-01
5.033552466072273024e-01
5.046593666461878236e-01
5.059684929041077250e-01
5.072826542630198832e-01
5.086018798275541153e-01
5.099261989270864603e-01
5.112556411179125515e-01
5.125902361854477451e-01
5.139300141464490101e-01
5.152750052512673484e-01
5.166252399861238631e-01
5.179807490754135824e-01
5.193415634840351514e-01
5.207077144197492791e-01
5.220792333355643855e-01
5.234561519321504486e-01
5.248385021602812728e-01
5.262263162233059566e-01
5.276196265796495588e-01
5.290184659453435190e-01
5.304228672965871638e-01
5.318328638723377466e-01
5.332484891769336821e-01
5.346697769827476465e-01
5.360967613328737613e-01
5.375294765438437539e-01
5.389679572083790893e-01
5.404122381981744105e-01
5.418623546667166169e-01
5.433183420521354723e-01
5.447802360800915178e-01
5.462480727666976232e-01
5.477218884214775096e-01
5.492017196503583554e-01
5.506876033587030372e-01
5.521795767543770106e-01
5.536776773508543803e-01
5.551819429703627184e-01
5.566924117470649636e-01
5.582091221302825090e-01
5.597321128877573715e-01
5.612614231089564365e-01
5.627970922084141181e-01
5.643391599291195382e-01
5.658876663459446732e-01
5.674426518691164656e-01
5.690041572477314569e-01
5.705722235733153846e-01
5.721468922834277437e-01
5.737282051653130877e-01
5.753162043595952957e-01
5.769109323640227993e-01
5.785124320372586615e-01
5.801207466027213933e-01
5.817359196524718445e-01
5.833579951511527195e-01
5.849870174399779410e-01
5.866230312407720859e-01
5.882660816600645548e-01
5.899162141932330350e-01
5.915734747287049178e-01
5.932379095522087864e-01
5.949095653510859671e-01
5.965884892186540389e-01
5.982747286586298507e-01
5.999683315896094937e-01
6.016693463496091132e-01
6.033778217006613431e-01
6.050938068334763553e-01
6.068173513721626389e-01
6.085485053790110621e-01
6.102873193593412182e-01
6.120338442664133849e-01
6.137881315064059873e-01
6.155502329434582309e-01
6.173202009047833450e-01
6.190980881858459961e-01
6.208839480556128665e-01
6.226778342618728423e-01
6.244798010366298113e-01
6.262899031015661810e-01
6.281081956735837801e-01
6.299347344704174789e-01
6.317695757163280801e-01
6.336127761478691500e-01
6.354643930197367840e-01
6.373244841106974201e-01
6.391931077295985864e-01
6.410703227214602506e-01
6.429561884736531008e-01
6.448507649221608684e-01
6.467541125579299166e-01
6.486662924333084224e-01
6.505873661685724896e-01
6.525173959585461869e-01
6.544564445793139562e-01
6.564045753950271678e-01
6.583618523648047116e-01
6.603283400497341749e-01
6.623041036199696086e-01
6.642892088619322122e-01
6.662837221856102721e-01
6.682877106319661253e-01
6.703012418804470407e-01
6.723243842566061224e-01
6.743572067398282410e-01
6.763997789711712061e-01
6.784521712613188482e-01
6.805144545986474558e-01
6.825867006574127815e-01
6.846689818060511801e-01
6.867613711156052014e-01
6.888639423682708651e-01
6.909767700660720546e-01
6.930999294396571475e-01
6.952334964572304266e-01
6.973775478336119438e-01
6.995321610394341638e-01
7.016974143104703909e-01
7.038733866571057485e-01
7.060601578739473805e-01
7.082578085495794262e-01
7.104664200764617688e-01
7.126860746609784414e-01
7.149168553336381349e-01
7.171588459594262499e-01
7.194121312483170438e-01
7.216767967659396543e-01
7.239529289444108784e-01
7.262406150933307103e-01
7.285399434109479655e-01
7.308510029954917719e-01
7.331738838566828065e-01
7.355086769274180591e-01
7.378554740756381181e-01
7.402143681163748656e-01
7.425854528239889119e-01
7.449688229445952103e-01
7.473645742086855170e-01
7.497728033439430284e-01
7.521936080882619668e-01
7.546270872029701149e-01
7.570733404862588500e-01
7.595324687868285629e-01
7.620045740177442406e-01
7.644897591705166473e-01
7.669881283294041063e-01
7.694997866859454305e-01
7.720248405537218916e-01
7.745633973833581098e-01
7.771155657777640835e-01
7.796814555076242437e-01
7.822611775271333112e-01
7.848548439899909468e-01
7.874625682656550829e-01
7.900844649558612653e-01
7.927206499114090033e-01
7.953712402492276734e-01
7.980363543697193141e-01
8.007161119743889666e-01
8.034106340837681159e-01
8.061200430556298979e-01
8.088444626035131702e-01
8.115840178155508955e-01
8.143388351736170483e-01
8.171090425727896012e-01
8.198947693411454685e-01
8.226961462598847419e-01
8.255133055838005385e-01
8.283463810620886880e-01
8.311955079595173546e-01
8.340608230779535948e-01
8.369424647782618409e-01
8.398405730025716442e-01
8.427552892969348841e-01
8.456867568343693353e-01
8.486351204383013602e-01
8.516005266064184953e-01
8.545831235349304889e-01
8.575830611432594397e-01
8.606004910991582602e-01
8.636355668442733391e-01
8.666884436201515163e-01
8.697592784947114630e-01
8.728482303891796912e-01
8.759554601055092871e-01
8.790811303542800381e-01
8.822254057831030449e-01
8.853884530055302626e-01
8.885704406304876235e-01
8.917715392922315187e-01
8.949919216808531752e-01
8.982317625733338140e-01
9.014912388651621367e-01
9.047705296025342347e-01
9.080698160151340348e-01
9.113892815495235888e-01
9.147291119031417672e-01
9.180894950589367776e-01
9.214706213206317331e-01
9.248726833486528021e-01
9.282958761967232686e-01
9.317403973491437119e-01
9.352064467587667407e-01
9.386942268856914851e-01
9.422039427366842856e-01
9.457358019053496712e-01
9.492900146130571759e-01
9.528667937506548613e-01
9.564663549209759807e-01
9.600889164821613253e-01
9.637346995918164572e-01
9.674039282520159322e-01
9.710968293551844877e-01
9.748136327308647431e-01
9.785545711934007240e-01
9.823198805905460906e-01
9.861097998530321540e-01
9.899245710451076707e-01
9.937644394160791705e-01
9.976296534528656945e-01
1.001520464933604471e+00
1.005437128982320738e+00
1.009379904124696026e+00
1.013349052344946655e+00
1.017344839143856650e+00
1.021367533597977939e+00
1.025417408420031817e+00
1.029494740020541199e+00
1.033599808570714096e+00
1.037732898066621612e+00
1.041894296394692221e+00
1.046084295398558073e+00
1.050303190947277976e+00
1.054551283004985684e+00
1.058828875701981920e+00
1.063136277407320751e+00
1.067473800802906547e+00
1.071841762959163225e+00
1.076240485412294001e+00
1.080670294243186502e+00
1.085131520157985863e+00
1.089624498570399336e+00
1.094149569685758827e+00
1.098707078586890429e+00
1.103297375321844020e+00
1.107920814993512248e+00
1.112577757851207050e+00
1.117268569384229471e+00
1.121993620417494064e+00
1.126753287209244059e+00
1.131547951550933240e+00
1.136378000869312732e+00
1.141243828330792631e+00
1.146145832948120002e+00
1.151084419689457183e+00
1.156059999589904352e+00
1.161072989865544081e+00
1.166123814030056494e+00
1.171212902013996970e+00
1.176340690286788782e+00
1.181507621981509049e+00
1.186714147022550181e+00
1.191960722256214744e+00
1.197247811584347899e+00
1.202575886101070024e+00
1.207945424232709453e+00
1.213356911881002143e+00
1.218810842569673758e+00
1.224307717594475431e+00
1.229848046176786447e+00
1.235432345620862016e+00
1.241061141474850471e+00
1.246734967695669827e+00
1.252454366817862264e+00
1.258219890126523799e+00
1.264032097834446144e+00
1.269891559263570890e+00
1.275798853030891467e+00
1.281754567238928555e+00
1.287759299670900637e+00
1.293813657990739996e+00
1.299918259948087407e+00
1.306073733588413610e+00
1.312280717468408131e+00
1.318539860876805747e+00
1.324851824060800709e+00
1.331217278458220354e+00
1.337636906935617764e+00
1.344111404032480417e+00
1.350641476211718484e+00
1.357227842116640604e+00
1.363871232834592551e+00
1.370572392167483278e+00
1.377332076909394853e+00
1.384151057131497220e+00
1.391030116474500256e+00
1.397970052448857414e+00
1.404971676742986952e+00
1.412035815539741002e+00
1.419163309841400267e+00
1.426355015803434600e+00
1.433611805077342760e+00
1.440934565162830472e+00
1.448324199769648102e+00
1.455781629189372373e+00
1.463307790677481179e+00
1.470903638846033923e+00
1.478570146067319069e+00
1.486308302888803112e+00
1.494119118459784623e+00
1.502003620970115083e+00
1.509962858101394856e+00
1.517997897491069281e+00
1.526109827209831460e+00
1.534299756252812674e+00
1.542568815044999653e+00
1.550918155961384493e+00
1.559348953862319309e+00
1.567862406644636053e+00
1.576459735809042639e+00
1.585142187044385587e+00
1.593911030829334274e+00
1.602767563052131861e+00
1.611713105649026589e+00
1.620749007262053398e+00
1.629876643916836620e+00
1.639097419721158522e+00
1.648412767585011984e+00
1.657824149962924043e+00
1.667333059619365399e+00
1.676941020418061479e+00
1.686649588136115208e+00
1.696460351303830993e+00
1.706374932071207162e+00
1.716394987102066061e+00
1.726522208496891420e+00
1.736758324745422577e+00
1.747105101710155983e+00
1.757564343641897509e+00
1.768137894228630325e+00
1.778827637678951801e+00
1.789635499841433663e+00
1.800563449361276547e+00
1.811613498875754402e+00
1.822787706249945794e+00
1.834088175854351466e+00
1.845517059886082167e+00
1.857076559735318710e+00
1.868768927398913648e+00
1.880596466943010636e+00
1.892561536016692525e+00
1.904666547418721656e+00
1.916913970719598126e+00
1.929306333941192442e+00
1.941846225296379735e+00
1.954536294991150225e+00
1.967379257091881772e+00
1.980377891460497919e+00
1.993535045760441715e+00
2.006853637536458290e+00
2.020336656371438444e+00
2.033987166123623069e+00
2.047808307247707127e+00
2.061803299203543549e+00
2.075975442956289552e+00
2.090328123572127605e+00
2.104864812913806116e+00
2.119589072440542399e+00
2.134504556116976204e+00
2.149615013436239508e+00
2.164924292562332209e+00
2.180436343597382365e+00
2.196155221979566807e+00
2.212085092017888055e+00
2.228230230570237502e+00
2.244595030871601171e+00
2.261184006519559642e+00
2.278001795624731152e+00
2.295053165134140816e+00
2.312343015335986518e+00
2.329876384554763202e+00
2.347658454046146481e+00
2.365694553101692854e+00
2.383990164373861020e+00
2.402550929432587079e+00
2.421382654565162884e+00
2.440491316832041235e+00
2.459883070391758242e+00
2.479564253109087346e+00
2.499541393461263361e+00
2.519821217758169141e+00
2.540410657693191521e+00
2.561316858242602468e+00
2.582547185932314804e+00
2.604109237492179485e+00
2.626010848919128282e+00
2.648260104971897011e+00
2.670865349121514409e+00
2.693835193983222798e+00
2.717178532257316981e+00
2.740904548208030089e+00
2.765022729711652527e+00
2.789542880907002420e+00
2.814475135483786694e+00
2.839829970646612800e+00
2.865618221795133369e+00
2.891851097963456407e+00
2.918540198065141755e+00
2.945697527993166531e+00
2.973335518627887808e+00
3.001467044809656759e+00
3.030105445337044401e+00
3.059264544055838808e+00
3.088958672108916836e+00
3.119202691422243046e+00
3.150012019507781424e+00
3.181402655670404922e+00
3.213391208712310210e+00
3.245994926235796996e+00
3.279231725652943741e+00
3.313120227019446862e+00
3.347679787818942376e+00
3.382930539834435368e+00
3.418893428254281552e+00
3.455590253172492243e+00
3.493043713656018845e+00
3.531277454566293716e+00
3.570316116337836743e+00
3.610185387934307322e+00
3.650912063221024351e+00
3.692524101013965332e+00
3.735050689088078801e+00
3.778522312452728293e+00
3.822970826230066788e+00
3.868429533502334650e+00
3.914933268527998056e+00
3.962518485763559806e+00
4.011223355169371452e+00
4.061087864322929342e+00
4.112153927913932527e+00
4.164465505251058630e+00
4.218068726473052088e+00
4.273012028225583236e+00
4.329346299642748086e+00
4.387125039557788320e+00
4.446404525964127608e+00
4.507243998854844946e+00
4.569705857689301709e+00
4.633855874870649316e+00
4.699763426769294483e+00
4.767501743998456831e+00
4.837148182839693611e+00
4.908784519933552914e+00
4.982497272595349358e+00
5.058378047394257671e+00
5.136523919948341010e+00
5.217037849246503711e+00
5.300029130215380135e+00
5.385613888714534170e+00
5.473915623673959452e+00
5.565065801696611025e+00
5.659204510146235378e+00
5.756481175544179152e+00
5.857055355023411458e+00
5.961097609657076468e+00
6.068790469716507374e+00
6.180329503349489606e+00
6.295924501841852816e+00
6.415800796574647968e+00
6.540200725070971721e+00
6.669385266201769191e+00
6.803635867769068923e+00
6.943256493399029949e+00
7.088575920075143699e+00
7.239950322862761745e+00
7.397766189598789843e+00
7.562443615758087212e+00
7.734440038635612247e+00
7.914254480734844499e+00
8.102432385257296588e+00
8.299571142376054311e+00
8.506326424232268479e+00
8.723419470181340785e+00
8.951645492845750951e+00
9.191883411439865981e+00
9.445107163471446299e+00
9.712398901727059553e+00
9.994964453597280141e+00
1.029415150851869143e+01
1.061147111222314621e+01
1.094862319115920357e+01
1.130752701712339636e+01
1.169035776481853439e+01
1.209959063304428106e+01
1.253805442042910379e+01
1.300899700687947025e+01
1.351616594613371447e+01
1.406390840052829816e+01
1.465729605945563030e+01
1.530228264524634874e+01
1.600590437519986153e+01
1.677653769848228649e+01
1.762423435409275996e+01
1.856116223660979969e+01
1.960219321718429342e+01
2.076569843076755717e+01
2.207464179604842869e+01
2.355811094336706901e+01
2.525350425458838188e+01
2.720972730599759970e+01
2.949198753264116135e+01
3.218920416412957053e+01
3.542586412191569423e+01
3.938178184809876115e+01
4.432667900582765697e+01
