0.000000000000000000e+00
1.055909106651040325e-04
2.112870964156169436e-04
3.170887147703697743e-04
4.229959235626023833e-04
5.290088809407482743e-04
6.351277453692221603e-04
7.413526756292086392e-04
8.476838308194551254e-04
9.541213703570655940e-04
1.060665453978297144e-03
1.167316241739359706e-03
1.274073894017217160e-03
1.380938571510390619e-03
1.487910435239765943e-03
1.594989646549401256e-03
1.702176367107339659e-03
1.809470758906421084e-03
1.916872984265099566e-03
2.024383205828261378e-03
2.132001586568045993e-03
2.239728289784670076e-03
2.347563479107252129e-03
2.455507318494642988e-03
2.563559972236255889e-03
2.671721604952896970e-03
2.779992381597607906e-03
2.888372467456498151e-03
2.996862028149588873e-03
3.105461229631657338e-03
3.214170238193080845e-03
3.322989220460686750e-03
3.431918343398603771e-03
3.540957774309116349e-03
3.650107680833519861e-03
3.759368230952981477e-03
3.868739592989399716e-03
3.978221935606270944e-03
4.087815427809554994e-03
4.197520238948546437e-03
4.307336538716743241e-03
4.417264497152727579e-03
4.527304284641036659e-03
4.637456071913050037e-03
4.747720030047864782e-03
4.858096330473188861e-03
4.968585144966224977e-03
5.079186645654563091e-03
5.189901005017072931e-03
5.300728395884800846e-03
5.411668991441874466e-03
5.522722965226393478e-03
5.633890491131348169e-03
5.745171743405514536e-03
5.856566896654372828e-03
5.968076125841017404e-03
6.079699606287076140e-03
6.191437513673621156e-03
6.303290024042102098e-03
6.415257313795260340e-03
6.527339559698063128e-03
6.639536938878629058e-03
6.751849628829164826e-03
6.864277807406898510e-03
6.976821652835021523e-03
7.089481343703627099e-03
7.202257058970653984e-03
7.315148977962840533e-03
7.428157280376668399e-03
7.541282146279320101e-03
7.654523756109630518e-03
7.767882290679054870e-03
7.881357931172620207e-03
7.994950859149899461e-03
8.108661256545976817e-03
8.222489305672417426e-03
8.336435189218243183e-03
8.450499090250912851e-03
8.564681192217293501e-03
8.678981678944654513e-03
8.793400734641649424e-03
8.907938543899308198e-03
9.022595291692020805e-03
9.137371163378543368e-03
9.252266344702992154e-03
9.367281021795851453e-03
9.482415381174965838e-03
9.597669609746563649e-03
9.713043894806256198e-03
9.828538424040059521e-03
9.944153385525412656e-03
1.005988896773218899e-02
1.017574535952373016e-02
1.029172275015787473e-02
1.040782132928798169e-02
1.052404128696396261e-02
1.064038281363332943e-02
1.075684610014222137e-02
1.087343133773646664e-02
1.099013871806260589e-02
1.110696843316896255e-02
1.122392067550668018e-02
1.134099563793079975e-02
1.145819351370129698e-02
1.157551449648415616e-02
1.169295878035244048e-02
1.181052655978736057e-02
1.192821802967933970e-02
1.204603338532909962e-02
1.216397282244873618e-02
1.228203653716281041e-02
1.240022472600942581e-02
1.251853758594132122e-02
1.263697531432697065e-02
1.275553810895167263e-02
1.287422616801866572e-02
1.299303969015021092e-02
1.311197887438871751e-02
1.323104392019784289e-02
1.335023502746362535e-02
1.346955239649557864e-02
1.358899622802783348e-02
1.370856672322024426e-02
1.382826408365954787e-02
1.394808851136046177e-02
1.406804020876684796e-02
1.418811937875283369e-02
1.430832622462397709e-02
1.442866095011838441e-02
1.454912375940789308e-02
1.466971485709919754e-02
1.479043444823503230e-02
1.491128273829531864e-02
1.503225993319833899e-02
1.515336623930189225e-02
1.527460186340449076e-02
1.539596701274651390e-02
1.551746189501140676e-02
1.563908671832684588e-02
1.576084169126595186e-02
1.588272702284846197e-02
1.600474292254193756e-02
1.612688960026294541e-02
1.624916726637829628e-02
1.637157613170621417e-02
1.649411640751757835e-02
1.661678830553712030e-02
1.673959203794464154e-02
1.686252781737625911e-02
1.698559585692560950e-02
1.710879637014508375e-02
1.723212957104708343e-02
1.735559567410522447e-02
1.747919489425561052e-02
1.760292744689807148e-02
1.772679354789740563e-02
1.785079341358463897e-02
1.797492726075830202e-02
1.809919530668566146e-02
1.822359776910402462e-02
1.834813486622197121e-02
1.847280681672066466e-02
1.859761383975511162e-02
1.872255615495544562e-02
1.884763398242823504e-02
1.897284754275774601e-02
1.909819705700727122e-02
1.922368274672039620e-02
1.934930483392234557e-02
1.947506354112124929e-02
1.960095909130949235e-02
1.972699170796500187e-02
1.985316161505260024e-02
1.997946903702530613e-02
2.010591419882568412e-02
2.023249732588715960e-02
2.035921864413538576e-02
2.048607837998956197e-02
2.061307676036380071e-02
2.074021401266846337e-02
2.086749036481153410e-02
2.099490604519997292e-02
2.112246128274107917e-02
2.125015630684387938e-02
2.137799134742046983e-02
2.150596663488743912e-02
2.163408240016721426e-02
2.176233887468947276e-02
2.189073629039252344e-02
2.201927487972471509e-02
2.214795487564583110e-02
2.227677651162850159e-02
2.240574002165960851e-02
2.253484564024171161e-02
2.266409360239447432e-02
2.279348414365606201e-02
2.292301750008460606e-02
2.305269390825961939e-02
2.318251360528344324e-02
2.331247682878269736e-02
2.344258381690971296e-02
2.357283480834400716e-02
2.370323004229373323e-02
2.383376975849714474e-02
2.396445419722406656e-02
2.409528359927735897e-02
2.422625820599441995e-02
2.435737825924864236e-02
2.448864400145093004e-02
2.462005567555115848e-02
2.475161352503970832e-02
2.488331779394894680e-02
2.501516872685474388e-02
2.514716656887798843e-02
2.527931156568609394e-02
2.541160396349454245e-02
2.554404400906840414e-02
2.567663194972386737e-02
2.580936803332977911e-02
2.594225250830920620e-02
2.607528562364095845e-02
2.620846762886116371e-02
2.634179877406481532e-02
2.647527930990735412e-02
2.660890948760621585e-02
2.674268955894243058e-02
2.687661977626218737e-02
2.701070039247842683e-02
2.714493166107244046e-02
2.727931383609544930e-02
2.741384717217023106e-02
2.754853192449270571e-02
2.768336834883355912e-02
2.781835670153986681e-02
2.795349723953671414e-02
2.808879022032881312e-02
2.822423590200217464e-02
2.835983454322570096e-02
2.849558640325287190e-02
2.863149174192337193e-02
2.876755081966476946e-02
2.890376389749415784e-02
2.904013123701984153e-02
2.917665310044300492e-02
2.931332975055938803e-02
2.945016145076099004e-02
2.958714846503773463e-02
2.972429105797919080e-02
2.986158949477626251e-02
2.999904404122290258e-02
3.013665496371783353e-02
3.027442252926625804e-02
3.041234700548159017e-02
3.055042866058720052e-02
3.068866776341813013e-02
3.082706458342285641e-02
3.096561939066502789e-02
3.110433245582524056e-02
3.124320405020277608e-02
3.138223444571739545e-02
3.152142391491109114e-02
3.166077273094988070e-02
3.180028116762560753e-02
3.193994949935769628e-02
3.207977800119497791e-02
3.221976694881750064e-02
3.235991661853832718e-02
3.250022728730535965e-02
3.264069923270315754e-02
3.278133273295477657e-02
3.292212806692360050e-02
3.306308551411518692e-02
3.320420535467911993e-02
3.334548786941084197e-02
3.348693333975356207e-02
3.362854204780008072e-02
3.377031427629469118e-02
3.391225030863505296e-02
3.405435042887406533e-02
3.419661492172180323e-02
3.433904407254737001e-02
3.448163816738084725e-02
3.462439749291517516e-02
3.476732233650808856e-02
3.491041298618405980e-02
3.505366973063620689e-02
3.519709285922824338e-02
3.534068266199645592e-02
3.548443942965161246e-02
3.562836345358093987e-02
3.577245502585011533e-02
3.591671443920521622e-02
3.606114198707472546e-02
3.620573796357148127e-02
3.635050266349472425e-02
3.649543638233205406e-02
3.664053941626149724e-02
3.678581206215344318e-02
3.693125461757275352e-02
3.707686738078073280e-02
3.722265065073719625e-02
3.736860472710251679e-02
3.751472991023965808e-02
3.766102650121626316e-02
3.780749480180668060e-02
3.795413511449410165e-02
3.810094774247257260e-02
3.824793298964913879e-02
3.839509116064591249e-02
3.854242256080218226e-02
3.868992749617654325e-02
3.883760627354898576e-02
3.898545920042305324e-02
3.913348658502794480e-02
3.928168873632068014e-02
3.943006596398823671e-02
3.957861857844973547e-02
3.972734689085855725e-02
3.987625121310454240e-02
4.002533185781619041e-02
4.017458913836279705e-02
4.032402336885671651e-02
4.047363486415547773e-02
4.062342393986410199e-02
4.077339091233721236e-02
4.092353609868135816e-02
4.107385981675718695e-02
4.122436238518170648e-02
4.137504412333054687e-02
4.152590535134018795e-02
4.167694639011028379e-02
4.182816756130584845e-02
4.197956918735965687e-02
4.213115159147440975e-02
4.228291509762514833e-02
4.243486003056148870e-02
4.258698671580994632e-02
4.273929547967630221e-02
4.289178664924787887e-02
4.304446055239594116e-02
4.319731751777798612e-02
4.335035787484016467e-02
4.350358195381957838e-02
4.365699008574670803e-02
4.381058260244780067e-02
4.396435983654720103e-02
4.411832212146983567e-02
4.427246979144354444e-02
4.442680318150156460e-02
4.458132262748490393e-02
4.473602846604482486e-02
4.489092103464525224e-02
4.504600067156525056e-02
4.520126771590145948e-02
4.535672250757060570e-02
4.551236538731194547e-02
4.566819669668977649e-02
4.582421677809592891e-02
4.598042597475227033e-02
4.613682463071321072e-02
4.629341309086830447e-02
4.645019170094463745e-02
4.660716080750954005e-02
4.676432075797297416e-02
4.692167190059028797e-02
4.707921458446456126e-02
4.723694915954942952e-02
4.739487597665143631e-02
4.755299538743285037e-02
4.771130774441411510e-02
4.786981340097656162e-02
4.802851271136497624e-02
4.818740603069029960e-02
4.834649371493222880e-02
4.850577612094189583e-02
4.866525360644453208e-02
4.882492653004215366e-02
4.898479525121621214e-02
4.914486013033037698e-02
4.930512152863313069e-02
4.946557980826059298e-02
4.962623533223915057e-02
4.978708846448830216e-02
4.994813956982327441e-02
5.010938901395795009e-02
5.027083716350742859e-02
5.043248438599100963e-02
5.059433104983484392e-02
5.075637752437478500e-02
5.091862417985917877e-02
5.108107138745171527e-02
5.124371951923422513e-02
5.140656894820953837e-02
5.156962004830430851e-02
5.173287319437195469e-02
5.189632876219540253e-02
5.205998712849011639e-02
5.222384867090683336e-02
5.238791376803465794e-02
5.255218279940375437e-02
5.271665614548851075e-02
5.288133418771025218e-02
5.304621730844037708e-02
5.321130589100318137e-02
5.337660031967891155e-02
5.354210097970669296e-02
5.370780825728757590e-02
5.387372253958748469e-02
5.403984421474027078e-02
5.420617367185071034e-02
5.437271130099759903e-02
5.453945749323669406e-02
5.470641264060394082e-02
5.487357713611832472e-02
5.504095137378520186e-02
5.520853574859915791e-02
5.537633065654732484e-02
5.554433649461232303e-02
5.571255366077551563e-02
5.588098255402009634e-02
5.604962357433425357e-02
5.621847712271434150e-02
5.638754360116804420e-02
5.655682341271759533e-02
5.672631696140293528e-02
5.689602465228497941e-02
5.706594689144878219e-02
5.723608408600685399e-02
5.740643664410234603e-02
5.757700497491232555e-02
5.774778948865109951e-02
5.791879059657342732e-02
5.809000871097789315e-02
5.826144424521017412e-02
5.843309761366638488e-02
5.860496923179640827e-02
5.877705951610726065e-02
5.894936888416644344e-02
5.912189775460530844e-02
5.929464654712250649e-02
5.946761568248729035e-02
5.964080558254303971e-02
5.981421667021059874e-02
5.998784936949180108e-02
6.016170410547284214e-02
6.033578130432781794e-02
6.051008139332218760e-02
6.068460480081621505e-02
6.085935195626857724e-02
6.103432329023979197e-02
6.120951923439583303e-02
6.138494022151160662e-02
6.156058668547457341e-02
6.173645906128829436e-02
6.191255778507603197e-02
6.208888329408437240e-02
6.226543602668678512e-02
6.244221642238733522e-02
6.261922492182427080e-02
6.279646196677371450e-02
6.297392800015332026e-02
6.315162346602598564e-02
6.332954880960353639e-02
6.350770447725044565e-02
6.368609091648756715e-02
6.386470857599589601e-02
6.404355790562031581e-02
6.422263935637338717e-02
6.440195338043913642e-02
6.458150043117681649e-02
6.476128096312482041e-02
6.494129543200445609e-02
6.512154429472376271e-02
6.530202800938147978e-02
6.548274703527082186e-02
6.566370183288343376e-02
6.584489286391329022e-02
6.602632059126063713e-02
6.620798547903587739e-02
6.638988799256360929e-02
6.657202859838652620e-02
6.675440776426946887e-02
6.693702595920338061e-02
6.711988365340931795e-02
6.730298131834257236e-02
6.748631942669661155e-02
6.766989845240722889e-02
6.785371887065658192e-02
6.803778115787731395e-02
6.822208579175667587e-02
6.840663325124062000e-02
6.859142401653799126e-02
6.877645856912466271e-02
6.896173739174775441e-02
6.914726096842979675e-02
6.933302978447294929e-02
6.951904432646324739e-02
6.970530508227484878e-02
6.989181254107428021e-02
7.007856719332473949e-02
7.026556953079038381e-02
7.045282004654064567e-02
7.064031923495460441e-02
7.082806759172523281e-02
7.101606561386392125e-02
7.120431379970473817e-02
7.139281264890882939e-02
7.158156266246898380e-02
7.177056434271386620e-02
7.195981819331265239e-02
7.214932471927938684e-02
7.233908442697756236e-02
7.252909782412450546e-02
7.271936541979606705e-02
7.290988772443104948e-02
7.310066524983580005e-02
7.329169850918881846e-02
7.348298801704532257e-02
7.367453428934191140e-02
7.386633784340114472e-02
7.405839919793627546e-02
7.425071887305584317e-02
7.444329739026843418e-02
7.463613527248738611e-02
7.482923304403545084e-02
7.502259123064969337e-02
7.521621035948607148e-02
7.541009095912439009e-02
7.560423355957301972e-02
7.579863869227379536e-02
7.599330689010677653e-02
7.618823868739517391e-02
7.638343461991024819e-02
7.657889522487619505e-02
7.677462104097507178e-02
7.697061260835175167e-02
7.716687046861887833e-02
7.736339516486190337e-02
7.756018724164401301e-02
7.775724724501129059e-02
7.795457572249757383e-02
7.815217322312972836e-02
7.835004029743258824e-02
7.854817749743416011e-02
7.874658537667068858e-02
7.894526449019191594e-02
7.914421539456609200e-02
7.934343864788534484e-02
7.954293480977078779e-02
7.974270444137780689e-02
7.994274810540129284e-02
8.014306636608094225e-02
8.034365978920660067e-02
8.054452894212348057e-02
8.074567439373764310e-02
8.094709671452127164e-02
8.114879647651808414e-02
8.135077425334881485e-02
8.155303062021654337e-02
8.175556615391225967e-02
8.195838143282024868e-02
8.216147703692369686e-02
8.236485354781013235e-02
8.256851154867703158e-02
8.277245162433737036e-02
8.297667436122524443e-02
8.318118034740146216e-02
8.338597017255916510e-02
8.359104442802960111e-02
8.379640370678768935e-02
8.400204860345783509e-02
8.420797971431956408e-02
8.441419763731342063e-02
8.462070297204665748e-02
8.482749631979902283e-02
8.503457828352872783e-02
8.524194946787816418e-02
8.544961047917988550e-02
8.565756192546242209e-02
8.586580441645637329e-02
8.607433856360013902e-02
8.628316498004616475e-02
8.649228428066670082e-02
8.670169708206006132e-02
8.691140400255649434e-02
8.712140566222439930e-02
8.733170268287634985e-02
8.754229568807533890e-02
8.775318530314077381e-02
8.796437215515488794e-02
8.817585687296870811e-02
8.838764008720854937e-02
8.859972243028202410e-02
8.881210453638462010e-02
8.902478704150570965e-02
8.923777058343521085e-02
8.945105580176970772e-02
8.966464333791900054e-02
8.987853383511243410e-02
9.009272793840554516e-02
9.030722629468626583e-02
9.052202955268170981e-02
9.073713836296443125e-02
9.095255337795933592e-02
9.116827525194994009e-02
9.138430464108525386e-02
9.160064220338620666e-02
9.181728859875255833e-02
9.203424448896940779e-02
9.225151053771411813e-02
9.246908741056288072e-02
9.268697577499769580e-02
9.290517630041306152e-02
9.312368965812294064e-02
9.334251652136756061e-02
9.356165756532035249e-02
9.378111346709488982e-02
9.400088490575195244e-02
9.422097256230632656e-02
9.444137711973413229e-02
9.466209926297949884e-02
9.488313967896208623e-02
9.510449905658388547e-02
9.532617808673655990e-02
9.554817746230852282e-02
9.577049787819225113e-02
9.599314003129140460e-02
9.621610462052830604e-02
9.643939234685106054e-02
9.666300391324099406e-02
9.688694002472000855e-02
9.711120138835806215e-02
9.733578871328044113e-02
9.756070271067548982e-02
9.778594409380177155e-02
9.801151357799600672e-02
9.823741188068027541e-02
9.846363972136998322e-02
9.869019782168109156e-02
9.891708690533818071e-02
9.914430769818187439e-02
9.937186092817680561e-02
9.959974732541913844e-02
9.982796762214463104e-02
1.000565225527362684e-01
1.002854128537323114e-01
1.005146392638340685e-01
1.007442025239139449e-01
1.009741033770233248e-01
1.012043425684007319e-01
1.014349208454796980e-01
1.016658389578970895e-01
1.018970976575008652e-01
1.021286976983587086e-01
1.023606398367657988e-01
1.025929248312533598e-01
1.028255534425966261e-01
1.030585264338234747e-01
1.032918445702224880e-01
1.035255086193515445e-01
1.037595193510460617e-01
1.039938775374276009e-01
1.042285839529121932e-01
1.044636393742190972e-01
1.046990445803791248e-01
1.049348003527434403e-01
1.051709074749919981e-01
1.054073667331425351e-01
1.056441789155589395e-01
1.058813448129603402e-01
1.061188652184295450e-01
1.063567409274222969e-01
1.065949727377757811e-01
1.068335614497178676e-01
1.070725078658757018e-01
1.073118127912851133e-01
1.075514770333993175e-01
1.077915014020982554e-01
1.080318867096974750e-01
1.082726337709574993e-01
1.085137434030928882e-01
1.087552164257816478e-01
1.089970536611742785e-01
1.092392559339033786e-01
1.094818240710927620e-01
1.097247589023671172e-01
1.099680612598612217e-01
1.102117319782296989e-01
1.104557718946562600e-01
1.107001818488636546e-01
1.109449626831228997e-01
1.111901152422633959e-01
1.114356403736821710e-01
1.116815389273540793e-01
1.119278117558412805e-01
1.121744597143033706e-01
1.124214836605069989e-01
1.126688844548360546e-01
1.129166629603014504e-01
1.131648200425514061e-01
1.134133565698812046e-01
1.136622734132437113e-01
1.139115714462590884e-01
1.141612515452254673e-01
1.144113145891289124e-01
1.146617614596538715e-01
1.149125930411934310e-01
1.151638102208598774e-01
1.154154138884950498e-01
1.156674049366808454e-01
1.159197842607498502e-01
1.161725527587958023e-01
1.164257113316844311e-01
1.166792608830639899e-01
1.169332023193761644e-01
1.171875365498666749e-01
1.174422644865963372e-01
1.176973870444518455e-01
1.179529051411567359e-01
1.182088196972824468e-01
1.184651316362592688e-01
1.187218418843875578e-01
1.189789513708488650e-01
1.192364610277171499e-01
1.194943717899699248e-01
1.197526845954998004e-01
1.200114003851256717e-01
1.202705201026041809e-01
1.205300446946412918e-01
1.207899751109035996e-01
1.210503123040301693e-01
1.213110572296440259e-01
1.215722108463638818e-01
1.218337741158158211e-01
1.220957480026452352e-01
1.223581334745285770e-01
1.226209315021853236e-01
1.228841430593899525e-01
1.231477691229838495e-01
1.234118106728875758e-01
1.236762686921129284e-01
1.239411441667751246e-01
1.242064380861050005e-01
1.244721514424615011e-01
1.247382852313438650e-01
1.250048404514041978e-01
1.252718181044598922e-01
1.255392191955061465e-01
1.258070447327286623e-01
1.260752957275162456e-01
1.263439731944736577e-01
1.266130781514341330e-01
1.268826116194725906e-01
1.271525746229182630e-01
1.274229681893678523e-01
1.276937933496984645e-01
1.279650511380806821e-01
1.282367425919919146e-01
1.285088687522293882e-01
1.287814306629236349e-01
1.290544293715516766e-01
1.293278659289505694e-01
1.296017413893308101e-01
1.298760568102900192e-01
1.301508132528263195e-01
1.304260117813522135e-01
1.307016534637082672e-01
1.309777393711768767e-01
1.312542705784962849e-01
1.315312481638742925e-01
1.318086732090025248e-01
1.320865467990703090e-01
1.323648700227789965e-01
1.326436439723560345e-01
1.329228697435693440e-01
1.332025484357416412e-01
1.334826811517648426e-01
1.337632689981146650e-01
1.340443130848650577e-01
1.343258145257029135e-01
1.346077744379427787e-01
1.348901939425416474e-01
1.351730741641137823e-01
1.354564162309455921e-01
1.357402212750107862e-01
1.360244904319853343e-01
1.363092248412626217e-01
1.365944256459687145e-01
1.368800939929775973e-01
1.371662310329266055e-01
1.374528379202318296e-01
1.377399158131037415e-01
1.380274658735625992e-01
1.383154892674542946e-01
1.386039871644660915e-01
1.388929607381423625e-01
1.391824111659006324e-01
1.394723396290474260e-01
1.397627473127944497e-01
1.400536354062747457e-01
1.403450051025588174e-01
1.406368575986710057e-01
1.409291940956059197e-01
1.412220157983448965e-01
1.415153239158724874e-01
1.418091196611931393e-01
1.421034042513479312e-01
1.423981789074313664e-01
1.426934448546082757e-01
1.429892033221307757e-01
1.432854555433553112e-01
1.435822027557598357e-01
1.438794462009610198e-01
1.441771871247315706e-01
1.444754267770176903e-01
1.447741664119563954e-01
1.450734072878933356e-01
1.453731506674002527e-01
1.456733978172929378e-01
1.459741500086488009e-01
1.462754085168251617e-01
1.465771746214769577e-01
1.468794496065750632e-01
1.471822347604243852e-01
1.474855313756822384e-01
1.477893407493766909e-01
1.480936641829251055e-01
1.483985029821527080e-01
1.487038584573112110e-01
1.490097319230976047e-01
1.493161246986731139e-01
1.496230381076820715e-01
1.499304734782709869e-01
1.502384321431076974e-01
1.505469154394006859e-01
1.508559247089183708e-01
1.511654612980086743e-01
1.514755265576182564e-01
1.517861218433127213e-01
1.520972485152957132e-01
1.524089079384294554e-01
1.527211014822540125e-01
1.530338305210079963e-01
1.533470964336482167e-01
1.536609006038703318e-01
1.539752444201288595e-01
1.542901292756581610e-01
1.546055565684923416e-01
1.549215277014866499e-01
1.552380440823376562e-01
1.555551071236047078e-01
1.558727182427304125e-01
1.561908788620622601e-01
1.565095904088734113e-01
1.568288543153844861e-01
1.571486720187844910e-01
1.574690449612529686e-01
1.577899745899810913e-01
1.581114623571940325e-01
1.584335097201723108e-01
1.587561181412742994e-01
1.590792890879579036e-01
1.594030240328033199e-01
1.597273244535348524e-01
1.600521918330440052e-01
1.603776276594113537e-01
1.607036334259299981e-01
1.610302106311278514e-01
1.613573607787910646e-01
1.616850853779865094e-01
1.620133859430857026e-01
1.623422639937874556e-01
1.626717210551419379e-01
1.630017586575736310e-01
1.633323783369056148e-01
1.636635816343828820e-01
1.639953700966967076e-01
1.643277452760084356e-01
1.646607087299738204e-01
1.649942620217672851e-01
1.653284067201065133e-01
1.656631443992768182e-01
1.659984766391562061e-01
1.663344050252397455e-01
1.666709311486651302e-01
1.670080566062372429e-01
1.673457830004539681e-01
1.676841119395309221e-01
1.680230450374277373e-01
1.683625839138729874e-01
1.687027301943906654e-01
1.690434855103255252e-01
1.693848514988696430e-01
1.697268298030882028e-01
1.700694220719463634e-01
1.704126299603352102e-01
1.707564551290988997e-01
1.711008992450610278e-01
1.714459639810519687e-01
1.717916510159355481e-01
1.721379620346366879e-01
1.724848987281682455e-01
1.728324627936592695e-01
1.731806559343818663e-01
1.735294798597797894e-01
1.738789362854956666e-01
1.742290269333998387e-01
1.745797535316180038e-01
1.749311178145603052e-01
1.752831215229491979e-01
1.756357664038488697e-01
1.759890542106936073e-01
1.763429867033173282e-01
1.766975656479823076e-01
1.770527928174090715e-01
1.774086699908054288e-01
1.777651989538967525e-01
1.781223814989551513e-01
1.784802194248302498e-01
1.788387145369786935e-01
1.791978686474951232e-01
1.795576835751421518e-01
1.799181611453815888e-01
1.802793031904048326e-01
1.806411115491643460e-01
1.810035880674044084e-01
1.813667345976930356e-01
1.817305529994530100e-01
1.820950451389940772e-01
1.824602128895444209e-01
1.828260581312832478e-01
1.831925827513724570e-01
1.835597886439898352e-01
1.839276777103608373e-01
1.842962518587921705e-01
1.846655130047041848e-01
1.850354630706646797e-01
1.854061039864214333e-01
1.857774376889366752e-01
1.861494661224200875e-01
1.865221912383632497e-01
1.868956149955733892e-01
1.872697393602079652e-01
1.876445663058089464e-01
1.880200978133378109e-01
1.883963358712100189e-01
1.887732824753306504e-01
1.891509396291291001e-01
1.895293093435951592e-01
1.899083936373141546e-01
1.902881945365034189e-01
1.906687140750477072e-01
1.910499542945363061e-01
1.914319172442987271e-01
1.918146049814422049e-01
1.921980195708878347e-01
1.925821630854085420e-01
1.929670376056656644e-01
1.933526452202471435e-01
1.937389880257048003e-01
1.941260681265928045e-01
1.945138876355053670e-01
1.949024486731156525e-01
1.952917533682142215e-01
1.956818038577478047e-01
1.960726022868586327e-01
1.964641508089236266e-01
1.968564515855939223e-01
1.972495067868347829e-01
1.976433185909653723e-01
1.980378891846993061e-01
1.984332207631848977e-01
1.988293155300459580e-01
1.992261756974226805e-01
1.996238034860128852e-01
2.000222011251134580e-01
2.004213708526618731e-01
2.008213149152782984e-01
2.012220355683075612e-01
2.016235350758616707e-01
2.020258157108623664e-01
2.024288797550841124e-01
2.028327294991971175e-01
2.032373672428108291e-01
2.036427952945175368e-01
2.040490159719362817e-01
2.044560316017570434e-01
2.048638445197850932e-01
2.052724570709857088e-01
2.056818716095292210e-01
2.060920904988360891e-01
2.065031161116224478e-01
2.069149508299457374e-01
2.073275970452509720e-01
2.077410571584167587e-01
2.081553335798020654e-01
2.085704287292928227e-01
2.089863450363493580e-01
2.094030849400535244e-01
2.098206508891564959e-01
2.102390453421267846e-01
2.106582707671982579e-01
2.110783296424189881e-01
2.114992244556998802e-01
2.119209577048637994e-01
2.123435318976950315e-01
2.127669495519889931e-01
2.131912131956022194e-01
2.136163253665026851e-01
2.140422886128204027e-01
2.144691054928982155e-01
2.148967785753433113e-01
2.153253104390784600e-01
2.157547036733939994e-01
2.161849608779998766e-01
2.166160846630783010e-01
2.170480776493362851e-01
2.174809424680589909e-01
2.179146817611629650e-01
2.183492981812499567e-01
2.187847943916609861e-01
2.192211730665308278e-01
2.196584368908426066e-01
2.200965885604828920e-01
2.205356307822972650e-01
2.209755662741458571e-01
2.214163977649594994e-01
2.218581279947962337e-01
2.223007597148979331e-01
2.227442956877475344e-01
2.231887386871264645e-01
2.236340914981725381e-01
2.240803569174379395e-01
2.245275377529479810e-01
2.249756368242598892e-01
2.254246569625220908e-01
2.258746010105338320e-01
2.263254718228051021e-01
2.267772722656171136e-01
2.272300052170830309e-01
2.276836735672090328e-01
2.281382802179557356e-01
2.285938280833002823e-01
2.290503200892983482e-01
2.295077591741470635e-01
2.299661482882478236e-01
2.304254903942697663e-01
2.308857884672137206e-01
2.313470454944762944e-01
2.318092644759146281e-01
2.322724484239112597e-01
2.327366003634397384e-01
2.332017233321304339e-01
2.336678203803367049e-01
2.341348945712017071e-01
2.346029489807253954e-01
2.350719866978320804e-01
2.355420108244384858e-01
2.360130244755219986e-01
2.364850307791894202e-01
2.369580328767464106e-01
2.374320339227671273e-01
2.379070370851641969e-01
2.383830455452594643e-01
2.388600624978549358e-01
2.393380911513042497e-01
2.398171347275847021e-01
2.402971964623694390e-01
2.407782796051005647e-01
2.412603874190621667e-01
2.417435231814543950e-01
2.422276901834675422e-01
2.427128917303568167e-01
2.431991311415174772e-01
2.436864117505606886e-01
2.441747369053896555e-01
2.446641099682761999e-01
2.451545343159380053e-01
2.456460133396162759e-01
2.461385504451539252e-01
2.466321490530742067e-01
2.471268125986599284e-01
2.476225445320330565e-01
2.481193483182350945e-01
2.486172274373077140e-01
2.491161853843739671e-01
2.496162256697202486e-01
2.501173518188782863e-01
2.506195673727084627e-01
2.511228758874827216e-01
2.516272809349689998e-01
2.521327861025151607e-01
2.526393949931345362e-01
2.531471112255913591e-01
2.536559384344868051e-01
2.541658802703459230e-01
2.546769403997047321e-01
2.551891225051982071e-01
2.557024302856488185e-01
2.562168674561554615e-01
2.567324377481829956e-01
2.572491449096527272e-01
2.577669927050329490e-01
2.582859849154306442e-01
2.588061253386831906e-01
2.593274177894512311e-01
2.598498660993118770e-01
2.603734741168525768e-01
2.608982457077656525e-01
2.614241847549431674e-01
2.619512951585732385e-01
2.624795808362359595e-01
2.630090457230005452e-01
2.635396937715233090e-01
2.640715289521456954e-01
2.646045552529933675e-01
2.651387766800761825e-01
2.656741972573881672e-01
2.662108210270086595e-01
2.667486520492042268e-01
2.672876944025308621e-01
2.678279521839371791e-01
2.683694295088681070e-01
2.689121305113695293e-01
2.694560593441933105e-01
2.700012201789034338e-01
2.705476172059825268e-01
2.710952546349392200e-01
2.716441366944162827e-01
2.721942676322994248e-01
2.727456517158269311e-01
2.732982932317000180e-01
2.738521964861937996e-01
2.744073658052693099e-01
2.749638055346859122e-01
2.755215200401149311e-01
2.760805137072537274e-01
2.766407909419403843e-01
2.772023561702700589e-01
2.777652138387109448e-01
2.783293684142220115e-01
2.788948243843708541e-01
2.794615862574531540e-01
2.800296585626118606e-01
2.805990458499584839e-01
2.811697526906941080e-01
2.817417836772318496e-01
2.823151434233202584e-01
2.828898365641669410e-01
2.834658677565640161e-01
2.840432416790131809e-01
2.846219630318531646e-01
2.852020365373867383e-01
2.857834669400093341e-01
2.863662590063382196e-01
2.869504175253431710e-01
2.875359473084772022e-01
2.881228531898089584e-01
2.887111400261556660e-01
2.893008126972169136e-01
2.898918761057099336e-01
2.904843351775051596e-01
2.910781948617632842e-01
2.916734601310729258e-01
2.922701359815894073e-01
2.928682274331747548e-01
2.934677395295382518e-01
2.940686773383782149e-01
2.946710459515249347e-01
2.952748504850843947e-01
2.958800960795830992e-01
2.964867879001141238e-01
2.970949311364837198e-01
2.977045310033595849e-01
2.983155927404197993e-01
2.989281216125029839e-01
2.995421229097594562e-01
3.001576019478034985e-01
3.007745640678669563e-01
3.013930146369534491e-01
3.020129590479943005e-01
3.026344027200050246e-01
3.032573510982433662e-01
3.038818096543683400e-01
3.045077838866003805e-01
3.051352793198828794e-01
3.057643015060443892e-01
3.063948560239626029e-01
3.070269484797295001e-01
3.076605845068169365e-01
3.082957697662443985e-01
3.089325099467475910e-01
3.095708107649481344e-01
3.102106779655245394e-01
3.108521173213850131e-01
3.114951346338403759e-01
3.121397357327796995e-01
3.127859264768458880e-01
3.134337127536133694e-01
3.140831004797672299e-01
3.147340956012828483e-01
3.153867040936076949e-01
3.160409319618440738e-01
3.166967852409330875e-01
3.173542699958408209e-01
3.180133923217445258e-01
3.186741583442216363e-01
3.193365742194390067e-01
3.200006461343443132e-01
3.206663803068590113e-01
3.213337829860716810e-01
3.220028604524342031e-01
3.226736190179584907e-01
3.233460650264147751e-01
3.240202048535323343e-01
3.246960449071999433e-01
3.253735916276696560e-01
3.260528514877613637e-01
3.267338309930684637e-01
3.274165366821659706e-01
3.281009751268196273e-01
3.287871529321965691e-01
3.294750767370783207e-01
3.301647532140744024e-01
3.308561890698383801e-01
3.315493910452850246e-01
3.322443659158094698e-01
3.329411204915081468e-01
3.336396616174009955e-01
3.343399961736554515e-01
3.350421310758129323e-01
3.357460732750158217e-01
3.364518297582373418e-01
3.371594075485123687e-01
3.378688137051704121e-01
3.385800553240708721e-01
3.392931395378389059e-01
3.400080735161044032e-01
3.407248644657420722e-01
3.414435196311134124e-01
3.421640462943113525e-01
3.428864517754053876e-01
3.436107434326903798e-01
3.443369286629355819e-01
3.450650149016368240e-01
3.457950096232705328e-01
3.465269203415489163e-01
3.472607546096782571e-01
3.479965200206184273e-01
3.487342242073450116e-01
3.494738748431130970e-01
3.502154796417233928e-01
3.509590463577902941e-01
3.517045827870123875e-01
3.524520967664445115e-01
3.532015961747729804e-01
3.539530889325916974e-01
3.547065830026814304e-01
3.554620863902915318e-01
3.562196071434225453e-01
3.569791533531128103e-01
3.577407331537258983e-01
3.585043547232413808e-01
3.592700262835475944e-01
3.600377561007362948e-01
3.608075524854006400e-01
3.615794237929347288e-01
3.623533784238359146e-01
3.631294248240098388e-01
3.639075714850773524e-01
3.646878269446842680e-01
3.654701997868139429e-01
3.662546986421015283e-01
3.670413321881518254e-01
3.678301091498589748e-01
3.686210382997289203e-01
3.694141284582052043e-01
3.702093884939959278e-01
3.710068273244053749e-01
3.718064539156664128e-01
3.726082772832769452e-01
3.734123064923390856e-01
3.742185506578999399e-01
3.750270189452968861e-01
3.758377205705042967e-01
3.766506648004840363e-01
3.774658609535385123e-01
3.782833183996667237e-01
3.791030465609229738e-01
3.799250549117794695e-01
3.807493529794905851e-01
3.815759503444618450e-01
3.824048566406201277e-01
3.832360815557885880e-01
3.840696348320640774e-01
3.849055262661971732e-01
3.857437657099767603e-01
3.865843630706164991e-01
3.874273283111452915e-01
3.882726714508011878e-01
3.891204025654277920e-01
3.899705317878752187e-01
3.908230693084032148e-01
3.916780253750886120e-01
3.925354102942363310e-01
3.933952344307926619e-01
3.942575082087636518e-01
3.951222421116362127e-01
3.959894466828025594e-01
3.968591325259895330e-01
3.977313103056899224e-01
3.986059907475988373e-01
3.994831846390535790e-01
4.003629028294763970e-01
4.012451562308227415e-01
4.021299558180315703e-01
4.030173126294808172e-01
4.039072377674465808e-01
4.047997423985658094e-01
4.056948377543037609e-01
4.065925351314246816e-01
4.074928458924672592e-01
4.083957814662243502e-01
4.093013533482258715e-01
4.102095731012275204e-01
4.111204523557020485e-01
4.120340028103362529e-01
4.129502362325319087e-01
4.138691644589104768e-01
4.147907993958231954e-01
4.157151530198655021e-01
4.166422373783953415e-01
4.175720645900570238e-01
4.185046468453087476e-01
4.194399964069558395e-01
4.203781256106881581e-01
4.213190468656219934e-01
4.222627726548477400e-01
4.232093155359816783e-01
4.241586881417228061e-01
4.251109031804153338e-01
4.260659734366151197e-01
4.270239117716624344e-01
4.279847311242587216e-01
4.289484445110495203e-01
4.299150650272123286e-01
4.308846058470492957e-01
4.318570802245861873e-01
4.328325014941762916e-01
4.338108830711095432e-01
4.347922384522280859e-01
4.357765812165463881e-01
4.367639250258777417e-01
4.377542836254667002e-01
4.387476708446261808e-01
4.397441005973818928e-01
4.407435868831215964e-01
4.417461437872505225e-01
4.427517854818538434e-01
4.437605262263633610e-01
4.447723803682325783e-01
4.457873623436160448e-01
4.468054866780563628e-01
4.478267679871772433e-01
4.488512209773822814e-01
4.498788604465614460e-01
4.509097012848035657e-01
4.519437584751150316e-01
4.529810470941462719e-01
4.540215823129241102e-01
4.550653793975914518e-01
4.561124537101541865e-01
4.571628207092343632e-01
4.582164959508314150e-01
4.592734950890896006e-01
4.603338338770737170e-01
4.613975281675514739e-01
4.624645939137834727e-01
4.635350471703210129e-01
4.646089040938110037e-01
4.656861809438088695e-01
4.667668940835994484e-01
4.678510599810251080e-01
4.689386952093225203e-01
4.700298164479670415e-01
4.711244404835253086e-01
4.722225842105163274e-01
4.733242646322802782e-01
4.744294988618562581e-01
4.755383041228687380e-01
4.766506977504216813e-01
4.777666971920023764e-01
4.788863200083934291e-01
4.800095838745938037e-01
4.811365065807493013e-01
4.822671060330911974e-01
4.834014002548852607e-01
4.845394073873889873e-01
4.856811456908188274e-01
4.868266335453274030e-01
4.879758894519888313e-01
4.891289320337958713e-01
4.902857800366650087e-01
4.914464523304525878e-01
4.926109679099812677e-01
4.937793458960755832e-01
4.949516055366086631e-01
4.961277662075595507e-01
4.973078474140804062e-01
4.984918687915744773e-01
4.996798501067859499e-01
5.008718112588992355e-01
5.020677722806505816e-01
5.032677533394496194e-01
5.044717747385142337e-01
5.056798569180139813e-01
5.068920204562282761e-01
5.081082860707141213e-01
5.093286746194861658e-01
5.105532071022100826e-01
5.117819046614058287e-01
5.130147885836652266e-01
5.142518803008810924e-01
5.154932013914892419e-01
5.167387735817227101e-01
5.179886187468798475e-01
5.192427589126044074e-01
5.205012162561801770e-01
5.217640131078371546e-01
5.230311719520731595e-01
5.243027154289883196e-01
5.255786663356327715e-01
5.268590476273697920e-01
5.281438824192519199e-01
5.294331939874123982e-01
5.307270057704704946e-01
5.320253413709518098e-01
5.333282245567237956e-01
5.346356792624459287e-01
5.359477295910352046e-01
5.372643998151477307e-01
5.385857143786750845e-01
5.399116978982572146e-01
5.412423751648114401e-01
5.425777711450767704e-01
5.439179109831762116e-01
5.452628200021940597e-01
5.466125237057717356e-01
5.479670477797192740e-01
5.493264180936451302e-01
5.506906607026030853e-01
5.520598018487565817e-01
5.534338679630615987e-01
5.548128856669677367e-01
5.561968817741370641e-01
5.575858832921823938e-01
5.589799174244234337e-01
5.603790115716634768e-01
5.617831933339844097e-01
5.631924905125615943e-01
5.646069311114984002e-01
5.660265433396819423e-01
5.674513556126572489e-01
5.688813965545242990e-01
5.703166949998541568e-01
5.717572799956269769e-01
5.732031808031925468e-01
5.746544269002498151e-01
5.761110479828519537e-01
5.775730739674302949e-01
5.790405349928434697e-01
5.805134614224481959e-01
5.819918838461930477e-01
5.834758330827370942e-01
5.849653401815904097e-01
5.864604364252796742e-01
5.879611533315394212e-01
5.894675226555250447e-01
5.909795763920541178e-01
5.924973467778706926e-01
5.940208662939363560e-01
5.955501676677481537e-01
5.970852838756809389e-01
5.986262481453581419e-01
6.001730939580494084e-01
6.017258550510951043e-01
6.032845654203593533e-01
6.048492593227110525e-01
6.064199712785333096e-01
6.079967360742624116e-01
6.095795887649556599e-01
6.111685646768896252e-01
6.127636994101876011e-01
6.143650288414789218e-01
6.159725891265885878e-01
6.175864167032579788e-01
6.192065482938988730e-01
6.208330209083778861e-01
6.224658718468352170e-01
6.241051387025360331e-01
6.257508593647553852e-01
6.274030720216973167e-01
6.290618151634495003e-01
6.307271275849708481e-01
6.323990483891173131e-01
6.340776169897018866e-01
6.357628731145913425e-01
6.374548568088418410e-01
6.391536084378691696e-01
6.408591686906601748e-01
6.425715785830207194e-01
6.442908794608634970e-01
6.460171130035363696e-01
6.477503212271896738e-01
6.494905464881857160e-01
6.512378314865490125e-01
6.529922192694582739e-01
6.547537532347827982e-01
6.565224771346597210e-01
6.582984350791166728e-01
6.600816715397397338e-01
6.618722313533835777e-01
6.636701597259314633e-01
6.654755022360980821e-01
6.672883048392818095e-01
6.691086138714643639e-01
6.709364760531578709e-01
6.727719384934033320e-01
6.746150486938163882e-01
6.764658545526862632e-01
6.783244043691246672e-01
6.801907468472671026e-01
6.820649311005279047e-01
6.839470066559077965e-01
6.858370234583566205e-01
6.877350318751921376e-01
6.896410827005736710e-01
6.915552271600331480e-01
6.934775169150648733e-01
6.954080040677725894e-01
6.973467411655773773e-01
6.992937812059851765e-01
7.012491776414161437e-01
7.032129843840964067e-01
7.051852558110122127e-01
7.071660467689299123e-01
7.091554125794792274e-01
7.111534090443042411e-01
7.131600924502806693e-01
7.151755195748016325e-01
7.171997476911328162e-01
7.192328345738374651e-01
7.212748385042730970e-01
7.233258182761613808e-01
7.253858332012296239e-01
7.274549431149297529e-01
7.295332083822301250e-01
7.316206899034874978e-01
7.337174491203950488e-01
7.358235480220103319e-01
7.379390491508648342e-01
7.400640156091551347e-01
7.421985110650161088e-01
7.443425997588810628e-01
7.464963465099255790e-01
7.486598167225999578e-01
7.508330763932503649e-01
7.530161921168287975e-01
7.552092310936963093e-01
7.574122611365177171e-01
7.596253506772513431e-01
7.618485687742356793e-01
7.640819851193710877e-01
7.663256700454038617e-01
7.685796945333077668e-01
7.708441302197699407e-01
7.731190494047807116e-01
7.754045250593275540e-01
7.777006308331976259e-01
7.800074410628902166e-01
7.823250307796372205e-01
7.846534757175400721e-01
7.869928523218180372e-01
7.893432377571748537e-01
7.917047099162835000e-01
7.940773474283900901e-01
7.964612296680424475e-01
7.988564367639401365e-01
8.012630496079133913e-01
8.036811498640298312e-01
8.061108199778309613e-01
8.085521431857031205e-01
8.110052035243824342e-01
8.134700858405974344e-01
8.159468758008522338e-01
8.184356599013503653e-01
8.209365254780643939e-01
8.234495607169523002e-01
8.259748546643225220e-01
8.285124972373524299e-01
8.310625792347597907e-01
8.336251923476335479e-01
8.362004291704230319e-01
8.387883832120902605e-01
8.413891489074293295e-01
8.440028216285516693e-01
8.466294976965451635e-01
8.492692743933067945e-01
8.519222499735521481e-01
8.545885236770068838e-01
8.572681957407805031e-01
8.599613674119280793e-01
8.626681409602029449e-01
8.653886196910004491e-01
8.681229079585026653e-01
8.708711111790202741e-01
8.736333358445402819e-01
8.764096895364824613e-01
8.792002809396655127e-01
8.820052198564893864e-01
8.848246172213383165e-01
8.876585851152043460e-01
8.905072367805413336e-01
8.933706866363476662e-01
8.962490502934861158e-01
8.991424445702442814e-01
9.020509875081371698e-01
9.049747983879613544e-01
9.079139977461004873e-01
9.108687073910897158e-01
9.138390504204441100e-01
9.168251512377525447e-01
9.198271355700468055e-01
9.228451304854465853e-01
9.258792644110890313e-01
9.289296671513463943e-01
9.319964699063362223e-01
9.350798052907328684e-01
9.381798073528831994e-01
9.412966115942320577e-01
9.444303549890665783e-01
9.475811760045814713e-01
9.507492146212738193e-01
9.539346123536742716e-01
9.571375122714174122e-01
9.603580590206634016e-01
9.635963988458721152e-01
9.668526796119405464e-01
9.701270508267094694e-01
9.734196636638446920e-01
9.767306709861036662e-01
9.800602273689915656e-01
9.834084891248169313e-01
9.867756143271541047e-01
9.901617628357192169e-01
9.935670963216697293e-01
9.969917782933360728e-01
1.000435974122390714e+00
1.003899851070468641e+00
1.007383578316243256e+00
1.010887326982970569e+00
1.014411270166508894e+00
1.017955582963824934e+00
1.021520442501995252e+00
1.025106027967712885e+00
1.028712520637312666e+00
1.032340103907319229e+00
1.035988963325536583e+00
1.039659286622685030e+00
1.043351263744595192e+00
1.047065086884978014e+00
1.050800950518775867e+00
1.054559051436108286e+00
1.058339588776827433e+00
1.062142764065694855e+00
1.065968781248188835e+00
1.069817846726963229e+00
1.073690169398962668e+00
1.077585960693216771e+00
1.081505434609320249e+00
1.085448807756619560e+00
1.089416299394116550e+00
1.093408131471107270e+00
1.097424528668571764e+00
1.101465718441329233e+00
1.105531931060976802e+00
1.109623399659628529e+00
1.113740360274471319e+00
1.117883051893156621e+00
1.122051716500046981e+00
1.126246599123332803e+00
1.130467947883043278e+00
1.134716014039967025e+00
1.138991052045506214e+00
1.143293319592481927e+00
1.147623077666914515e+00
1.151980590600798271e+00
1.156366126125896843e+00
1.160779955428576704e+00
1.165222353205707551e+00
1.169693597721650935e+00
1.174193970866362680e+00
1.178723758214634820e+00
1.183283249086501954e+00
1.187872736608841961e+00
1.192492517778194205e+00
1.197142893524826723e+00
1.201824168778081514e+00
1.206536652533024556e+00
1.211280657918435644e+00
1.216056502266164907e+00
1.220864507181892211e+00
1.225704998617320518e+00
1.230578306943836520e+00
1.235484767027675401e+00
1.240424718306626151e+00
1.245398504868309164e+00
1.250406475530072781e+00
1.255448983920538053e+00
1.260526388562840383e+00
1.265639052959603328e+00
1.270787345679688540e+00
1.275971640446767363e+00
1.281192316229755601e+00
1.286449757335159205e+00
1.291744353501378395e+00
1.297076499995017507e+00
1.302446597709251863e+00
1.307855053264302514e+00
1.313302279110069914e+00
1.318788693630986941e+00
1.324314721253138094e+00
1.329880792553710611e+00
1.335487344372832785e+00
1.341134819927860544e+00
1.346823668930178464e+00
1.352554347704572058e+00
1.358327319311248838e+00
1.364143053670567873e+00
1.370002027690550683e+00
1.375904725397250061e+00
1.381851638068044563e+00
1.387843264367942586e+00
1.393880110488972202e+00
1.399962690292736456e+00
1.406091525456225622e+00
1.412267145620962561e+00
1.418490088545582450e+00
1.424760900261930363e+00
1.431080135234775286e+00
1.437448356525238946e+00
1.443866135958040919e+00
1.450334054292661490e+00
1.456852701398534178e+00
1.463422676434374514e+00
1.470044588031762522e+00
1.476719054483098592e+00
1.483446703934046429e+00
1.490228174580602083e+00
1.497064114870905405e+00
1.503955183711936483e+00
1.510902050681235398e+00
1.517905396243780292e+00
1.524965911974182964e+00
1.532084300784343212e+00
1.539261277156726671e+00
1.546497567383427363e+00
1.553793909811179486e+00
1.561151055092496520e+00
1.568569766443113078e+00
1.576050819905919553e+00
1.583595004621576985e+00
1.591203123106011086e+00
1.598875991534993490e+00
1.606614440036018499e+00
1.614419312987696031e+00
1.622291469326888169e+00
1.630231782863822199e+00
1.638241142605425082e+00
1.646320453087129598e+00
1.654470634713409938e+00
1.662692624107323214e+00
1.670987374469324216e+00
1.679355855945653619e+00
1.687799056006593634e+00
1.696317979834895961e+00
1.704913650724714680e+00
1.713587110491364474e+00
1.722339419892256362e+00
1.731171659059366430e+00
1.740084927943606141e+00
1.749080346771479277e+00
1.758159056514425389e+00
1.767322219371258996e+00
1.776571019264138185e+00
1.785906662348499818e+00
1.795330377537430522e+00
1.804843417040948639e+00
1.814447056920690526e+00
1.824142597660525666e+00
1.833931364753628612e+00
1.843814709306567989e+00
1.853794008660992532e+00
1.863870667033508788e+00
1.874046116174383325e+00
1.884321816045709808e+00
1.894699255519722181e+00
1.905179953097954071e+00
1.915765457651968262e+00
1.926457349186424528e+00
1.937257239625269634e+00
1.948166773621869075e+00
1.959187629393944308e+00
1.970321519584194769e+00
1.981570192147540155e+00
1.992935431265946633e+00
2.004419058291836198e+00
2.016022932721138083e+00
2.027748953197064719e+00
2.039599058545751742e+00
2.051575228844957355e+00
2.063679486527041806e+00
2.075913897517536189e+00
2.088280572410630143e+00
2.100781667682996900e+00
2.113419386947411382e+00
2.126195982247698790e+00
2.139113755396607530e+00
2.152175059358282905e+00
2.165382299677070854e+00
2.178737935954497829e+00
2.192244483376302178e+00
2.205904514291535889e+00
2.219720659845801247e+00
2.233695611670804659e+00
2.247832123632513834e+00
2.262133013640289292e+00
2.276601165519500647e+00
2.291239530950232250e+00
2.306051131474818217e+00
2.321039060577078761e+00
2.336206485836251900e+00
2.351556651158788647e+00
2.367092879091295732e+00
2.382818573218101310e+00
2.398737220647076729e+00
2.414852394587520656e+00
2.431167757024119247e+00
2.447687061491175431e+00
2.464414155951528240e+00
2.481352985784796239e+00
2.498507596889826043e+00
2.515882138906458287e+00
2.533480868562015598e+00
2.551308153148164060e+00
2.569368474134131386e+00
2.587666430922545668e+00
2.606206744754515192e+00
2.624994262770911302e+00
2.644033962237191560e+00
2.663330954939502782e+00
2.682890491760212548e+00
2.702717967441480074e+00
2.722818925545937851e+00
2.743199063624068401e+00
2.763864238598396472e+00
2.784820472375180156e+00
2.806073957694896759e+00
2.827631064233466329e+00
2.849498344966835628e+00
2.871682542812282524e+00
2.894190597560582834e+00
2.917029653114005416e+00
2.940207065045996604e+00
2.963730408499361424e+00
2.987607486440746474e+00
3.011846338290334657e+00
3.036455248946786423e+00
3.061442758228722028e+00
3.086817670755339194e+00
3.112589066290183837e+00
3.138766310573609886e+00
3.165359066671058041e+00
3.192377306866065023e+00
3.219831325128733823e+00
3.247731750192421885e+00
3.276089559273546836e+00
3.304916092471715583e+00
3.334223067889853453e+00
3.364022597516699964e+00
3.394327203916883029e+00
3.425149837776897410e+00
3.456503896358636752e+00
3.488403242915710578e+00
3.520862227131680733e+00
3.553895706643508401e+00
3.587519069718047238e+00
3.621748259154289773e+00
3.656599797489372694e+00
3.692090813592072251e+00
3.728239070733710747e+00
3.765062996233135895e+00
3.802581712779721013e+00
3.840815071546240578e+00
3.879783687212116750e+00
3.919508975026845032e+00
3.960013190053625731e+00
4.001319468744304331e+00
4.043451873008796049e+00
4.086435436955397904e+00
4.130296216492747696e+00
4.175061341999938946e+00
4.220759074288531032e+00
4.267418864098988074e+00
4.315071415394773346e+00
4.363748752739931014e+00
4.413484293070851550e+00
4.464312922200255329e+00
4.516271076421423558e+00
4.569396829613853406e+00
4.623729986287941074e+00
4.679312181046478614e+00
4.736186984985448767e+00
4.794400019605334684e+00
4.853999078859026817e+00
4.915034260022447477e+00
4.977558104141073692e+00
5.041625746879912384e+00
5.107295080687221933e+00
5.174626929274463549e+00
5.243685235517788534e+00
5.314537264001199190e+00
5.387253819549963296e+00
5.461909483246694563e+00
5.538582867583877523e+00
5.617356892587832995e+00
5.698319084953009650e+00
5.781561902455232271e+00
5.867183086171805506e+00
5.955286043329437895e+00
6.045980263932883680e+00
6.139381774703596584e+00
6.235613634285543050e+00
6.334806474162318679e+00
6.437099090285244074e+00
6.542639091046990707e+00
6.651583607962344047e+00
6.764100076251969185e+00
6.880367093484584196e+00
7.000575365538642458e+00
7.124928750422150792e+00
7.253645411968238754e+00
7.386959097140972652e+00
7.525120552683624453e+00
7.668399099172300559e+00
7.817084383264321978e+00
7.971488332129114340e+00
8.131947337812132304e+00
8.298824703722473828e+00
8.472513390690378898e+00
8.653439106281945570e+00
8.842063788494431975e+00
9.038889543846590158e+00
9.244463110547732398e+00
9.459380930280746114e+00
9.684294927675759723e+00
9.919919115422919376e+00
1.016703716598701135e+01
1.042651111907930783e+01
1.069929142874044103e+01
1.098642859680479056e+01
1.128908669287261901e+01
1.160855912761088327e+01
1.194628713004847498e+01
1.230388148557063310e+01
1.268314822627595007e+01
1.308611913827535034e+01
1.351508817362955206e+01
1.397265514467403058e+01
1.446177845854916555e+01
1.498583915198680927e+01
1.554871915604946331e+01
1.615489762196309442e+01
1.680957036514980985e+01
1.751879917026875688e+01
1.828970004539804250e+01
1.913068281826635797e+01
2.005175918855070094e+01
2.106494319586347785e+01
2.218477815131444331e+01
2.342903921292662872e+01
2.481968392884612840e+01
2.638415923425556642e+01
2.815723124705292690e+01
3.018359926167848428e+01
3.252171620163105104e+01
3.524951929824237595e+01
3.847328659423757813e+01
4.234180734943181790e+01
4.706999938355811963e+01
