0.000000000000000000e+00
9.964212696566154164e-05
1.993835980260046917e-04
2.992245618255601485e-04
3.991651673055542754e-04
4.992055637046497601e-04
5.993459005596883877e-04
6.995863277064361856e-04
7.999269952803307647e-04
9.003680537172307737e-04
1.000909653754167685e-03
1.101551946430100182e-03
1.202295083086669415e-03
1.303139215368959896e-03
1.404084495226257676e-03
1.505131074912815147e-03
1.606279106988616054e-03
1.707528744320143538e-03
1.808880140081150145e-03
1.910333447753429555e-03
2.011888821127592875e-03
2.113546414303843404e-03
2.215306381692759216e-03
2.317168878016071399e-03
2.419134058307451617e-03
2.521202077913296639e-03
2.623373092493516776e-03
2.725647258022328642e-03
2.828024730789048362e-03
2.930505667398887806e-03
3.033090224773751700e-03
3.135778560153042096e-03
3.238570831094456787e-03
3.341467195474799416e-03
3.444467811490786128e-03
3.547572837659855247e-03
3.650782432820982599e-03
3.754096756135494664e-03
3.857515967087889967e-03
3.961040225486656130e-03
4.064669691465096039e-03
4.168404525482150534e-03
4.272244888323231508e-03
4.376190941101046339e-03
4.480242845256435756e-03
4.584400762559206512e-03
4.688664855108972719e-03
4.793035285335995460e-03
4.897512216002024993e-03
5.002095810201149899e-03
5.106786231360641026e-03
5.211583643241807576e-03
5.316488209940848850e-03
5.421500095889710338e-03
5.526619465856942408e-03
5.631846484948565060e-03
5.737181318608929222e-03
5.842624132621584976e-03
5.948175093110152391e-03
6.053834366539188883e-03
6.159602119715073057e-03
6.265478519786873805e-03
6.371463734247239351e-03
6.477557930933269814e-03
6.583761278027414066e-03
6.690073944058350097e-03
6.796496097901883610e-03
6.903027908781834455e-03
7.009669546270940431e-03
7.116421180291751525e-03
7.223282981117538047e-03
7.330255119373191817e-03
7.437337766036133425e-03
7.544531092437228165e-03
7.651835270261695895e-03
7.759250471550026979e-03
7.866776868698905148e-03
7.974414634462127782e-03
8.082163941951528777e-03
8.190024964637913560e-03
8.297997876351980232e-03
8.406082851285261517e-03
8.514280063991059785e-03
8.622589689385383796e-03
8.731011902747892392e-03
8.839546879722843392e-03
8.948194796320037281e-03
9.056955828915771306e-03
9.165830154253790107e-03
9.274817949446253693e-03
9.383919391974682861e-03
9.493134659690935853e-03
9.602463930818167653e-03
9.711907383951796230e-03
9.821465198060487858e-03
9.931137552487116424e-03
1.004092462694975742e-02
1.015082660154265938e-02
1.026084365673722749e-02
1.037097597338302105e-02
1.048122373270873701e-02
1.059158711632320581e-02
1.070206630621638698e-02
1.081266148476037539e-02
1.092337283471039866e-02
1.103420053920582330e-02
1.114514478177117129e-02
1.125620574631712272e-02
1.136738361714154273e-02
1.147867857893049640e-02
1.159009081675927040e-02
1.170162051609340004e-02
1.181326786278969442e-02
1.192503304309727903e-02
1.203691624365861926e-02
1.214891765151057158e-02
1.226103745408540883e-02
1.237327583921188530e-02
1.248563299511627409e-02
1.259810911042342010e-02
1.271070437415779825e-02
1.282341897574457157e-02
1.293625310501065120e-02
1.304920695218576843e-02
1.316228070790353283e-02
1.327547456320251826e-02
1.338878870952732274e-02
1.350222333872966828e-02
1.361577864306945905e-02
1.372945481521589683e-02
1.384325204824853571e-02
1.395717053565840964e-02
1.407121047134910104e-02
1.418537204963786838e-02
1.429965546525671302e-02
1.441406091335353280e-02
1.452858858949318717e-02
1.464323868965864903e-02
1.475801141025209068e-02
1.487290694809603915e-02
1.498792550043446213e-02
1.510306726493393717e-02
1.521833243968474976e-02
1.533372122320205387e-02
1.544923381442698911e-02
1.556487041272785511e-02
1.568063121790122180e-02
1.579651643017310897e-02
1.591252625020013120e-02
1.602866087907064280e-02
1.614492051830592259e-02
1.626130536986132927e-02
1.637781563612746363e-02
1.649445151993135170e-02
1.661121322453761387e-02
1.672810095364966193e-02
1.684511491141085435e-02
1.696225530240572099e-02
1.707952233166111847e-02
1.719691620464745829e-02
1.731443712727988998e-02
1.743208530591950148e-02
1.754986094737454039e-02
1.766776425890161789e-02
1.778579544820692304e-02
1.790395472344744748e-02
1.802224229323221016e-02
1.814065836662347164e-02
1.825920315313798656e-02
1.837787686274822141e-02
1.849667970588360008e-02
1.861561189343175979e-02
1.873467363673977232e-02
1.885386514761542426e-02
1.897318663832845906e-02
1.909263832161182603e-02
1.921222041066297098e-02
1.933193311914508175e-02
1.945177666118837537e-02
1.957175125139136440e-02
1.969185710482214760e-02
1.981209443701969011e-02
1.993246346399510024e-02
2.005296440223295132e-02
2.017359746869255496e-02
2.029436288080926909e-02
2.041526085649581976e-02
2.053629161414358487e-02
2.065745537262392642e-02
2.077875235128951587e-02
2.090018276997563859e-02
2.102174684900153662e-02
2.114344480917173738e-02
2.126527687177739295e-02
2.138724325859760189e-02
2.150934419190079008e-02
2.163157989444603260e-02
2.175395058948442414e-02
2.187645650076042864e-02
2.199909785251324620e-02
2.212187486947817666e-02
2.224478777688800382e-02
2.236783680047436593e-02
2.249102216646913649e-02
2.261434410160580513e-02
2.273780283312088271e-02
2.286139858875529257e-02
2.298513159675575832e-02
2.310900208587622282e-02
2.323301028537925680e-02
2.335715642503746747e-02
2.348144073513492094e-02
2.360586344646856127e-02
2.373042479034964680e-02
2.385512499860518304e-02
2.397996430357935554e-02
2.410494293813496974e-02
2.423006113565491157e-02
2.435531913004359422e-02
2.448071715572840146e-02
2.460625544766118292e-02
2.473193424131968354e-02
2.485775377270904932e-02
2.498371427836327402e-02
2.510981599534670497e-02
2.523605916125552795e-02
2.536244401421924172e-02
2.548897079290217416e-02
2.561563973650497414e-02
2.574245108476612767e-02
2.586940507796345670e-02
2.599650195691564913e-02
2.612374196298377846e-02
2.625112533807283030e-02
2.637865232463323245e-02
2.650632316566240224e-02
2.663413810470627655e-02
2.676209738586086961e-02
2.689020125377383427e-02
2.701844995364599544e-02
2.714684373123294608e-02
2.727538283284659457e-02
2.740406750535674674e-02
2.753289799619268799e-02
2.766187455334477227e-02
2.779099742536600068e-02
2.792026686137363475e-02
2.804968311105078549e-02
2.817924642464801968e-02
2.830895705298499057e-02
2.843881524745203379e-02
2.856882126001181535e-02
2.869897534320093452e-02
2.882927775013158223e-02
2.895972873449316129e-02
2.909032855055395869e-02
2.922107745316276928e-02
2.935197569775057497e-02
2.948302354033219275e-02
2.961422123750795735e-02
2.974556904646539005e-02
2.987706722498087095e-02
3.000871603142134247e-02
3.014051572474598858e-02
3.027246656450793133e-02
3.040456881085594476e-02
3.053682272453616536e-02
3.066922856689378862e-02
3.080178659987480722e-02
3.093449708602774573e-02
3.106736028850536763e-02
3.120037647106644468e-02
3.133354589807747781e-02
3.146686883451445260e-02
3.160034554596462264e-02
3.173397629862824421e-02
3.186776135932033877e-02
3.200170099547250402e-02
3.213579547513467638e-02
3.227004506697690733e-02
3.240445004029117448e-02
3.253901066499318567e-02
3.267372721162416921e-02
3.280859995135269880e-02
3.294362915597650460e-02
3.307881509792430508e-02
3.321415805025763890e-02
3.334965828667271065e-02
3.348531608150222272e-02
3.362113170971722104e-02
3.375710544692897552e-02
3.389323756939083970e-02
3.402952835400008952e-02
3.416597807829984540e-02
3.430258702048093189e-02
3.443935545938376502e-02
3.457628367450028134e-02
3.471337194597577669e-02
3.485062055461090463e-02
3.498802978186350138e-02
3.512559990985059111e-02
3.526333122135025949e-02
3.540122399980362433e-02
3.553927852931675069e-02
3.567749509466264235e-02
3.581587398128316391e-02
3.595441547529101833e-02
3.609311986347171763e-02
3.623198743328557431e-02
3.637101847286965811e-02
3.651021327103983610e-02
3.664957211729270165e-02
3.678909530180766302e-02
3.692878311544890019e-02
3.706863584976739789e-02
3.720865379700297876e-02
3.734883725008637106e-02
3.748918650264116553e-02
3.762970184898598025e-02
3.777038358413639663e-02
3.791123200380714514e-02
3.805224740441407599e-02
3.819343008307629628e-02
3.833478033761822390e-02
3.847629846657173169e-02
3.861798476917817358e-02
3.875983954539058418e-02
3.890186309587569113e-02
3.904405572201614244e-02
3.918641772591256733e-02
3.932894941038574815e-02
3.947165107897875752e-02
3.961452303595910246e-02
3.975756558632092402e-02
3.990077903578710672e-02
4.004416369081154059e-02
4.018771985858120982e-02
4.033144784701847563e-02
4.047534796478319957e-02
4.061942052127503339e-02
4.076366582663555616e-02
4.090808419175057109e-02
4.105267592825226353e-02
4.119744134852153933e-02
4.134238076569016901e-02
4.148749449364313308e-02
4.163278284702082166e-02
4.177824614122136598e-02
4.192388469240287963e-02
4.206969881748574835e-02
4.221568883415497547e-02
4.236185506086241614e-02
4.250819781682917825e-02
4.265471742204784977e-02
4.280141419728493435e-02
4.294828846408309253e-02
4.309534054476359122e-02
4.324257076242853798e-02
4.338997944096340681e-02
4.353756690503922389e-02
4.368533348011515577e-02
4.383327949244070904e-02
4.398140526905829073e-02
4.412971113780547738e-02
4.427819742731758240e-02
4.442686446702993203e-02
4.457571258718043272e-02
4.472474211881191652e-02
4.487395339377465986e-02
4.502334674472881215e-02
4.517292250514688690e-02
4.532268100931623883e-02
4.547262259234154808e-02
4.562274759014730424e-02
4.577305633948037383e-02
4.592354917791243579e-02
4.607422644384258359e-02
4.622508847649980240e-02
4.637613561594555733e-02
4.652736820307633303e-02
4.667878657962618028e-02
4.683039108816933194e-02
4.698218207212274955e-02
4.713415987574871846e-02
4.728632484415748460e-02
4.743867732330981496e-02
4.759121766001968984e-02
4.774394620195681477e-02
4.789686329764944461e-02
4.804996929648681914e-02
4.820326454872204264e-02
4.835674940547454032e-02
4.851042421873293792e-02
4.866428934135758055e-02
4.881834512708339152e-02
4.897259193052241888e-02
4.912703010716672203e-02
4.928166001339095298e-02
4.943648200645522905e-02
4.959149644450776273e-02
4.974670368658774128e-02
4.990210409262797048e-02
5.005769802345781672e-02
5.021348584080581601e-02
5.036946790730262996e-02
5.052564458648377971e-02
5.068201624279249778e-02
5.083858324158254532e-02
5.099534594912109170e-02
5.115230473259151089e-02
5.130945996009631666e-02
5.146681200065997969e-02
5.162436122423187668e-02
5.178210800168912137e-02
5.194005270483954828e-02
5.209819570642455766e-02
5.225653738012211308e-02
5.241507810054964883e-02
5.257381824326702591e-02
5.273275818477952265e-02
5.289189830254076297e-02
5.305123897495577640e-02
5.321078058138392630e-02
5.337052350214194912e-02
5.353046811850699360e-02
5.369061481271961839e-02
5.385096396798687984e-02
5.401151596848533659e-02
5.417227119936417895e-02
5.433323004674824735e-02
5.449439289774116874e-02
5.465576014042843739e-02
5.481733216388054442e-02
5.497910935815607247e-02
5.514109211430488766e-02
5.530328082437124815e-02
5.546567588139698912e-02
5.562827767942465917e-02
5.579108661350078158e-02
5.595410307967897678e-02
5.611732747502320984e-02
5.628076019761103083e-02
5.644440164653675290e-02
5.660825222191478989e-02
5.677231232488281348e-02
5.693658235760512554e-02
5.710106272327585691e-02
5.726575382612233978e-02
5.743065607140836887e-02
5.759576986543754606e-02
5.776109561555661798e-02
5.792663373015883438e-02
5.809238461868726500e-02
5.825834869163824120e-02
5.842452636056470056e-02
5.859091803807960769e-02
5.875752413785934741e-02
5.892434507464719418e-02
5.909138126425669824e-02
5.925863312357518287e-02
5.942610107056721380e-02
5.959378552427804093e-02
5.976168690483713714e-02
5.992980563346167466e-02
6.009814213246009174e-02
6.026669682523554811e-02
6.043547013628958881e-02
6.060446249122557888e-02
6.077367431675240877e-02
6.094310604068797071e-02
6.111275809196285713e-02
6.128263090062391338e-02
6.145272489783791536e-02
6.162304051589519160e-02
6.179357818821330089e-02
6.196433834934068907e-02
6.213532143496042215e-02
6.230652788189382923e-02
6.247795812810427035e-02
6.264961261270086956e-02
6.282149177594220646e-02
6.299359605924019501e-02
6.316592590516373340e-02
6.333848175744259679e-02
6.351126406097114263e-02
6.368427326181229364e-02
6.385750980720117376e-02
6.403097414554916045e-02
6.420466672644760397e-02
6.437858800067178255e-02
6.455273842018480202e-02
6.472711843814146770e-02
6.490172850889226741e-02
6.507656908798731266e-02
6.525164063218022448e-02
6.542694359943221349e-02
6.560247844891602120e-02
6.577824564101991678e-02
6.595424563735177714e-02
6.613047890074305601e-02
6.630694589525289173e-02
6.648364708617214569e-02
6.666058294002756568e-02
6.683775392458578268e-02
6.701516050885750198e-02
6.719280316310163870e-02
6.737068235882946732e-02
6.754879856880874334e-02
6.772715226706800540e-02
6.790574392890065536e-02
6.808457403086927429e-02
6.826364305080978578e-02
6.844295146783578587e-02
6.862249976234276183e-02
6.880228841601239431e-02
6.898231791181687333e-02
6.916258873402324203e-02
6.934310136819769876e-02
6.952385630120995474e-02
6.970485402123768881e-02
6.988609501777083566e-02
7.006757978161606837e-02
7.024930880490118379e-02
7.043128258107962669e-02
7.061350160493486128e-02
7.079596637258490921e-02
7.097867738148683214e-02
7.116163513044131139e-02
7.134484011959706107e-02
7.152829285045554653e-02
7.171199382587538362e-02
7.189594355007712656e-02
7.208014252864769489e-02
7.226459126854513360e-02
7.244929027810323441e-02
7.263424006703614322e-02
7.281944114644316179e-02
7.300489402881332746e-02
7.319059922803027030e-02
7.337655725937683449e-02
7.356276863953996326e-02
7.374923388661536183e-02
7.393595352011243793e-02
7.412292806095897857e-02
7.431015803150614607e-02
7.449764395553319651e-02
7.468538635825250349e-02
7.487338576631433207e-02
7.506164270781186254e-02
7.525015771228608930e-02
7.543893131073078906e-02
7.562796403559751690e-02
7.581725642080058836e-02
7.600680900172215870e-02
7.619662231521720508e-02
7.638669689961864739e-02
7.657703329474241372e-02
7.676763204189253342e-02
7.695849368386629974e-02
7.714961876495944615e-02
7.734100783097121179e-02
7.753266142920967052e-02
7.772458010849686572e-02
7.791676441917408380e-02
7.810921491310708620e-02
7.830193214369142451e-02
7.849491666585770022e-02
7.868816903607694924e-02
7.888168981236595712e-02
7.907547955429260200e-02
7.926953882298132248e-02
7.946386818111844663e-02
7.965846819295772929e-02
7.985333942432569498e-02
8.004848244262724455e-02
8.024389781685103973e-02
8.043958611757516530e-02
8.063554791697255530e-02
8.083178378881664128e-02
8.102829430848697279e-02
8.122508005297476852e-02
8.142214160088862007e-02
8.161947953246011245e-02
8.181709442954962497e-02
8.201498687565189627e-02
8.221315745590189461e-02
8.241160675708049388e-02
8.261033536762038554e-02
8.280934387761169913e-02
8.300863287880812236e-02
8.320820296463242449e-02
8.340805473018270133e-02
8.360818877223795409e-02
8.380860568926434828e-02
8.400930608142087586e-02
8.421029055056562795e-02
8.441155970026152644e-02
8.461311413578269380e-02
8.481495446412017081e-02
8.501708129398832803e-02
8.521949523583069452e-02
8.542219690182638325e-02
8.562518690589600301e-02
8.582846586370809772e-02
8.603203439268515551e-02
8.623589311201000640e-02
8.644004264263203952e-02
8.664448360727353138e-02
8.684921663043591866e-02
8.705424233840627912e-02
8.725956135926354884e-02
8.746517432288514193e-02
8.767108186095315392e-02
8.787728460696107857e-02
8.808378319622006680e-02
8.829057826586565738e-02
8.849767045486417461e-02
8.870506040401943126e-02
8.891274875597920957e-02
8.912073615524204739e-02
8.932902324816373307e-02
8.953761068296421655e-02
8.974649910973407640e-02
8.995568918044154205e-02
9.016518154893901627e-02
9.037497687097013899e-02
9.058507580417637928e-02
9.079547900810418237e-02
9.100618714421154776e-02
9.121720087587530112e-02
9.142852086839774184e-02
9.164014778901392877e-02
9.185208230689845266e-02
9.206432509317262480e-02
9.227687682091151311e-02
9.248973816515114466e-02
9.270290980289547234e-02
9.291639241312377173e-02
9.313018667679762164e-02
9.334429327686839806e-02
9.355871289828429638e-02
9.377344622799782536e-02
9.398849395497296810e-02
9.420385677019281478e-02
9.441953536666661262e-02
9.463553043943752352e-02
9.485184268558986831e-02
9.506847280425681501e-02
9.528542149662763694e-02
9.550268946595560915e-02
9.572027741756533592e-02
9.593818605886061945e-02
9.615641609933178735e-02
9.637496825056383887e-02
9.659384322624377239e-02
9.681304174216864844e-02
9.703256451625313916e-02
9.725241226853763299e-02
9.747258572119583964e-02
9.769308559854300578e-02
9.791391262704345066e-02
9.813506753531897608e-02
9.835655105415656851e-02
9.857836391651661478e-02
9.880050685754085404e-02
9.902298061456067668e-02
9.924578592710511793e-02
9.946892353690915678e-02
9.969239418792180674e-02
9.991619862631465065e-02
1.001403376004898343e-01
1.003648118610886292e-01
1.005896221609996616e-01
1.008147692553675312e-01
1.010402539016009987e-01
1.012660768593817151e-01
1.014922388906725897e-01
1.017187407597265336e-01
1.019455832330947859e-01
1.021727670796359344e-01
1.024002930705242564e-01
1.026281619792587391e-01
1.028563745816714892e-01
1.030849316559369760e-01
1.033138339825804691e-01
1.035430823444872805e-01
1.037726775269112861e-01
1.040026203174843483e-01
1.042329115062249068e-01
1.044635518855473871e-01
1.046945422502709028e-01
1.049258833976288163e-01
1.051575761272775106e-01
1.053896212413059502e-01
1.056220195442445775e-01
1.058547718430749990e-01
1.060878789472389921e-01
1.063213416686480950e-01
1.065551608216929041e-01
1.067893372232527199e-01
1.070238716927048028e-01
1.072587650519341851e-01
1.074940181253430660e-01
1.077296317398606373e-01
1.079656067249526313e-01
1.082019439126310906e-01
1.084386441374641935e-01
1.086757082365860660e-01
1.089131370497065932e-01
1.091509314191213553e-01
1.093890921897216623e-01
1.096276202090044616e-01
1.098665163270824835e-01
1.101057813966941912e-01
1.103454162732141058e-01
1.105854218146629098e-01
1.108257988817176604e-01
1.110665483377221568e-01
1.113076710486971960e-01
1.115491678833510358e-01
1.117910397130897210e-01
1.120332874120276850e-01
1.122759118569982145e-01
1.125189139275640515e-01
1.127622945060279408e-01
1.130060544774434544e-01
1.132501947296256084e-01
1.134947161531617010e-01
1.137396196414220406e-01
1.139849060905709782e-01
1.142305763995777462e-01
1.144766314702274634e-01
1.147230722071320846e-01
1.149698995177416555e-01
1.152171143123553593e-01
1.154647175041325913e-01
1.157127100091044636e-01
1.159610927461848517e-01
1.162098666371819272e-01
1.164590326068093984e-01
1.167085915826981124e-01
1.169585444954074765e-01
1.172088922784371018e-01
1.174596358682383074e-01
1.177107762042258893e-01
1.179623142287898607e-01
1.182142508873072206e-01
1.184665871281536664e-01
1.187193239027157649e-01
1.189724621654026510e-01
1.192260028736582128e-01
1.194799469879730403e-01
1.197342954718966374e-01
1.199890492920496349e-01
1.202442094181358501e-01
1.204997768229548599e-01
1.207557524824141443e-01
1.210121373755416591e-01
1.212689324844981598e-01
1.215261387945898858e-01
1.217837572942811197e-01
1.220417889752068580e-01
1.223002348321854116e-01
1.225590958632313959e-01
1.228183730695684706e-01
1.230780674556422177e-01
1.233381800291331321e-01
1.235987118009697211e-01
1.238596637853415366e-01
1.241210369997123447e-01
1.243828324648333372e-01
1.246450512047564685e-01
1.249076942468477780e-01
1.251707626218007685e-01
1.254342573636499369e-01
1.256981795097843468e-01
1.259625301009612008e-01
1.262273101813194687e-01
1.264925207983937649e-01
1.267581630031280882e-01
1.270242378498896707e-01
1.272907463964829677e-01
1.275576897041636737e-01
1.278250688376528499e-01
1.280928848651510243e-01
1.283611388583523472e-01
1.286298318924590789e-01
1.288989650461958292e-01
1.291685394018239064e-01
1.294385560451560557e-01
1.297090160655708646e-01
1.299799205560274729e-01
1.302512706130801723e-01
1.305230673368934780e-01
1.307953118312567276e-01
1.310680052035991250e-01
1.313411485650048116e-01
1.316147430302278265e-01
1.318887897177074275e-01
1.321632897495831904e-01
1.324382442517103853e-01
1.327136543536754087e-01
1.329895211888111883e-01
1.332658458942127810e-01
1.335426296107528887e-01
1.338198734830977343e-01
1.340975786597226882e-01
1.343757462929281721e-01
1.346543775388556741e-01
1.349334735575036526e-01
1.352130355127437455e-01
1.354930645723367300e-01
1.357735619079491196e-01
1.360545286951692356e-01
1.363359661135237211e-01
1.366178753464940554e-01
1.369002575815331246e-01
1.371831140100819024e-01
1.374664458275862700e-01
1.377502542335136415e-01
1.380345404313702007e-01
1.383193056287176648e-01
1.386045510371905487e-01
1.388902778725131237e-01
1.391764873545170145e-01
1.394631807071582685e-01
1.397503591585349536e-01
1.400380239409046434e-01
1.403261762907020982e-01
1.406148174485568891e-01
1.409039486593112456e-01
1.411935711720379849e-01
1.414836862400584983e-01
1.417742951209607638e-01
1.420653990766175545e-01
1.423569993732046457e-01
1.426490972812194113e-01
1.429416940754989207e-01
1.432347910352387288e-01
1.435283894440114449e-01
1.438224905897855233e-01
1.441170957649439144e-01
1.444122062663033002e-01
1.447078233951328008e-01
1.450039484571734039e-01
1.453005827626568103e-01
1.455977276263252795e-01
1.458953843674505035e-01
1.461935543098535906e-01
1.464922387819242444e-01
1.467914391166410260e-01
1.470911566515906155e-01
1.473913927289883241e-01
1.476921486956974394e-01
1.479934259032501254e-01
1.482952257078670177e-01
1.485975494704781519e-01
1.489003985567427246e-01
1.492037743370704106e-01
1.495076781866414295e-01
1.498121114854278346e-01
1.501170756182137744e-01
1.504225719746171974e-01
1.507286019491103635e-01
1.510351669410414932e-01
1.513422683546557512e-01
1.516499075991170065e-01
1.519580860885290929e-01
1.522668052419577367e-01
1.525760664834520108e-01
1.528858712420667343e-01
1.531962209518839269e-01
1.535071170520353190e-01
1.538185609867243897e-01
1.541305542052489319e-01
1.544430981620232568e-01
1.547561943166011200e-01
1.550698441336980649e-01
1.553840490832147370e-01
1.556988106402592553e-01
1.560141302851709155e-01
1.563300095035428938e-01
1.566464497862459782e-01
1.569634526294515775e-01
1.572810195346558138e-01
1.575991520087027253e-01
1.579178515638086366e-01
1.582371197175855004e-01
1.585569579930655726e-01
1.588773679187251986e-01
1.591983510285095160e-01
1.595199088618564631e-01
1.598420429637220364e-01
1.601647548846043267e-01
1.604880461805690828e-01
1.608119184132740243e-01
1.611363731499947105e-01
1.614614119636491318e-01
1.617870364328236887e-01
1.621132481417983107e-01
1.624400486805726018e-01
1.627674396448911542e-01
1.630954226362699988e-01
1.634239992620223070e-01
1.637531711352851194e-01
1.640829398750451862e-01
1.644133071061660012e-01
1.647442744594141417e-01
1.650758435714864414e-01
1.654080160850365522e-01
1.657407936487024502e-01
1.660741779171333865e-01
1.664081705510177256e-01
1.667427732171100352e-01
1.670779875882592302e-01
1.674138153434360787e-01
1.677502581677617066e-01
1.680873177525351314e-01
1.684249957952623222e-01
1.687632939996840942e-01
1.691022140758052517e-01
1.694417577399228714e-01
1.697819267146558619e-01
1.701227227289735522e-01
1.704641475182255006e-01
1.708062028241703334e-01
1.711488903950060814e-01
1.714922119853992954e-01
1.718361693565155224e-01
1.721807642760489476e-01
1.725259985182531763e-01
1.728718738639711816e-01
1.732183921006664462e-01
1.735655550224531607e-01
1.739133644301277815e-01
1.742618221311997284e-01
1.746109299399229708e-01
1.749606896773272247e-01
1.753111031712500656e-01
1.756621722563682375e-01
1.760138987742300987e-01
1.763662845732875406e-01
1.767193315089286287e-01
1.770730414435098266e-01
1.774274162463891635e-01
1.777824577939587092e-01
1.781381679696781850e-01
1.784945486641077161e-01
1.788516017749418874e-01
1.792093292070429111e-01
1.795677328724750166e-01
1.799268146905379506e-01
1.802865765878018389e-01
1.806470204981410199e-01
1.810081483627693777e-01
1.813699621302743981e-01
1.817324637566531120e-01
1.820956552053464295e-01
1.824595384472754711e-01
1.828241154608763464e-01
1.831893882321368183e-01
1.835553587546317755e-01
1.839220290295598137e-01
1.842894010657795678e-01
1.846574768798464883e-01
1.850262584960496726e-01
1.853957479464490576e-01
1.857659472709125570e-01
1.861368585171538914e-01
1.865084837407700868e-01
1.868808250052796105e-01
1.872538843821603682e-01
1.876276639508883959e-01
1.880021657989763284e-01
1.883773920220121467e-01
1.887533447236985906e-01
1.891300260158921553e-01
1.895074380186428931e-01
1.898855828602338813e-01
1.902644626772215519e-01
1.906440796144757144e-01
1.910244358252201902e-01
1.914055334710733081e-01
1.917873747220890657e-01
1.921699617567982077e-01
1.925532967622497205e-01
1.929373819340524099e-01
1.933222194764168678e-01
1.937078116021977714e-01
1.940941605329360165e-01
1.944812684989016549e-01
1.948691377391366386e-01
1.952577705014980902e-01
1.956471690427016019e-01
1.960373356283650892e-01
1.964282725330525892e-01
1.968199820403185585e-01
1.972124664427521989e-01
1.976057280420223106e-01
1.979997691489223111e-01
1.983945920834153942e-01
1.987901991746800212e-01
1.991865927611559395e-01
1.995837751905899793e-01
1.999817488200827109e-01
2.003805160161347132e-01
2.007800791546938135e-01
2.011804406212021057e-01
2.015816028106433566e-01
2.019835681275910233e-01
2.023863389862560203e-01
2.027899178105352362e-01
2.031943070340599400e-01
2.035995091002449908e-01
2.040055264623378828e-01
2.044123615834682328e-01
2.048200169366976020e-01
2.052284950050697332e-01
2.056377982816607886e-01
2.060479292696302256e-01
2.064588904822716176e-01
2.068706844430642788e-01
2.072833136857246406e-01
2.076967807542584865e-01
2.081110882030128839e-01
2.085262385967291687e-01
2.089422345105955703e-01
2.093590785303006407e-01
2.097767732520867401e-01
2.101953212828039652e-01
2.106147252399644121e-01
2.110349877517965766e-01
2.114561114573005607e-01
2.118780990063030001e-01
2.123009530595128536e-01
2.127246762885771914e-01
2.131492713761375113e-01
2.135747410158864434e-01
2.140010879126245935e-01
2.144283147823177749e-01
2.148564243521549622e-01
2.152854193606060784e-01
2.157153025574805039e-01
2.161460767039857511e-01
2.165777445727866402e-01
2.170103089480648340e-01
2.174437726255784853e-01
2.178781384127227716e-01
2.183134091285902634e-01
2.187495876040320697e-01
2.191866766817190393e-01
2.196246792162036554e-01
2.200635980739822084e-01
2.205034361335571624e-01
2.209441962855001607e-01
2.213858814325154745e-01
2.218284944895034805e-01
2.222720383836250535e-01
2.227165160543657929e-01
2.231619304536012205e-01
2.236082845456620616e-01
2.240555813073999425e-01
2.245038237282535043e-01
2.249530148103152383e-01
2.254031575683982935e-01
2.258542550301040064e-01
2.263063102358897627e-01
2.267593262391373321e-01
2.272133061062216186e-01
2.276682529165797719e-01
2.281241697627808818e-01
2.285810597505961161e-01
2.290389259990690818e-01
2.294977716405868784e-01
2.299575998209515970e-01
2.304184136994521792e-01
2.308802164489366648e-01
2.313430112558851337e-01
2.318068013204829247e-01
2.322715898566945492e-01
2.327373800923376312e-01
2.332041752691579040e-01
2.336719786429043988e-01
2.341407934834049409e-01
2.346106230746424770e-01
2.350814707148317639e-01
2.355533397164965292e-01
2.360262334065471035e-01
2.365001551263586632e-01
2.369751082318498903e-01
2.374510960935622139e-01
2.379281220967396082e-01
2.384061896414086112e-01
2.388853021424594270e-01
2.393654630297269714e-01
2.398466757480728906e-01
2.403289437574678000e-01
2.408122705330743019e-01
2.412966595653305568e-01
2.417821143600339673e-01
2.422686384384261649e-01
2.427562353372778592e-01
2.432449086089747692e-01
2.437346618216035543e-01
2.442254985590390226e-01
2.447174224210313942e-01
2.452104370232942865e-01
2.457045459975932544e-01
2.461997529918351080e-01
2.466960616701575904e-01
2.471934757130198057e-01
2.476919988172930354e-01
2.481916346963526088e-01
2.486923870801698577e-01
2.491942597154050421e-01
2.496972563655007749e-01
2.502013808107760862e-01
2.507066368485211805e-01
2.512130282930926106e-01
2.517205589760095896e-01
2.522292327460501915e-01
2.527390534693491619e-01
2.532500250294952293e-01
2.537621513276303586e-01
2.542754362825485615e-01
2.547898838307962044e-01
2.553054979267722069e-01
2.558222825428299596e-01
2.563402416693786878e-01
2.568593793149867577e-01
2.573796995064845383e-01
2.579012062890689849e-01
2.584239037264081662e-01
2.589477959007470687e-01
2.594728869130134563e-01
2.599991808829253404e-01
2.605266819490985597e-01
2.610553942691550278e-01
2.615853220198322560e-01
2.621164693970933768e-01
2.626488406162376110e-01
2.631824399120119007e-01
2.637172715387233191e-01
2.642533397703519804e-01
2.647906489006650599e-01
2.653292032433310355e-01
2.658690071320356507e-01
2.664100649205979332e-01
2.669523809830871008e-01
2.674959597139406342e-01
2.680408055280828483e-01
2.685869228610445192e-01
2.691343161690832320e-01
2.696829899293045618e-01
2.702329486397839209e-01
2.707841968196899596e-01
2.713367390094080234e-01
2.718905797706647753e-01
2.724457236866538734e-01
2.730021753621624248e-01
2.735599394236980508e-01
2.741190205196175067e-01
2.746794233202554669e-01
2.752411525180546992e-01
2.758042128276970151e-01
2.763686089862353312e-01
2.769343457532261743e-01
2.775014279108639070e-01
2.780698602641150097e-01
2.786396476408542489e-01
2.792107948920009020e-01
2.797833068916569799e-01
2.803571885372451722e-01
2.809324447496491239e-01
2.815090804733538787e-01
2.820871006765872657e-01
2.826665103514630628e-01
2.832473145141243820e-01
2.838295182048884979e-01
2.844131264883926757e-01
2.849981444537410535e-01
2.855845772146525796e-01
2.861724299096098934e-01
2.867617077020095384e-01
2.873524157803130086e-01
2.879445593581992924e-01
2.885381436747179174e-01
2.891331739944436041e-01
2.897296556076320306e-01
2.903275938303765402e-01
2.909269940047657932e-01
2.915278614990434725e-01
2.921302017077678781e-01
2.927340200519738533e-01
2.933393219793350992e-01
2.939461129643282100e-01
2.945543985083977079e-01
2.951641841401220767e-01
2.957754754153816279e-01
2.963882779175268101e-01
2.970025972575485729e-01
2.976184390742495078e-01
2.982358090344161550e-01
2.988547128329931413e-01
2.994751561932581518e-01
3.000971448669983443e-01
3.007206846346879847e-01
3.013457813056676926e-01
3.019724407183249082e-01
3.026006687402753581e-01
3.032304712685464643e-01
3.038618542297618075e-01
3.044948235803269787e-01
3.051293853066167627e-01
3.057655454251642646e-01
3.064033099828505358e-01
3.070426850570966981e-01
3.076836767560564567e-01
3.083262912188110549e-01
3.089705346155650623e-01
3.096164131478438275e-01
3.102639330486924862e-01
3.109131005828766892e-01
3.115639220470842741e-01
3.122164037701291583e-01
3.128705521131562306e-01
3.135263734698483518e-01
3.141838742666344664e-01
3.148430609628994348e-01
3.155039400511959746e-01
3.161665180574572132e-01
3.168308015412121259e-01
3.174967970958014196e-01
3.181645113485960796e-01
3.188339509612171385e-01
3.195051226297569991e-01
3.201780330850028666e-01
3.208526890926618469e-01
3.215290974535874868e-01
3.222072650040084252e-01
3.228871986157585416e-01
3.235689051965093266e-01
3.242523916900035275e-01
3.249376650762912377e-01
3.256247323719671516e-01
3.263136006304101500e-01
3.270042769420249962e-01
3.276967684344850862e-01
3.283910822729779189e-01
3.290872256604522872e-01
3.297852058378672457e-01
3.304850300844431321e-01
3.311867057179147533e-01
3.318902400947862374e-01
3.325956406105884944e-01
3.333029147001378423e-01
3.340120698377977426e-01
3.347231135377415900e-01
3.354360533542187217e-01
3.361508968818212040e-01
3.368676517557542827e-01
3.375863256521074995e-01
3.383069262881291395e-01
3.390294614225026204e-01
3.397539388556243822e-01
3.404803664298850507e-01
3.412087520299524335e-01
3.419391035830564030e-01
3.426714290592768331e-01
3.434057364718334782e-01
3.441420338773780729e-01
3.448803293762891520e-01
3.456206311129690345e-01
3.463629472761431960e-01
3.471072860991626374e-01
3.478536558603075868e-01
3.486020648830949753e-01
3.493525215365876901e-01
3.501050342357063805e-01
3.508596114415442613e-01
3.516162616616838599e-01
3.523749934505170933e-01
3.531358154095675106e-01
3.538987361878153104e-01
3.546637644820250790e-01
3.554309090370764701e-01
3.562001786462969388e-01
3.569715821517980836e-01
3.577451284448145974e-01
3.585208264660452726e-01
3.592986852059981695e-01
3.600787137053372278e-01
3.608609210552329860e-01
3.616453163977159657e-01
3.624319089260322757e-01
3.632207078850029358e-01
3.640117225713864757e-01
3.648049623342436432e-01
3.656004365753061092e-01
3.663981547493475599e-01
3.671981263645585636e-01
3.680003609829244349e-01
3.688048682206057638e-01
3.696116577483229970e-01
3.704207392917440722e-01
3.712321226318747169e-01
3.720458176054529664e-01
3.728618341053467899e-01
3.736801820809544927e-01
3.745008715386097808e-01
3.753239125419890465e-01
3.761493152125228168e-01
3.769770897298110324e-01
3.778072463320411578e-01
3.786397953164101216e-01
3.794747470395508637e-01
3.803121119179606602e-01
3.811519004284354417e-01
3.819941231085057787e-01
3.828387905568781391e-01
3.836859134338795885e-01
3.845355024619057649e-01
3.853875684258736278e-01
3.862421221736779264e-01
3.870991746166513314e-01
3.879587367300286194e-01
3.888208195534159084e-01
3.896854341912623920e-01
3.905525918133379570e-01
3.914223036552134105e-01
3.922945810187462579e-01
3.931694352725702557e-01
3.940468778525889615e-01
3.949269202624743902e-01
3.958095740741696122e-01
3.966948509283958479e-01
3.975827625351643912e-01
3.984733206742929190e-01
3.993665371959262966e-01
4.002624240210623241e-01
4.011609931420820341e-01
4.020622566232846529e-01
4.029662266014278904e-01
4.038729152862722827e-01
4.047823349611311960e-01
4.056944979834256615e-01
4.066094167852435937e-01
4.075271038739052276e-01
4.084475718325325522e-01
4.093708333206244609e-01
4.102969010746377321e-01
4.112257879085718937e-01
4.121575067145606397e-01
4.130920704634685192e-01
4.140294922054922888e-01
4.149697850707688151e-01
4.159129622699879181e-01
4.168590370950109869e-01
4.178080229194958140e-01
4.187599331995259799e-01
4.197147814742475669e-01
4.206725813665108671e-01
4.216333465835179761e-01
4.225970909174769918e-01
4.235638282462620974e-01
4.245335725340790289e-01
4.255063378321385370e-01
4.264821382793339000e-01
4.274609881029266534e-01
4.284429016192381479e-01
4.294278932343468247e-01
4.304159774447933184e-01
4.314071688382915548e-01
4.324014820944465098e-01
4.333989319854788524e-01
4.343995333769568590e-01
4.354033012285343784e-01
4.364102505946970689e-01
4.374203966255141851e-01
4.384337545673990255e-01
4.394503397638759301e-01
4.404701676563543833e-01
4.414932537849109440e-01
4.425196137890789472e-01
4.435492634086448671e-01
4.445822184844534508e-01
4.456184949592196243e-01
4.466581088783488362e-01
4.477010763907657287e-01
4.487474137497493576e-01
4.497971373137781281e-01
4.508502635473825015e-01
4.519068090220050293e-01
4.529667904168701575e-01
4.540302245198619691e-01
4.550971282284099195e-01
4.561675185503846208e-01
4.572414126050008409e-01
4.583188276237303849e-01
4.593997809512243569e-01
4.604842900462430277e-01
4.615723724825960272e-01
4.626640459500922509e-01
4.637593282554974272e-01
4.648582373235033982e-01
4.659607911977050598e-01
4.670670080415883496e-01
4.681769061395279485e-01
4.692905038977941978e-01
4.704078198455702298e-01
4.715288726359810334e-01
4.726536810471302363e-01
4.737822639831489879e-01
4.749146404752553341e-01
4.760508296828231400e-01
4.771908508944638361e-01
4.783347235291168231e-01
4.794824671371526459e-01
4.806341014014869906e-01
4.817896461387052853e-01
4.829491213001997907e-01
4.841125469733178477e-01
4.852799433825215059e-01
4.864513308905601963e-01
4.876267299996537852e-01
4.888061613526892835e-01
4.899896457344294909e-01
4.911772040727333533e-01
4.923688574397898643e-01
4.935646270533647906e-01
4.947645342780593869e-01
4.959686006265829894e-01
4.971768477610390424e-01
4.983892974942235043e-01
4.996059717909383524e-01
5.008268927693171335e-01
5.020520827021657251e-01
5.032815640183168071e-01
5.045153593039982676e-01
5.057534913042162072e-01
5.069959829241533766e-01
5.082428572305806025e-01
5.094941374532849787e-01
5.107498469865121571e-01
5.120100093904245142e-01
5.132746483925746395e-01
5.145437878893943662e-01
5.158174519477000119e-01
5.170956648062139394e-01
5.183784508771017707e-01
5.196658347475268114e-01
5.209578411812209042e-01
5.222544951200720487e-01
5.235558216857301161e-01
5.248618461812279978e-01
5.261725940926226253e-01
5.274880910906529774e-01
5.288083630324147411e-01
5.301334359630556214e-01
5.314633361174876391e-01
5.327980899221181899e-01
5.341377239966011992e-01
5.354822651556061519e-01
5.368317404106073276e-01
5.381861769716932420e-01
5.395456022493945181e-01
5.409100438565336288e-01
5.422795296100949569e-01
5.436540875331138389e-01
5.450337458565890358e-01
5.464185330214156311e-01
5.478084776803382461e-01
5.492036086999286804e-01
5.506039551625828699e-01
5.520095463685429360e-01
5.534204118379399961e-01
5.548365813128610657e-01
5.562580847594390532e-01
5.576849523699665134e-01
5.591172145650327163e-01
5.605549019956863610e-01
5.619980455456214941e-01
5.634466763333888517e-01
5.649008257146336254e-01
5.663605252843564308e-01
5.678258068792023661e-01
5.692967025797757152e-01
5.707732447129808540e-01
5.722554658543904660e-01
5.737433988306419597e-01
5.752370767218595304e-01
5.767365328641069766e-01
5.782418008518670494e-01
5.797529145405504458e-01
5.812699080490342229e-01
5.827928157622294103e-01
5.843216723336791540e-01
5.858565126881875029e-01
5.873973720244781704e-01
5.889442858178859375e-01
5.904972898230789191e-01
5.920564200768128060e-01
5.936217129007198556e-01
5.951932049041274153e-01
5.967709329869134161e-01
5.983549343423946176e-01
5.999452464602481605e-01
6.015419071294703102e-01
6.031449544413695074e-01
6.047544267925947237e-01
6.063703628882025631e-01
6.079928017447585598e-01
6.096217826934778872e-01
6.112573453834042603e-01
6.128995297846259183e-01
6.145483761915320198e-01
6.162039252261084510e-01
6.178662178412738237e-01
6.195352953242562188e-01
6.212111993000115628e-01
6.228939717346837490e-01
6.245836549391083903e-01
6.262802915723577613e-01
6.279839246453318147e-01
6.296945975243926075e-01
6.314123539350438019e-01
6.331372379656560190e-01
6.348692940712397093e-01
6.366085670772632099e-01
6.383551021835207617e-01
6.401089449680471555e-01
6.418701413910830045e-01
6.436387377990896441e-01
6.454147809288143245e-01
6.471983179114068063e-01
6.489893962765896918e-01
6.507880639568791592e-01
6.525943692918622085e-01
6.544083610325259759e-01
6.562300883456444467e-01
6.580596008182207912e-01
6.598969484619859882e-01
6.617421817179559573e-01
6.635953514610486437e-01
6.654565090047579456e-01
6.673257061058914807e-01
6.692029949693676372e-01
6.710884282530756861e-01
6.729820590727999541e-01
6.748839410072071665e-01
6.767941281028998501e-01
6.787126748795366815e-01
6.806396363350183387e-01
6.825750679507437413e-01
6.845190256969350129e-01
6.864715660380322770e-01
6.884327459381607284e-01
6.904026228666713116e-01
6.923812548037528991e-01
6.943687002461222946e-01
6.963650182127879562e-01
6.983702682508927673e-01
7.003845104416348555e-01
7.024078054062680154e-01
7.044402143121830662e-01
7.064817988790731418e-01
7.085326213851798061e-01
7.105927446736270969e-01
7.126622321588401698e-01
7.147411478330517598e-01
7.168295562728991266e-01
7.189275226461095958e-01
7.210351127182796915e-01
7.231523928597473061e-01
7.252794300525580162e-01
7.274162918975293213e-01
7.295630466214128029e-01
7.317197630841539846e-01
7.338865107862568848e-01
7.360633598762483798e-01
7.382503811582490361e-01
7.404476460996504139e-01
7.426552268388986189e-01
7.448731961933902079e-01
7.471016276674786738e-01
7.493405954605933950e-01
7.515901744754766023e-01
7.538504403265349207e-01
7.561214693483124805e-01
7.584033386040843761e-01
7.606961258945729165e-01
7.629999097667902186e-01
7.653147695230086978e-01
7.676407852298595680e-01
7.699780377275646792e-01
7.723266086393023588e-01
7.746865803807084783e-01
7.770580361695182958e-01
7.794410600353466334e-01
7.818357368296140475e-01
7.842421522356183283e-01
7.866603927787527706e-01
7.890905458368778769e-01
7.915326996508457169e-01
7.939869433351796069e-01
7.964533668889147711e-01
7.989320612065988758e-01
8.014231180894584305e-01
8.039266302567322775e-01
8.064426913571755007e-01
8.089713959807363075e-01
8.115128396704109903e-01
8.140671189342759684e-01
8.166343312577045710e-01
8.192145751157701161e-01
8.218079499858358394e-01
8.244145563603407778e-01
8.270344957597791646e-01
8.296678707458813307e-01
8.323147849349969984e-01
8.349753430116854114e-01
8.376496507425167382e-01
8.403378149900883054e-01
8.430399437272574348e-01
8.457561460515995444e-01
8.484865322000896271e-01
8.512312135640166533e-01
8.539903027041324535e-01
8.567639133660382988e-01
8.595521604958169526e-01
8.623551602559119678e-01
8.651730300412594499e-01
8.680058884956778353e-01
8.708538555285199045e-01
8.737170523315909154e-01
8.765956013963407401e-01
8.794896265313312256e-01
8.823992528799872170e-01
8.853246069386361272e-01
8.882658165748387180e-01
8.912230110460204191e-01
8.941963210184076249e-01
8.971858785862723007e-01
9.001918172914952221e-01
9.032142721434501809e-01
9.062533796392173713e-01
9.093092777841326191e-01
9.123821061126762277e-01
9.154720057097115449e-01
9.185791192320786891e-01
9.217035909305485442e-01
9.248455666721467905e-01
9.280051939628554125e-01
9.311826219706945684e-01
9.343780015491995883e-01
9.375914852612939887e-01
9.408232274035704945e-01
9.440733840309883940e-01
9.473421129819914466e-01
9.506295739040603321e-01
9.539359282797045259e-01
9.572613394529025932e-01
9.606059726560037815e-01
9.639699950370939074e-01
9.673535756878414160e-01
9.707568856718302719e-01
9.741800980533855681e-01
9.776233879269147220e-01
9.810869324467589303e-01
9.845709108575756430e-01
9.880755045252609392e-01
9.916008969684222407e-01
9.951472738904116877e-01
9.987148232119356095e-01
1.002303735104247195e+00
1.005914202022938797e+00
1.009546418742345519e+00
1.013200582390570315e+00
1.016876892485147899e+00
1.020575550969358369e+00
1.024296762249204296e+00
1.028040733231067483e+00
1.031807673360058963e+00
1.035597794659074644e+00
1.039411311768578150e+00
1.043248441987119079e+00
1.047109405312607100e+00
1.050994424484360090e+00
1.054903725025936545e+00
1.058837535288776666e+00
1.062796086496666126e+00
1.066779612791040721e+00
1.070788351277151884e+00
1.074822542071111497e+00
1.078882428347834876e+00
1.082968256389905015e+00
1.087080275637372972e+00
1.091218738738522154e+00
1.095383901601614474e+00
1.099576023447639272e+00
1.103795366864092964e+00
1.108042197859806954e+00
1.112316785920852258e+00
1.116619404067543897e+00
1.120950328912569072e+00
1.125309840720267518e+00
1.129698223467089813e+00
1.134115764903260049e+00
1.138562756615671079e+00
1.143039494092044750e+00
1.147546276786380659e+00
1.152083408185729185e+00
1.156651195878316329e+00
1.161249951623056553e+00
1.165879991420482265e+00
1.170541635585125917e+00
1.175235208819390254e+00
1.179961040288941776e+00
1.184719463699662301e+00
1.189510817376201457e+00
1.194335444342160768e+00
1.199193692401959499e+00
1.204085914224414244e+00
1.209012467428079107e+00
1.213973714668389547e+00
1.218970023726652752e+00
1.224001767600931823e+00
1.229069324598871304e+00
1.234173078432510451e+00
1.239313418315136195e+00
1.244490739060226892e+00
1.249705441182538568e+00
1.254957931001388527e+00
1.260248620746194037e+00
1.265577928664319174e+00
1.270946279131294876e+00
1.276354102763469056e+00
1.281801836533150052e+00
1.287289923886310250e+00
1.292818814862914056e+00
1.298388966219939933e+00
1.304000841557168444e+00
1.309654911445804926e+00
1.315351653560015599e+00
1.321091552811455516e+00
1.326875101486860720e+00
1.332702799388795434e+00
1.338575153979634225e+00
1.344492680528863726e+00
1.350455902263801855e+00
1.356465350523816893e+00
1.362521564918151018e+00
1.368625093487441102e+00
1.374776492869039135e+00
1.380976328466240410e+00
1.387225174621522283e+00
1.393523614793909848e+00
1.399872241740578893e+00
1.406271657702821587e+00
1.412722474596487698e+00
1.419225314207038569e+00
1.425780808389334631e+00
1.432389599272299696e+00
1.439052339468595010e+00
1.445769692289450514e+00
1.452542331964798095e+00
1.459370943868868009e+00
1.466256224751394610e+00
1.473198882974609214e+00
1.480199638756177105e+00
1.487259224418261860e+00
1.494378384642896407e+00
1.501557876733841335e+00
1.508798470885134524e+00
1.516100950456524377e+00
1.523466112255994931e+00
1.530894766829598463e+00
1.538387738758818069e+00
1.545945866965682480e+00
1.553570005025882494e+00
1.561261021490119250e+00
1.569019800213952598e+00
1.576847240696404251e+00
1.584744258427588592e+00
1.592711785245658485e+00
1.600750769703352505e+00
1.608862177444448927e+00
1.617046991590442184e+00
1.625306213137762912e+00
1.633640861365880825e+00
1.642051974256642177e+00
1.650540608925198605e+00
1.659107842062907956e+00
1.667754770392596564e+00
1.676482511136581088e+00
1.685292202497879810e+00
1.694185004155040142e+00
1.703162097771035777e+00
1.712224687516707755e+00
1.721374000609228405e+00
1.730611287866099968e+00
1.739937824275211931e+00
1.749354909581499973e+00
1.758863868890775839e+00
1.768466053291319229e+00
1.778162840493838326e+00
1.787955635490442008e+00
1.797845871233280546e+00
1.807835009333547127e+00
1.817924540781555409e+00
1.828115986688634509e+00
1.838410899051622804e+00
1.848810861540764128e+00
1.859317490311845456e+00
1.869932434843453173e+00
1.880657378800259183e+00
1.891494040923281661e+00
1.902444175948116101e+00
1.913509575552159392e+00
1.924692069331906508e+00
1.935993525811438465e+00
1.947415853483264847e+00
1.958961001882745023e+00
1.970630962697354827e+00
1.982427770912123410e+00
1.994353505992627396e+00
2.006410293106982934e+00
2.018600304388347588e+00
2.030925760239505884e+00
2.043388930681179438e+00
2.055992136745793175e+00
2.068737751918481749e+00
2.081628203627223783e+00
2.094665974784065465e+00
2.107853605379491846e+00
2.121193694132089913e+00
2.134688900195765626e+00
2.148341944926852598e+00
2.162155613713598878e+00
2.176132757870603118e+00
2.190276296600905059e+00
2.204589219028575187e+00
2.219074586304772279e+00
2.233735533790377037e+00
2.248575273318489831e+00
2.263597095540198723e+00
2.278804372357237540e+00
2.294200559445295440e+00
2.309789198871954330e+00
2.325573921813413492e+00
2.341558451374385008e+00
2.357746605515750993e+00
2.374142300094826741e+00
2.390749552023310187e+00
2.407572482548266724e+00
2.424615320661785756e+00
2.441882406645218939e+00
2.459378195754260421e+00
2.477107262051422953e+00
2.495074302392842558e+00
2.513284140576713455e+00
2.531741731661045325e+00
2.550452166458861303e+00
2.569420676219405841e+00
2.588652637504402332e+00
2.608153577268908840e+00
2.627929178156859447e+00
2.647985284021944441e+00
2.668327905685101697e+00
2.688963226940534579e+00
2.709897610822857850e+00
2.731137606148718699e+00
2.752689954347018908e+00
2.774561596592700852e+00
2.796759681259960217e+00
2.819291571711690203e+00
2.842164854442990940e+00
2.865387347597671219e+00
2.888967109877807804e+00
2.912912449867713693e+00
2.937231935794962112e+00
2.961934405752560728e+00
2.987028978407899160e+00
3.012525064225723082e+00
3.038432377234157045e+00
3.064760947364679300e+00
3.091521133398980492e+00
3.118723636557815482e+00
3.146379514769298336e+00
3.174500197656604072e+00
3.203097502287762133e+00
3.232183649733128217e+00
3.261771282479276390e+00
3.291873482751444868e+00
3.322503791800317963e+00
3.353676230212887521e+00
3.385405319311396433e+00
3.417706103708977317e+00
3.450594175095604843e+00
3.484085697333363374e+00
3.518197432945894931e+00
3.552946771093240752e+00
3.588351757130158859e+00
3.624431123853494086e+00
3.661204324552278955e+00
3.698691567983078521e+00
3.736913855402717033e+00
3.775893019800962591e+00
3.815651767487173274e+00
3.856213722197347149e+00
3.897603471901606387e+00
3.939846618506984477e+00
3.982969830666641453e+00
4.027000899924396471e+00
4.071968800442954617e+00
4.117903752585568178e+00
4.164837290644324952e+00
4.212802335034043111e+00
4.261833269299089011e+00
4.311966022311663593e+00
4.363238156074535468e+00
4.415688959579071593e+00
4.469359549211619154e+00
4.524292976247286546e+00
4.580534342021898908e+00
4.638130921429632458e+00
4.697132295457068452e+00
4.757590493534564757e+00
4.819560146563997449e+00
4.883098651568859694e+00
4.948266349009743159e+00
5.015126713916624013e+00
5.083746562110528444e+00
5.154196272922935584e+00
5.226550029973517475e+00
5.300886081737814060e+00
5.377287023828895229e+00
5.455840105133810347e+00
5.536637560190293961e+00
5.619776970465807153e+00
5.705361657514129270e+00
5.793501111340012777e+00
5.884311457706075110e+00
5.977915968575708838e+00
6.074445620410017455e+00
6.174039705635892439e+00
6.276846503288408208e+00
6.383024015618055103e+00
6.492740778358690790e+00
6.606176753395618384e+00
6.723524313778648676e+00
6.844989332420731820e+00
6.970792387442888760e+00
7.101170099011306469e+00
7.236376614711888422e+00
7.376685263080415389e+00
7.522390397924656469e+00
7.673809459625533513e+00
7.831285283794445107e+00
7.995188692623313997e+00
8.165921410153384130e+00
8.343919349706011346e+00
8.529656330108752016e+00
8.723648287418281910e+00
8.926458060969153507e+00
9.138700847243322656e+00
9.361050432863878612e+00
9.594246339734221252e+00
9.839102041948077471e+00
1.009651444683956889e+01
1.036747487304113946e+01
1.065308180876711752e+01
1.095455579647787303e+01
1.127325686920067227e+01
1.161070506384834111e+01
1.196860466423223279e+01
1.234887298964011926e+01
1.275367475539689899e+01
1.318546330553746593e+01
1.364703037637737992e+01
1.414156652370586009e+01
1.467273497824385942e+01
1.524476254466939373e+01
1.586255231640897456e+01
1.653182456912685083e+01
1.725929440903758660e+01
1.805289787075839314e+01
1.892208261454783980e+01
1.987818583271623751e+01
2.093493149490236149e+01
2.210909334177582863e+01
2.342139187651676480e+01
2.489772772810032109e+01
2.657090835989501088e+01
2.848311479623180631e+01
3.068950683815887359e+01
3.326363088707378779e+01
3.630577749033686530e+01
3.995635341425255405e+01
4.441816843237174339e+01
