0.000000000000000000e+00
1.684423931717298037e-04
3.370522241100318674e-04
5.058297425977505016e-04
6.747751989148101500e-04
8.438888438394527352e-04
1.013170928649478365e-03
1.182621705123489998e-03
1.352241425542142009e-03
1.522030342689390924e-03
1.691988709853752774e-03
1.862116780829562064e-03
2.032414809918233790e-03
2.202883051929533688e-03
2.373521762182844146e-03
2.544331196508444436e-03
2.715311611248785294e-03
2.886463263259772191e-03
3.057786409912052923e-03
3.229281309092305648e-03
3.400948219204534290e-03
3.572787399171366545e-03
3.744799108435354490e-03
3.916983606960280397e-03
4.089341155232467315e-03
4.261872014262092258e-03
4.434576445584504159e-03
4.607454711261543129e-03
4.780507073882869253e-03
4.953733796567289654e-03
5.127135142964093367e-03
5.300711377254388804e-03
5.474462764152444698e-03
5.648389568907035384e-03
5.822492057302793012e-03
5.996770495661557163e-03
6.171225150843738343e-03
6.345856290249674535e-03
6.520664181821001631e-03
6.695649094042020397e-03
6.870811295941075571e-03
7.046151057091928904e-03
7.221668647615146069e-03
7.397364338179482704e-03
7.573238400003274792e-03
7.749291104855837720e-03
7.925522725058859255e-03
8.101933533487813352e-03
8.278523803573356599e-03
8.455293809302754163e-03
8.632243825221283182e-03
8.809374126433670849e-03
8.986684988605497804e-03
9.164176687964650098e-03
9.341849501302739930e-03
9.519703705976552410e-03
9.697739579909476701e-03
9.875957401592973597e-03
1.005435745008800667e-02
1.023294000502651332e-02
1.041170534661285847e-02
1.059065375562530387e-02
1.076978551341747393e-02
1.094910090191983723e-02
1.112860020364117575e-02
1.130828370167007851e-02
1.148815167967642652e-02
1.166820442191287589e-02
1.184844221321637234e-02
1.202886533900963950e-02
1.220947408530269687e-02
1.239026873869435684e-02
1.257124958637375299e-02
1.275241691612185452e-02
1.293377101631299625e-02
1.311531217591640174e-02
1.329704068449772889e-02
1.347895683222059306e-02
1.366106090984813178e-02
1.384335320874453303e-02
1.402583402087661212e-02
1.420850363881534170e-02
1.439136235573744947e-02
1.457441046542694990e-02
1.475764826227675408e-02
1.494107604129021535e-02
1.512469409808273914e-02
1.530850272888334765e-02
1.549250223053629319e-02
1.567669290050264369e-02
1.586107503686189427e-02
1.604564893831356143e-02
1.623041490417881025e-02
1.641537323440206073e-02
1.660052422955263229e-02
1.678586819082634324e-02
1.697140542004715175e-02
1.715713621966882124e-02
1.734306089277652674e-02
1.752917974308851670e-02
1.771549307495778880e-02
1.790200119337370666e-02
1.808870440396369988e-02
1.827560301299491555e-02
1.846269732737590430e-02
1.864998765465828573e-02
1.883747430303844839e-02
1.902515758135922552e-02
1.921303779911161594e-02
1.940111526643644932e-02
1.958939029412611749e-02
1.977786319362628137e-02
1.996653427703759878e-02
2.015540385711741406e-02
2.034447224728152398e-02
2.053373976160588824e-02
2.072320671482838841e-02
2.091287342235053845e-02
2.110274020023927485e-02
2.129280736522868450e-02
2.148307523472177752e-02
2.167354412679225670e-02
2.186421436018627651e-02
2.205508625432423334e-02
2.224616012930254877e-02
2.243743630589545290e-02
2.262891510555678151e-02
2.282059685042177322e-02
2.301248186330889789e-02
2.320457046772163301e-02
2.339686298785029900e-02
2.358935974857390150e-02
2.378206107546192855e-02
2.397496729477620672e-02
2.416807873347272956e-02
2.436139571920352756e-02
2.455491858031848967e-02
2.474864764586724372e-02
2.494258324560101603e-02
2.513672570997450492e-02
2.533107537014775423e-02
2.552563255798803374e-02
2.572039760607172654e-02
2.591537084768624766e-02
2.611055261683190021e-02
2.630594324822383562e-02
2.650154307729391673e-02
2.669735244019267803e-02
2.689337167379122345e-02
2.708960111568317272e-02
2.728604110418659037e-02
2.748269197834594599e-02
2.767955407793404668e-02
2.787662774345399733e-02
2.807391331614117122e-02
2.827141113796518071e-02
2.846912155163184438e-02
2.866704490058516810e-02
2.886518152900934692e-02
2.906353178183074953e-02
2.926209600471992023e-02
2.946087454409359110e-02
2.965986774711669438e-02
2.985907596170438161e-02
3.005849953652405676e-02
3.025813882099739893e-02
3.045799416530242318e-02
3.065806592037551362e-02
3.085835443791347041e-02
3.105886007037558447e-02
3.125958317098571221e-02
3.146052409373431558e-02
3.166168319338058534e-02
3.186306082545449503e-02
3.206465734625892072e-02
3.226647311287172970e-02
3.246850848314788290e-02
3.267076381572155130e-02
3.287323947000827390e-02
3.307593580620701856e-02
3.327885318530238862e-02
3.348199196906670450e-02
3.368535252006220337e-02
3.388893520164316941e-02
3.409274037795810564e-02
3.429676841395189885e-02
3.450101967536801234e-02
3.470549452875063695e-02
3.491019334144693925e-02
3.511511648160920568e-02
3.532026431819709072e-02
3.552563722097980270e-02
3.573123556053835193e-02
3.593705970826775037e-02
3.614311003637926678e-02
3.634938691790266796e-02
3.655589072668847389e-02
3.676262183741019901e-02
3.696958062556664204e-02
3.717676746748414807e-02
3.738418274031886368e-02
3.759182682205908232e-02
3.779970009152748556e-02
3.800780292838348146e-02
3.821613571312552221e-02
3.842469882709335233e-02
3.863349265247043723e-02
3.884251757228625312e-02
3.905177397041857679e-02
3.926126223159592810e-02
3.947098274139985291e-02
3.968093588626734475e-02
3.989112205349318319e-02
4.010154163123232085e-02
4.031219500850227733e-02
4.052308257518554696e-02
4.073420472203197196e-02
4.094556184066120569e-02
4.115715432356507192e-02
4.136898256411006281e-02
4.158104695653972588e-02
4.179334789597709959e-02
4.200588577842724602e-02
4.221866100077963785e-02
4.243167396081062165e-02
4.264492505718597143e-02
4.285841468946331723e-02
4.307214325809462230e-02
4.328611116442877826e-02
4.350031881071399209e-02
4.371476660010042981e-02
4.392945493664266593e-02
4.414438422530222311e-02
4.435955487195016728e-02
4.457496728336963338e-02
4.479062186725836503e-02
4.500651903223134437e-02
4.522265918782331084e-02
4.543904274449139108e-02
4.565567011361769401e-02
4.587254170751189214e-02
4.608965793941386530e-02
4.630701922349632349e-02
4.652462597486740209e-02
4.674247860957336798e-02
4.696057754460121469e-02
4.717892319788135475e-02
4.739751598829029106e-02
4.761635633565324682e-02
4.783544466074692025e-02
4.805478138530216298e-02
4.827436693200663764e-02
4.849420172450760735e-02
4.871428618741459327e-02
4.893462074630215014e-02
4.915520582771261415e-02
4.937604185915880212e-02
4.959712926912684255e-02
4.981846848707890962e-02
5.004005994345597785e-02
5.026190406968068791e-02
5.048400129816008053e-02
5.070635206228842062e-02
5.092895679645003532e-02
5.115181593602211724e-02
5.137492991737758335e-02
5.159829917788792686e-02
5.182192415592603435e-02
5.204580529086910712e-02
5.226994302310152690e-02
5.249433779401769390e-02
5.271899004602498967e-02
5.294390022254663597e-02
5.316906876802465765e-02
5.339449612792277616e-02
5.362018274872933782e-02
5.384612907796030440e-02
5.407233556416218140e-02
5.429880265691497399e-02
5.452553080683521236e-02
5.475252046557888691e-02
5.497977208584447356e-02
5.520728612137596608e-02
5.543506302696583204e-02
5.566310325845811452e-02
5.589140727275143661e-02
5.611997552780204068e-02
5.634880848262688313e-02
5.657790659730667360e-02
5.680727033298899054e-02
5.703690015189136209e-02
5.726679651730434695e-02
5.749695989359470544e-02
5.772739074620847344e-02
5.795808954167411264e-02
5.818905674760567470e-02
5.842029283270597229e-02
5.865179826676968078e-02
5.888357352068661343e-02
5.911561906644485082e-02
5.934793537713396044e-02
5.958052292694822338e-02
5.981338219118983307e-02
6.004651364627217047e-02
6.027991776972303067e-02
6.051359504018787028e-02
6.074754593743312420e-02
6.098177094234942530e-02
6.121627053695495591e-02
6.145104520439874374e-02
6.168609542896393017e-02
6.192142169607118413e-02
6.215702449228197729e-02
6.239290430530194942e-02
6.262906162398430843e-02
6.286549693833314023e-02
6.310221073950689208e-02
6.333920351982168240e-02
6.357647577275477024e-02
6.381402799294794148e-02
6.405186067621101986e-02
6.428997431952519770e-02
6.452836942104658857e-02
6.476704648010972454e-02
6.500600599723090067e-02
6.524524847411185269e-02
6.548477441364312923e-02
6.572458431990770011e-02
6.596467869818446739e-02
6.620505805495174867e-02
6.644572289789095476e-02
6.668667373589012848e-02
6.692791107904742798e-02
6.716943543867487376e-02
6.741124732730187363e-02
6.765334725867888643e-02
6.789573574778100251e-02
6.813841331081169073e-02
6.838138046520639279e-02
6.862463772963618702e-02
6.886818562401152144e-02
6.911202466948594691e-02
6.935615538845973926e-02
6.960057830458370176e-02
6.984529394276291214e-02
7.009030282916042798e-02
7.033560549120110306e-02
7.058120245757537603e-02
7.082709425824300353e-02
7.107328142443695984e-02
7.131976448866719775e-02
7.156654398472454826e-02
7.181362044768448138e-02
7.206099441391107530e-02
7.230866642106083264e-02
7.255663700808660799e-02
7.280490671524147972e-02
7.305347608408271909e-02
7.330234565747570374e-02
7.355151597959785903e-02
7.380098759594265478e-02
7.405076105332354663e-02
7.430083689987804219e-02
7.455121568507160068e-02
7.480189795970176858e-02
7.505288427590212086e-02
7.530417518714642433e-02
7.555577124825256508e-02
7.580767301538680891e-02
7.605988104606770106e-02
7.631239589917035437e-02
7.656521813493047390e-02
7.681834831494850635e-02
7.707178700219387280e-02
7.732553476100903489e-02
7.757959215711381085e-02
7.783395975760941388e-02
7.808863813098283757e-02
7.834362784711099148e-02
7.859892947726500323e-02
7.885454359411443737e-02
7.911047077173158359e-02
7.936671158559581440e-02
7.962326661259783167e-02
7.988013643104401040e-02
8.013732162066079800e-02
8.039482276259898863e-02
8.065264043943812244e-02
8.091077523519096815e-02
8.116922773530782509e-02
8.142799852668097804e-02
8.168708819764917972e-02
8.194649733800203617e-02
8.220622653898457255e-02
8.246627639330164627e-02
8.272664749512252669e-02
8.298734044008532207e-02
8.324835582530165645e-02
8.350969424936105501e-02
8.377135631233567636e-02
8.403334261578489228e-02
8.429565376275977018e-02
8.455829035780783320e-02
8.482125300697759829e-02
8.508454231782335009e-02
8.534815889940974842e-02
8.561210336231651896e-02
8.587637631864324106e-02
8.614097838201392743e-02
8.640591016758196463e-02
8.667117229203476214e-02
8.693676537359852630e-02
8.720269003204314529e-02
8.746894688868696310e-02
8.773553656640156739e-02
8.800245968961675769e-02
8.826971688432533325e-02
8.853730877808801969e-02
8.880523600003839557e-02
8.907349918088776353e-02
8.934209895293014625e-02
8.961103595004729638e-02
8.988031080771359538e-02
9.014992416300109113e-02
9.041987665458454948e-02
9.069016892274646413e-02
9.096080160938212200e-02
9.123177535800472415e-02
9.150309081375043729e-02
9.177474862338354245e-02
9.204674943530151421e-02
9.231909389954029432e-02
9.259178266777937094e-02
9.286481639334703830e-02
9.313819573122555928e-02
9.341192133805641118e-02
9.368599387214560092e-02
9.396041399346889700e-02
9.423518236367710299e-02
9.451029964610145606e-02
9.478576650575890050e-02
9.506158360935740292e-02
9.533775162530146174e-02
9.561427122369738074e-02
9.589114307635876466e-02
9.616836785681197319e-02
9.644594624030145003e-02
9.672387890379537112e-02
9.700216652599108480e-02
9.728080978732059347e-02
9.755980936995614639e-02
9.783916595781583236e-02
9.811888023656901991e-02
9.839895289364221365e-02
9.867938461822448049e-02
9.896017610127316733e-02
9.924132803551963256e-02
9.952284111547481105e-02
9.980471603743507059e-02
1.000869534994878740e-01
1.003695542015175940e-01
1.006525188452112307e-01
1.009358481340642683e-01
1.012195427733864755e-01
1.015036034703078183e-01
1.017880309337842459e-01
1.020728258746036732e-01
1.023579890053918640e-01
1.026435210406183018e-01
1.029294226966023240e-01
1.032156946915189638e-01
1.035023377454050292e-01
1.037893525801651534e-01
1.040767399195777765e-01
1.043645004893013345e-01
1.046526350168802688e-01
1.049411442317512433e-01
1.052300288652492644e-01
1.055192896506138012e-01
1.058089273229951138e-01
1.060989426194603596e-01
1.063893362789999214e-01
1.066801090425336523e-01
1.069712616529172322e-01
1.072627948549483429e-01
1.075547093953732186e-01
1.078470060228928912e-01
1.081396854881696290e-01
1.084327485438333905e-01
1.087261959444881521e-01
1.090200284467185837e-01
1.093142468090963770e-01
1.096088517921869065e-01
1.099038441585556691e-01
1.101992246727749175e-01
1.104949941014302661e-01
1.107911532131273108e-01
1.110877027784983179e-01
1.113846435702088578e-01
1.116819763629645912e-01
1.119797019335178612e-01
1.122778210606746319e-01
1.125763345253011916e-01
1.128752431103309667e-01
1.131745476007714052e-01
1.134742487837107350e-01
1.137743474483250555e-01
1.140748443858851241e-01
1.143757403897633224e-01
1.146770362554407063e-01
1.149787327805139453e-01
1.152808307647023717e-01
1.155833310098550865e-01
1.158862343199580508e-01
1.161895415011411498e-01
1.164932533616854227e-01
1.167973707120301269e-01
1.171018943647800931e-01
1.174068251347128861e-01
1.177121638387860630e-01
1.180179112961444871e-01
1.183240683281276406e-01
1.186306357582769810e-01
1.189376144123433648e-01
1.192450051182943893e-01
1.195528087063219141e-01
1.198610260088494861e-01
1.201696578605398191e-01
1.204787050983024133e-01
1.207881685613010625e-01
1.210980490909614321e-01
1.214083475309787469e-01
1.217190647273253545e-01
1.220302015282585112e-01
1.223417587843280696e-01
1.226537373483842092e-01
1.229661380755851935e-01
1.232789618234053086e-01
1.235922094516424957e-01
1.239058818224264558e-01
1.242199798002263933e-01
1.245345042518590656e-01
1.248494560464966791e-01
1.251648360556749107e-01
1.254806451533010125e-01
1.257968842156617917e-01
1.261135541214317979e-01
1.264306557516813589e-01
1.267481899898849074e-01
1.270661577219289740e-01
1.273845598361206533e-01
1.277033972231957082e-01
1.280226707763269522e-01
1.283423813911326039e-01
1.286625299656845300e-01
1.289831174005168779e-01
1.293041445986342908e-01
1.296256124655205677e-01
1.299475219091471012e-01
1.302698738399813427e-01
1.305926691709955734e-01
1.309159088176753138e-01
1.312395936980281785e-01
1.315637247325924242e-01
1.318883028444457484e-01
1.322133289592139493e-01
1.325388040050798910e-01
1.328647289127922460e-01
1.331911046156743217e-01
1.335179320496330535e-01
1.338452121531679140e-01
1.341729458673798780e-01
1.345011341359804713e-01
1.348297779053008461e-01
1.351588781243008575e-01
1.354884357445781395e-01
1.358184517203773478e-01
1.361489270085993741e-01
1.364798625688105893e-01
1.368112593632520579e-01
1.371431183568489476e-01
1.374754405172198823e-01
1.378082268146862965e-01
1.381414782222819548e-01
1.384751957157623614e-01
1.388093802736143356e-01
1.391440328770655321e-01
1.394791545100940722e-01
1.398147461594382579e-01
1.401508088146060649e-01
1.404873434678850508e-01
1.408243511143520976e-01
1.411618327518830707e-01
1.414997893811628660e-01
1.418382220056951526e-01
1.421771316318123646e-01
1.425165192686858040e-01
1.428563859283353277e-01
1.431967326256397277e-01
1.435375603783466680e-01
1.438788702070828984e-01
1.442206631353644408e-01
1.445629401896066923e-01
1.449057023991348891e-01
1.452489507961943205e-01
1.455926864159607370e-01
1.459369102965506759e-01
1.462816234790320358e-01
1.466268270074344016e-01
1.469725219287597584e-01
1.473187092929929831e-01
1.476653901531125024e-01
1.480125655651009509e-01
1.483602365879559126e-01
1.487084042837006626e-01
1.490570697173949910e-01
1.494062339571461395e-01
1.497558980741195422e-01
1.501060631425499281e-01
1.504567302397522566e-01
1.508079004461327643e-01
1.511595748452001231e-01
1.515117545235764862e-01
1.518644405710087575e-01
1.522176340803797490e-01
1.525713361477196162e-01
1.529255478722170436e-01
1.532802703562306523e-01
1.536355047053006018e-01
1.539912520281598030e-01
1.543475134367456869e-01
1.547042900462116399e-01
1.550615829749387720e-01
1.554193933445474629e-01
1.557777222799092420e-01
1.561365709091584175e-01
1.564959403637040392e-01
1.568558317782417222e-01
1.572162462907656377e-01
1.575771850425805309e-01
1.579386491783136282e-01
1.583006398459268771e-01
1.586631581967290761e-01
1.590262053853880031e-01
1.593897825699428228e-01
1.597538909118161876e-01
1.601185315758267835e-01
1.604837057302017089e-01
1.608494145465889091e-01
1.612156592000696942e-01
1.615824408691714231e-01
1.619497607358800773e-01
1.623176199856528890e-01
1.626860198074312203e-01
1.630549613936533859e-01
1.634244459402673377e-01
1.637944746467437374e-01
1.641650487160889460e-01
1.645361693548579585e-01
1.649078377731675871e-01
1.652800551847095623e-01
1.656528228067638275e-01
1.660261418602116679e-01
1.664000135695491156e-01
1.667744391629003842e-01
1.671494198720313018e-01
1.675249569323627175e-01
1.679010515829841288e-01
1.682777050666673935e-01
1.686549186298803016e-01
1.690326935228003702e-01
1.694110309993286656e-01
1.697899323171036257e-01
1.701693987375151040e-01
1.705494315257182480e-01
1.709300319506475985e-01
1.713112012850312449e-01
1.716929408054050366e-01
1.720752517921266544e-01
1.724581355293902107e-01
1.728415933052403208e-01
1.732256264115868694e-01
1.736102361442191933e-01
1.739954238028209310e-01
1.743811906909844833e-01
1.747675381162257513e-01
1.751544673899990412e-01
1.755419798277116916e-01
1.759300767487391726e-01
1.763187594764398791e-01
1.767080293381703138e-01
1.770978876653002132e-01
1.774883357932275918e-01
1.778793750613940905e-01
1.782710068133002146e-01
1.786632323965208491e-01
1.790560531627205521e-01
1.794494704676692087e-01
1.798434856712576579e-01
1.802381001375131242e-01
1.806333152346152604e-01
1.810291323349117742e-01
1.814255528149343322e-01
1.818225780554145743e-01
1.822202094413001849e-01
1.826184483617707688e-01
1.830172962102542822e-01
1.834167543844432424e-01
1.838168242863108814e-01
1.842175073221277437e-01
1.846188049024780620e-01
1.850207184422763274e-01
1.854232493607839705e-01
1.858263990816260147e-01
1.862301690328077852e-01
1.866345606467319784e-01
1.870395753602153432e-01
1.874452146145059450e-01
1.878514798553000686e-01
1.882583725327595381e-01
1.886658941015287860e-01
1.890740460207524787e-01
1.894828297540926132e-01
1.898922467697461980e-01
1.903022985404627943e-01
1.907129865435622518e-01
1.911243122609521949e-01
1.915362771791461749e-01
1.919488827892813498e-01
1.923621305871365816e-01
1.927760220731504492e-01
1.931905587524395118e-01
1.936057421348163776e-01
1.940215737348081892e-01
1.944380550716749700e-01
1.948551876694281926e-01
1.952729730568492639e-01
1.956914127675082604e-01
1.961105083397827187e-01
1.965302613168764256e-01
1.969506732468384036e-01
1.973717456825819505e-01
1.977934801819037358e-01
1.982158783075028963e-01
1.986389416270007147e-01
1.990626717129595213e-01
1.994870701429024284e-01
1.999121384993330919e-01
2.003378783697548626e-01
2.007642913466911871e-01
2.011913790277049530e-01
2.016191430154186115e-01
2.020475849175344119e-01
2.024767063468541628e-01
2.029065089212998552e-01
2.033369942639337014e-01
2.037681640029787022e-01
2.042000197718392418e-01
2.046325632091214874e-01
2.050657959586543733e-01
2.054997196695103334e-01
2.059343359960260356e-01
2.063696465978237526e-01
2.068056531398321241e-01
2.072423572923077773e-01
2.076797607308561999e-01
2.081178651364536114e-01
2.085566721954681679e-01
2.089961835996817507e-01
2.094364010463118098e-01
2.098773262380328464e-01
2.103189608829988400e-01
2.107613066948649805e-01
2.112043653928097897e-01
2.116481387015577975e-01
2.120926283514013855e-01
2.125378360782237963e-01
2.129837636235212273e-01
2.134304127344259228e-01
2.138777851637288507e-01
2.143258826699026010e-01
2.147747070171245054e-01
2.152242599752997032e-01
2.156745433200843998e-01
2.161255588329094590e-01
2.165773083010034961e-01
2.170297935174169413e-01
2.174830162810454104e-01
2.179369783966536023e-01
2.183916816748996403e-01
2.188471279323584151e-01
2.193033189915465364e-01
2.197602566809460645e-01
2.202179428350293233e-01
2.206763792942832147e-01
2.211355679052339485e-01
2.215955105204719944e-01
2.220562089986766741e-01
2.225176652046416403e-01
2.229798810092995520e-01
2.234428582897476090e-01
2.239065989292731429e-01
2.243711048173787082e-01
2.248363778498081722e-01
2.253024199285722506e-01
2.257692329619744309e-01
2.262368188646372569e-01
2.267051795575281414e-01
2.271743169679860397e-01
2.276442330297476224e-01
2.281149296829738937e-01
2.285864088742770306e-01
2.290586725567470283e-01
2.295317226899789009e-01
2.300055612400994653e-01
2.304801901797948471e-01
2.309556114883378475e-01
2.314318271516152270e-01
2.319088391621556278e-01
2.323866495191571346e-01
2.328652602285155027e-01
2.333446733028518294e-01
2.338248907615410044e-01
2.343059146307402141e-01
2.347877469434170306e-01
2.352703897393784438e-01
2.357538450652993667e-01
2.362381149747517228e-01
2.367232015282335900e-01
2.372091067931980379e-01
2.376958328440831048e-01
2.381833817623407734e-01
2.386717556364668369e-01
2.391609565620309019e-01
2.396509866417060597e-01
2.401418479852993060e-01
2.406335427097814617e-01
2.411260729393179258e-01
2.416194408052992626e-01
2.421136484463715655e-01
2.426086980084679046e-01
2.431045916448388855e-01
2.436013315160842074e-01
2.440989197901839436e-01
2.445973586425299606e-01
2.450966502559578930e-01
2.455967968207786456e-01
2.460978005348107567e-01
2.465996636034124279e-01
2.471023882395137761e-01
2.476059766636496962e-01
2.481104311039921961e-01
2.486157537963835096e-01
2.491219469843689582e-01
2.496290129192301754e-01
2.501369538600187736e-01
2.506457720735892902e-01
2.511554698346336600e-01
2.516660494257144109e-01
2.521775131372991363e-01
2.526898632677948009e-01
2.532031021235818247e-01
2.537172320190491104e-01
2.542322552766284049e-01
2.547481742268295490e-01
2.552649912082755601e-01
2.557827085677380485e-01
2.563013286601726337e-01
2.568208538487545822e-01
2.573412865049147791e-01
2.578626290083759764e-01
2.583848837471887649e-01
2.589080531177683775e-01
2.594321395249308826e-01
2.599571453819305988e-01
2.604830731104965102e-01
2.610099251408701249e-01
2.615377039118425007e-01
2.620664118707918822e-01
2.625960514737218365e-01
2.631266251852989457e-01
2.636581354788911646e-01
2.641905848366063458e-01
2.647239757493307089e-01
2.652583107167679199e-01
2.657935922474778390e-01
2.663298228589159322e-01
2.668670050774727964e-01
2.674051414385137937e-01
2.679442344864189085e-01
2.684842867746227157e-01
2.690253008656550704e-01
2.695672793311812421e-01
2.701102247520428268e-01
2.706541397182988806e-01
2.711990268292667206e-01
2.717448886935636132e-01
2.722917279291484638e-01
2.728395471633633385e-01
2.733883490329759858e-01
2.739381361842215812e-01
2.744889112728459701e-01
2.750406769641477456e-01
2.755934359330215466e-01
2.761471908640014683e-01
2.767019444513041382e-01
2.772576993988727367e-01
2.778144584204206846e-01
2.783722242394759405e-01
2.789309995894254102e-01
2.794907872135595772e-01
2.800515898651173563e-01
2.806134103073313901e-01
2.811762513134730135e-01
2.817401156668986606e-01
2.823050061610947736e-01
2.828709255997248762e-01
2.834378767966751478e-01
2.840058625761014977e-01
2.845748857724766934e-01
2.851449492306367683e-01
2.857160558058292610e-01
2.862882083637601771e-01
2.868614097806422847e-01
2.874356629432435750e-01
2.880109707489349469e-01
2.885873361057397224e-01
2.891647619323823304e-01
2.897432511583372117e-01
2.903228067238792232e-01
2.909034315801324877e-01
2.914851286891212423e-01
2.920679010238197426e-01
2.926517515682032222e-01
2.932366833172985188e-01
2.938226992772354773e-01
2.944098024652985202e-01
2.949979959099781612e-01
2.955872826510234086e-01
2.961776657394938894e-01
2.967691482378124190e-01
2.973617332198185137e-01
2.979554237708207931e-01
2.985502229876513258e-01
2.991461339787189755e-01
2.997431598640635797e-01
3.003413037754107395e-01
3.009405688562262204e-01
3.015409582617711859e-01
3.021424751591575419e-01
3.027451227274036150e-01
3.033489041574902734e-01
3.039538226524169384e-01
3.045598814272587052e-01
3.051670837092228528e-01
3.057754327377061876e-01
3.063849317643531078e-01
3.069955840531128355e-01
3.076073928802982582e-01
3.082203615346442160e-01
3.088344933173665652e-01
3.094497915422213530e-01
3.100662595355643814e-01
3.106839006364114919e-01
3.113027181964981849e-01
3.119227155803411256e-01
3.125438961652982073e-01
3.131662633416305574e-01
3.137898205125639883e-01
3.144145710943507810e-01
3.150405185163326904e-01
3.156676662210028961e-01
3.162960176640697840e-01
3.169255763145200633e-01
3.175563456546827701e-01
3.181883291802933278e-01
3.188215304005582729e-01
3.194559528382200364e-01
3.200916000296225028e-01
3.207284755247764019e-01
3.213665828874258112e-01
3.220059256951141591e-01
3.226465075392515591e-01
3.232883320251816461e-01
3.239314027722494660e-01
3.245757234138694769e-01
3.252212975975937170e-01
3.258681289851811935e-01
3.265162212526664387e-01
3.271655780904296762e-01
3.278162032032667650e-01
3.284681003104591990e-01
3.291212731458458829e-01
3.297757254578934094e-01
3.304314610097685012e-01
3.310884835794097869e-01
3.317467969596004096e-01
3.324064049580412461e-01
3.330673113974239041e-01
3.337295201155047741e-01
3.343930349651795253e-01
3.350578598145574905e-01
3.357239985470369947e-01
3.363914550613809618e-01
3.370602332717929084e-01
3.377303371079936056e-01
3.384017705152977951e-01
3.390745374546920710e-01
3.397486419029121518e-01
3.404240878525217062e-01
3.411008793119910676e-01
3.417790203057763376e-01
3.424585148743995999e-01
3.431393670745285229e-01
3.438215809790577948e-01
3.445051606771896147e-01
3.451901102745161265e-01
3.458764338931011317e-01
3.465641356715626897e-01
3.472532197651569952e-01
3.479436903458610897e-01
3.486355516024577939e-01
3.493288077406202508e-01
3.500234629829969135e-01
3.507195215692976431e-01
3.514169877563795841e-01
3.521158658183340395e-01
3.528161600465742342e-01
3.535178747499223562e-01
3.542210142546986518e-01
3.549255829048097999e-01
3.556315850618387842e-01
3.563390251051346547e-01
3.570479074319030666e-01
3.577582364572974849e-01
3.584700166145110001e-01
3.591832523548680323e-01
3.598979481479177567e-01
3.606141084815269737e-01
3.613317378619744225e-01
3.620508408140448720e-01
3.627714218811247671e-01
3.634934856252974855e-01
3.642170366274395388e-01
3.649420794873180496e-01
3.656686188236875079e-01
3.663966592743883033e-01
3.671262054964453125e-01
3.678572621661669317e-01
3.685898339792456069e-01
3.693239256508575319e-01
3.700595419157646782e-01
3.707966875284158803e-01
3.715353672630496429e-01
3.722755859137972800e-01
3.730173482947862773e-01
3.737606592402450967e-01
3.745055236046076486e-01
3.752519462626194291e-01
3.759999321094438796e-01
3.767494860607689122e-01
3.775006130529152681e-01
3.782533180429443198e-01
3.790076060087672616e-01
3.797634819492551328e-01
3.805209508843488408e-01
3.812800178551706276e-01
3.820406879241355913e-01
3.828029661750646517e-01
3.835668577132971824e-01
3.843323676658056409e-01
3.850995011813099222e-01
3.858682634303926551e-01
3.866386596056158864e-01
3.874106949216374884e-01
3.881843746153290087e-01
3.889597039458940753e-01
3.897366881949875239e-01
3.905153326668354685e-01
3.912956426883558714e-01
3.920776236092798905e-01
3.928612808022745040e-01
3.936466196630652448e-01
3.944336456105601574e-01
3.952223640869744203e-01
3.960127805579557458e-01
3.968049005127107787e-01
3.975987294641318837e-01
3.983942729489254875e-01
3.991915365277401984e-01
3.999905257852969243e-01
4.007912463305190465e-01
4.015937037966634260e-01
4.023979038414531861e-01
4.032038521472098291e-01
4.040115544209877951e-01
4.048210163947085771e-01
4.056322438252967788e-01
4.064452424948164500e-01
4.072600182106082545e-01
4.080765768054280818e-01
4.088949241375859356e-01
4.097150660910862108e-01
4.105370085757688026e-01
4.113607575274505490e-01
4.121863189080690049e-01
4.130136987058253828e-01
4.138429029353297706e-01
4.146739376377470698e-01
4.155068088809431015e-01
4.163415227596329871e-01
4.171780853955291968e-01
4.180165029374917074e-01
4.188567815616783818e-01
4.196989274716965701e-01
4.205429468987559871e-01
4.213888461018222009e-01
4.222366313677714533e-01
4.230863090115465908e-01
4.239378853763132726e-01
4.247913668336186777e-01
4.256467597835495997e-01
4.265040706548929306e-01
4.273633059052965311e-01
4.282244720214313238e-01
4.290875755191547736e-01
4.299526229436748115e-01
4.308196208697158691e-01
4.316885759016847457e-01
4.325594946738388069e-01
4.334323838504548498e-01
4.343072501259984675e-01
4.351841002252963553e-01
4.360629409037072302e-01
4.369437789472963019e-01
4.378266211730096336e-01
4.387114744288498347e-01
4.395983455940534190e-01
4.404872415792689400e-01
4.413781693267362916e-01
4.422711358104678969e-01
4.431661480364302852e-01
4.440632130427274449e-01
4.449623378997853984e-01
4.458635297105376094e-01
4.467667956106127214e-01
4.476721427685220189e-01
4.485795783858498864e-01
4.494891096974440448e-01
4.504007439716083416e-01
4.513144885102960968e-01
4.522303506493053349e-01
4.531483377584747396e-01
4.540684572418813847e-01
4.549907165380402407e-01
4.559151231201039600e-01
4.568416844960652701e-01
4.577704082089599780e-01
4.587013018370716955e-01
4.596343729941381184e-01
4.605696293295583055e-01
4.615070785286019550e-01
4.624467283126199590e-01
4.633885864392560117e-01
4.643326607026606601e-01
4.652789589337059106e-01
4.662274890002016114e-01
4.671782588071141662e-01
4.681312762967853036e-01
4.690865494491537890e-01
4.700440862819783017e-01
4.710038948510609225e-01
4.719659832504739527e-01
4.729303596127868436e-01
4.738970321092957905e-01
4.748660089502541037e-01
4.758372983851048010e-01
4.768109087027151416e-01
4.777868482316114940e-01
4.787651253402178675e-01
4.797457484370942771e-01
4.807287259711780503e-01
4.817140664320265220e-01
4.827017783500610060e-01
4.836918702968137640e-01
4.846843508851750304e-01
4.856792287696434784e-01
4.866765126465774083e-01
4.876762112544482108e-01
4.886783333740955526e-01
4.896828878289847808e-01
4.906898834854656055e-01
4.916993292530327242e-01
4.927112340845890004e-01
4.937256069767101407e-01
4.947424569699108154e-01
4.957617931489140539e-01
4.967836246429209179e-01
4.978079606258836720e-01
4.988348103167801195e-01
4.998641829798899927e-01
5.008960879250740073e-01
5.019305345080540270e-01
5.029675321306961155e-01
5.040070902412954190e-01
5.050492183348627151e-01
5.060939259534141810e-01
5.071412226862618278e-01
5.081911181703075986e-01
5.092436220903386879e-01
5.102987441793250811e-01
5.113564942187198703e-01
5.124168820387614565e-01
5.134799175187783060e-01
5.145456105874951502e-01
5.156139712233427375e-01
5.166850094547688066e-01
5.177587353605522802e-01
5.188351590701192340e-01
5.199142907638611977e-01
5.209961406734563427e-01
5.220807190821930011e-01
5.231680363252950716e-01
5.242581027902508684e-01
5.253509289171431895e-01
5.264465251989832728e-01
5.275449021820463047e-01
5.286460704662097054e-01
5.297500407052948557e-01
5.308568236074096003e-01
5.319664299352948600e-01
5.330788705066742406e-01
5.341941561946043082e-01
5.353122979278300830e-01
5.364333066911409764e-01
5.375571935257312806e-01
5.386839695295622121e-01
5.398136458577271757e-01
5.409462337228205797e-01
5.420817443953076520e-01
5.432201892038994728e-01
5.443615795359286746e-01
5.455059268377300263e-01
5.466532426150223500e-01
5.478035384332947677e-01
5.489568259181946130e-01
5.501131167559197843e-01
5.512724226936126515e-01
5.524347555397592924e-01
5.536001271645886179e-01
5.547685495004778256e-01
5.559400345423587408e-01
5.571145943481291551e-01
5.582922410390658285e-01
5.594729868002418227e-01
5.606568438809467203e-01
5.618438245951098420e-01
5.630339413217277933e-01
5.642272065052944541e-01
5.654236326562348536e-01
5.666232323513421543e-01
5.678260182342187434e-01
5.690320030157199893e-01
5.702411994744023271e-01
5.714536204569743427e-01
5.726692788787524080e-01
5.738881877241177598e-01
5.751103600469809063e-01
5.763358089712459220e-01
5.775645476912807386e-01
5.787965894723909877e-01
5.800319476512968420e-01
5.812706356366149629e-01
5.825126669093427800e-01
5.837580550233482102e-01
5.850068136058624857e-01
5.862589563579769791e-01
5.875144970551449131e-01
5.887734495476854013e-01
5.900358277612940405e-01
5.913016456975557222e-01
5.925709174344618857e-01
5.938436571269334330e-01
5.951198790073460865e-01
5.963995973860611866e-01
5.976828266519605970e-01
5.989695812729861624e-01
6.002598757966831622e-01
6.015537248507483170e-01
6.028511431435834567e-01
6.041521454648518530e-01
6.054567466860406588e-01
6.067649617610278989e-01
6.080768057266530136e-01
6.093922937032937304e-01
6.107114408954468221e-01
6.120342625923131941e-01
6.133607741683899661e-01
6.146909910840646640e-01
6.160249288862167383e-01
6.173626032088231907e-01
6.187040297735685312e-01
6.200492243904622836e-01
6.213982029584581568e-01
6.227509814660824317e-01
6.241075759920635679e-01
6.254680027059713598e-01
6.268322778688578678e-01
6.282004178339053446e-01
6.295724390470806009e-01
6.309483580477934783e-01
6.323281914695607631e-01
6.337119560406779817e-01
6.350996685848939727e-01
6.364913460220933406e-01
6.378870053689843500e-01
6.392866637397919272e-01
6.406903383469576552e-01
6.420980465018449879e-01
6.435098056154515689e-01
6.449256331991261026e-01
6.463455468652933300e-01
6.477695643281834448e-01
6.491977034045696149e-01
6.506299820145104995e-01
6.520664181820999827e-01
6.535070300362232354e-01
6.549518358113192162e-01
6.564008538481501676e-01
6.578541025945776610e-01
6.593116006063456380e-01
6.607733665478698892e-01
6.622394191930349727e-01
6.637097774259977934e-01
6.651844602419988428e-01
6.666634867481795457e-01
6.681468761644079324e-01
6.696346478241113065e-01
6.711268211751153512e-01
6.726234157804928948e-01
6.741244513194174504e-01
6.756299475880268579e-01
6.771399245002929224e-01
6.786544020888991557e-01
6.801734005061284005e-01
6.816969400247544497e-01
6.832250410389453243e-01
6.847577240651725461e-01
6.862950097431304020e-01
6.878369188366609821e-01
6.893834722346900978e-01
6.909346909521704161e-01
6.924905961310326985e-01
6.940512090411472546e-01
6.956165510812925001e-01
6.971866437801331751e-01
6.987615087972073313e-01
7.003411679239225363e-01
7.019256430845607353e-01
7.035149563372924408e-01
7.051091298752006908e-01
7.067081860273138894e-01
7.083121472596481949e-01
7.099210361762599009e-01
7.115348755203075859e-01
7.131536881751225909e-01
7.147774971652921527e-01
7.164063256577495320e-01
7.180401969628772418e-01
7.196791345356177150e-01
7.213231619765964053e-01
7.229723030332547706e-01
7.246265816009929139e-01
7.262860217243247707e-01
7.279506475980419555e-01
7.296204835683905987e-01
7.312955541342575083e-01
7.329758839483688782e-01
7.346614978184995426e-01
7.363524207086934448e-01
7.380486777404969834e-01
7.397502941942019072e-01
7.414572955101017548e-01
7.431697072897607281e-01
7.448875552972915592e-01
7.466108654606493644e-01
7.483396638729349348e-01
7.500739767937126823e-01
7.518138306503395762e-01
7.535592520393075144e-01
7.553102677275992383e-01
7.570669046540556835e-01
7.588291899307577637e-01
7.605971508444220319e-01
7.623708148578076660e-01
7.641502096111396636e-01
7.659353629235439165e-01
7.677263027944972729e-01
7.695230574052914774e-01
7.713256551205109890e-01
7.731341244895260090e-01
7.749484942479990535e-01
7.767687933194087346e-01
7.785950508165840889e-01
7.804272960432583339e-01
7.822655584956359487e-01
7.841098678639752961e-01
7.859602540341872334e-01
7.878167470894494873e-01
7.896793773118364612e-01
7.915481751839665847e-01
7.934231713906640948e-01
7.953043968206398029e-01
7.971918825681861831e-01
7.990856599348910017e-01
8.009857604313678214e-01
8.028922157790032710e-01
8.048050579117230763e-01
8.067243189777741907e-01
8.086500313415262431e-01
8.105822275852909709e-01
8.125209405111589733e-01
8.144662031428581139e-01
8.164180487276255782e-01
8.183765107381041348e-01
8.203416228742549388e-01
8.223134190652904296e-01
8.242919334716277691e-01
8.262772004868603748e-01
8.282692547397519922e-01
8.302681310962494177e-01
8.322738646615168712e-01
8.342864907819914633e-01
8.363060450474590901e-01
8.383325632931524218e-01
8.403660816018707624e-01
8.424066363061207818e-01
8.444542639902816727e-01
8.465090014927902917e-01
8.485708859083511690e-01
8.506399545901680570e-01
8.527162451522009023e-01
8.547997954714438018e-01
8.568906436902286039e-01
8.589888282185530466e-01
8.610943877364323207e-01
8.632073611962758353e-01
8.653277878252899624e-01
8.674557071279046516e-01
8.695911588882279109e-01
8.717341831725239354e-01
8.738848203317196583e-01
8.760431110039375024e-01
8.782090961170544441e-01
8.803828168912898322e-01
8.825643148418192974e-01
8.847536317814187479e-01
8.869508098231353443e-01
8.891558913829875621e-01
8.913689191826947855e-01
8.935899362524373224e-01
8.958189859336437300e-01
8.980561118818111144e-01
9.003013580693546292e-01
9.025547687884892811e-01
9.048163886541417122e-01
9.070862626068950663e-01
9.093644359159657187e-01
9.116509541822123142e-01
9.139458633411791100e-01
9.162492096661715157e-01
9.185610397713664943e-01
9.208814006149570464e-01
9.232103395023316672e-01
9.255479040892891085e-01
9.278941423852891113e-01
9.302491027567388882e-01
9.326128339303170200e-01
9.349853849963338792e-01
9.373668054121297999e-01
9.397571450055133280e-01
9.421564539782342207e-01
9.445647829094990788e-01
9.469821827595258368e-01
9.494087048731376655e-01
9.518444009833982866e-01
9.542893232152884764e-01
9.567435240894250903e-01
9.592070565258208337e-01
9.616799738476885517e-01
9.641623297852885965e-01
9.666541784798199366e-01
9.691555744873573408e-01
9.716665727828316390e-01
9.741872287640577222e-01
9.767175982558087277e-01
9.792577375139369655e-01
9.818077032295436934e-01
9.843675525331949672e-01
9.869373429991908919e-01
9.895171326498793940e-01
9.921069799600246153e-01
9.947069438612253789e-01
9.973170837463837257e-01
9.999374594742290734e-01
1.002568131373893001e+00
1.005209160249539657e+00
1.007860607385051122e+00
1.010522534548766060e+00
1.013195003998277999e+00
1.015878078485287883e+00
1.018571821260516153e+00
1.021276296078674095e+00
1.023991567203491382e+00
1.026717699412807772e+00
1.029454758003724546e+00
1.032202808797817672e+00
1.034961918146413806e+00
1.037732152935932239e+00
1.040513580593287246e+00
1.043306269091360150e+00
1.046110286954536450e+00
1.048925703264311338e+00
1.051752587664961158e+00
1.054591010369287041e+00
1.057441042164428024e+00
1.060302754417745907e+00
1.063176219082781815e+00
1.066061508705286931e+00
1.068958696429328281e+00
1.071867856003468678e+00
1.074789061787025934e+00
1.077722388756407135e+00
1.080667912511523943e+00
1.083625709282286964e+00
1.086595855935182264e+00
1.089578429979930485e+00
1.092573509576229673e+00
1.095581173540580489e+00
1.098601501353202003e+00
1.101634573165032993e+00
1.104680469804820930e+00
1.107739272786303131e+00
1.110811064315477381e+00
1.113895927297967159e+00
1.116993945346480110e+00
1.120105202788362897e+00
1.123229784673251741e+00
1.126367776780822672e+00
1.129519265628641023e+00
1.132684338480113517e+00
1.135863083352542935e+00
1.139055589025286030e+00
1.142261945048019145e+00
1.145482241749112173e+00
1.148716570244109336e+00
1.151965022444324527e+00
1.155227691065547901e+00
1.158504669636864381e+00
1.161796052509593169e+00
1.165101934866342503e+00
1.168422412730185878e+00
1.171757582973957712e+00
1.175107543329675597e+00
1.178472392398085322e+00
1.181852229658336251e+00
1.185247155477785030e+00
1.188657271121929426e+00
1.192082678764478043e+00
1.195523481497554830e+00
1.198979783342041694e+00
1.202451689258061451e+00
1.205939305155601771e+00
1.209442737905285004e+00
1.212962095349285008e+00
1.216497486312391407e+00
1.220049020613229507e+00
1.223616809075627643e+00
1.227200963540146628e+00
1.230801596875766846e+00
1.234418822991735665e+00
1.238052756849579827e+00
1.241703514475284154e+00
1.245371212971641439e+00
1.249055970530772441e+00
1.252757906446822389e+00
1.256477141128835573e+00
1.260213796113808682e+00
1.263967994079931989e+00
1.267739858860013280e+00
1.271529515455095183e+00
1.275337090048262789e+00
1.279162710018648896e+00
1.283006503955640421e+00
1.286868601673283097e+00
1.290749134224901340e+00
1.294648233917914837e+00
1.298566034328880292e+00
1.302502670318744782e+00
1.306458278048319155e+00
1.310432994993978584e+00
1.314426959963588049e+00
1.318440313112661633e+00
1.322473195960757630e+00
1.326525751408112130e+00
1.330598123752520179e+00
1.334690458706459415e+00
1.338802903414472167e+00
1.342935606470800236e+00
1.347088717937282798e+00
1.351262389361520322e+00
1.355456773795307601e+00
1.359672025813342566e+00
1.363908301532215539e+00
1.368165758629681816e+00
1.372444556364229351e+00
1.376744855594930206e+00
1.381066818801604423e+00
1.385410610105282103e+00
1.389776395288977895e+00
1.394164341818784347e+00
1.398574618865281893e+00
1.403007397325281902e+00
1.407462849843900798e+00
1.411941150836973913e+00
1.416442476513816384e+00
1.420967004900333341e+00
1.425514915862491128e+00
1.430086391130152235e+00
1.434681614321281495e+00
1.439300770966531529e+00
1.443944048534210989e+00
1.448611636455648055e+00
1.453303726150949826e+00
1.458020511055175161e+00
1.462762186644911200e+00
1.467528950465280646e+00
1.472321002157376046e+00
1.477138543486131494e+00
1.481981778368640423e+00
1.486850912902927480e+00
1.491746155397184026e+00
1.496667716399473935e+00
1.501615808727921664e+00
1.506590647501388380e+00
1.511592450170646140e+00
1.516621436550062985e+00
1.521677828849803404e+00
1.526761851708558826e+00
1.531873732226814333e+00
1.537013700000664729e+00
1.542181987156189260e+00
1.547378828384395222e+00
1.552604460976747092e+00
1.557859124861278977e+00
1.563143062639318126e+00
1.568456519622821066e+00
1.573799743872337897e+00
1.579172986235615861e+00
1.584576500386856379e+00
1.590010542866634902e+00
1.595475373122502649e+00
1.600971253550278917e+00
1.606498449536047923e+00
1.612057229498878641e+00
1.617647864934275814e+00
1.623270630458382158e+00
1.628925803852944609e+00
1.634613666111058849e+00
1.640334501483713403e+00
1.646088597527139097e+00
1.651876245150992961e+00
1.657697738667382792e+00
1.663553375840761239e+00
1.669443457938689201e+00
1.675368289783507381e+00
1.681328179804922440e+00
1.687323440093526639e+00
1.693354386455277139e+00
1.699421338466948761e+00
1.705524619532582609e+00
1.711664556940952986e+00
1.717841481924072378e+00
1.724055729716757357e+00
1.730307639617276960e+00
1.736597555049106845e+00
1.742925823623813653e+00
1.749292797205093564e+00
1.755698831973988572e+00
1.762144288495307576e+00
1.768629531785276932e+00
1.775154931380446000e+00
1.781720861407884104e+00
1.788327700656677344e+00
1.794975832650775427e+00
1.801665645723206532e+00
1.808397533091690601e+00
1.815171892935685261e+00
1.821989128474895470e+00
1.828849648049275300e+00
1.835753865200561830e+00
1.842702198755371112e+00
1.849695072909890436e+00
1.856732917316207487e+00
1.863816167170307292e+00
1.870945263301780015e+00
1.878120652265275137e+00
1.885342786433743978e+00
1.892612124093510095e+00
1.899929129541209294e+00
1.907294273182641886e+00
1.914708031633590490e+00
1.922170887822624241e+00
1.929683331095970900e+00
1.937245857324473297e+00
1.944858969012698058e+00
1.952523175410239897e+00
1.960238992625273013e+00
1.968006943740408188e+00
1.975827558930900230e+00
1.983701375585273041e+00
1.991628938428413154e+00
1.999610799647190573e+00
2.007647519018675109e+00
2.015739664040996804e+00
2.023887810066933746e+00
2.032092540440272987e+00
2.040354446635028740e+00
2.048674128397580230e+00
2.057052193891799163e+00
2.065489259847242742e+00
2.073985951710501041e+00
2.082542903799738720e+00
2.091160759462566077e+00
2.099840171237270958e+00
2.108581801017528790e+00
2.117386320220666640e+00
2.126254409959566605e+00
2.135186761218314189e+00
2.144184075031670744e+00
2.153247062668482315e+00
2.162376445819116810e+00
2.171572956787035213e+00
2.180837338684606053e+00
2.190170345633270177e+00
2.199572742968169958e+00
2.209045307447359718e+00
2.218588827465719504e+00
2.228204103273691228e+00
2.237891947200966403e+00
2.247653183885268469e+00
2.257488650506332739e+00
2.267399197025267821e+00
2.277385686429405975e+00
2.287448994982806294e+00
2.297590012482565225e+00
2.307809642521081450e+00
2.318108802754450526e+00
2.328488425177142496e+00
2.338949456403149885e+00
2.349492857953771718e+00
2.360119606552224081e+00
2.370830694425267282e+00
2.381627129612040150e+00
2.392509936280307503e+00
2.403480155050327749e+00
2.414538843326557327e+00
2.425687075637412704e+00
2.436925943983313747e+00
2.448256558193265153e+00
2.459680046290182887e+00
2.471197554865264490e+00
2.482810249461628427e+00
2.494519314967505341e+00
2.506325956019264556e+00
2.518231397414553374e+00
2.530236884535852493e+00
2.542343683784757946e+00
2.554553083027298221e+00
2.566866392050626278e+00
2.579284943031418198e+00
2.591810091016336859e+00
2.604443214414918994e+00
2.617185715505264021e+00
2.630039020952916307e+00
2.643004582343342790e+00
2.656083876728421611e+00
2.669278407187378299e+00
2.682589703402606496e+00
2.696019322250861272e+00
2.709568848410261133e+00
2.723239894983646270e+00
2.737034104138774460e+00
2.750953147765894169e+00
2.764998728153260643e+00
2.779172578681151418e+00
2.793476464534985215e+00
2.807912183438163733e+00
2.822481566405260267e+00
2.837186478516237287e+00
2.852028819712362662e+00
2.867010525614555938e+00
2.882133568364882770e+00
2.897399957491989753e+00
2.912811740801259930e+00
2.928371005290522966e+00
2.944079878092182856e+00
2.959940527442647795e+00
2.975955163680013893e+00
2.992126040270914888e+00
3.008455454867609014e+00
3.024945750396290656e+00
3.041599316177731271e+00
3.058418589081375316e+00
3.075406054714056037e+00
3.092564248644551927e+00
3.109895757665255722e+00
3.127403221092260655e+00
3.145089332105255764e+00
3.162956839128640230e+00
3.181008547255358199e+00
3.199247319714995985e+00
3.217676079387755017e+00
3.236297810365988070e+00
3.255115559565044947e+00
3.274132438385254584e+00
3.293351624426953173e+00
3.312776363260545143e+00
3.332409970253638054e+00
3.352255832457466944e+00
3.372317410554815709e+00
3.392598240871807835e+00
3.413101937456019641e+00
3.433832194223482404e+00
3.454792787177250357e+00
3.475987576700333648e+00
3.497420509925924126e+00
3.519095623187961763e+00
3.541017044555249793e+00
3.563188996452449686e+00
3.585615798371456275e+00
3.608301869676810103e+00
3.631251732508970154e+00
3.654470014789459764e+00
3.677961453332073027e+00
3.701730897064538617e+00
3.725783310365244017e+00
3.750123776519854513e+00
3.774757501302834051e+00
3.799689816689244104e+00
3.824926184702316601e+00
3.850472201402666439e+00
3.876333601025243158e+00
3.902516260270460613e+00
3.929026202756243258e+00
3.955869603638072718e+00
3.983052794404482899e+00
4.010582267855816063e+00
4.038464683274473721e+00
4.066706871795306100e+00
4.095315841985241789e+00
4.124298785641712151e+00
4.153663083819978397e+00
4.183416313099944439e+00
4.213566252103641219e+00
4.244120888275167758e+00
4.275088424935505671e+00
4.306477288625234934e+00
4.338296136749070442e+00
4.370553865536682459e+00
4.403259618335233938e+00
4.436422794249849311e+00
4.470053057149177889e+00
4.504160345054169845e+00
4.538754879929233432e+00
4.573847177896024796e+00
4.609448059891319893e+00
4.645568662791656145e+00
4.682220451028762831e+00
4.719415228721232758e+00
4.757165152349411841e+00
4.795482744002074860e+00
4.834380905225232894e+00
4.873872931505232486e+00
4.913972527420300551e+00
4.954693822496850864e+00
4.996051387808972954e+00
5.038060253362230512e+00
5.080735926305222527e+00
5.124094410015302081e+00
5.168152224107802617e+00
5.212926425421319010e+00
5.258434630035058177e+00
5.304695036377949258e+00
5.351726449493220628e+00
5.399548306526397390e+00
5.448180703509288847e+00
5.497644423517528800e+00
5.547960966284531281e+00
5.599152579360524129e+00
5.651242290911535626e+00
5.704253944259909836e+00
5.758212234275219998e+00
5.813142745732246652e+00
5.869071993761206585e+00
5.926027466524656617e+00
5.984037670265206721e+00
6.043132176879412398e+00
6.103341674184451726e+00
6.164698019057205158e+00
6.227234293639051010e+00
6.290984864814719302e+00
6.355985447189910431e+00
6.422273169810154059e+00
6.489886646882803589e+00
6.558866052785202960e+00
6.629253201665203044e+00
6.701091631965409690e+00
6.774426696230202438e+00
6.849305656584780522e+00
6.925777786308605855e+00
7.003894477961976506e+00
7.083709358564332703e+00
7.165278412366721916e+00
7.248660111809182460e+00
7.333915557306530886e+00
7.421108626565182220e+00
7.510306134197596073e+00
7.601578002472622053e+00
7.694997444118826913e+00
7.790641158185179549e+00
7.888589540060360505e+00
7.988926906859325605e+00
8.091741739505177833e+00
8.197126942967177143e+00
8.305180126263659091e+00
8.416003904003638070e+00
8.529706221425177759e+00
8.646400705094649197e+00
8.766207041661974841e+00
8.889251387325716180e+00
9.015666810952845722e+00
9.145593774125146069e+00
9.279180651753032194e+00
9.416584297313143281e+00
9.557970657237316203e+00
9.703515439512200302e+00
9.853404842153500098e+00
1.000783634790513865e+01
1.016701959229529173e+01
1.033117731307263831e+01
1.050054639006513746e+01
1.067537898567029764e+01
1.085594379752480698e+01
1.104252743644113366e+01
1.123543594447326832e+01
1.143499647002375319e+01
1.164155911927776366e+01
1.185549900600513062e+01
1.207721852497713044e+01
1.230714987798513071e+01
1.254575788582362073e+01
1.279354312473276778e+01
1.305104543183448307e+01
1.331884783122026938e+01
1.359758094078506829e+01
1.388792792991506531e+01
1.419063011007187036e+01
1.450649325458332051e+01
1.483639476107305732e+01
1.518129179058505507e+01
1.554223054239993829e+01
1.592035685382504973e+01
1.631692835117334184e+01
1.673332842338904669e+01
1.717108234546196854e+01
1.763187594764399080e+01
1.811757731210612121e+01
1.863026208570504139e+01
1.917224313208103936e+01
1.974610541647915696e+01
2.035474723326490221e+01
2.100142916359989087e+01
2.168983250879520597e+01
2.242412941033687801e+01
2.320906747750210997e+01
2.405007254946486128e+01
2.495337429342484725e+01
2.592616078692022441e+01
2.697677019989523117e+01
2.811493039728482302e+01
2.935206104662133697e+01
3.070165811862480254e+01
3.217978824510479541e+01
3.380573138423278579e+01
3.560282643274267400e+01
3.759959870886477518e+01
3.983128537041300632e+01
4.234193286465477257e+01
4.518733335812878238e+01
