0.000000000000000000e+00
6.431376137586310550e-04
1.286902372923170133e-03
1.931295195267382098e-03
2.576317000356683276e-03
3.221968709552516970e-03
3.868251246016739600e-03
4.515165534716019530e-03
5.162712502426253236e-03
5.810893077736986254e-03
6.459708191055854067e-03
7.109158774613036878e-03
7.759245762465718718e-03
8.409970090502569967e-03
9.061332696448235954e-03
9.713334519867842035e-03
1.036597650217151514e-02
1.101925958661890449e-02
1.167318471832373347e-02
1.232775284425836199e-02
1.298296491325834703e-02
1.363882187602703279e-02
1.429532468514014762e-02
1.495247429505041845e-02
1.561027166209219552e-02
1.626871774448608240e-02
1.692781350234360757e-02
1.758755989767186306e-02
1.824795789437822641e-02
1.890900845827500967e-02
1.957071255708419527e-02
2.023307116044215440e-02
2.089608523990437935e-02
2.155975576895022977e-02
2.222408372298770654e-02
2.288907007935821539e-02
2.355471581734139633e-02
2.422102191815987335e-02
2.488798936498412551e-02
2.555561914293730252e-02
2.622391223910007160e-02
2.689286964251548506e-02
2.756249234419386879e-02
2.823278133711769680e-02
2.890373761624653176e-02
2.957536217852190993e-02
3.024765602287229904e-02
3.092062015021805263e-02
3.159425556347637137e-02
3.226856326756628868e-02
3.294354426941365627e-02
3.361919957795617836e-02
3.429553020414841114e-02
3.497253716096683507e-02
3.565022146341489950e-02
3.632858412852808111e-02
3.700762617537897703e-02
3.768734862508243272e-02
3.836775250080062122e-02
3.904883882774821957e-02
3.973060863319751584e-02
4.041306294648362024e-02
4.109620279900957907e-02
4.178002922425165522e-02
4.246454325776445604e-02
4.314974593718622770e-02
4.383563830224404545e-02
4.452222139475913582e-02
4.520949625865206684e-02
4.589746393994811186e-02
4.658612548678253695e-02
4.727548194940589532e-02
4.796553438018939797e-02
4.865628383363024972e-02
4.934773136635705465e-02
5.003987803713515203e-02
5.073272490687204261e-02
5.142627303862284255e-02
5.212052349759567493e-02
5.281547735115713071e-02
5.351113566883775041e-02
5.420749952233751973e-02
5.490456998553135820e-02
5.560234813447462870e-02
5.630083504740870243e-02
5.700003180476647530e-02
5.769993948917800930e-02
5.840055918547602115e-02
5.910189198070155830e-02
5.980393896410961252e-02
6.050670122717472649e-02
6.121017986359669066e-02
6.191437596930617071e-02
6.261929064247047372e-02
6.332492498349914789e-02
6.403128009504982510e-02
6.473835708203386219e-02
6.544615705162216968e-02
6.615468111325098488e-02
6.686393037862763122e-02
6.757390596173636077e-02
6.828460897884416902e-02
6.899604054850667911e-02
6.970820179157397045e-02
7.042109383119649069e-02
7.113471779283092600e-02
7.184907480424619630e-02
7.256416599552932556e-02
7.327999249909140922e-02
7.399655544967362331e-02
7.471385598435317799e-02
7.543189524254940992e-02
7.615067436602969420e-02
7.687019449891563383e-02
7.759045678768904108e-02
7.831146238119801595e-02
7.903321243066313562e-02
7.975570808968346359e-02
8.047895051424285018e-02
8.120294086271592771e-02
8.192768029587443879e-02
8.265316997689338419e-02
8.337941107135718455e-02
8.410640474726603644e-02
8.483415217504207406e-02
8.556265452753572531e-02
8.629191298003195676e-02
8.702192871025664356e-02
8.775270289838285609e-02
8.848423672703727150e-02
8.921653138130651584e-02
8.994958804874356173e-02
9.068340791937420931e-02
9.141799218570341445e-02
9.215334204272186691e-02
9.288945868791240179e-02
9.362634332125649439e-02
9.436399714524081050e-02
9.510242136486375675e-02
9.584161718764203086e-02
9.658158582361711653e-02
9.732232848536206959e-02
9.806384638798794351e-02
9.880614074915061718e-02
9.954921278905728976e-02
1.002930637304733086e-01
1.010376947987287888e-01
1.017831072217253441e-01
1.025293022299429146e-01
1.032762810564464007e-01
1.040240449368926151e-01
1.047725951095369867e-01
1.055219328152404296e-01
1.062720592974761985e-01
1.070229758023367450e-01
1.077746835785406837e-01
1.085271838774395925e-01
1.092804779530251319e-01
1.100345670619357896e-01
1.107894524634641248e-01
1.115451354195635264e-01
1.123016171948554159e-01
1.130588990566362695e-01
1.138169822748845983e-01
1.145758681222681930e-01
1.153355578741511039e-01
1.160960528086009691e-01
1.168573542063959386e-01
1.176194633510320720e-01
1.183823815287304432e-01
1.191461100284444269e-01
1.199106501418669424e-01
1.206760031634376840e-01
1.214421703903505456e-01
1.222091531225607819e-01
1.229769526627925574e-01
1.237455703165461496e-01
1.245150073921054562e-01
1.252852652005453649e-01
1.260563450557392051e-01
1.268282482743662287e-01
1.276009761759191730e-01
1.283745300827116020e-01
1.291489113198856231e-01
1.299241212154193803e-01
1.307001611001346597e-01
1.314770323077044667e-01
1.322547361746607697e-01
1.330332740404019665e-01
1.338126472472008499e-01
1.345928571402120744e-01
1.353739050674800382e-01
1.361557923799465442e-01
1.369385204314587101e-01
1.377220905787767402e-01
1.385065041815816134e-01
1.392917626024832156e-01
1.400778672070280562e-01
1.408648193637071500e-01
1.416526204439641223e-01
1.424412718222030361e-01
1.432307748757963850e-01
1.440211309850932542e-01
1.448123415334272301e-01
1.456044079071244224e-01
1.463973314955117622e-01
1.471911136909249962e-01
1.479857558887167912e-01
1.487812594872650052e-01
1.495776258879807918e-01
1.503748564953170386e-01
1.511729527167763321e-01
1.519719159629194516e-01
1.527717476473736125e-01
1.535724491868407648e-01
1.543740220011060316e-01
1.551764675130460347e-01
1.559797871486374166e-01
1.567839823369651386e-01
1.575890545102310303e-01
1.583950051037623652e-01
1.592018355560202714e-01
1.600095473086083353e-01
1.608181418062811785e-01
1.616276204969531172e-01
1.624379848317067943e-01
1.632492362648016726e-01
1.640613762536831111e-01
1.648744062589907466e-01
1.656883277445673486e-01
1.665031421774676446e-01
1.673188510279672025e-01
1.681354557695710905e-01
1.689529578790228970e-01
1.697713588363135573e-01
1.705906601246903742e-01
1.714108632306658164e-01
1.722319696440267056e-01
1.730539808578430983e-01
1.738768983684773617e-01
1.747007236755932780e-01
1.755254582821652032e-01
1.763511036944870602e-01
1.771776614221816371e-01
1.780051329782097458e-01
1.788335198788795211e-01
1.796628236438555237e-01
1.804930457961681223e-01
1.813241878622229020e-01
1.821562513718099074e-01
1.829892378581129964e-01
1.838231488577194428e-01
1.846579859106291799e-01
1.854937505602643755e-01
1.863304443534789523e-01
1.871680688405680248e-01
1.880066255752776971e-01
1.888461161148144440e-01
1.896865420198548258e-01
1.905279048545552578e-01
1.913702061865615589e-01
1.922134475870187487e-01
1.930576306305808454e-01
1.939027568954206637e-01
1.947488279632396402e-01
1.955958454192776308e-01
1.964438108523229309e-01
1.972927258547221840e-01
1.981425920223902348e-01
1.989934109548202046e-01
1.998451842550936497e-01
2.006979135298904149e-01
2.015516003894988195e-01
2.024062464478258716e-01
2.032618533224074264e-01
2.041184226344181785e-01
2.049759560086821808e-01
2.058344550736829759e-01
2.066939214615738929e-01
2.075543568081885115e-01
2.084157627530508206e-01
2.092781409393858760e-01
2.101414930141301540e-01
2.110058206279419035e-01
2.118711254352119433e-01
2.127374090940739038e-01
2.136046732664150516e-01
2.144729196178867536e-01
2.153421498179154403e-01
2.162123655397128474e-01
2.170835684602870908e-01
2.179557602604534072e-01
2.188289426248447578e-01
2.197031172419229295e-01
2.205782858039892214e-01
2.214544500071955468e-01
2.223316115515552027e-01
2.232097721409539437e-01
2.240889334831611679e-01
2.249690972898407137e-01
2.258502652765620733e-01
2.267324391628116331e-01
2.276156206720038599e-01
2.284998115314922362e-01
2.293850134725809453e-01
2.302712282305359459e-01
2.311584575445962131e-01
2.320467031579852846e-01
2.329359668179226128e-01
2.338262502756351668e-01
2.347175552863685899e-01
2.356098836093990789e-01
2.365032370080446811e-01
2.373976172496773118e-01
2.382930261057339127e-01
2.391894653517283864e-01
2.400869367672634758e-01
2.409854421360422827e-01
2.418849832458801752e-01
2.427855618887166944e-01
2.436871798606275175e-01
2.445898389618361701e-01
2.454935409967261284e-01
2.463982877738529753e-01
2.473040811059562527e-01
2.482109228099717013e-01
2.491188147070433068e-01
2.500277586225356230e-01
2.509377563860459293e-01
2.518488098314163870e-01
2.527609207967467242e-01
2.536740911244061425e-01
2.545883226610459737e-01
2.555036172576120590e-01
2.564199767693574605e-01
2.573374030558545633e-01
2.582558979810081201e-01
2.591754634130673529e-01
2.600961012246392756e-01
2.610178132927007399e-01
2.619406014986116471e-01
2.628644677281276043e-01
2.637894138714127479e-01
2.647154418230525663e-01
2.656425534820670564e-01
2.665707507519234909e-01
2.675000355405495189e-01
2.684304097603462669e-01
2.693618753282014389e-01
2.702944341655024174e-01
2.712280881981496417e-01
2.721628393565696524e-01
2.730986895757285260e-01
2.740356407951453077e-01
2.749736949589050572e-01
2.759128540156727816e-01
2.768531199187066472e-01
2.777944946258714132e-01
2.787369800996521985e-01
2.796805783071683593e-01
2.806252912201866456e-01
2.815711208151351341e-01
2.825180690731173283e-01
2.834661379799255365e-01
2.844153295260549164e-01
2.853656457067176855e-01
2.863170885218566664e-01
2.872696599761594971e-01
2.882233620790727868e-01
2.891781968448161044e-01
2.901341662923963560e-01
2.910912724456217737e-01
2.920495173331162930e-01
2.930089029883340412e-01
2.939694314495734928e-01
2.949311047599920133e-01
2.958939249676203476e-01
2.968578941253771086e-01
2.978230142910834322e-01
2.987892875274775206e-01
2.997567159022296313e-01
3.007253014879562869e-01
3.016950463622355416e-01
3.026659526076217466e-01
3.036380223116603161e-01
3.046112575669027156e-01
3.055856604709216717e-01
3.065612331263260493e-01
3.075379776407759502e-01
3.085158961269979239e-01
3.094949907028005098e-01
3.104752634910890596e-01
3.114567166198812243e-01
3.124393522223225528e-01
3.134231724367017580e-01
3.144081794064660929e-01
3.153943752802374489e-01
3.163817622118274553e-01
3.173703423602531326e-01
3.183601178897531581e-01
3.193510909698030753e-01
3.203432637751314482e-01
3.213366384857357927e-01
3.223312172868985082e-01
3.233270023692026429e-01
3.243239959285484919e-01
3.253222001661691953e-01
3.263216172886472810e-01
3.273222495079307626e-01
3.283240990413496263e-01
3.293271681116320404e-01
3.303314589469209528e-01
3.313369737807903004e-01
3.323437148522619955e-01
3.333516844058220796e-01
3.343608846914378208e-01
3.353713179645741449e-01
3.363829864862105667e-01
3.373958925228582317e-01
3.384100383465764028e-01
3.394254262349899465e-01
3.404420584713059861e-01
3.414599373443311103e-01
3.424790651484888593e-01
3.434994441838363777e-01
3.445210767560824006e-01
3.455439651766040732e-01
3.465681117624646590e-01
3.475935188364309703e-01
3.486201887269907984e-01
3.496481237683707888e-01
3.506773263005538710e-01
3.517077986692974667e-01
3.527395432261505315e-01
3.537725623284722620e-01
3.548068583394494713e-01
3.558424336281150180e-01
3.568792905693655704e-01
3.579174315439798137e-01
3.589568589386369912e-01
3.599975751459348339e-01
3.610395825644078793e-01
3.620828835985464011e-01
3.631274806588142834e-01
3.641733761616679499e-01
3.652205725295748495e-01
3.662690721910323854e-01
3.673188775805864559e-01
3.683699911388502168e-01
3.694224153125232335e-01
3.704761525544104650e-01
3.715312053234411382e-01
3.725875760846878992e-01
3.736452673093862975e-01
3.747042814749536044e-01
3.757646210650084639e-01
3.768262885693902109e-01
3.778892864841785215e-01
3.789536173117126205e-01
3.800192835606112096e-01
3.810862877457922293e-01
3.821546323884922880e-01
3.832243200162869234e-01
3.842953531631101982e-01
3.853677343692750168e-01
3.864414661814928875e-01
3.875165511528942952e-01
3.885929918430491847e-01
3.896707908179865565e-01
3.907499506502155606e-01
3.918304739187455366e-01
3.929123632091067186e-01
3.939956211133710529e-01
3.950802502301722918e-01
3.961662531647276442e-01
3.972536325288578696e-01
3.983423909410085395e-01
3.994325310262710760e-01
4.005240554164037348e-01
4.016169667498530327e-01
4.027112676717745088e-01
4.038069608340546512e-01
4.049040488953320471e-01
4.060025345210187542e-01
4.071024203833219501e-01
4.082037091612658597e-01
4.093064035407132373e-01
4.104105062143871274e-01
4.115160198818932358e-01
4.126229472497414674e-01
4.137312910313681313e-01
4.148410539471582004e-01
4.159522387244675712e-01
4.170648480976452688e-01
4.181788848080560395e-01
4.192943516041026664e-01
4.204112512412489511e-01
4.215295864820419736e-01
4.226493600961350738e-01
4.237705748603106670e-01
4.248932335585032805e-01
4.260173389818223688e-01
4.271428939285756288e-01
4.282699012042926467e-01
4.293983636217471034e-01
4.305282840009813095e-01
4.316596651693289100e-01
4.327925099614388649e-01
4.339268212192992080e-01
4.350626017922603062e-01
4.361998545370593949e-01
4.373385823178439491e-01
4.384787880061959964e-01
4.396204744811563203e-01
4.407636446292485521e-01
4.419083013445033736e-01
4.430544475284832751e-01
4.442020860903069801e-01
4.453512199466737598e-01
4.465018520218885234e-01
4.476539852478862991e-01
4.488076225642574912e-01
4.499627669182725276e-01
4.511194212649070612e-01
4.522775885668676166e-01
4.534372717946160147e-01
4.545984739263955743e-01
4.557611979482560915e-01
4.569254468540795977e-01
4.580912236456063935e-01
4.592585313324601404e-01
4.604273729321744502e-01
4.615977514702183648e-01
4.627696699800229463e-01
4.639431315030070335e-01
4.651181390886036660e-01
4.662946957942868398e-01
4.674728046855974872e-01
4.686524688361706215e-01
4.698336913277617044e-01
4.710164752502736252e-01
4.722008237017835675e-01
4.733867397885701545e-01
4.745742266251404828e-01
4.757632873342576563e-01
4.769539250469678193e-01
4.781461429026278576e-01
4.793399440489328200e-01
4.805353316419438969e-01
4.817323088461158975e-01
4.829308788343253944e-01
4.841310447878986456e-01
4.853328098966398496e-01
4.865361773588594563e-01
4.877411503814021998e-01
4.889477321796760201e-01
4.901559259776803179e-01
4.913657350080348762e-01
4.925771625120086150e-01
4.937902117395484569e-01
4.950048859493088593e-01
4.962211884086802360e-01
4.974391223938186002e-01
4.986586911896753183e-01
4.998798980900261979e-01
5.011027463975011864e-01
5.023272394236142357e-01
5.035533804887935005e-01
5.047811729224106481e-01
5.060106200628117223e-01
5.072417252573467872e-01
5.084744918624009014e-01
5.097089232434238726e-01
5.109450227749617879e-01
5.121827938406869896e-01
5.134222398334294946e-01
5.146633641552075256e-01
5.159061702172590413e-01
5.171506614400724899e-01
5.183968412534190051e-01
5.196447130963830485e-01
5.208942804173947172e-01
5.221455466742609408e-01
5.233985153341976782e-01
5.246531898738620026e-01
5.259095737793841874e-01
5.271676705464000134e-01
5.284274836800827435e-01
5.296890166951768730e-01
5.309522731160292164e-01
5.322172564766229907e-01
5.334839703206102346e-01
5.347524182013448923e-01
5.360226036819161211e-01
5.372945303351818191e-01
5.385682017438017111e-01
5.398436215002715421e-01
5.411207932069563853e-01
5.423997204761245028e-01
5.436804069299820963e-01
5.449628562007066135e-01
5.462470719304816091e-01
5.475330577715313840e-01
5.488208173861550687e-01
5.501103544467615958e-01
5.514016726359047826e-01
5.526947756463185257e-01
5.539896671809513284e-01
5.552863509530021613e-01
5.565848306859563221e-01
5.578851101136199642e-01
5.591871929801569552e-01
5.604910830401242938e-01
5.617967840585081918e-01
5.631042998107607112e-01
5.644136340828354026e-01
5.657247906712247199e-01
5.670377733829963240e-01
5.683525860358296100e-01
5.696692324580531208e-01
5.709877164886816292e-01
5.723080419774536631e-01
5.736302127848681431e-01
5.749542327822230181e-01
5.762801058516525687e-01
5.776078358861654882e-01
5.789374267896826298e-01
5.802688824770756426e-01
5.816022068742052742e-01
5.829374039179601175e-01
5.842744775562951354e-01
5.856134317482705187e-01
5.869542704640910991e-01
5.882969976851452065e-01
5.896416174040443048e-01
5.909881336246625150e-01
5.923365503621765837e-01
5.936868716431051851e-01
5.950391015053495547e-01
5.963932439982335687e-01
5.977493031825442671e-01
5.991072831305720436e-01
6.004671879261519463e-01
6.018290216647044222e-01
6.031927884532759521e-01
6.045584924105813496e-01
6.059261376670442845e-01
6.072957283648393600e-01
6.086672686579336355e-01
6.100407627121293697e-01
6.114162147051049878e-01
6.127936288264584919e-01
6.141730092777498706e-01
6.155543602725430663e-01
6.169376860364494952e-01
6.183229908071714576e-01
6.197102788345443258e-01
6.210995543805810648e-01
6.224908217195151972e-01
6.238840851378454344e-01
6.252793489343785316e-01
6.266766174202744732e-01
6.280758949190904383e-01
6.294771857668255421e-01
6.308804943119655784e-01
6.322858249155279831e-01
6.336931819511070207e-01
6.351025698049193036e-01
6.365139928758490884e-01
6.379274555754940179e-01
6.393429623282113061e-01
6.407605175711642564e-01
6.421801257543676700e-01
6.436017913407351410e-01
6.450255188061255751e-01
6.464513126393903741e-01
6.478791773424202871e-01
6.493091174301929280e-01
6.507411374308205154e-01
6.521752418855975009e-01
6.536114353490484197e-01
6.550497223889767406e-01
6.564901075865127167e-01
6.579325955361617906e-01
6.593771908458542219e-01
6.608238981369933818e-01
6.622727220445060459e-01
6.637236672168904672e-01
6.651767383162674463e-01
6.666319400184295141e-01
6.680892770128911140e-01
6.695487540029393392e-01
6.710103757056841145e-01
6.724741468521094889e-01
6.739400721871239286e-01
6.754081564696128304e-01
6.768784044724885929e-01
6.783508209827430191e-01
6.798254108014998298e-01
6.813021787440657340e-01
6.827811296399834973e-01
6.842622683330845668e-01
6.857455996815418064e-01
6.872311285579227880e-01
6.887188598492427483e-01
6.902087984570187684e-01
6.917009492973229534e-01
6.931953173008371660e-01
6.946919074129066507e-01
6.961907245935953226e-01
6.976917738177400574e-01
6.991950600750056477e-01
7.007005883699405357e-01
7.022083637220321028e-01
7.037183911657622915e-01
7.052306757506638935e-01
7.067452225413769495e-01
7.082620366177048155e-01
7.097811230746714495e-01
7.113024870225781449e-01
7.128261335870607063e-01
7.143520679091476255e-01
7.158802951453172581e-01
7.174108204675564426e-01
7.189436490634182331e-01
7.204787861360809620e-01
7.220162369044071937e-01
7.235560066030022330e-01
7.250981004822744103e-01
7.266425238084941451e-01
7.281892818638541209e-01
7.297383799465292364e-01
7.312898233707375573e-01
7.328436174668008229e-01
7.343997675812053982e-01
7.359582790766635574e-01
7.375191573321755456e-01
7.390824077430911965e-01
7.406480357211716603e-01
7.422160466946525759e-01
7.437864461083063539e-01
7.453592394235053487e-01
7.469344321182850299e-01
7.485120296874079315e-01
7.500920376424270453e-01
7.516744615117505468e-01
7.532593068407056336e-01
7.548465791916041390e-01
7.564362841438067031e-01
7.580284272937887202e-01
7.596230142552058417e-01
7.612200506589600346e-01
7.628195421532656395e-01
7.644214944037164283e-01
7.660259130933518845e-01
7.676328039227249267e-01
7.692421726099688550e-01
7.708540248908660741e-01
7.724683665189149284e-01
7.740852032653999792e-01
7.757045409194589514e-01
7.773263852881525660e-01
7.789507421965342626e-01
7.805776174877196993e-01
7.822070170229566966e-01
7.838389466816955142e-01
7.854734123616601282e-01
7.871104199789186184e-01
7.887499754679548891e-01
7.903920847817405004e-01
7.920367538918063888e-01
7.936839887883153644e-01
7.953337954801350529e-01
7.969861799949106151e-01
7.986411483791385768e-01
8.002987066982402142e-01
8.019588610366357173e-01
8.036216174978184634e-01
8.052869822044306236e-01
8.069549612983374365e-01
8.086255609407027034e-01
8.102987873120655049e-01
8.119746466124154738e-01
8.136531450612698446e-01
8.153342888977506142e-01
8.170180843806610360e-01
8.187045377885643349e-01
8.203936554198607567e-01
8.220854435928668380e-01
8.237799086458931219e-01
8.254770569373250932e-01
8.271768948457008941e-01
8.288794287697913710e-01
8.305846651286823423e-01
8.322926103618526472e-01
8.340032709292569679e-01
8.357166533114064322e-01
8.374327640094511027e-01
8.391516095452616897e-01
8.408731964615120402e-01
8.425975313217629603e-01
8.443246207105443712e-01
8.460544712334407969e-01
8.477870895171736310e-01
8.495224822096874018e-01
8.512606559802342598e-01
8.530016175194586880e-01
8.547453735394846541e-01
8.564919307740003207e-01
8.582412959783466411e-01
8.599934759296024023e-01
8.617484774266734870e-01
8.635063072903798043e-01
8.652669723635435517e-01
8.670304795110789220e-01
8.687968356200803655e-01
8.705660475999129622e-01
8.723381223823017949e-01
8.741130669214232096e-01
8.758908881939954094e-01
8.776715931993698261e-01
8.794551889596232686e-01
8.812416825196494052e-01
8.830310809472529110e-01
8.848233913332415046e-01
8.866186207915198736e-01
8.884167764591843763e-01
8.902178654966165228e-01
8.920218950875794528e-01
8.938288724393116391e-01
8.956388047826249199e-01
8.974516993719990898e-01
8.992675634856803768e-01
9.010864044257773653e-01
9.029082295183601392e-01
9.047330461135580926e-01
9.065608615856585173e-01
9.083916833332066343e-01
9.102255187791042923e-01
9.120623753707121084e-01
9.139022605799481669e-01
9.157451819033909368e-01
9.175911468623804135e-01
9.194401630031201478e-01
9.212922378967809411e-01
9.231473791396033191e-01
9.250055943530022251e-01
9.268668911836702717e-01
9.287312773036837665e-01
9.305987604106078503e-01
9.324693482276011913e-01
9.343430485035251198e-01
9.362198690130473233e-01
9.380998175567522024e-01
9.399829019612468972e-01
9.418691300792718657e-01
9.437585097898083530e-01
9.456510489981883039e-01
9.475467556362059396e-01
9.494456376622267824e-01
9.513477030613005647e-01
9.532529598452720299e-01
9.551614160528941744e-01
9.570730797499409359e-01
9.589879590293207690e-01
9.609060620111911089e-01
9.628273968430730578e-01
9.647519716999667372e-01
9.666797947844668615e-01
9.686108743268797561e-01
9.705452185853410407e-01
9.724828358459316480e-01
9.744237344227976161e-01
9.763679226582683279e-01
9.783154089229767481e-01
9.802662016159781055e-01
9.822203091648723516e-01
9.841777400259249520e-01
9.861385026841874568e-01
9.881026056536228452e-01
9.900700574772257623e-01
9.920408667271488623e-01
9.940150420048259328e-01
9.959925919410972384e-01
9.979735251963358644e-01
9.999578504605728391e-01
1.001945576453626252e+00
1.003936711925226932e+00
1.005931265655148010e+00
1.007929246453333372e+00
1.009930663160028219e+00
1.011935524645908524e+00
1.013943839812212033e+00
1.015955617590871718e+00
1.017970866944645225e+00
1.019989596867250992e+00
1.022011816383499694e+00
1.024037534549430584e+00
1.026066760452445603e+00
1.028099503211444610e+00
1.030135771976964376e+00
1.032175575931312927e+00
1.034218924288710095e+00
1.036265826295424297e+00
1.038316291229913535e+00
1.040370328402964839e+00
1.042427947157834378e+00
1.044489156870391788e+00
1.046553966949259173e+00
1.048622386835956766e+00
1.050694426005045701e+00
1.052770093964272791e+00
1.054849400254717295e+00
1.056932354450934364e+00
1.059018966161104469e+00
1.061109245027179515e+00
1.063203200725033604e+00
1.065300842964609140e+00
1.067402181490069157e+00
1.069507226079948303e+00
1.071615986547302724e+00
1.073728472739864825e+00
1.075844694540194046e+00
1.077964661865834062e+00
1.080088384669464219e+00
1.082215872939058299e+00
1.084347136698039504e+00
1.086482186005437889e+00
1.088621030956049784e+00
1.090763681680594788e+00
1.092910148345878296e+00
1.095060441154949826e+00
1.097214570347267104e+00
1.099372546198856604e+00
1.101534379022477195e+00
1.103700079167786008e+00
1.105869657021501862e+00
1.108043123007572017e+00
1.110220487587338933e+00
1.112401761259708799e+00
1.114586954561319398e+00
1.116776078066709754e+00
1.118969142388491322e+00
1.121166158177519412e+00
1.123367136123065269e+00
1.125572086952989048e+00
1.127781021433915454e+00
1.129993950371408040e+00
1.132210884610144630e+00
1.134431835034096725e+00
1.136656812566704700e+00
1.138885828171060099e+00
1.141118892850082611e+00
1.143356017646703249e+00
1.145597213644045986e+00
1.147842491965609391e+00
1.150091863775452916e+00
1.152345340278379870e+00
1.154602932720125263e+00
1.156864652387540993e+00
1.159130510608785469e+00
1.161400518753512134e+00
1.163674688233059307e+00
1.165953030500642695e+00
1.168235557051545692e+00
1.170522279423314549e+00
1.172813209195951112e+00
1.175108357992110220e+00
1.177407737477294436e+00
1.179711359360052558e+00
1.182019235392179013e+00
1.184331377368911697e+00
1.186647797129135373e+00
1.188968506555581284e+00
1.191293517575032990e+00
1.193622842158528208e+00
1.195956492321565312e+00
1.198294480124310946e+00
1.200636817671805856e+00
1.202983517114175172e+00
1.205334590646837567e+00
1.207690050510717983e+00
1.210049908992457679e+00
1.212414178424630729e+00
1.214782871185956736e+00
1.217155999701517333e+00
1.219533576442973999e+00
1.221915613928786115e+00
1.224302124724430563e+00
1.226693121442623324e+00
1.229088616743540863e+00
1.231488623335043942e+00
1.233893153972902113e+00
1.236302221461020645e+00
1.238715838651666346e+00
1.241134018445697151e+00
1.243556773792791059e+00
1.245984117691678827e+00
1.248416063190375125e+00
1.250852623386412121e+00
1.253293811427076188e+00
1.255739640509642374e+00
1.258190123881614442e+00
1.260645274840961116e+00
1.263105106736360117e+00
1.265569632967437741e+00
1.268038866985011781e+00
1.270512822291338217e+00
1.272991512440356576e+00
1.275474951037936178e+00
1.277963151742126602e+00
1.280456128263407489e+00
1.282953894364941005e+00
1.285456463862823417e+00
1.287963850626341777e+00
1.290476068578229052e+00
1.292993131694922582e+00
1.295515054006821654e+00
1.298041849598550623e+00
1.300573532609219152e+00
1.303110117232686438e+00
1.305651617717827673e+00
1.308198048368798050e+00
1.310749423545304104e+00
1.313305757662872608e+00
1.315867065193121244e+00
1.318433360664032605e+00
1.321004658660228204e+00
1.323580973823245799e+00
1.326162320851816068e+00
1.328748714502143269e+00
1.331340169588185240e+00
1.333936700981936951e+00
1.336538323613716051e+00
1.339145052472446640e+00
1.341756902605948820e+00
1.344373889121227794e+00
1.346996027184765188e+00
1.349623332022811928e+00
1.352255818921683339e+00
1.354893503228054685e+00
1.357536400349260930e+00
1.360184525753595386e+00
1.362837894970611474e+00
1.365496523591427591e+00
1.368160427269030865e+00
1.370829621718585578e+00
1.373504122717742248e+00
1.376183946106946276e+00
1.378869107789754800e+00
1.381559623733147113e+00
1.384255509967843745e+00
1.386956782588623538e+00
1.389663457754644726e+00
1.392375551689767343e+00
1.395093080682875630e+00
1.397816061088207329e+00
1.400544509325678089e+00
1.403278441881214533e+00
1.406017875307083553e+00
1.408762826222229370e+00
1.411513311312607488e+00
1.414269347331522875e+00
1.417030951099971459e+00
1.419798139506981194e+00
1.422570929509956672e+00
1.425349338135025290e+00
1.428133382477386082e+00
1.430923079701660328e+00
1.433718447042244160e+00
1.436519501803663390e+00
1.439326261360930115e+00
1.442138743159904424e+00
1.444956964717651893e+00
1.447780943622810623e+00
1.450610697535955396e+00
1.453446244189966263e+00
1.456287601390399589e+00
1.459134787015858858e+00
1.461987819018372825e+00
1.464846715423769652e+00
1.467711494332058164e+00
1.470582173917809987e+00
1.473458772430542352e+00
1.476341308195107338e+00
1.479229799612078011e+00
1.482124265158142773e+00
1.485024723386497714e+00
1.487931192927243185e+00
1.490843692487782590e+00
1.493762240853224288e+00
1.496686856886785710e+00
1.499617559530198374e+00
1.502554367804118218e+00
1.505497300808535721e+00
1.508446377723192677e+00
1.511401617807994979e+00
1.514363040403435168e+00
1.517330664931012318e+00
1.520304510893657701e+00
1.523284597876161994e+00
1.526270945545603608e+00
1.529263573651785002e+00
1.532262502027663453e+00
1.535267750589792257e+00
1.538279339338761265e+00
1.541297288359639417e+00
1.544321617822422166e+00
1.547352347982480447e+00
1.550389499181013209e+00
1.553433091845502823e+00
1.556483146490171832e+00
1.559539683716445024e+00
1.562602724213412175e+00
1.565672288758296338e+00
1.568748398216922135e+00
1.571831073544189827e+00
1.574920335784549374e+00
1.578016206072482053e+00
1.581118705632980292e+00
1.584227855782032401e+00
1.587343677927112839e+00
1.590466193567671160e+00
1.593595424295628726e+00
1.596731391795874089e+00
1.599874117846767030e+00
1.603023624320639273e+00
1.606179933184303854e+00
1.609343066499565600e+00
1.612513046423734719e+00
1.615689895210144833e+00
1.618873635208672779e+00
1.622064288866263526e+00
1.625261878727458198e+00
1.628466427434922981e+00
1.631677957729986028e+00
1.634896492453173034e+00
1.638122054544751904e+00
1.641354667045273663e+00
1.644594353096124673e+00
1.647841135940077306e+00
1.651095038921845504e+00
1.654356085488645434e+00
1.657624299190756822e+00
1.660899703682092055e+00
1.664182322720764606e+00
1.667472180169665918e+00
1.670769299997041379e+00
1.674073706277074081e+00
1.677385423190470126e+00
1.680704475025047273e+00
1.684030886176330899e+00
1.687364681148149970e+00
1.690705884553239891e+00
1.694054521113847356e+00
1.697410615662339639e+00
1.700774193141821655e+00
1.704145278606748359e+00
1.707523897223552467e+00
1.710910074271266401e+00
1.714303835142155341e+00
1.717705205342351604e+00
1.721114210492491914e+00
1.724530876328362883e+00
1.727955228701547385e+00
1.731387293580077147e+00
1.734827097049087996e+00
1.738274665311482892e+00
1.741730024688595169e+00
1.745193201620858892e+00
1.748664222668484536e+00
1.752143114512136668e+00
1.755629903953617843e+00
1.759124617916556943e+00
1.762627283447101956e+00
1.766137927714619194e+00
1.769656578012392512e+00
1.773183261758334739e+00
1.776718006495695334e+00
1.780260839893782920e+00
1.783811789748681598e+00
1.787370883983981251e+00
1.790938150651509186e+00
1.794513617932065763e+00
1.798097314136168023e+00
1.801689267704795760e+00
1.805289507210144473e+00
1.808898061356383202e+00
1.812514958980416813e+00
1.816140229052654487e+00
1.819773900677782219e+00
1.823416003095544191e+00
1.827066565681523480e+00
1.830725617947935202e+00
1.834393189544420100e+00
1.838069310258845679e+00
1.841754010018112453e+00
1.845447318888966182e+00
1.849149267078816328e+00
1.852859884936558066e+00
1.856579202953403840e+00
1.860307251763715808e+00
1.864044062145850056e+00
1.867789665023001699e+00
1.871544091464056647e+00
1.875307372684454021e+00
1.879079540047047914e+00
1.882860625062981574e+00
1.886650659392562268e+00
1.890449674846146122e+00
1.894257703385030078e+00
1.898074777122343182e+00
1.901900928323954743e+00
1.905736189409379167e+00
1.909580592952695444e+00
1.913434171683465523e+00
1.917296958487665792e+00
1.921168986408623436e+00
1.925050288647954355e+00
1.928940898566516626e+00
1.932840849685363072e+00
1.936750175686707154e+00
1.940668910414889314e+00
1.944597087877356634e+00
1.948534742245643159e+00
1.952481907856365773e+00
1.956438619212217400e+00
1.960404910982973758e+00
1.964380818006508322e+00
1.968366375289808179e+00
1.972361618010005868e+00
1.976366581515410559e+00
1.980381301326552768e+00
1.984405813137235075e+00
1.988440152815586615e+00
1.992484356405132440e+00
1.996538460125864001e+00
2.000602500375323167e+00
2.004676513729688914e+00
2.008760536944875774e+00
2.012854606957640513e+00
2.016958760886692570e+00
2.021073036033818937e+00
2.025197469885012147e+00
2.029332100111610249e+00
2.033476964571442558e+00
2.037632101309985178e+00
2.041797548561526732e+00
2.045973344750339429e+00
2.050159528491860783e+00
2.054356138593883774e+00
2.058563214057757662e+00
2.062780794079593694e+00
2.067008918051483679e+00
2.071247625562728345e+00
2.075496956401067905e+00
2.079756950553933503e+00
2.084027648209695549e+00
2.088309089758931592e+00
2.092601315795696859e+00
2.096904367118809454e+00
2.101218284733142649e+00
2.105543109850924299e+00
2.109878883893055779e+00
2.114225648490426490e+00
2.118583445485253236e+00
2.122952316932416927e+00
2.127332305100820609e+00
2.131723452474748814e+00
2.136125801755242914e+00
2.140539395861485339e+00
2.144964277932194019e+00
2.149400491327027485e+00
2.153848079628001511e+00
2.158307086640916417e+00
2.162777556396795475e+00
2.167259533153332640e+00
2.171753061396356266e+00
2.176258185841296378e+00
2.180774951434673703e+00
2.185303403355588703e+00
2.189843587017231474e+00
2.194395548068399204e+00
2.198959332395023836e+00
2.203534986121718386e+00
2.208122555613324600e+00
2.212722087476488131e+00
2.217333628561225733e+00
2.221957225962525317e+00
2.226592927021943336e+00
2.231240779329223045e+00
2.235900830723924315e+00
2.240573129297060095e+00
2.245257723392756866e+00
2.249954661609918194e+00
2.254663992803906059e+00
2.259385766088234604e+00
2.264120030836278108e+00
2.268866836682992272e+00
2.273626233526647056e+00
2.278398271530577279e+00
2.283183001124942546e+00
2.287980473008508042e+00
2.292790738150429775e+00
2.297613847792062902e+00
2.302449853448780726e+00
2.307298806911808331e+00
2.312160760250071778e+00
2.317035765812061499e+00
2.321923876227713013e+00
2.326825144410297863e+00
2.331739623558334529e+00
2.336667367157512665e+00
2.341608428982634660e+00
2.346562863099570517e+00
2.351530723867229611e+00
2.356512065939548872e+00
2.361506944267500518e+00
2.366515414101105996e+00
2.371537530991479681e+00
2.376573350792876571e+00
2.381622929664769739e+00
2.386686324073931775e+00
2.391763590796543770e+00
2.396854786920314506e+00
2.401959969846623633e+00
2.407079197292675055e+00
2.412212527293674302e+00
2.417360018205021444e+00
2.422521728704520871e+00
2.427697717794613741e+00
2.432888044804623728e+00
2.438092769393024994e+00
2.443311951549727468e+00
2.448545651598381667e+00
2.453793930198703954e+00
2.459056848348817326e+00
2.464334467387618410e+00
2.469626848997157786e+00
2.474934055205041616e+00
2.480256148386862147e+00
2.485593191268631319e+00
2.490945246929252122e+00
2.496312378803001497e+00
2.501694650682036780e+00
2.507092126718921676e+00
2.512504871429178444e+00
2.517932949693855171e+00
2.523376426762119706e+00
2.528835368253874005e+00
2.534309840162389804e+00
2.539799908856970045e+00
2.545305641085628512e+00
2.550827103977797439e+00
2.556364365047053777e+00
2.561917492193872992e+00
2.567486553708401953e+00
2.573071618273259809e+00
2.578672754966362390e+00
2.584290033263767050e+00
2.589923523042549913e+00
2.595573294583699564e+00
2.601239418575039153e+00
2.606921966114181366e+00
2.612621008711491832e+00
2.618336618293096940e+00
2.624068867203905864e+00
2.629817828210665009e+00
2.635583574505035109e+00
2.641366179706698514e+00
2.647165717866491796e+00
2.652982263469569890e+00
2.658815891438589762e+00
2.664666677136930062e+00
2.670534696371936523e+00
2.676420025398197566e+00
2.682322740920842996e+00
2.688242920098879996e+00
2.694180640548556660e+00
2.700135980346748621e+00
2.706109018034385194e+00
2.712099832619901729e+00
2.718108503582722602e+00
2.724135110876775290e+00
2.730179734934039537e+00
2.736242456668120493e+00
2.742323357477867152e+00
2.748422519251006335e+00
2.754540024367823747e+00
2.760675955704873008e+00
2.766830396638715772e+00
2.773003431049700040e+00
2.779195143325770445e+00
2.785405618366312730e+00
2.791634941586038199e+00
2.797883198918893477e+00
2.804150476822016458e+00
2.810436862279721559e+00
2.816742442807527169e+00
2.823067306456212400e+00
2.829411541815919140e+00
2.835775238020288302e+00
2.842158484750630709e+00
2.848561372240144163e+00
2.854983991278160715e+00
2.861426433214443232e+00
2.867888789963511709e+00
2.874371154009016660e+00
2.880873618408150261e+00
2.887396276796101890e+00
2.893939223390548321e+00
2.900502552996191863e+00
2.907086361009342035e+00
2.913690743422532758e+00
2.920315796829192401e+00
2.926961618428348899e+00
2.933628306029385513e+00
2.940315958056841872e+00
2.947024673555250551e+00
2.953754552194033156e+00
2.960505694272432375e+00
2.967278200724498216e+00
2.974072173124113316e+00
2.980887713690075547e+00
2.987724925291225020e+00
2.994583911451613290e+00
3.001464776355735165e+00
3.008367624853800049e+00
3.015292562467058790e+00
3.022239695393180270e+00
3.029209130511680836e+00
3.036200975389403922e+00
3.043215338286057836e+00
3.050252328159798410e+00
3.057312054672872037e+00
3.064394628197314674e+00
3.071500159820702347e+00
3.078628761351957621e+00
3.085780545327217794e+00
3.092955625015750609e+00
3.100154114425944130e+00
3.107376128311334362e+00
3.114621782176709708e+00
3.121891192284266037e+00
3.129184475659827491e+00
3.136501750099124575e+00
3.143843134174134857e+00
3.151208747239492958e+00
3.158598709438951158e+00
3.166013141711917722e+00
3.173452165800051628e+00
3.180915904253926563e+00
3.188404480439761546e+00
3.195918018546215933e+00
3.203456643591255038e+00
3.211020481429087692e+00
3.218609658757164649e+00
3.226224303123255144e+00
3.233864542932592734e+00
3.241530507455093968e+00
3.249222326832645003e+00
3.256940132086471706e+00
3.264684055124574158e+00
3.272454228749247740e+00
3.280250786664667295e+00
3.288073863484560544e+00
3.295923594739956553e+00
3.303800116887009253e+00
3.311703567314906227e+00
3.319634084353856540e+00
3.327591807283164727e+00
3.335576876339377606e+00
3.343589432724527466e+00
3.351629618614454298e+00
3.359697577167212845e+00
3.367793452531572918e+00
3.375917389855601414e+00
3.384069535295336717e+00
3.392250036023559456e+00
3.400459040238640540e+00
3.408696697173494439e+00
3.416963157104624393e+00
3.425258571361257776e+00
3.433583092334580478e+00
3.441936873487071669e+00
3.450320069361929143e+00
3.458732835592607913e+00
3.467175328912440513e+00
3.475647707164378986e+00
3.484150129310827904e+00
3.492682755443587528e+00
3.501245746793901326e+00
3.509839265742610515e+00
3.518463475830424070e+00
3.527118541768282878e+00
3.535804629447854897e+00
3.544521905952128904e+00
3.553270539566130815e+00
3.562050699787750574e+00
3.570862557338690291e+00
3.579706284175526942e+00
3.588582053500904312e+00
3.597490039774831061e+00
3.606430418726117804e+00
3.615403367363930087e+00
3.624409063989471491e+00
3.633447688207793735e+00
3.642519420939736463e+00
3.651624444433996253e+00
3.660762942279339516e+00
3.669935099416931301e+00
3.679141102152816423e+00
3.688381138170535145e+00
3.697655396543874318e+00
3.706964067749768166e+00
3.716307343681332753e+00
3.725685417661060761e+00
3.735098484454146828e+00
3.744546740281972763e+00
3.754030382835745971e+00
3.763549611290283536e+00
3.773104626317958843e+00
3.782695630102799633e+00
3.792322826354752152e+00
3.801986420324105165e+00
3.811686618816068517e+00
3.821423630205535549e+00
3.831197664451996054e+00
3.841008933114633983e+00
3.850857649367587232e+00
3.860744028015388629e+00
3.870668285508583217e+00
3.880630639959526285e+00
3.890631311158358141e+00
3.900670520589169410e+00
3.910748491446355057e+00
3.920865448651150054e+00
3.931021618868366652e+00
3.941217230523319071e+00
3.951452513818953349e+00
3.961727700753167714e+00
3.972043025136343442e+00
3.982398722609081787e+00
3.992795030660143851e+00
4.003232188644608947e+00
4.013710437802242126e+00
4.024230021276077096e+00
4.034791184131233166e+00
4.045394173373933810e+00
4.056039237970773037e+00
4.066726628868195803e+00
4.077456599012220906e+00
4.088229403368399240e+00
4.099045298942001203e+00
4.109904544798462567e+00
4.120807402084067483e+00
4.131754134046877525e+00
4.142745006057926282e+00
4.153780285632654667e+00
4.164860242452625094e+00
4.175985148387484358e+00
4.187155277517198293e+00
4.198370906154571536e+00
4.209632312868014203e+00
4.220939778504622097e+00
4.232293586213510039e+00
4.243694021469456956e+00
4.255141372096828078e+00
4.266635928293797342e+00
4.278177982656866440e+00
4.289767830205706289e+00
4.301405768408275598e+00
4.313092097206283171e+00
4.324827119040946855e+00
4.336611138879097105e+00
4.348444464239582530e+00
4.360327405220028041e+00
4.372260274523918078e+00
4.384243387488037769e+00
4.396277062110233835e+00
4.408361619077554749e+00
4.420497381794738168e+00
4.432684676413056302e+00
4.444923831859536989e+00
4.457215179866554244e+00
4.469559055001809611e+00
4.481955794698672335e+00
4.494405739286936097e+00
4.506909232023968315e+00
4.519466619126245810e+00
4.532078249801320347e+00
4.544744476280181189e+00
4.557465653850055531e+00
4.570242140887627258e+00
4.583074298892682030e+00
4.595962492522214227e+00
4.608907089624961095e+00
4.621908461276404090e+00
4.634966981814225839e+00
4.648083028874241407e+00
4.661256983426794065e+00
4.674489229813650226e+00
4.687780155785372216e+00
4.701130152539191087e+00
4.714539614757391917e+00
4.728008940646208913e+00
4.741538531975245441e+00
4.755128794117413626e+00
4.768780136089436184e+00
4.782492970592865156e+00
4.796267714055677089e+00
4.810104786674429533e+00
4.824004612456985086e+00
4.837967619265826080e+00
4.851994238861951025e+00
4.866084906949378563e+00
4.880240063220276703e+00
4.894460151400673809e+00
4.908745619296842833e+00
4.923096918842302827e+00
4.937514506145478599e+00
4.951998841538021168e+00
4.966550389623799688e+00
4.981169619328580822e+00
4.995857003950402664e+00
5.010613021210644114e+00
5.025438153305826994e+00
5.040332886960143810e+00
5.055297713478715593e+00
5.070333128801619793e+00
5.085439633558673123e+00
5.100617733125003994e+00
5.115867937677397670e+00
5.131190762251469195e+00
5.146586726799641909e+00
5.162056356249959954e+00
5.177600180565744559e+00
5.193218734806126058e+00
5.208912559187422353e+00
5.224682199145442851e+00
5.240528205398658379e+00
5.256451134012327664e+00
5.272451546463532424e+00
5.288530009707181456e+00
5.304687096242976629e+00
5.320923384183359417e+00
5.337239457322462854e+00
5.353635905206095558e+00
5.370113323202735600e+00
5.386672312575596422e+00
5.403313480555765658e+00
5.420037440416433761e+00
5.436844811548227518e+00
5.453736219535677776e+00
5.470712296234846228e+00
5.487773679852102404e+00
5.504921015024105024e+00
5.522154952898995717e+00
5.539476151218823752e+00
5.556885274403218666e+00
5.574382993634354300e+00
5.591969986943195359e+00
5.609646939297098456e+00
5.627414542688714327e+00
5.645273496226302257e+00
5.663224506225422950e+00
5.681268286302059600e+00
5.699405557467176919e+00
5.717637048222760754e+00
5.735963494659360506e+00
5.754385640555162773e+00
5.772904237476597977e+00
5.791520044880559048e+00
5.810233830218226814e+00
5.829046369040525200e+00
5.847958445105268410e+00
5.866970850486003641e+00
5.886084385682596398e+00
5.905299859733571743e+00
5.924618090330272757e+00
5.944039903932854862e+00
5.963566135888139996e+00
5.983197630549381252e+00
6.002935241397982402e+00
6.022779831167168751e+00
6.042732271967712343e+00
6.062793445415669780e+00
6.082964242762250784e+00
6.103245565025799735e+00
6.123638323125959460e+00
6.144143438020061687e+00
6.164761840841755713e+00
6.185494473041958763e+00
6.206342286532165353e+00
6.227306243830118326e+00
6.248387318207949015e+00
6.269586493842796315e+00
6.290904765969975720e+00
6.312343141038716077e+00
6.333902636870553771e+00
6.355584282820420761e+00
6.377389119940458428e+00
6.399318201146651397e+00
6.421372591388306184e+00
6.443553367820459066e+00
6.465861619979233588e+00
6.488298449960248071e+00
6.510864972600107770e+00
6.533562315661073150e+00
6.556391620018905186e+00
6.579354039854040437e+00
6.602450742846108334e+00
6.625682910371853751e+00
6.649051737706574094e+00
6.672558434229108215e+00
6.696204223630471297e+00
6.719990344126208548e+00
6.743918048672513876e+00
6.767988605186261886e+00
6.792203296768954957e+00
6.816563421934726641e+00
6.841070294842459099e+00
6.865725245532113163e+00
6.890529620165336766e+00
6.915484781270497372e+00
6.940592107992154425e+00
6.965852996345136994e+00
6.991268859473290576e+00
7.016841127913001408e+00
7.042571249861600435e+00
7.068460691450742850e+00
7.094510937024914199e+00
7.120723489425095032e+00
7.147099870277776823e+00
7.173641620289409992e+00
7.200350299546396826e+00
7.227227487820780283e+00
7.254274784881710403e+00
7.281493810812861511e+00
7.308886206335937885e+00
7.336453633140311403e+00
7.364197774219071846e+00
7.392120334211520927e+00
7.420223039752309901e+00
7.448507639827344207e+00
7.476975906136629213e+00
7.505629633464212525e+00
7.534470640055380031e+00
7.563500768001243380e+00
7.592721883630960455e+00
7.622135877911699886e+00
7.651744666856550303e+00
7.681550191940567096e+00
7.711554420525140507e+00
7.741759346290886690e+00
7.772166989679221594e+00
7.802779398342898354e+00
7.833598647605654719e+00
7.864626840931210339e+00
7.895866110401835058e+00
7.927318617206732476e+00
7.958986552140424386e+00
7.990872136111467405e+00
8.022977620661619014e+00
8.055305288495857141e+00
8.087857454023387405e+00
8.120636463909994163e+00
8.153644697641963646e+00
8.186884568101875814e+00
8.220358522156569592e+00
8.254069041257592332e+00
8.288018642054366225e+00
8.322209877020513957e+00
8.356645335093562110e+00
8.391327642328423764e+00
8.426259462564976488e+00
8.461443498110089223e+00
8.496882490434519042e+00
8.532579220884946025e+00
8.568536511411654288e+00
8.604757225312184232e+00
8.641244267991394779e+00
8.678000587738347704e+00
8.715029176520465271e+00
8.752333070795375036e+00
8.789915352341004962e+00
8.827779149104202361e+00
8.865927636068628104e+00
8.904364036142219163e+00
8.943091621064851893e+00
8.982113712336708744e+00
9.021433682167888435e+00
9.061054954449877741e+00
9.100981005749426700e+00
9.141215366325420533e+00
9.181761621169444609e+00
9.222623411070621557e+00
9.263804433705402630e+00
9.305308444753002561e+00
9.347139259037192005e+00
9.389300751695177638e+00
9.431796859374255604e+00
9.474631581457153118e+00
9.517808981316715489e+00
9.561333187600851602e+00
9.605208395548567424e+00
9.649438868337966824e+00
9.694028938467107892e+00
9.738983009168739713e+00
9.784305555859731385e+00
9.830001127626369239e+00
9.876074348746449516e+00
9.922529920249267832e+00
9.969372621514610344e+00
1.001660731191188169e+01
1.006423893248054746e+01
1.011227250765317898e+01
1.016071314702218764e+01
1.020956604715178528e+01
1.025883649343633408e+01
1.030852986200658883e+01
1.035865162168521003e+01
1.040920733599306836e+01
1.046020266520796582e+01
1.051164336847713976e+01
1.056353530598551949e+01
1.061588444118119412e+01
1.066869684306001886e+01
1.072197868851109881e+01
1.077573626472513446e+01
1.082997597166753678e+01
1.088470432461844162e+01
1.093992795678157037e+01
1.099565362196436347e+01
1.105188819733147554e+01
1.110863868623406425e+01
1.116591222111732229e+01
1.122371606650875897e+01
1.128205762208987295e+01
1.134094442585399953e+01
1.140038415735299893e+01
1.146038464103595089e+01
1.152095384968272462e+01
1.158209990793565503e+01
1.164383109593263654e+01
1.170615585304495809e+01
1.176908278172359701e+01
1.183262065145736663e+01
1.189677840284707599e+01
1.196156515179943014e+01
1.202699019384490953e+01
1.209306300858390948e+01
1.215979326426558593e+01
1.222719082250406686e+01
1.229526574313691434e+01
1.236402828923070274e+01
1.243348893223915042e+01
1.250365835731910913e+01
1.257454746881014529e+01
1.264616739588356609e+01
1.271852949836707225e+01
1.279164537275143054e+01
1.286552685838590548e+01
1.294018604386916493e+01
1.301563527364324813e+01
1.309188715479791121e+01
1.316895456409326570e+01
1.324685065520899840e+01
1.332558886622866723e+01
1.340518292736813422e+01
1.348564686895721287e+01
1.356699502968463023e+01
1.364924206511622096e+01
1.373240295649705089e+01
1.381649301984861822e+01
1.390152791537266985e+01
1.398752365717381529e+01
1.407449662331362994e+01
1.416246356620932367e+01
1.425144162339117671e+01
1.434144832863293750e+01
1.443250162347053056e+01
1.452461986912493686e+01
1.461782185884586660e+01
1.471212683069365390e+01
1.480755448077773906e+01
1.490412497697061944e+01
1.500185897311763128e+01
1.510077762376339372e+01
1.520090259941703081e+01
1.530225610237930134e+01
1.540486088315590152e+01
1.550874025748253970e+01
1.561391812398826318e+01
1.572041898252550673e+01
1.582826795319613211e+01
1.593749079610459773e+01
1.604811393187086566e+01
1.616016446293734532e+01
1.627367019570595730e+01
1.638865966354347137e+01
1.650516215069463399e+01
1.662320771714581014e+01
1.674282722448300476e+01
1.686405236279116693e+01
1.698691567864403495e+01
1.711145060423639563e+01
1.723769148771355830e+01
1.736567362475594933e+01
1.749543329147948612e+01
1.762700777871663860e+01
1.776043542774586470e+01
1.789575566754146152e+01
1.803300905361984974e+01
1.817223730856265007e+01
1.831348336430174939e+01
1.845679140625601988e+01
1.860220691941549731e+01
1.874977673647363829e+01
1.889954908811473544e+01
1.905157365556998172e+01
1.920590162556243286e+01
1.936258574776847396e+01
1.952168039493156471e+01
1.968324162577160052e+01
1.984732725084351657e+01
2.001399690150711308e+01
2.018331210218124383e+01
2.035533634606616005e+01
2.053013517452986392e+01
2.070777626036692709e+01
2.088832949515217408e+01
2.107186708092560679e+01
2.125846362646193555e+01
2.144819624839382755e+01
2.164114467747710790e+01
2.183739137030540434e+01
2.203702162680311005e+01
2.224012371384863940e+01
2.244678899540374672e+01
2.265711206955274903e+01
2.287119091288298378e+01
2.308912703266961586e+01
2.331102562736146311e+01
2.353699575590086823e+01
2.376715051645020438e+01
2.400160723514070682e+01
2.424048766550461664e+01
2.448391819930402846e+01
2.473203008952265236e+01
2.498495968634747300e+01
2.524284868703160001e+01
2.550584440060055869e+01
2.577410002844084147e+01
2.604777496189412034e+01
2.632703509807093312e+01
2.661205317519983993e+01
2.690300912893560792e+01
2.720009047117107315e+01
2.750349269302856570e+01
2.781341969385067259e+01
2.813008423816897974e+01
2.845370844280197886e+01
2.878452429642681309e+01
2.912277421417805456e+01
2.946871163006000671e+01
2.982260163021510380e+01
3.018472163037381151e+01
3.055536210112440898e+01
3.093482734498819653e+01
3.132343632966797387e+01
3.172152358226677293e+01
3.212944014974456053e+01
3.254755463140928384e+01
3.297625428982502171e+01
3.341594624717449591e+01
3.386705877484462945e+01
3.433004268482197574e+01
3.480537283239871726e+01
3.529354974072078477e+01
3.579510135885988120e+01
3.631058496639174393e+01
3.684058923892450110e+01
3.738573649067235749e+01
3.794668511203620653e+01
3.852413222226370948e+01
3.911881655966218574e+01
3.973152163455757346e+01
4.036307917329590822e+01
4.101437288511981905e+01
4.168634258779527357e+01
4.237998873249236453e+01
4.309637737373706301e+01
4.383664563635657885e+01
4.460200773838692356e+01
4.539376163703901312e+01
4.621329637424030068e+01
4.706210020919877479e+01
4.794176963815573345e+01
4.885401941633312362e+01
