0.000000000000000000e+00
1.725507442246987876e-04
3.452730100639350361e-04
5.181670533928174442e-04
6.912331305956590432e-04
8.644714985672441411e-04
1.037882414714099604e-03
1.211466136955770094e-03
1.385222923726096454e-03
1.559153033974497882e-03
1.733256727167258775e-03
1.907534263288819358e-03
2.081985902843068708e-03
2.256611906854643843e-03
2.431412536870230547e-03
2.606388054959869836e-03
2.781538723718267672e-03
2.956864806266107717e-03
3.132366566251370589e-03
3.308044267850653985e-03
3.483898175770498446e-03
3.659928555248716589e-03
3.836135672055727974e-03
4.012519792495896145e-03
4.189081183408867835e-03
4.365820112170923882e-03
4.542736846696321037e-03
4.719831655438653725e-03
4.897104807392207125e-03
5.074556572093319798e-03
5.252187219621754118e-03
5.429997020602056294e-03
5.607986246204942418e-03
5.786155168148669758e-03
5.964504058700421073e-03
6.143033190677692386e-03
6.321742837449682503e-03
6.500633272938690331e-03
6.679704771621512195e-03
6.858957608530849570e-03
7.038392059256710735e-03
7.218008399947828911e-03
7.397806907313075192e-03
7.577787858622882754e-03
7.757951531710670194e-03
7.938298204974271813e-03
8.118828157377366156e-03
8.299541668450928847e-03
8.480439018294656794e-03
8.661520487578429697e-03
8.842786357543755069e-03
9.024236910005221934e-03
9.205872427351971879e-03
9.387693192549152743e-03
9.569699489139391405e-03
9.751891601244270028e-03
9.934269813565804047e-03
1.011683441138792189e-02
1.029958568057795509e-02
1.048252390758813365e-02
1.066564937945707267e-02
1.084896238381128503e-02
1.103246320886668019e-02
1.121615214343007517e-02
1.140002947690071586e-02
1.158409549927178796e-02
1.176835050113194704e-02
1.195279477366684683e-02
1.213742860866067093e-02
1.232225229849767852e-02
1.250726613616373779e-02
1.269247041524787685e-02
1.287786542994384317e-02
1.306345147505165449e-02
1.324922884597916524e-02
1.343519783874362952e-02
1.362135874997327974e-02
1.380771187690889822e-02
1.399425751740539930e-02
1.418099596993342357e-02
1.436792753358091812e-02
1.455505250805474125e-02
1.474237119368226358e-02
1.492988389141297265e-02
1.511759090282008798e-02
1.530549253010217089e-02
1.549358907608475340e-02
1.568188084422196538e-02
1.587036813859815307e-02
1.605905126392953575e-02
1.624793052556584155e-02
1.643700622949193640e-02
1.662627868232950668e-02
1.681574819133869331e-02
1.700541506441976755e-02
1.719527961011478243e-02
1.738534213760927274e-02
1.757560295673391351e-02
1.776606237796619567e-02
1.795672071243213999e-02
1.814757827190797632e-02
1.833863536882184356e-02
1.852989231625549321e-02
1.872134942794601020e-02
1.891300701828750944e-02
1.910486540233287747e-02
1.929692489579547948e-02
1.948918581505091480e-02
1.968164847713872734e-02
1.987431319976416463e-02
2.006718030129992295e-02
2.026025010078789587e-02
2.045352291794095070e-02
2.064699907314466315e-02
2.084067888745911798e-02
2.103456268262066456e-02
2.122865078104371056e-02
2.142294350582249832e-02
2.161744118073291587e-02
2.181214413023425946e-02
2.200705267947108967e-02
2.220216715427499390e-02
2.239748788116642866e-02
2.259301518735653061e-02
2.278874940074895189e-02
2.298469084994168160e-02
2.318083986422889500e-02
2.337719677360279233e-02
2.357376190875545494e-02
2.377053560108069105e-02
2.396751818267591622e-02
2.416470998634399556e-02
2.436211134559514505e-02
2.455972259464879459e-02
2.475754406843547889e-02
2.495557610259873174e-02
2.515381903349698384e-02
2.535227319820546402e-02
2.555093893451810746e-02
2.574981658094949166e-02
2.594890647673672029e-02
2.614820896184139737e-02
2.634772437695152500e-02
2.654745306348347059e-02
2.674739536358389583e-02
2.694755162013173083e-02
2.714792217674011007e-02
2.734850737775834997e-02
2.754930756827393343e-02
2.775032309411446657e-02
2.795155430184967718e-02
2.815300153879340614e-02
2.835466515300560236e-02
2.855654549329433162e-02
2.875864290921778185e-02
2.896095775108627896e-02
2.916349036996431984e-02
2.936624111767260556e-02
2.956921034679005703e-02
2.977239841065588283e-02
2.997580566337162272e-02
3.017943245980318767e-02
3.038327915558295192e-02
3.058734610711180343e-02
3.079163367156122558e-02
3.099614220687538224e-02
3.120087207177321340e-02
3.140582362575052022e-02
3.161099722908208842e-02
3.181639324282376641e-02
3.202201202881462677e-02
3.222785394967905143e-02
3.243391936882888266e-02
3.264020865046557418e-02
3.284672215958230751e-02
3.305346026196615689e-02
3.326042332420026115e-02
3.346761171366597482e-02
3.367502579854505379e-02
3.388266594782182034e-02
3.409053253128536271e-02
3.429862591953174167e-02
3.450694648396615549e-02
3.471549459680519506e-02
3.492427063107902963e-02
3.513327496063365502e-02
3.534250796013307244e-02
3.555197000506162691e-02
3.576166147172612358e-02
3.597158273725820782e-02
3.618173417961652316e-02
3.639211617758906364e-02
3.660272911079537339e-02
3.681357335968890587e-02
3.702464930555924433e-02
3.723595733053443324e-02
3.744749781758331675e-02
3.765927115051776602e-02
3.787127771399510096e-02
3.808351789352033834e-02
3.829599207544858580e-02
3.850870064698733858e-02
3.872164399619888037e-02
3.893482251200258704e-02
3.914823658417735525e-02
3.936188660336391310e-02
3.957577296106728343e-02
3.978989604965908061e-02
4.000425626238000160e-02
4.021885399334215738e-02
4.043368963753155021e-02
4.064876359081044666e-02
4.086407624991984094e-02
4.107962801248188356e-02
4.129541927700233067e-02
4.151145044287299357e-02
4.172772191037420891e-02
4.194423408067732978e-02
4.216098735584714041e-02
4.237798213884445137e-02
4.259521883352848648e-02
4.281269784465946415e-02
4.303041957790108146e-02
4.324838443982303993e-02
4.346659283790355738e-02
4.368504518053197005e-02
4.390374187701118897e-02
4.412268333756034361e-02
4.434186997331727303e-02
4.456130219634116263e-02
4.478098041961506987e-02
4.500090505704857496e-02
4.522107652348031359e-02
4.544149523468065527e-02
4.566216160735424995e-02
4.588307605914271337e-02
4.610423900862722912e-02
4.632565087533119241e-02
4.654731207972288842e-02
4.676922304321812218e-02
4.699138418818291085e-02
4.721379593793615520e-02
4.743645871675232495e-02
4.765937294986415801e-02
4.788253906346539440e-02
4.810595748471343386e-02
4.832962864173211831e-02
4.855355296361443113e-02
4.877773088042527266e-02
4.900216282320415950e-02
4.922684922396806245e-02
4.945179051571411272e-02
4.967698713242241909e-02
4.990243950905883658e-02
5.012814808157780438e-02
5.035411328692510069e-02
5.058033556304071532e-02
5.080681534886163919e-02
5.103355308432472315e-02
5.126054921036953677e-02
5.148780416894118556e-02
5.171531840299325306e-02
5.194309235649056944e-02
5.217112647441222301e-02
5.239942120275435655e-02
5.262797698853313028e-02
5.285679427978761530e-02
5.308587352558276351e-02
5.331521517601225252e-02
5.354481968220155957e-02
5.377468749631079958e-02
5.400481907153778516e-02
5.423521486212093401e-02
5.446587532334232901e-02
5.469680091153063944e-02
5.492799208406419498e-02
5.515944929937396241e-02
5.539117301694661960e-02
5.562316369732753230e-02
5.585542180212386965e-02
5.608794779400763653e-02
5.632074213671872664e-02
5.655380529506805892e-02
5.678713773494059591e-02
5.702073992329855651e-02
5.725461232818439272e-02
5.748875541872403711e-02
5.772316966512996278e-02
5.795785553870438922e-02
5.819281351184237006e-02
5.842804405803504048e-02
5.866354765187273973e-02
5.889932476904823078e-02
5.913537588635988523e-02
5.937170148171493772e-02
5.960830203413263612e-02
5.984517802374757223e-02
6.008232993181283899e-02
6.031975824070335418e-02
6.055746343391911479e-02
6.079544599608844441e-02
6.103370641297134469e-02
6.127224517146274974e-02
6.151106275959588449e-02
6.175015966654553295e-02
6.198953638263147298e-02
6.222919339932172361e-02
6.246913120923598683e-02
6.270935030614896433e-02
6.294985118499382692e-02
6.319063434186547590e-02
6.343170027402414424e-02
6.367304947989860242e-02
6.391468245908979440e-02
6.415659971237415438e-02
6.439880174170711791e-02
6.464128905022656357e-02
6.488406214225635182e-02
6.512712152330975279e-02
6.537046770009301289e-02
6.561410118050885198e-02
6.585802247365994677e-02
6.610223208985260834e-02
6.634673054060019615e-02
6.659151833862676784e-02
6.683659599787067362e-02
6.708196403348808123e-02
6.732762296185666739e-02
6.757357330057919831e-02
6.781981556848713788e-02
6.806635028564439471e-02
6.831317797335084707e-02
6.856029915414613152e-02
6.880771435181327889e-02
6.905542409138240578e-02
6.930342889913446158e-02
6.955172930260491992e-02
6.980032583058758122e-02
7.004921901313825028e-02
7.029840938157851105e-02
7.054789746849959853e-02
7.079768380776607639e-02
7.104776893451972275e-02
7.129815338518330492e-02
7.154883769746443745e-02
7.179982241035946788e-02
7.205110806415722380e-02
7.230269520044306508e-02
7.255458436210257545e-02
7.280677609332565636e-02
7.305927093961028795e-02
7.331206944776659518e-02
7.356517216592067809e-02
7.381857964351866419e-02
7.407229243133060803e-02
7.432631108145457133e-02
7.458063614732053648e-02
7.483526818369448663e-02
7.509020774668241638e-02
7.534545539373438405e-02
7.560101168364855018e-02
7.585687717657534079e-02
7.611305243402138876e-02
7.636953801885382198e-02
7.662633449530423246e-02
7.688344242897290903e-02
7.714086238683290353e-02
7.739859493723433292e-02
7.765664064990841775e-02
7.791500009597179810e-02
7.817367384793059981e-02
7.843266247968486149e-02
7.869196656653260069e-02
7.895158668517421319e-02
7.921152341371658079e-02
7.947177733167753999e-02
7.973234901999010082e-02
7.999323906100680448e-02
8.025444803850394215e-02
8.051597653768609308e-02
8.077782514519037116e-02
8.103999444909087968e-02
8.130248503890301348e-02
8.156529750558801084e-02
8.182843244155726947e-02
8.209189044067691232e-02
8.235567209827211743e-02
8.261977801113172537e-02
8.288420877751270788e-02
8.314896499714459488e-02
8.341404727123416518e-02
8.367945620246985960e-02
8.394519239502647168e-02
8.421125645456954689e-02
8.447764898826022606e-02
8.474437060475964456e-02
8.501142191423374794e-02
8.527880352835777444e-02
8.554651606032105671e-02
8.581456012483165696e-02
8.608293633812111323e-02
8.635164531794901899e-02
8.662068768360799143e-02
8.689006405592825111e-02
8.715977505728245145e-02
8.742982131159046655e-02
8.770020344432423454e-02
8.797092208251257317e-02
8.824197785474596767e-02
8.851337139118151121e-02
8.878510332354778989e-02
8.905717428514971223e-02
8.932958491087346353e-02
8.960233583719150185e-02
8.987542770216744303e-02
9.014886114546107054e-02
9.042263680833326212e-02
9.069675533365113840e-02
9.097121736589297569e-02
9.124602355115329910e-02
9.152117453714794792e-02
9.179667097321916880e-02
9.207251351034073661e-02
9.234870280112306151e-02
9.262523949981830984e-02
9.290212426232562215e-02
9.317935774619630351e-02
9.345694061063898606e-02
9.373487351652483313e-02
9.401315712639286837e-02
9.429179210445520765e-02
9.457077911660224934e-02
9.485011883040812830e-02
9.512981191513597556e-02
9.540985904174323351e-02
9.569026088288704046e-02
9.597101811292961526e-02
9.625213140794372513e-02
9.653360144571800083e-02
9.681542890576247395e-02
9.709761446931397533e-02
9.738015881934171392e-02
9.766306264055270303e-02
9.794632661939729756e-02
9.822995144407482837e-02
9.851393780453907012e-02
9.879828639250390343e-02
9.908299790144890762e-02
9.936807302662500896e-02
9.965351246506012894e-02
9.993931691556483254e-02
1.002254870787381430e-01
1.005120236569731207e-01
1.007989273544627473e-01
1.010861988772055603e-01
1.013738389330115369e-01
1.016618482315078814e-01
1.019502274841449091e-01
1.022389774042017641e-01
1.025280987067924421e-01
1.028175921088716610e-01
1.031074583292407587e-01
1.033976980885536190e-01
1.036883121093227222e-01
1.039793011159250574e-01
1.042706658346082560e-01
1.045624069934964484e-01
1.048545253225965229e-01
1.051470215538040931e-01
1.054398964209096873e-01
1.057331506596047715e-01
1.060267850074880641e-01
1.063208002040716138e-01
1.066151969907869895e-01
1.069099761109915947e-01
1.072051383099748983e-01
1.075006843349646801e-01
1.077966149351333724e-01
1.080929308616043610e-01
1.083896328674583825e-01
1.086867217077398667e-01
1.089841981394633202e-01
1.092820629216198353e-01
1.095803168151834733e-01
1.098789605831178018e-01
1.101779949903823053e-01
1.104774208039390471e-01
1.107772387927591223e-01
1.110774497278293055e-01
1.113780543821585728e-01
1.116790535307848747e-01
1.119804479507816586e-01
1.122822384212646268e-01
1.125844257233984819e-01
1.128870106404035456e-01
1.131899939575626984e-01
1.134933764622279712e-01
1.137971589438275255e-01
1.141013421938724820e-01
1.144059270059637062e-01
1.147109141757987616e-01
1.150163045011788759e-01
1.153220987820158389e-01
1.156282978203390377e-01
1.159349024203023826e-01
1.162419133881914673e-01
1.165493315324305224e-01
1.168571576635896309e-01
1.171653925943916957e-01
1.174740371397197392e-01
1.177830921166240080e-01
1.180925583443292459e-01
1.184024366442417847e-01
1.187127278399570107e-01
1.190234327572665396e-01
1.193345522241655299e-01
1.196460870708601076e-01
1.199580381297747078e-01
1.202704062355595405e-01
1.205831922250979182e-01
1.208963969375138475e-01
1.212100212141795086e-01
1.215240658987227496e-01
1.218385318370346498e-01
1.221534198772771668e-01
1.224687308698907268e-01
1.227844656676018997e-01
1.231006251254310180e-01
1.234172101007000172e-01
1.237342214530400969e-01
1.240516600443995199e-01
1.243695267390513837e-01
1.246878224036015587e-01
1.250065479069965013e-01
1.253257041205311784e-01
1.256452919178569771e-01
1.259653121749897131e-01
1.262857657703176095e-01
1.266066535846093744e-01
1.269279765010221939e-01
1.272497354051099483e-01
1.275719311848312332e-01
1.278945647305575473e-01
1.282176369350815914e-01
1.285411486936254011e-01
1.288651009038486728e-01
1.291894944658569522e-01
1.295143302822101550e-01
1.298396092579308381e-01
1.301653323005126095e-01
1.304915003199284551e-01
1.308181142286395093e-01
1.311451749416032153e-01
1.314726833762821512e-01
1.318006404526524400e-01
1.321290470932123817e-01
1.324579042229911963e-01
1.327872127695576554e-01
1.331169736630287148e-01
1.334471878360784236e-01
1.337778562239466673e-01
1.341089797644478832e-01
1.344405593979800806e-01
1.347725960675336954e-01
1.351050907187004990e-01
1.354380442996825640e-01
1.357714577613013396e-01
1.361053320570066727e-01
1.364396681428858837e-01
1.367744669776728705e-01
1.371097295227573509e-01
1.374454567421939943e-01
1.377816496027116921e-01
1.381183090737228281e-01
1.384554361273325762e-01
1.387930317383483103e-01
1.391310968842889850e-01
1.394696325453944619e-01
1.398086397046352236e-01
1.401481193477216169e-01
1.404880724631135391e-01
1.408285000420300970e-01
1.411694030784591269e-01
1.415107825691668819e-01
1.418526395137077734e-01
1.421949749144341690e-01
1.425377897765061075e-01
1.428810851079012345e-01
1.432248619194245454e-01
1.435691212247183768e-01
1.439138640402724822e-01
1.442590913854338297e-01
1.446048042824167879e-01
1.449510037563131459e-01
1.452976908351023277e-01
1.456448665496614392e-01
1.459925319337756766e-01
1.463406880241483743e-01
1.466893358604114128e-01
1.470384764851355996e-01
1.473881109438410220e-01
1.477382402850074272e-01
1.480888655600848813e-01
1.484399878235040104e-01
1.487916081326868256e-01
1.491437275480573255e-01
1.494963471330519045e-01
1.498494679541303443e-01
1.502030910807864439e-01
1.505572175855587336e-01
1.509118485440415769e-01
1.512669850348957179e-01
1.516226281398594944e-01
1.519787789437596903e-01
1.523354385345226103e-01
1.526926080031850985e-01
1.530502884439057798e-01
1.534084809539760785e-01
1.537671866338316262e-01
1.541264065870632527e-01
1.544861419204286712e-01
1.548463937438635252e-01
1.552071631704929622e-01
1.555684513166430971e-01
1.559302593018523919e-01
1.562925882488835072e-01
1.566554392837345155e-01
1.570188135356509196e-01
1.573827121371371707e-01
1.577471362239685759e-01
1.581120869352028724e-01
1.584775654131924116e-01
1.588435728035958172e-01
1.592101102553900860e-01
1.595771789208826341e-01
1.599447799557232319e-01
1.603129145189162996e-01
1.606815837728329532e-01
1.610507888832233281e-01
1.614205310192288190e-01
1.617908113533944314e-01
1.621616310616811885e-01
1.625329913234785650e-01
1.629048933216169781e-01
1.632773382423804431e-01
1.636503272755190086e-01
1.640238616142615791e-01
1.643979424553285718e-01
1.647725709989447118e-01
1.651477484488518555e-01
1.655234760123219240e-01
1.658997549001697824e-01
1.662765863267663402e-01
1.666539715100514851e-01
1.670319116715473506e-01
1.674104080363713887e-01
1.677894618332496646e-01
1.681690742945300965e-01
1.685492466561959168e-01
1.689299801578789673e-01
1.693112760428732155e-01
1.696931355581483003e-01
1.700755599543631313e-01
1.704585504858795730e-01
1.708421084107760168e-01
1.712262349908613146e-01
1.716109314916886008e-01
1.719961991825690872e-01
1.723820393365861070e-01
1.727684532306090759e-01
1.731554421453076753e-01
1.735430073651659522e-01
1.739311501784963632e-01
1.743198718774544576e-01
1.747091737580528104e-01
1.750990571201755663e-01
1.754895232675929839e-01
1.758805735079758681e-01
1.762722091529101975e-01
1.766644315179118907e-01
1.770572419224412941e-01
1.774506416899182260e-01
1.778446321477366865e-01
1.782392146272799571e-01
1.786343904639352831e-01
1.790301609971093055e-01
1.794265275702429108e-01
1.798234915308266069e-01
1.802210542304157059e-01
1.806192170246456730e-01
1.810179812732476412e-01
1.814173483400636222e-01
1.818173195930624098e-01
1.822178964043549010e-01
1.826190801502099725e-01
1.830208722110701069e-01
1.834232739715673521e-01
1.838262868205391698e-01
1.842299121510443949e-01
1.846341513603792783e-01
1.850390058500936685e-01
1.854444770260071373e-01
1.858505662982253837e-01
1.862572750811563871e-01
1.866646047935269781e-01
1.870725568583992970e-01
1.874811327031873087e-01
1.878903337596735390e-01
1.883001614640257559e-01
1.887106172568137619e-01
1.891217025830262966e-01
1.895334188920879126e-01
1.899457676378762394e-01
1.903587502787388308e-01
1.907723682775104013e-01
1.911866231015302842e-01
1.916015162226595847e-01
1.920170491172987493e-01
1.924332232664049402e-01
1.928500401555097443e-01
1.932675012747367693e-01
1.936856081188196022e-01
1.941043621871192393e-01
1.945237649836424054e-01
1.949438180170594281e-01
1.953645228007222512e-01
1.957858808526826977e-01
1.962078936957107056e-01
1.966305628573125630e-01
1.970538898697496433e-01
1.974778762700565571e-01
1.979025236000599430e-01
1.983278334063972304e-01
1.987538072405351797e-01
1.991804466587889788e-01
1.996077532223410611e-01
2.000357284972601735e-01
2.004643740545206387e-01
2.008936914700213128e-01
2.013236823246050966e-01
2.017543482040783653e-01
2.021856906992302583e-01
2.026177114058525519e-01
2.030504119247590888e-01
2.034837938618055675e-01
2.039178588279097204e-01
2.043526084390707986e-01
2.047880443163899444e-01
2.052241680860903694e-01
2.056609813795373110e-01
2.060984858332586822e-01
2.065366830889654171e-01
2.069755747935717871e-01
2.074151625992164405e-01
2.078554481632827744e-01
2.082964331484198350e-01
2.087381192225635229e-01
2.091805080589572430e-01
2.096236013361731931e-01
2.100674007381337360e-01
2.105119079541324656e-01
2.109571246788559118e-01
2.114030526124048015e-01
2.118496934603158188e-01
2.122970489335835320e-01
2.127451207486819595e-01
2.131939106275865803e-01
2.136434202977966212e-01
2.140936514923569012e-01
2.145446059498803404e-01
2.149962854145702207e-01
2.154486916362426951e-01
2.159018263703494367e-01
2.163556913780002866e-01
2.168102884259859864e-01
2.172656192868014369e-01
2.177216857386682636e-01
2.181784895655582701e-01
2.186360325572167806e-01
2.190943165091855938e-01
2.195533432228270465e-01
2.200131145053470516e-01
2.204736321698191615e-01
2.209348980352083824e-01
2.213969139263950170e-01
2.218596816741986721e-01
2.223232031154026844e-01
2.227874800927781562e-01
2.232525144551085472e-01
2.237183080572142102e-01
2.241848627599768995e-01
2.246521804303647230e-01
2.251202629414569556e-01
2.255891121724690196e-01
2.260587300087778806e-01
2.265291183419469723e-01
2.270002790697517592e-01
2.274722140962053829e-01
2.279449253315840584e-01
2.284184146924531367e-01
2.288926841016926672e-01
2.293677354885236552e-01
2.298435707885342627e-01
2.303201919437059264e-01
2.307976009024398090e-01
2.312757996195835553e-01
2.317547900564576047e-01
2.322345741808824748e-01
2.327151539672052127e-01
2.331965313963267616e-01
2.336787084557293281e-01
2.341616871395032773e-01
2.346454694483749992e-01
2.351300573897344426e-01
2.356154529776628426e-01
2.361016582329605595e-01
2.365886751831753343e-01
2.370765058626301824e-01
2.375651523124520659e-01
2.380546165806000092e-01
2.385449007218938822e-01
2.390360067980432934e-01
2.395279368776761508e-01
2.400206930363679991e-01
2.405142773566711079e-01
2.410086919281437257e-01
2.415039388473797788e-01
2.420000202180383475e-01
2.424969381508733646e-01
2.429946947637638410e-01
2.434932921817436757e-01
2.439927325370319366e-01
2.444930179690635585e-01
2.449941506245194578e-01
2.454961326573574243e-01
2.459989662288431800e-01
2.465026535075809377e-01
2.470071966695451815e-01
2.475125978981114194e-01
2.480188593840879085e-01
2.485259833257475737e-01
2.490339719288593157e-01
2.495428274067203744e-01
2.500525519801883867e-01
2.505631478777136101e-01
2.510746173353714528e-01
2.515869625968951695e-01
2.521001859137085299e-01
2.526142895449590142e-01
2.531292757575506758e-01
2.536451468261777253e-01
2.541619050333578378e-01
2.546795526694659584e-01
2.551980920327681646e-01
2.557175254294553057e-01
2.562378551736776977e-01
2.567590835875792621e-01
2.572812130013319987e-01
2.578042457531707909e-01
2.583281841894283781e-01
2.588530306645702717e-01
2.593787875412301713e-01
2.599054571902454369e-01
2.604330419906924488e-01
2.609615443299229121e-01
2.614909666035993285e-01
2.620213112157316337e-01
2.625525805787133904e-01
2.630847771133583146e-01
2.636179032489370244e-01
2.641519614232143431e-01
2.646869540824860478e-01
2.652228836816163393e-01
2.657597526840755342e-01
2.662975635619776460e-01
2.668363187961183547e-01
2.673760208760133095e-01
2.679166722999361538e-01
2.684582755749575500e-01
2.690008332169833150e-01
2.695443477507940000e-01
2.700888217100835820e-01
2.706342576374990982e-01
2.711806580846802261e-01
2.717280256122988624e-01
2.722763627900992023e-01
2.728256721969382070e-01
2.733759564208257942e-01
2.739272180589653050e-01
2.744794597177949158e-01
2.750326840130281059e-01
2.755868935696954014e-01
2.761420910221856206e-01
2.766982790142877291e-01
2.772554601992329171e-01
2.778136372397365661e-01
2.783728128080407149e-01
2.789329895859569142e-01
2.794941702649088033e-01
2.800563575459753540e-01
2.806195541399343352e-01
2.811837627673056117e-01
2.817489861583952204e-01
2.823152270533391683e-01
2.828824882021477860e-01
2.834507723647505806e-01
2.840200823110403672e-01
2.845904208209186770e-01
2.851617906843411654e-01
2.857341947013625760e-01
2.863076356821829260e-01
2.868821164471934138e-01
2.874576398270223265e-01
2.880342086625821141e-01
2.886118258051156849e-01
2.891904941162434239e-01
2.897702164680108217e-01
2.903509957429353805e-01
2.909328348340551873e-01
2.915157366449760978e-01
2.920997040899205865e-01
2.926847400937762633e-01
2.932708475921445013e-01
2.938580295313896196e-01
2.944462888686884550e-01
2.950356285720796556e-01
2.956260516205138633e-01
2.962175610039037843e-01
2.968101597231746491e-01
2.974038507903152273e-01
2.979986372284283980e-01
2.985945220717827198e-01
2.991915083658641672e-01
2.997895991674277005e-01
3.003887975445496683e-01
3.009891065766802098e-01
3.015905293546959909e-01
3.021930689809532167e-01
3.027967285693410338e-01
3.034015112453350982e-01
3.040074201460517545e-01
3.046144584203018812e-01
3.052226292286456255e-01
3.058319357434476915e-01
3.064423811489316307e-01
3.070539686412358527e-01
3.076667014284695245e-01
3.082805827307682489e-01
3.088956157803509073e-01
3.095118038215760037e-01
3.101291501109987858e-01
3.107476579174290321e-01
3.113673305219880616e-01
3.119881712181674094e-01
3.126101833118867801e-01
3.132333701215526678e-01
3.138577349781177528e-01
3.144832812251399656e-01
3.151100122188420505e-01
3.157379313281720723e-01
3.163670419348633134e-01
3.169973474334949470e-01
3.176288512315537660e-01
3.182615567494946340e-01
3.188954674208029916e-01
3.195305866920567506e-01
3.201669180229883560e-01
3.208044648865483461e-01
3.214432307689679691e-01
3.220832191698227431e-01
3.227244336020968496e-01
3.233668775922468597e-01
3.240105546802665715e-01
3.246554684197522356e-01
3.253016223779676697e-01
3.259490201359102057e-01
3.265976652883767484e-01
3.272475614440302216e-01
3.278987122254669040e-01
3.285511212692830973e-01
3.292047922261434612e-01
3.298597287608485695e-01
3.305159345524040226e-01
3.311734132940884479e-01
3.318321686935238324e-01
3.324922044727442461e-01
3.331535243682667291e-01
3.338161321311611807e-01
3.344800315271216351e-01
3.351452263365377049e-01
3.358117203545659124e-01
3.364795173912020765e-01
3.371486212713542541e-01
3.378190358349151268e-01
3.384907649368359972e-01
3.391638124472002302e-01
3.398381822512979711e-01
3.405138782497007521e-01
3.411909043583365997e-01
3.418692645085658066e-01
3.425489626472570381e-01
3.432300027368637152e-01
3.439123887555012304e-01
3.445961246970243308e-01
3.452812145711048331e-01
3.459676624033104497e-01
3.466554722351831153e-01
3.473446481243186446e-01
3.480351941444465580e-01
3.487271143855100175e-01
3.494204129537468728e-01
3.501150939717708743e-01
3.508111615786531634e-01
3.515086199300048175e-01
3.522074731980591733e-01
3.529077255717551487e-01
3.536093812568213424e-01
3.543124444758596336e-01
3.550169194684300589e-01
3.557228104911363542e-01
3.564301218177112207e-01
3.571388577391030328e-01
3.578490225635621580e-01
3.585606206167284982e-01
3.592736562417194746e-01
3.599881337992180130e-01
3.607040576675616950e-01
3.614214322428320747e-01
3.621402619389448296e-01
3.628605511877400214e-01
3.635823044390734116e-01
3.643055261609079443e-01
3.650302208394061720e-01
3.657563929790226265e-01
3.664840471025973545e-01
3.672131877514502318e-01
3.679438194854745547e-01
3.686759468832327413e-01
3.694095745420519772e-01
3.701447070781200277e-01
3.708813491265825490e-01
3.716195053416400107e-01
3.723591803966461167e-01
3.731003789842063378e-01
3.738431058162769993e-01
3.745873656242652006e-01
3.753331631591294570e-01
3.760805031914805086e-01
3.768293905116831821e-01
3.775798299299588656e-01
3.783318262764881479e-01
3.790853844015150131e-01
3.798405091754503693e-01
3.805972054889776302e-01
3.813554782531581311e-01
3.821153323995372109e-01
3.828767728802510151e-01
3.836398046681345764e-01
3.844044327568295616e-01
3.851706621608936287e-01
3.859384979159096174e-01
3.867079450785960715e-01
3.874790087269184835e-01
3.882516939602005945e-01
3.890260058992368597e-01
3.898019496864060796e-01
3.905795304857844763e-01
3.913587534832608239e-01
3.921396238866515227e-01
3.929221469258165622e-01
3.937063278527764831e-01
3.944921719418296169e-01
3.952796844896704909e-01
3.960688708155089000e-01
3.968597362611895885e-01
3.976522861913125984e-01
3.984465259933548387e-01
3.992424610777920435e-01
4.000400968782216737e-01
4.008394388514864293e-01
4.016404924777988161e-01
4.024432632608664906e-01
4.032477567280180475e-01
4.040539784303298632e-01
4.048619339427542152e-01
4.056716288642472912e-01
4.064830688178987517e-01
4.072962594510619039e-01
4.081112064354845415e-01
4.089279154674411165e-01
4.097463922678651338e-01
4.105666425824828769e-01
4.113886721819478565e-01
4.122124868619764237e-01
4.130380924434832179e-01
4.138654947727191669e-01
4.146946997214087105e-01
4.155257131868893561e-01
4.163585410922509555e-01
4.171931893864767038e-01
4.180296640445848033e-01
4.188679710677709056e-01
4.197081164835517186e-01
4.205501063459094468e-01
4.213939467354371193e-01
4.222396437594853058e-01
4.230872035523088881e-01
4.239366322752158300e-01
4.247879361167164469e-01
4.256411212926733967e-01
4.264961940464532253e-01
4.273531606490785784e-01
4.282120273993817450e-01
4.290728006241582571e-01
4.299354866783232643e-01
4.308000919450670207e-01
4.316666228360129254e-01
4.325350857913756175e-01
4.334054872801207936e-01
4.342778338001257454e-01
4.351521318783410641e-01
4.360283880709531767e-01
4.369066089635488259e-01
4.377868011712792717e-01
4.386689713390271583e-01
4.395531261415731583e-01
4.404392722837643936e-01
4.413274165006845218e-01
4.422175655578233777e-01
4.431097262512494472e-01
4.440039054077829506e-01
4.449001098851691482e-01
4.457983465722547001e-01
4.466986223891634689e-01
4.476009442874742117e-01
4.485053192504000474e-01
4.494117542929680909e-01
4.503202564622009740e-01
4.512308328372998112e-01
4.521434905298273854e-01
4.530582366838938890e-01
4.539750784763431635e-01
4.548940231169402160e-01
4.558150778485605126e-01
4.567382499473799928e-01
4.576635467230665832e-01
4.585909755189737647e-01
4.595205437123339731e-01
4.604522587144547763e-01
4.613861279709158270e-01
4.623221589617666494e-01
4.632603592017273675e-01
4.642007362403887116e-01
4.651432976624150228e-01
4.660880510877484784e-01
4.670350041718137613e-01
4.679841646057253390e-01
4.689355401164955195e-01
4.698891384672441718e-01
4.708449674574097243e-01
4.718030349229621057e-01
4.727633487366165732e-01
4.737259168080496519e-01
4.746907470841159049e-01
4.756578475490669811e-01
4.766272262247718272e-01
4.775988911709382334e-01
4.785728504853363763e-01
4.795491123040239168e-01
4.805276848015720970e-01
4.815085761912947238e-01
4.824917947254769857e-01
4.834773486956073785e-01
4.844652464326108521e-01
4.854554963070834561e-01
4.864481067295284844e-01
4.874430861505951174e-01
4.884404430613178971e-01
4.894401859933580901e-01
4.904423235192475472e-01
4.914468642526330644e-01
4.924538168485237954e-01
4.934631900035392760e-01
4.944749924561600007e-01
4.954892329869798884e-01
4.965059204189598008e-01
4.975250636176835051e-01
4.985466714916158559e-01
4.995707529923614776e-01
5.005973171149270540e-01
5.016263728979843961e-01
5.026579294241354523e-01
5.036919958201797609e-01
5.047285812573838459e-01
5.057676949517517784e-01
5.068093461642988462e-01
5.078535442013265566e-01
5.089002984146994146e-01
5.099496182021246993e-01
5.110015130074331280e-01
5.120559923208628517e-01
5.131130656793441158e-01
5.141727426667869194e-01
5.152350329143715602e-01
5.162999461008391799e-01
5.173674919527861960e-01
5.184376802449608412e-01
5.195105208005609265e-01
5.205860234915345996e-01
5.216641982388834364e-01
5.227450550129670859e-01
5.238286038338104689e-01
5.249148547714141966e-01
5.260038179460655439e-01
5.270955035286535306e-01
5.281899217409851133e-01
5.292870828561045959e-01
5.303869971986145959e-01
5.314896751450001178e-01
5.325951271239552920e-01
5.337033636167113348e-01
5.348143951573682831e-01
5.359282323332290598e-01
5.370448857851349844e-01
5.381643662078051671e-01
5.392866843501779028e-01
5.404118510157547295e-01
5.415398770629464842e-01
5.426707734054240229e-01
5.438045510124681625e-01
5.449412209093263959e-01
5.460807941775686070e-01
5.472232819554482264e-01
5.483686954382648304e-01
5.495170458787297374e-01
5.506683445873343796e-01
5.518226029327222282e-01
5.529798323420619388e-01
5.541400443014259380e-01
5.553032503561687871e-01
5.564694621113115414e-01
5.576386912319268863e-01
5.588109494435282709e-01
5.599862485324619277e-01
5.611646003463018895e-01
5.623460167942480048e-01
5.635305098475275054e-01
5.647180915397983503e-01
5.659087739675582318e-01
5.671025692905541371e-01
5.682994897321966832e-01
5.694995475799771167e-01
5.707027551858883108e-01
5.719091249668478705e-01
5.731186694051257913e-01
5.743314010487745591e-01
5.755473325120635808e-01
5.767664764759161677e-01
5.779888456883504055e-01
5.792144529649234652e-01
5.804433111891796893e-01
5.816754333131021193e-01
5.829108323575666883e-01
5.841495214128022972e-01
5.853915136388517793e-01
5.866368222660388598e-01
5.878854605954376700e-01
5.891374419993462563e-01
5.903927799217640882e-01
5.916514878788728948e-01
5.929135794595223885e-01
5.941790683257186512e-01
5.954479682131176288e-01
5.967202929315217341e-01
5.979960563653810013e-01
5.992752724742980153e-01
6.005579552935373933e-01
6.018441189345385967e-01
6.031337775854337391e-01
6.044269455115695022e-01
6.057236370560326044e-01
6.070238666401803762e-01
6.083276487641756658e-01
6.096349980075250752e-01
6.109459290296235245e-01
6.122604565703009261e-01
6.135785954503759632e-01
6.149003605722118682e-01
6.162257669202787502e-01
6.175548295617195871e-01
6.188875636469213237e-01
6.202239844100903010e-01
6.215641071698333464e-01
6.229079473297420844e-01
6.242555203789837970e-01
6.256068418928966146e-01
6.269619275335891473e-01
6.283207930505457783e-01
6.296834542812369540e-01
6.310499271517341358e-01
6.324202276773308595e-01
6.337943719631677908e-01
6.351723762048636646e-01
6.365542566891522203e-01
6.379400297945233556e-01
6.393297119918698312e-01
6.407233198451414147e-01
6.421208700120005775e-01
6.435223792444882962e-01
6.449278643896922958e-01
6.463373423904223980e-01
6.477508302858915323e-01
6.491683452124018538e-01
6.505899044040376333e-01
6.520155251933638096e-01
6.534452250121302042e-01
6.548790213919818415e-01
6.563169319651760425e-01
6.577589744653045134e-01
6.592051667280235394e-01
6.606555266917877312e-01
6.621100723985929859e-01
6.635688219947244448e-01
6.650317937315103345e-01
6.664990059660838018e-01
6.679704771621511883e-01
6.694462258907653007e-01
6.709262708311074519e-01
6.724106307712757191e-01
6.738993246090794198e-01
6.753923713528418027e-01
6.768897901222080682e-01
6.783916001489624925e-01
6.798978207778513250e-01
6.814084714674133458e-01
6.829235717908179737e-01
6.844431414367104782e-01
6.859672002100650756e-01
6.874957680330449072e-01
6.890288649458706782e-01
6.905665111076958462e-01
6.921087267974909141e-01
6.936555324149340507e-01
6.952069484813112599e-01
6.967629956404242098e-01
6.983236946595045014e-01
6.998890664301389286e-01
7.014591319692011773e-01
7.030339124197919620e-01
7.046134290521891552e-01
7.061977032648044661e-01
7.077867565851500009e-01
7.093806106708139270e-01
7.109792873104434641e-01
7.125828084247385341e-01
7.141911960674534043e-01
7.158044724264074343e-01
7.174226598245059261e-01
7.190457807207695229e-01
7.206738577113726008e-01
7.223069135306933175e-01
7.239449710523702120e-01
7.255880532903712377e-01
7.272361834000710124e-01
7.288893846793392806e-01
7.305476805696377030e-01
7.322110946571284140e-01
7.338796506737921277e-01
7.355533724985571231e-01
7.372322841584375563e-01
7.389164098296839844e-01
7.406057738389437706e-01
7.423004006644318142e-01
7.440003149371130498e-01
7.457055414418966022e-01
7.474161051188390470e-01
7.491320310643612146e-01
7.508533445324754307e-01
7.525800709360237484e-01
7.543122358479298351e-01
7.560498650024602973e-01
7.577929842964994389e-01
7.595416197908358980e-01
7.612957977114620522e-01
7.630555444508839713e-01
7.648208865694455794e-01
7.665918507966649198e-01
7.683684640325836313e-01
7.701507533491281920e-01
7.719387459914857086e-01
7.737324693794918051e-01
7.755319511090325024e-01
7.773372189534590859e-01
7.791483008650175179e-01
7.809652249762906173e-01
7.827880196016551162e-01
7.846167132387522614e-01
7.864513345699727376e-01
7.882919124639570230e-01
7.901384759771087340e-01
7.919910543551240689e-01
7.938496770345355724e-01
7.957143736442722215e-01
7.975851740072323892e-01
7.994621081418743502e-01
8.013452062638219964e-01
8.032344987874867615e-01
8.051300163277039790e-01
8.070317897013871145e-01
8.089398499291983180e-01
8.108542282372339649e-01
8.127749560587290700e-01
8.147020650357773563e-01
8.166355870210686430e-01
8.185755540796443297e-01
8.205219984906693131e-01
8.224749527492227763e-01
8.244344495681065199e-01
8.264005218796710572e-01
8.283732028376609158e-01
8.303525258190783687e-01
8.323385244260652627e-01
8.343312324878058295e-01
8.363306840624455951e-01
8.383369134390333821e-01
8.403499551394805200e-01
8.423698439205414834e-01
8.443966147758137364e-01
8.464303029377593379e-01
8.484709438797457537e-01
8.505185733181089835e-01
8.525732272142366730e-01
8.546349417766739842e-01
8.567037534632506723e-01
8.587796989832292560e-01
8.608628152994771687e-01
8.629531396306602264e-01
8.650507094534591879e-01
8.671555625048095184e-01
8.692677367841645797e-01
8.713872705557816900e-01
8.735142023510350517e-01
8.756485709707472198e-01
8.777904154875512122e-01
8.799397752482738255e-01
8.820966898763451525e-01
8.842611992742336335e-01
8.864333436259066445e-01
8.886131633993168411e-01
8.908006993489162584e-01
8.929959925181950586e-01
8.951990842422492545e-01
8.974100161503748563e-01
8.996288301686898858e-01
9.018555685227845897e-01
9.040902737404000744e-01
9.063329886541361402e-01
9.085837564041873149e-01
9.108426204411090854e-01
9.131096245286141055e-01
9.153848127463992679e-01
9.176682294930007533e-01
9.199599194886843856e-01
9.222599277783631866e-01
9.245682997345499032e-01
9.268850810603402879e-01
9.292103177924289081e-01
9.315440563041598176e-01
9.338863433086076471e-01
9.362372258616955545e-01
9.385967513653463712e-01
9.409649675706679428e-01
9.433419225811753295e-01
9.457276648560468679e-01
9.481222432134179812e-01
9.505257068337107373e-01
9.529381052630008231e-01
9.553594884164221535e-01
9.577899065816101176e-01
9.602294104221815729e-01
9.626780509812574715e-01
9.651358796850203481e-01
9.676029483463159941e-01
9.700793091682946567e-01
9.725650147480920937e-01
9.750601180805541501e-01
9.775646725620028565e-01
9.800787319940452713e-01
9.826023505874260655e-01
9.851355829659246277e-01
9.876784841702953566e-01
9.902311096622545827e-01
9.927935153285124548e-01
9.953657574848516765e-01
9.979478928802539839e-01
1.000539978701072030e+00
1.003142072575252453e+00
1.005754232576605789e+00
1.008376517229126579e+00
1.011008985511365976e+00
1.013651696860851770e+00
1.016304711178561693e+00
1.018968088833450247e+00
1.021641890667027264e+00
1.024326177997990417e+00
1.027021012626914587e+00
1.029726456840991844e+00
1.032442573418832721e+00
1.035169425635321216e+00
1.037907077266528200e+00
1.040655592594684764e+00
1.043415036413211761e+00
1.046185474031812390e+00
1.048966971281625193e+00
1.051759594520436991e+00
1.054563410637961551e+00
1.057378487061178873e+00
1.060204891759740864e+00
1.063042693251442739e+00
1.065891960607757483e+00
1.068752763459441590e+00
1.071625172002208082e+00
1.074509257002465246e+00
1.077405089803130878e+00
1.080312742329513354e+00
1.083232287095267754e+00
1.086163797208422599e+00
1.089107346377483632e+00
1.092063008917610878e+00
1.095030859756872754e+00
1.098010974442577670e+00
1.101003429147684898e+00
1.104008300677294940e+00
1.107025666475219383e+00
1.110055604630635129e+00
1.113098193884821008e+00
1.116153513637977435e+00
1.119221643956137546e+00
1.122302665578155390e+00
1.125396659922792253e+00
1.128503709095887375e+00
1.131623895897621468e+00
1.134757303829871278e+00
1.137904017103659404e+00
1.141064120646697821e+00
1.144237700111028433e+00
1.147424841880761992e+00
1.150625633079916277e+00
1.153840161580354629e+00
1.157068516009827075e+00
1.160310785760116259e+00
1.163567060995287950e+00
1.166837432660049023e+00
1.170121992488214469e+00
1.173420833011285414e+00
1.176734047567136399e+00
1.180061730308820334e+00
1.183403976213488029e+00
1.186760881091421638e+00
1.190132541595192661e+00
1.193519055228936088e+00
1.196920520357751316e+00
1.200337036217224984e+00
1.203768702923082135e+00
1.207215621480965062e+00
1.210677893796344495e+00
1.214155622684560232e+00
1.217648911881000773e+00
1.221157866051416407e+00
1.224682590802372850e+00
1.228223192691847432e+00
1.231779779239965400e+00
1.235352458939884546e+00
1.238941341268828378e+00
1.242546536699267179e+00
1.246168156710254271e+00
1.249806313798917934e+00
1.253461121492106090e+00
1.257132694358198854e+00
1.260821148019078297e+00
1.264526599162265619e+00
1.268249165553227975e+00
1.271988966047851832e+00
1.275746120605095957e+00
1.279520750299815601e+00
1.283312977335769212e+00
1.287122925058806766e+00
1.290950717970242856e+00
1.294796481740417837e+00
1.298660343222452607e+00
1.302542430466195222e+00
1.306442872732366478e+00
1.310361800506908425e+00
1.314299345515533846e+00
1.318255640738485113e+00
1.322230820425508657e+00
1.326225020111034381e+00
1.330238376629584440e+00
1.334271028131396752e+00
1.338323114098278088e+00
1.342394775359685433e+00
1.346486154109041378e+00
1.350597393920287326e+00
1.354728639764678277e+00
1.358880038027822090e+00
1.363051736526971647e+00
1.367243884528568154e+00
1.371456632766044237e+00
1.375690133457892594e+00
1.379944540325996893e+00
1.384220008614240438e+00
1.388516695107388177e+00
1.392834758150252927e+00
1.397174357667147371e+00
1.401535655181625151e+00
1.405918813836527503e+00
1.410323998414318547e+00
1.414751375357740981e+00
1.419201112790776209e+00
1.423673380539928424e+00
1.428168350155827770e+00
1.432686194935166579e+00
1.437227089942971547e+00
1.441791212035214986e+00
1.446378739881778008e+00
1.450989853989762990e+00
1.455624736727170410e+00
1.460283572346941838e+00
1.464966547011375297e+00
1.469673848816922312e+00
1.474405667819373544e+00
1.479162196059435441e+00
1.483943627588712566e+00
1.488750158496094933e+00
1.493581986934569672e+00
1.498439313148445251e+00
1.503322339501018901e+00
1.508231270502677690e+00
1.513166312839451688e+00
1.518127675402021648e+00
1.523115569315193651e+00
1.528130207967846710e+00
1.533171807043363311e+00
1.538240584550554013e+00
1.543336760855080758e+00
1.548460558711393320e+00
1.553612203295186012e+00
1.558791922236383742e+00
1.563999945652669865e+00
1.569236506183566027e+00
1.574501839025070904e+00
1.579796181964876478e+00
1.585119775418160737e+00
1.590472862463984782e+00
1.595855688882285683e+00
1.601268503191496384e+00
1.606711556686791775e+00
1.612185103478980031e+00
1.617689400534045419e+00
1.623224707713365023e+00
1.628791287814601363e+00
1.634389406613295126e+00
1.640019332905163330e+00
1.645681338549122241e+00
1.651375698511046375e+00
1.657102690908282439e+00
1.662862597054928004e+00
1.668655701507893996e+00
1.674482292113767423e+00
1.680342660056486803e+00
1.686237099905849579e+00
1.692165909666870638e+00
1.698129390830001473e+00
1.704127848422243074e+00
1.710161591059144781e+00
1.716230930997739268e+00
1.722336184190408126e+00
1.728477670339709782e+00
1.734655712954186191e+00
1.740870639405166953e+00
1.747122780984596613e+00
1.753412472963902680e+00
1.759740054653927688e+00
1.766105869465946387e+00
1.772510264973795824e+00
1.778953592977133624e+00
1.785436209565857579e+00
1.791958475185705391e+00
1.798520754705061009e+00
1.805123417482997761e+00
1.811766837438576028e+00
1.818451393121432114e+00
1.825177467783686280e+00
1.831945449453181718e+00
1.838755731008111072e+00
1.845608710253040519e+00
1.852504789996365586e+00
1.859444378129238684e+00
1.866427887705990551e+00
1.873455737026086476e+00
1.880528349717648373e+00
1.887646154822574918e+00
1.894809586883302366e+00
1.902019086031236927e+00
1.909275098076899768e+00
1.916578074601823056e+00
1.923928473052232579e+00
1.931326756834566893e+00
1.938773395412864087e+00
1.946268864408068122e+00
1.953813645699291390e+00
1.961408227527092096e+00
1.969053104598785797e+00
1.976748778195872580e+00
1.984495756283606749e+00
1.992294553622763420e+00
2.000145691883659982e+00
2.008049699762474827e+00
2.016007113099930415e+00
2.024018475002385298e+00
2.032084335965401500e+00
2.040205253999837431e+00
2.048381794760536501e+00
2.056614531677666946e+00
2.064904046090777268e+00
2.073250927385639208e+00
2.081655773133937348e+00
2.090119189235883024e+00
2.098641790065813861e+00
2.107224198620866851e+00
2.115867046672785357e+00
2.124570974922951994e+00
2.133336633160707763e+00
2.142164680425067580e+00
2.151055785169886825e+00
2.160010625432590370e+00
2.169029889006536038e+00
2.178114273617116847e+00
2.187264487101687305e+00
2.196481247593418562e+00
2.205765283709176572e+00
2.215117334741533828e+00
2.224538150855011054e+00
2.234028493286669192e+00
2.243589134551154718e+00
2.253220858650319958e+00
2.262924461287539213e+00
2.272700750086834809e+00
2.282550544816951632e+00
2.292474677620501833e+00
2.302473993248323136e+00
2.312549349299169776e+00
2.322701616464908803e+00
2.332931678781342111e+00
2.343240433884825613e+00
2.353628793274822772e+00
2.364097682582571469e+00
2.374648041846022295e+00
2.385280825791219250e+00
2.395997004120299589e+00
2.406797561806301999e+00
2.417683499394961189e+00
2.428655833313688284e+00
2.439715596187943536e+00
2.450863837165192294e+00
2.462101622246676502e+00
2.473430034627205121e+00
2.484850175043203269e+00
2.496363162129247915e+00
2.507970132783344130e+00
2.519672242541162621e+00
2.531470665959539179e+00
2.543366597009472763e+00
2.555361249478907748e+00
2.567455857385588125e+00
2.579651675400273625e+00
2.591949979280629091e+00
2.604352066316093506e+00
2.616859255784061311e+00
2.629472889417714399e+00
2.642194331885842296e+00
2.655024971285028013e+00
2.667966219644551273e+00
2.681019513444416358e+00
2.694186314146889583e+00
2.707468108741960755e+00
2.720866410307163363e+00
2.734382758582192263e+00
2.748018720558766947e+00
2.761775891086247547e+00
2.775655893493437887e+00
2.789660380227149350e+00
2.803791033508012287e+00
2.818049566004086515e+00
2.832437721522852225e+00
2.846957275722154623e+00
2.861610036840716464e+00
2.876397846448849993e+00
2.891322580220022420e+00
2.906386148723949958e+00
2.921590498241932732e+00
2.936937611605154874e+00
2.952429509056708756e+00
2.968068249138135606e+00
2.983855929601290313e+00
2.999794688346389293e+00
3.015886704387114037e+00
3.032134198843687400e+00
3.048539435964891631e+00
3.065104724179961160e+00
3.081832417181452843e+00
3.098724915040102612e+00
3.115784665352797855e+00
3.133014164424822834e+00
3.150415958487569057e+00
3.167992644952955850e+00
3.185746873705871618e+00
3.203681348435974297e+00
3.221798828010260962e+00
3.240102127887874772e+00
3.258594121578659575e+00
3.277277742147068906e+00
3.296155983763066288e+00
3.315231903301743888e+00
3.334508621993459876e+00
3.353989327126358333e+00
3.373677273803219911e+00
3.393575786754704282e+00
3.413688262211043600e+00
3.434018169834477607e+00
3.454569054714688559e+00
3.475344539429656265e+00
3.496348326174458787e+00
3.517584198960640229e+00
3.539056025888889678e+00
3.560767761497902306e+00
3.582723449192409593e+00
3.604927223753521481e+00
3.627383313934645859e+00
3.650096045146411505e+00
3.673069842234174320e+00
3.696309232351853602e+00
3.719818847936017914e+00
3.743603429784324366e+00
3.767667830242610982e+00
3.792017016505136784e+00
3.816656074032688473e+00
3.841590210093508873e+00
3.866824757432171022e+00
3.892365178071907739e+00
3.918217067256031250e+00
3.944386157534438109e+00
3.970878323001468146e+00
3.997699583691690872e+00
4.024856110140540899e+00
4.052354228117049928e+00
4.080200423536298970e+00
4.108401347559615502e+00
4.136963821890923043e+00
4.165894844278118292e+00
4.195201594228784359e+00
4.224891438950046485e+00
4.254971939522904201e+00
4.285450857321892570e+00
4.316336160691534474e+00
4.347636031891635611e+00
4.379358874324175588e+00
4.411513320055117759e+00
4.444108237645388648e+00
4.477152740305869294e+00
4.510656194392190343e+00
4.544628228255943370e+00
4.579078741469888136e+00
4.614017914445733837e+00
4.649456218464091961e+00
4.685404426137390388e+00
4.721873622327693809e+00
4.758875215542672343e+00
4.796420949834341307e+00
4.834522917226627747e+00
4.873193570699396737e+00
4.912445737758222464e+00
4.952292634620969025e+00
4.992747881054139469e+00
5.033825515893965985e+00
5.075540013289456809e+00
5.117906299706752371e+00
5.160939771736918757e+00
5.204656314751691326e+00
5.249072322454699346e+00
5.294204717378724112e+00
5.340070972382814141e+00
5.386689133206643554e+00
5.434077842143263837e+00
5.482256362895493673e+00
5.531244606685576493e+00
5.581063159692440934e+00
5.631733311896003791e+00
5.683277087413420858e+00
5.735717276418098365e+00
5.789077468738645038e+00
5.843382089241858424e+00
5.898656435111199414e+00
5.954926715140349103e+00
6.012220091170016545e+00
6.070564721805744135e+00
6.129989808564356935e+00
6.190525644608177558e+00
6.252203666237729607e+00
6.315056507326892721e+00
6.379118056898539280e+00
6.444423520054101573e+00
6.511009482487223998e+00
6.578913978829914022e+00
6.648176565099457314e+00
6.718838395536061547e+00
6.790942304144841124e+00
6.864532891281637461e+00
6.939656615650450888e+00
7.016361892111238951e+00
7.094699195730767016e+00
7.174721172546412618e+00
7.256482757553705198e+00
7.340041300473227004e+00
7.425456699902089674e+00
7.512791546509128615e+00
7.602111275993601147e+00
7.693484332592657182e+00
7.786982343996344369e+00
7.882680308609529618e+00
7.980656796189695257e+00
8.080994162988661245e+00
8.183778782636380811e+00
8.289101294127254604e+00
8.397056868405400110e+00
8.507745495196918029e+00
8.621272291906166174e+00
8.737747836581887029e+00
8.857288527170126713e+00
8.980016969507389035e+00
9.106062396772683698e+00
9.235561123415109819e+00
9.368657036908686564e+00
9.505502131064080373e+00
9.646257085052488023e+00
9.791091892779689942e+00
9.940186547792984939e+00
1.009373178952309580e+01
1.025192991736623860e+01
1.041499567991224851e+01
1.058315724753782305e+01
1.075665727762770096e+01
1.093575408288176654e+01
1.112072291453760720e+01
1.131185737391530566e+01
1.150947096750920018e+01
1.171389882295116003e+01
1.192549958560161016e+01
1.214465751834671892e+01
1.237178483046437627e+01
1.260732426525305883e+01
1.285175198059980417e+01
1.310558076192137023e+01
1.336936361309873789e+01
1.364369777832320274e+01
1.392922925641396859e+01
1.422665787942518634e+01
1.453674303958581682e+01
1.486031016323169318e+01
1.519825804792849766e+01
1.555156720011151705e+01
1.592130933611700705e+01
1.630865824050371060e+01
1.671490221339708171e+01
1.714145838493512031e+01
1.758988923193664888e+01
1.806192170246457351e+01
1.855946944166968393e+01
1.908465872194174651e+01
1.963985881822935653e+01
2.022771774371035747e+01
2.085120448285672623e+01
2.151365914319988804e+01
2.221885281388777145e+01
2.297105939595484614e+01
2.377514229402654777e+01
2.463665968481765489e+01
2.556199317863033116e+01
2.655850617196705699e+01
2.763474020477072202e+01
2.880066040697469276e+01
3.006796497458770645e+01
3.145047904834735419e+01
3.296466112913173419e+01
3.463026141799456070e+01
3.647118805305346712e+01
3.851666209200781310e+01
4.080278013554502792e+01
4.337466293452439459e+01
4.628946344003435343e+01
