0.000000000000000000e+00
9.308674698545159885e-05
1.862663485813625139e-04
2.795389437916406166e-04
3.729046718977851505e-04
4.663636724595801738e-04
5.599160853157899524e-04
6.535620505848556416e-04
7.473017086655963856e-04
8.411352002379094946e-04
9.350626662634746889e-04
1.029084247986460348e-03
1.123200086934231061e-03
1.217410324918057453e-03
1.311715104033829918e-03
1.406114566662770285e-03
1.500608855472151948e-03
1.595198113416015440e-03
1.689882483735890509e-03
1.784662109961520369e-03
1.879537135911584205e-03
1.974507705694428152e-03
2.069573963708791053e-03
2.164736054644539331e-03
2.259994123483399699e-03
2.355348315499695977e-03
2.450798776261087220e-03
2.546345651629308010e-03
2.641989087760912222e-03
2.737729231108018951e-03
2.833566228419057576e-03
2.929500226739520635e-03
3.025531373412713217e-03
3.121659816080508878e-03
3.217885702684105970e-03
3.314209181464785291e-03
3.410630400964674222e-03
3.507149510027506543e-03
3.603766657799392648e-03
3.700481993729583686e-03
3.797295667571243521e-03
3.894207829382223714e-03
3.991218629525836344e-03
4.088328218671631598e-03
4.185536747796179263e-03
4.282844368183850656e-03
4.380251231427604447e-03
4.477757489429769894e-03
4.575363294402840474e-03
4.673068798870264919e-03
4.770874155667242586e-03
4.868779517941518829e-03
4.966785039154182971e-03
5.064890873080472346e-03
5.163097173810578082e-03
5.261404095750448276e-03
5.359811793622598977e-03
5.458320422466926905e-03
5.556930137641520433e-03
5.655641094823479244e-03
5.754453450009734856e-03
5.853367359517867678e-03
5.952382979986933602e-03
6.051500468378293203e-03
6.150719981976437468e-03
6.250041678389822199e-03
6.349465715551699807e-03
6.448992251720961529e-03
6.548621445482971822e-03
6.648353455750412311e-03
6.748188441764126598e-03
6.848126563093971143e-03
6.948167979639660943e-03
7.048312851631623882e-03
7.148561339631855950e-03
7.248913604534779065e-03
7.349369807568104096e-03
7.449930110293692155e-03
7.550594674608419356e-03
7.651363662745050247e-03
7.752237237273104306e-03
7.853215561099734579e-03
7.954298797470600244e-03
8.055487109970747850e-03
8.156780662525498632e-03
8.258179619401328012e-03
8.359684145206750308e-03
8.461294404893220794e-03
8.563010563756018670e-03
8.664832787435147385e-03
8.766761241916240163e-03
8.868796093531444713e-03
8.970937508960346099e-03
9.073185655230867064e-03
9.175540699720175289e-03
9.278002810155602798e-03
9.380572154615556685e-03
9.483248901530441990e-03
9.586033219683581102e-03
9.688925278212147038e-03
9.791925246608068970e-03
9.895033294718996730e-03
9.998249592749197667e-03
1.010157431126052462e-02
1.020500762117333357e-02
1.030854969376743951e-02
1.041220070068305317e-02
1.051596081392173684e-02
1.061983020584734982e-02
1.072380904918700251e-02
1.082789751703202435e-02
1.093209578283890586e-02
1.103640402043028212e-02
1.114082240399588003e-02
1.124535110809351049e-02
1.134999030765001561e-02
1.145474017796226790e-02
1.155960089469812609e-02
1.166457263389744474e-02
1.176965557197303704e-02
1.187484988571166356e-02
1.198015575227504015e-02
1.208557334920081633e-02
1.219110285440358661e-02
1.229674444617587410e-02
1.240249830318915572e-02
1.250836460449484405e-02
1.261434352952532992e-02
1.272043525809496423e-02
1.282663997040109187e-02
1.293295784702507521e-02
1.303938906893330543e-02
1.314593381747823989e-02
1.325259227439942039e-02
1.335936462182452274e-02
1.346625104227037670e-02
1.357325171864402075e-02
1.368036683424373248e-02
1.378759657276008507e-02
1.389494111827698636e-02
1.400240065527275091e-02
1.410997536862113738e-02
1.421766544359241713e-02
1.432547106585443930e-02
1.443339242147369250e-02
1.454142969691638379e-02
1.464958307904950206e-02
1.475785275514190226e-02
1.486623891286538608e-02
1.497474174029578622e-02
1.508336142591404708e-02
1.519209815860732629e-02
1.530095212767008939e-02
1.540992352280519569e-02
1.551901253412501375e-02
1.562821935215252117e-02
1.573754416782241136e-02
1.584698717248221589e-02
1.595654855789340951e-02
1.606622851623253773e-02
1.617602724009233398e-02
1.628594492248286105e-02
1.639598175683261438e-02
1.650613793698969475e-02
1.661641365722290112e-02
1.672680911222292413e-02
1.683732449710344248e-02
1.694796000740231290e-02
1.705871583908269082e-02
1.716959218853421690e-02
1.728058925257414807e-02
1.739170722844854064e-02
1.750294631383342639e-02
1.761430670683596100e-02
1.772578860599561754e-02
1.783739221028536256e-02
1.794911771911283579e-02
1.806096533232154008e-02
1.817293525019203146e-02
1.828502767344313343e-02
1.839724280323309577e-02
1.850958084116083313e-02
1.862204198926711851e-02
1.873462645003580798e-02
1.884733442639502377e-02
1.896016612171840671e-02
1.907312173982633405e-02
1.918620148498713027e-02
1.929940556191830220e-02
1.941273417578779151e-02
1.952618753221519940e-02
1.963976583727303910e-02
1.975346929748796748e-02
1.986729811984204452e-02
1.998125251177401349e-02
2.009533268118052218e-02
2.020953883641740320e-02
2.032387118630095760e-02
2.043832994010920390e-02
2.055291530758316873e-02
2.066762749892815665e-02
2.078246672481505811e-02
2.089743319638161234e-02
2.101252712523371535e-02
2.112774872344672442e-02
2.124309820356673831e-02
2.135857577861192610e-02
2.147418166207382823e-02
2.158991606791868176e-02
2.170577921058872498e-02
2.182177130500352960e-02
2.193789256656133307e-02
2.205414321114037429e-02
2.217052345510021893e-02
2.228703351528310214e-02
2.240367360901529895e-02
2.252044395410844960e-02
2.263734476886092306e-02
2.275437627205917704e-02
2.287153868297912840e-02
2.298883222138752014e-02
2.310625710754329182e-02
2.322381356219895346e-02
2.334150180660199067e-02
2.345932206249622121e-02
2.357727455212321743e-02
2.369535949822369064e-02
2.381357712403888230e-02
2.393192765331198651e-02
2.405041131028956211e-02
2.416902831972293775e-02
2.428777890686963786e-02
2.440666329749481209e-02
2.452568171787266119e-02
2.464483439478788729e-02
2.476412155553709901e-02
2.488354342793029292e-02
2.500310024029229680e-02
2.512279222146420951e-02
2.524261960080486852e-02
2.536258260819231405e-02
2.548268147402527051e-02
2.560291642922461752e-02
2.572328770523484714e-02
2.584379553402556956e-02
2.596444014809301537e-02
2.608522178046150664e-02
2.620614066468495915e-02
2.632719703484840551e-02
2.644839112556948701e-02
2.656972317199998712e-02
2.669119340982733027e-02
2.681280207527612924e-02
2.693454940510970480e-02
2.705643563663162610e-02
2.717846100768724418e-02
2.730062575666526020e-02
2.742293012249925194e-02
2.754537434466923854e-02
2.766795866320326952e-02
2.779068331867895481e-02
2.791354855222505718e-02
2.803655460552307438e-02
2.815970172080882114e-02
2.828299014087401128e-02
2.840642010906786405e-02
2.852999186929869660e-02
2.865370566603554423e-02
2.877756174430975630e-02
2.890156034971661653e-02
2.902570172841697702e-02
2.914998612713888895e-02
2.927441379317920894e-02
2.939898497440527128e-02
2.952369991925652554e-02
2.964855887674617413e-02
2.977356209646284807e-02
2.989870982857225842e-02
3.002400232381886511e-02
3.014943983352756651e-02
3.027502260960535443e-02
3.040075090454302797e-02
3.052662497141686235e-02
3.065264506389031932e-02
3.077881143621573681e-02
3.090512434323608101e-02
3.103158404038660820e-02
3.115819078369660641e-02
3.128494482979114755e-02
3.141184643589278042e-02
3.153889585982330712e-02
3.166609336000549696e-02
3.179343919546486624e-02
3.192093362583142691e-02
3.204857691134143510e-02
3.217636931283918839e-02
3.230431109177878818e-02
3.243240251022592308e-02
3.256064383085965214e-02
3.268903531697421594e-02
3.281757723248082681e-02
3.294626984190948682e-02
3.307511341041079189e-02
3.320410820375775673e-02
3.333325448834763977e-02
3.346255253120378886e-02
3.359200259997746629e-02
3.372160496294969445e-02
3.385135988903313631e-02
3.398126764777392034e-02
3.411132850935352095e-02
3.424154274459065284e-02
3.437191062494310279e-02
3.450243242250966569e-02
3.463310841003201107e-02
3.476393886089657742e-02
3.489492404913650814e-02
3.502606424943351809e-02
3.515735973711986428e-02
3.528881078818026096e-02
3.542041767925376006e-02
3.555218068763576350e-02
3.568410009127995219e-02
3.581617616880020116e-02
3.594840919947257796e-02
3.608079946323732023e-02
3.621334724070076477e-02
3.634605281313738057e-02
3.647891646249173253e-02
3.661193847138046603e-02
3.674511912309436079e-02
3.687845870160027378e-02
3.701195749154321396e-02
3.714561577824832678e-02
3.727943384772296198e-02
3.741341198665868589e-02
3.754755048243335613e-02
3.768184962311314778e-02
3.781630969745462811e-02
3.795093099490682437e-02
3.808571380561332625e-02
3.822065842041430517e-02
3.835576513084867217e-02
3.849103422915616662e-02
3.862646600827941701e-02
3.876206076186611282e-02
3.889781878427110012e-02
3.903374037055850482e-02
3.916982581650387679e-02
3.930607541859635484e-02
3.944248947404077610e-02
3.957906828075990341e-02
3.971581213739649313e-02
3.985272134331560578e-02
3.998979619860668078e-02
4.012703700408574298e-02
4.026444406129767173e-02
4.040201767251835191e-02
4.053975814075688050e-02
4.067766576975783560e-02
4.081574086400347606e-02
4.095398372871600357e-02
4.109239466985979694e-02
4.123097399414365344e-02
4.136972200902312019e-02
4.150863902270268690e-02
4.164772534413810345e-02
4.178698128303868359e-02
4.192640714986959477e-02
4.206600325585413414e-02
4.220576991297610159e-02
4.234570743398209658e-02
4.248581613238380100e-02
4.262609632246042862e-02
4.276654831926095940e-02
4.290717243860659585e-02
4.304796899709306679e-02
4.318893831209300038e-02
4.333008070175838056e-02
4.347139648502287151e-02
4.361288598160420471e-02
4.375454951200666992e-02
4.389638739752349528e-02
4.403839996023922038e-02
4.418058752303223591e-02
4.432295040957714288e-02
4.446548894434727839e-02
4.460820345261713726e-02
4.475109426046484234e-02
4.489416169477464941e-02
4.503740608323945904e-02
4.518082775436325221e-02
4.532442703746367152e-02
4.546820426267451226e-02
4.561215976094820657e-02
4.575629386405848098e-02
4.590060690460279202e-02
4.604509921600490746e-02
4.618977113251754307e-02
4.633462298922483985e-02
4.647965512204502853e-02
4.662486786773299002e-02
4.677026156388286449e-02
4.691583654893067418e-02
4.706159316215697413e-02
4.720753174368941263e-02
4.735365263450546508e-02
4.749995617643504309e-02
4.764644271216315896e-02
4.779311258523261108e-02
4.793996614004666923e-02
4.808700372187175998e-02
4.823422567684022139e-02
4.838163235195293288e-02
4.852922409508209078e-02
4.867700125497399777e-02
4.882496418125167187e-02
4.897311322441775389e-02
4.912144873585717886e-02
4.926997106783996550e-02
4.941868057352406113e-02
4.956757760695806869e-02
4.971666252308410555e-02
4.986593567774061375e-02
5.001539742766515639e-02
5.016504813049731809e-02
5.031488814478152216e-02
5.046491782996986863e-02
5.061513754642507634e-02
5.076554765542333481e-02
5.091614851915715612e-02
5.106694050073835867e-02
5.121792396420093291e-02
5.136909927450399038e-02
5.152046679753471276e-02
5.167202690011127308e-02
5.182377994998582649e-02
5.197572631584748692e-02
5.212786636732528317e-02
5.228020047499118417e-02
5.243272901036311051e-02
5.258545234590792511e-02
5.273837085504449324e-02
5.289148491214670789e-02
5.304479489254654984e-02
5.319830117253718238e-02
5.335200412937596975e-02
5.350590414128763433e-02
5.366000158746730281e-02
5.381429684808365643e-02
5.396879030428204660e-02
5.412348233818764509e-02
5.427837333290854577e-02
5.443346367253900503e-02
5.458875374216253656e-02
5.474424392785517263e-02
5.489993461668862818e-02
5.505582619673345807e-02
5.521191905706240854e-02
5.536821358775355362e-02
5.552471017989354940e-02
5.568140922558093703e-02
5.583831111792941782e-02
5.599541625107108678e-02
5.615272502015981188e-02
5.631023782137443978e-02
5.646795505192225839e-02
5.662587711004223034e-02
5.678400439500834451e-02
5.694233730713306463e-02
5.710087624777064608e-02
5.725962161932050126e-02
5.741857382523068293e-02
5.757773327000125646e-02
5.773710035918769301e-02
5.789667549940440833e-02
5.805645909832813506e-02
5.821645156470142690e-02
5.837665330833617661e-02
5.853706474011702299e-02
5.869768627200499383e-02
5.885851831704092679e-02
5.901956128934902207e-02
5.918081560414046455e-02
5.934228167771694179e-02
5.950395992747418983e-02
5.966585077190567771e-02
5.982795463060615326e-02
5.999027192427528604e-02
6.015280307472133103e-02
6.031554850486472996e-02
6.047850863874181665e-02
6.064168390150852933e-02
6.080507471944401193e-02
6.096868151995443047e-02
6.113250473157664372e-02
6.129654478398192247e-02
6.146080210797980753e-02
6.162527713552175268e-02
6.178997029970498961e-02
6.195488203477634431e-02
6.212001277613597022e-02
6.228536296034124786e-02
6.245093302511064287e-02
6.261672340932748770e-02
6.278273455304395068e-02
6.294896689748491481e-02
6.311542088505177339e-02
6.328209695932653089e-02
6.344899556507563321e-02
6.361611714825390895e-02
6.378346215600864955e-02
6.395103103668343947e-02
6.411882423982233348e-02
6.428684221617372851e-02
6.445508541769449928e-02
6.462355429755398117e-02
6.479224931013813360e-02
6.496117091105348129e-02
6.513031955713136090e-02
6.529969570643193166e-02
6.546929981824838041e-02
6.563913235311104322e-02
6.580919377279158267e-02
6.597948454030716503e-02
6.615000511992466525e-02
6.632075597716485804e-02
6.649173757880673385e-02
6.666295039289169000e-02
6.683439488872774947e-02
6.700607153689400186e-02
6.717798080924475279e-02
6.735012317891393707e-02
6.752249912031944856e-02
6.769510910916747004e-02
6.786795362245685859e-02
6.804103313848357260e-02
6.821434813684500165e-02
6.838789909844449066e-02
6.856168650549575305e-02
6.873571084152732547e-02
6.890997259138703646e-02
6.908447224124655839e-02
6.925921027860588997e-02
6.943418719229792202e-02
6.960940347249293392e-02
6.978485961070327037e-02
6.996055609978787948e-02
7.013649343395689240e-02
7.031267210877635565e-02
7.048909262117278307e-02
7.066575546943787423e-02
7.084266115323324675e-02
7.101981017359504378e-02
7.119720303293874952e-02
7.137484023506393549e-02
7.155272228515895117e-02
7.173084968980583676e-02
7.190922295698500000e-02
7.208784259608017053e-02
7.226670911788313223e-02
7.244582303459870531e-02
7.262518485984950645e-02
7.280479510868100024e-02
7.298465429756631484e-02
7.316476294441122408e-02
7.334512156855919895e-02
7.352573069079625101e-02
7.370659083335609485e-02
7.388770251992507476e-02
7.406906627564723011e-02
7.425068262712944400e-02
7.443255210244648090e-02
7.461467523114609368e-02
7.479705254425424166e-02
7.497968457428012823e-02
7.516257185522148832e-02
7.534571492256977865e-02
7.552911431331532643e-02
7.571277056595267230e-02
7.589668422048580221e-02
7.608085581843342105e-02
7.626528590283428166e-02
7.644997501825258335e-02
7.663492371078318988e-02
7.682013252805718062e-02
7.700560201924709636e-02
7.719133273507249038e-02
7.737732522780532696e-02
7.756358005127544919e-02
7.775009776087606073e-02
7.793687891356934627e-02
7.812392406789187005e-02
7.831123378396026569e-02
7.849880862347674571e-02
7.868664914973474978e-02
7.887475592762457910e-02
7.906312952363908630e-02
7.925177050587929595e-02
7.944067944406017767e-02
7.962985690951637774e-02
7.981930347520792279e-02
8.000901971572610405e-02
8.019900620729913943e-02
8.038926352779815487e-02
8.057979225674295753e-02
8.077059297530796156e-02
8.096166626632804453e-02
8.115301271430455654e-02
8.134463290541120439e-02
8.153652742750014393e-02
8.172869687010782258e-02
8.192114182446116888e-02
8.211386288348361540e-02
8.230686064180113559e-02
8.250013569574840555e-02
8.269368864337497960e-02
8.288752008445138264e-02
8.308163062047532743e-02
8.327602085467798732e-02
8.347069139203017185e-02
8.366564283924868284e-02
8.386087580480253156e-02
8.405639089891930871e-02
8.425218873359155425e-02
8.444826992258316900e-02
8.464463508143572901e-02
8.484128482747504973e-02
8.503821977981752822e-02
8.523544055937679054e-02
8.543294778887002006e-02
8.563074209282474369e-02
8.582882409758521569e-02
8.602719443131912058e-02
8.622585372402423454e-02
8.642480260753505894e-02
8.662404171552946786e-02
8.682357168353556365e-02
8.702339314893831057e-02
8.722350675098637651e-02
8.742391313079896087e-02
8.762461293137260854e-02
8.782560679758813493e-02
8.802689537621746774e-02
8.822847931593061355e-02
8.843035926730268004e-02
8.863253588282077322e-02
8.883500981689110287e-02
8.903778172584599082e-02
8.924085226795105963e-02
8.944422210341218538e-02
8.964789189438285288e-02
8.985186230497119175e-02
9.005613400124724832e-02
9.026070765125025763e-02
9.046558392499587375e-02
9.067076349448352501e-02
9.087624703370375534e-02
9.108203521864556562e-02
9.128812872730390771e-02
9.149452823968706738e-02
9.170123443782414452e-02
9.190824800577257481e-02
9.211556962962570705e-02
9.232319999752029716e-02
9.253113979964425195e-02
9.273938972824415095e-02
9.294795047763299012e-02
9.315682274419792575e-02
9.336600722640794880e-02
9.357550462482172593e-02
9.378531564209541260e-02
9.399544098299048023e-02
9.420588135438164035e-02
9.441663746526475498e-02
9.462771002676481635e-02
9.483909975214392662e-02
9.505080735680929149e-02
9.526283355832142197e-02
9.547517907640210022e-02
9.568784463294259524e-02
9.590083095201179519e-02
9.611413875986449251e-02
9.632776878494959949e-02
9.654172175791841948e-02
9.675599841163304293e-02
9.697059948117464634e-02
9.718552570385191602e-02
9.740077781920951361e-02
9.761635656903654146e-02
9.783226269737507752e-02
9.804849695052873793e-02
9.826506007707118406e-02
9.848195282785496274e-02
9.869917595601997162e-02
9.891673021700231327e-02
9.913461636854298265e-02
9.935283517069670722e-02
9.957138738584073168e-02
9.979027377868374127e-02
1.000094951162747853e-01
1.002290521680122004e-01
1.004489457056527008e-01
1.006691765033202318e-01
1.008897453375152686e-01
1.011106529871238086e-01
1.013319002334266139e-01
1.015534878601083435e-01
1.017754166532668786e-01
1.019976874014225515e-01
1.022203008955275966e-01
1.024432579289753786e-01
1.026665592976099689e-01
1.028902057997355124e-01
1.031141982361257203e-01
1.033385374100335707e-01
1.035632241272007731e-01
1.037882591958674550e-01
1.040136434267818488e-01
1.042393776332101313e-01
1.044654626309459572e-01
1.046918992383205765e-01
1.049186882762125073e-01
1.051458305680575411e-01
1.053733269398587219e-01
1.056011782201962124e-01
1.058293852402375779e-01
1.060579488337477783e-01
1.062868698370992571e-01
1.065161490892822943e-01
1.067457874319151234e-01
1.069757857092542563e-01
1.072061447682049057e-01
1.074368654583312960e-01
1.076679486318671553e-01
1.078993951437261789e-01
1.081312058515126046e-01
1.083633816155317453e-01
1.085959232988007311e-01
1.088288317670590977e-01
1.090621078887796108e-01
1.092957525351789944e-01
1.095297665802287962e-01
1.097641509006663102e-01
1.099989063760055674e-01
1.102340338885481885e-01
1.104695343233946525e-01
1.107054085684551492e-01
1.109416575144609174e-01
1.111782820549754441e-01
1.114152830864056781e-01
1.116526615080133400e-01
1.118904182219263438e-01
1.121285541331502322e-01
1.123670701495795565e-01
1.126059671820095753e-01
1.128452461441477317e-01
1.130849079526253242e-01
1.133249535270091785e-01
1.135653837898135260e-01
1.138061996665116898e-01
1.140474020855480747e-01
1.142889919783499492e-01
1.145309702793396583e-01
1.147733379259463782e-01
1.150160958586184945e-01
1.152592450208356073e-01
1.155027863591208126e-01
1.157467208230529565e-01
1.159910493652790281e-01
1.162357729415264829e-01
1.164808925106157328e-01
1.167264090344727612e-01
1.169723234781415572e-01
1.172186368097968556e-01
1.174653500007567658e-01
1.177124640254956639e-01
1.179599798616568634e-01
1.182078984900657159e-01
1.184562208947423090e-01
1.187049480629147474e-01
1.189540809850319902e-01
1.192036206547771732e-01
1.194535680690807650e-01
1.197039242281338206e-01
1.199546901354013873e-01
1.202058667976357992e-01
1.204574552248902641e-01
1.207094564305323248e-01
1.209618714312575699e-01
1.212147012471031654e-01
1.214679469014616764e-01
1.217216094210948202e-01
1.219756898361474690e-01
1.222301891801614304e-01
1.224851084900896309e-01
1.227404488063100346e-01
1.229962111726398966e-01
1.232523966363499451e-01
1.235090062481787321e-01
1.237660410623469126e-01
1.240235021365717616e-01
1.242813905320816203e-01
1.245397073136305377e-01
1.247984535495128694e-01
1.250576303115780163e-01
1.253172386752453016e-01
1.255772797195187085e-01
1.258377545270018827e-01
1.260986641839132449e-01
1.263600097801010069e-01
1.266217924090582703e-01
1.268840131679384864e-01
1.271466731575706111e-01
1.274097734824745365e-01
1.276733152508766345e-01
1.279372995747252439e-01
1.282017275697063807e-01
1.284666003552593916e-01
1.287319190545927750e-01
1.289976847947001126e-01
1.292638987063759459e-01
1.295305619242317630e-01
1.297976755867123744e-01
1.300652408361118451e-01
1.303332588185897867e-01
1.306017306841879277e-01
1.308706575868464062e-01
1.311400406844203115e-01
1.314098811386964216e-01
1.316801801154096618e-01
1.319509387842602022e-01
1.322221583189300553e-01
1.324938398971002018e-01
1.327659847004675764e-01
1.330385939147621932e-01
1.333116687297643821e-01
1.335852103393221357e-01
1.338592199413684569e-01
1.341336987379387891e-01
1.344086479351888352e-01
1.346840687434118222e-01
1.349599623770566525e-01
1.352363300547455571e-01
1.355131729992920253e-01
1.357904924377189571e-01
1.360682896012767040e-01
1.363465657254612495e-01
1.366253220500326659e-01
1.369045598190334057e-01
1.371842802808068418e-01
1.374644846880158644e-01
1.377451742976616156e-01
1.380263503711022244e-01
1.383080141740717917e-01
1.385901669766992916e-01
1.388728100535276955e-01
1.391559446835332337e-01
1.394395721501445196e-01
1.397236937412620617e-01
1.400083107492778312e-01
1.402934244710946632e-01
1.405790362081461298e-01
1.408651472664161908e-01
1.411517589564592334e-01
1.414388725934200841e-01
1.417264894970539368e-01
1.420146109917468091e-01
1.423032384065357481e-01
1.425923730751292029e-01
1.428820163359277307e-01
1.431721695320445908e-01
1.434628340113263956e-01
1.437540111263741482e-01
1.440457022345640603e-01
1.443379086980688397e-01
1.446306318838786187e-01
1.449238731638226030e-01
1.452176339145902217e-01
1.455119155177528323e-01
1.458067193597852584e-01
1.461020468320877175e-01
1.463978993310076360e-01
1.466942782578615767e-01
1.469911850189574987e-01
1.472886210256168227e-01
1.475865876941970523e-01
1.478850864461140058e-01
1.481841187078646316e-01
1.484836859110494900e-01
1.487837894923958182e-01
1.490844308937804286e-01
1.493856115622527181e-01
1.496873329500579830e-01
1.499895965146607613e-01
1.502924037187682305e-01
1.505957560303537723e-01
1.508996549226809536e-01
1.512041018743270071e-01
1.515090983692070903e-01
1.518146458965982659e-01
1.521207459511637883e-01
1.524274000329773338e-01
1.527346096475478143e-01
1.530423763058436637e-01
1.533507015243179561e-01
1.536595868249329977e-01
1.539690337351854732e-01
1.542790437881317867e-01
1.545896185224131525e-01
1.549007594822811862e-01
1.552124682176234394e-01
1.555247462839891570e-01
1.558375952426150901e-01
1.561510166604517247e-01
1.564650121101891223e-01
1.567795831702835374e-01
1.570947314249836468e-01
1.574104584643572224e-01
1.577267658843178599e-01
1.580436552866519295e-01
1.583611282790454988e-01
1.586791864751117553e-01
1.589978314944179849e-01
1.593170649625132718e-01
1.596368885109562819e-01
1.599573037773427409e-01
1.602783124053336339e-01
1.605999160446832108e-01
1.609221163512671582e-01
1.612449149871112153e-01
1.615683136204197068e-01
1.618923139256040755e-01
1.622169175833121091e-01
1.625421262804567224e-01
1.628679417102452121e-01
1.631943655722088715e-01
1.635213995722322455e-01
1.638490454225830506e-01
1.641773048419420677e-01
1.645061795554329520e-01
1.648356712946526803e-01
1.651657817977019438e-01
1.654965128092155957e-01
1.658278660803934046e-01
1.661598433690311127e-01
1.664924464395512449e-01
1.668256770630345831e-01
1.671595370172516137e-01
1.674940280866940023e-01
1.678291520626065403e-01
1.681649107430188694e-01
1.685013059327779561e-01
1.688383394435802320e-01
1.691760130940041518e-01
1.695143287095429163e-01
1.698532881226375024e-01
1.701928931727093586e-01
1.705331457061941003e-01
1.708740475765748446e-01
1.712156006444157108e-01
1.715578067773958770e-01
1.719006678503434693e-01
1.722441857452698677e-01
1.725883623514041509e-01
1.729331995652277632e-01
1.732786992905092360e-01
1.736248634383393830e-01
1.739716939271662988e-01
1.743191926828310256e-01
1.746673616386031080e-01
1.750162027352164529e-01
1.753657179209053563e-01
1.757159091514408911e-01
1.760667783901671835e-01
1.764183276080382445e-01
1.767705587836549963e-01
1.771234739033020478e-01
1.774770749609853870e-01
1.778313639584696293e-01
1.781863429053160697e-01
1.785420138189204586e-01
1.788983787245514157e-01
1.792554396553886764e-01
1.796131986525619229e-01
1.799716577651894744e-01
1.803308190504177011e-01
1.806906845734601030e-01
1.810512564076370012e-01
1.814125366344154500e-01
1.817745273434491216e-01
1.821372306326186630e-01
1.825006486080722468e-01
1.828647833842664272e-01
1.832296370840069133e-01
1.835952118384899523e-01
1.839615097873438798e-01
1.843285330786707532e-01
1.846962838690884567e-01
1.850647643237728901e-01
1.854339766165003789e-01
1.858039229296905570e-01
1.861746054544492768e-01
1.865460263906119076e-01
1.869181879467868013e-01
1.872910923403991734e-01
1.876647417977350685e-01
1.880391385539856020e-01
1.884142848532917303e-01
1.887901829487888261e-01
1.891668351026519757e-01
1.895442435861414421e-01
1.899224106796479350e-01
1.903013386727389622e-01
1.906810298642047374e-01
1.910614865621049485e-01
1.914427110838153034e-01
1.918247057560745483e-01
1.922074729150319294e-01
1.925910149062949328e-01
1.929753340849769128e-01
1.933604328157454699e-01
1.937463134728709124e-01
1.941329784402750502e-01
1.945204301115803502e-01
1.949086708901591747e-01
1.952977031891836024e-01
1.956875294316754443e-01
1.960781520505564257e-01
1.964695734886989509e-01
1.968617961989768683e-01
1.972548226443167629e-01
1.976486552977497202e-01
1.980432966424628682e-01
1.984387491718516416e-01
1.988350153895724615e-01
1.992320978095955264e-01
1.996299989562578259e-01
2.000287213643167361e-01
2.004282675790038382e-01
2.008286401560791246e-01
2.012298416618854557e-01
2.016318746734032941e-01
2.020347417783059929e-01
2.024384455750153633e-01
2.028429886727574072e-01
2.032483736916185502e-01
2.036546032626023461e-01
2.040616800276861542e-01
2.044696066398787870e-01
2.048783857632776317e-01
2.052880200731271310e-01
2.056985122558767642e-01
2.061098650092401674e-01
2.065220810422538911e-01
2.069351630753369642e-01
2.073491138403507628e-01
2.077639360806593505e-01
2.081796325511899026e-01
2.085962060184937128e-01
2.090136592608076993e-01
2.094319950681159115e-01
2.098512162422121463e-01
2.102713255967619821e-01
2.106923259573659779e-01
2.111142201616230396e-01
2.115370110591942021e-01
2.119607015118665783e-01
2.123852943936181126e-01
2.128107925906824738e-01
2.132371990016147245e-01
2.136645165373566579e-01
2.140927481213033834e-01
2.145218966893698564e-01
2.149519651900581585e-01
2.153829565845247762e-01
2.158148738466486583e-01
2.162477199630997438e-01
2.166814979334074631e-01
2.171162107700305433e-01
2.175518614984262855e-01
2.179884531571209538e-01
2.184259887977803294e-01
2.188644714852809592e-01
2.193039042977816266e-01
2.197442903267952941e-01
2.201856326772617112e-01
2.206279344676204957e-01
2.210711988298843522e-01
2.215154289097129858e-01
2.219606278664877919e-01
2.224067988733866019e-01
2.228539451174589570e-01
2.233020697997021853e-01
2.237511761351375916e-01
2.242012673528875066e-01
2.246523466962526971e-01
2.251044174227901651e-01
2.255574828043915014e-01
2.260115461273619619e-01
2.264666106924999867e-01
2.269226798151769420e-01
2.273797568254178336e-01
2.278378450679821865e-01
2.282969479024460069e-01
2.287570687032833561e-01
2.292182108599493950e-01
2.296803777769635124e-01
2.301435728739933129e-01
2.306077995859385499e-01
2.310730613630163632e-01
2.315393616708465163e-01
2.320067039905377160e-01
2.324750918187741544e-01
2.329445286679024674e-01
2.334150180660199136e-01
2.338865635570623325e-01
2.343591687008936553e-01
2.348328370733950288e-01
2.353075722665551872e-01
2.357833778885611853e-01
2.362602575638901026e-01
2.367382149334004982e-01
2.372172536544256416e-01
2.376973774008664109e-01
2.381785898632855503e-01
2.386608947490019561e-01
2.391442957821858228e-01
2.396287967039548994e-01
2.401144012724705235e-01
2.406011132630352933e-01
2.410889364681903790e-01
2.415778746978144431e-01
2.420679317792224228e-01
2.425591115572660050e-01
2.430514178944335468e-01
2.435448546709516326e-01
2.440394257848869652e-01
2.445351351522491168e-01
2.450319867070936686e-01
2.455299844016264610e-01
2.460291322063082042e-01
2.465294341099603659e-01
2.470308941198710306e-01
2.475335162619019813e-01
2.480373045805965571e-01
2.485422631392880388e-01
2.490483960202090896e-01
2.495557073246014723e-01
2.500642011728269054e-01
2.505738817044786959e-01
2.510847530784942605e-01
2.515968194732677299e-01
2.521100850867643017e-01
2.526245541366348712e-01
2.531402308603313833e-01
2.536571195152234615e-01
2.541752243787153143e-01
2.546945497483636967e-01
2.552150999419972033e-01
2.557368792978352290e-01
2.562598921746090941e-01
2.567841429516829477e-01
2.573096360291763918e-01
2.578363758280873830e-01
2.583643667904162999e-01
2.588936133792905658e-01
2.594241200790906587e-01
2.599558913955768435e-01
2.604889318560164591e-01
2.610232460093125928e-01
2.615588384261332555e-01
2.620957136990421654e-01
2.626338764426295325e-01
2.631733312936445079e-01
2.637140829111281892e-01
2.642561359765481233e-01
2.647994951939329211e-01
2.653441652900085934e-01
2.658901510143357183e-01
2.664374571394470537e-01
2.669860884609873697e-01
2.675360497978526153e-01
2.680873459923315827e-01
2.686399819102478492e-01
2.691939624411031629e-01
2.697492924982212714e-01
2.703059770188933064e-01
2.708640209645241104e-01
2.714234293207800630e-01
2.719842070977367410e-01
2.725463593300290754e-01
2.731098910770018984e-01
2.736748074228615990e-01
2.742411134768292791e-01
2.748088143732943522e-01
2.753779152719701973e-01
2.759484213580501444e-01
2.765203378423651825e-01
2.770936699615424437e-01
2.776684229781649083e-01
2.782446021809328318e-01
2.788222128848257264e-01
2.794012604312656189e-01
2.799817501882819193e-01
2.805636875506772321e-01
2.811470779401947229e-01
2.817319268056859838e-01
2.823182396232811198e-01
2.829060218965593898e-01
2.834952791567217356e-01
2.840860169627638654e-01
2.846782409016513915e-01
2.852719565884958564e-01
2.858671696667320350e-01
2.864638858082971251e-01
2.870621107138105477e-01
2.876618501127556349e-01
2.882631097636625395e-01
2.888658954542925872e-01
2.894702130018239061e-01
2.900760682530384438e-01
2.906834670845108159e-01
2.912924154027982659e-01
2.919029191446317339e-01
2.925149842771093134e-01
2.931286167978902069e-01
2.937438227353911246e-01
2.943606081489831827e-01
2.949789791291911878e-01
2.955989417978939215e-01
2.962205023085262567e-01
2.968436668462828276e-01
2.974684416283230326e-01
2.980948329039778133e-01
2.987228469549580434e-01
2.993524900955648049e-01
2.999837686729003861e-01
3.006166890670820546e-01
3.012512576914568307e-01
3.018874809928183689e-01
3.025253654516246726e-01
3.031649175822188069e-01
3.038061439330498881e-01
3.044490510868977373e-01
3.050936456610968128e-01
3.057399343077642495e-01
3.063879237140282319e-01
3.070376206022585319e-01
3.076890317302995448e-01
3.083421638917039354e-01
3.089970239159691712e-01
3.096536186687754433e-01
3.103119550522258629e-01
3.109720400050878242e-01
3.116338805030371972e-01
3.122974835589037435e-01
3.129628562229194166e-01
3.136300055829671640e-01
3.142989387648332245e-01
3.149696629324604813e-01
3.156421852882048684e-01
3.163165130730921648e-01
3.169926535670786194e-01
3.176706140893126862e-01
3.183504019983990352e-01
3.190320246926652281e-01
3.197154896104293931e-01
3.204008042302713966e-01
3.210879760713053477e-01
3.217770126934548225e-01
3.224679216977296425e-01
3.231607107265059287e-01
3.238553874638073760e-01
3.245519596355899150e-01
3.252504350100277053e-01
3.259508213978017932e-01
3.266531266523916011e-01
3.273573586703685812e-01
3.280635253916916461e-01
3.287716348000059852e-01
3.294816949229438241e-01
3.301937138324275156e-01
3.309076996449762387e-01
3.316236605220133082e-01
3.323416046701778703e-01
3.330615403416383180e-01
3.337834758344084274e-01
3.345074194926660471e-01
3.352333797070747856e-01
3.359613649151080295e-01
3.366913836013761263e-01
3.374234442979554549e-01
3.381575555847212700e-01
3.388937260896826564e-01
3.396319644893209810e-01
3.403722795089302311e-01
3.411146799229609061e-01
3.418591745553667960e-01
3.426057722799545346e-01
3.433544820207364290e-01
3.441053127522853972e-01
3.448582735000940702e-01
3.456133733409362252e-01
3.463706214032317710e-01
3.471300268674141765e-01
3.478915989663018404e-01
3.486553469854719034e-01
3.494212802636383342e-01
3.501894081930315150e-01
3.509597402197831562e-01
3.517322858443126532e-01
3.525070546217186074e-01
3.532840561621718445e-01
3.540633001313132633e-01
3.548447962506545150e-01
3.556285542979821801e-01
3.564145841077659971e-01
3.572028955715694232e-01
3.579934986384654128e-01
3.587864033154540833e-01
3.595816196678859877e-01
3.603791578198870527e-01
3.611790279547886784e-01
3.619812403155610592e-01
3.627858052052508331e-01
3.635927329874212854e-01
3.644020340865981034e-01
3.652137189887179058e-01
3.660277982415815479e-01
3.668442824553104220e-01
3.676631823028076451e-01
3.684845085202234083e-01
3.693082719074236575e-01
3.701344833284641589e-01
3.709631537120672840e-01
3.717942940521044570e-01
3.726279154080818223e-01
3.734640289056317952e-01
3.743026457370067228e-01
3.751437771615792061e-01
3.759874345063454748e-01
3.768336291664344806e-01
3.776823726056200980e-01
3.785336763568394880e-01
3.793875520227150133e-01
3.802440112760819280e-01
3.811030658605196741e-01
3.819647275908889528e-01
3.828290083538734012e-01
3.836959201085258231e-01
3.845654748868205242e-01
3.854376847942093121e-01
3.863125620101833801e-01
3.871901187888402429e-01
3.880703674594563335e-01
3.889533204270635425e-01
3.898389901730325846e-01
3.907273892556609174e-01
3.916185303107665994e-01
3.925124260522869224e-01
3.934090892728830946e-01
3.943085328445507520e-01
3.952107697192360769e-01
3.961158129294570229e-01
3.970236755889310354e-01
3.979343708932083223e-01
3.988479121203113986e-01
3.997643126313804585e-01
4.006835858713243548e-01
4.016057453694784618e-01
4.025308047402681999e-01
4.034587776838793882e-01
4.043896779869341485e-01
4.053235195231739141e-01
4.062603162541484347e-01
4.072000822299122746e-01
4.081428315897261405e-01
4.090885785627668136e-01
4.100373374688424666e-01
4.109891227191162510e-01
4.119439488168349928e-01
4.129018303580666016e-01
4.138627820324430329e-01
4.148268186239120192e-01
4.157939550114951865e-01
4.167642061700528866e-01
4.177375871710575228e-01
4.187141131833738705e-01
4.196937994740473354e-01
4.206766614090989842e-01
4.216627144543294015e-01
4.226519741761295412e-01
4.236444562423005711e-01
4.246401764228798781e-01
4.256391505909774553e-01
4.266413947236185611e-01
4.276469249025963704e-01
4.286557573153310652e-01
4.296679082557392504e-01
4.306833941251108633e-01
4.317022314329950761e-01
4.327244367980956352e-01
4.337500269491733063e-01
4.347790187259594763e-01
4.358114290800769175e-01
4.368472750759719303e-01
4.378865738918533146e-01
4.389293428206424430e-01
4.399755992709323826e-01
4.410253607679571197e-01
4.420786449545691665e-01
4.431354695922286591e-01
4.441958525620013365e-01
4.452598118655676784e-01
4.463273656262407019e-01
4.473985320899955265e-01
4.484733296265087654e-01
4.495517767302086853e-01
4.506338920213363020e-01
4.517196942470163012e-01
4.528092022823402840e-01
4.539024351314601136e-01
4.549994119286934757e-01
4.561001519396394865e-01
4.572046745623069564e-01
4.583129993282537562e-01
4.594251459037383967e-01
4.605411340908827644e-01
4.616609838288476819e-01
4.627847151950202353e-01
4.639123484062144254e-01
4.650439038198823649e-01
4.661794019353400209e-01
4.673188633950052795e-01
4.684623089856481681e-01
4.696097596396560103e-01
4.707612364363096269e-01
4.719167606030743589e-01
4.730763535169050238e-01
4.742400367055641386e-01
4.754078318489535770e-01
4.765797607804611591e-01
4.777558454883213956e-01
4.789361081169913326e-01
4.801205709685390510e-01
4.813092565040495430e-01
4.825021873450437981e-01
4.836993862749148776e-01
4.849008762403767547e-01
4.861066803529319191e-01
4.873168218903523585e-01
4.885313242981777493e-01
4.897502111912301337e-01
4.909735063551434187e-01
4.922012337479115263e-01
4.934334175014516988e-01
4.946700819231867330e-01
4.959112514976422026e-01
4.971569508880628319e-01
4.984072049380460223e-01
4.996620386731941421e-01
5.009214773027832468e-01
5.021855462214516175e-01
5.034542710109067842e-01
5.047276774416517009e-01
5.060057914747284613e-01
5.072886392634832209e-01
5.085762471553502140e-01
5.098686416936552002e-01
5.111658496194402268e-01
5.124678978733063772e-01
5.137748135972804997e-01
5.150866241366999221e-01
5.164033570421212582e-01
5.177250400712470890e-01
5.190517011908781786e-01
5.203833685788848973e-01
5.217200706262038468e-01
5.230618359388535810e-01
5.244086933399763062e-01
5.257606718719016747e-01
5.271178007982345592e-01
5.284801096059655867e-01
5.298476280076076517e-01
5.312203859433556330e-01
5.325984135832713129e-01
5.339817413294946080e-01
5.353703998184778934e-01
5.367644199232488589e-01
5.381638327556974577e-01
5.395686696688923867e-01
5.409789622594201042e-01
5.423947423697552672e-01
5.438160420906567039e-01
5.452428937635932504e-01
5.466753299831949020e-01
5.481133835997361592e-01
5.495570877216466865e-01
5.510064757180530570e-01
5.524615812213486965e-01
5.539224381297958022e-01
5.553890806101574595e-01
5.568615431003616223e-01
5.583398603121970671e-01
5.598240672340397683e-01
5.613141991336143555e-01
5.628102915607869905e-01
5.643123803503934388e-01
5.658205016250987818e-01
5.673346917982937665e-01
5.688549875770256836e-01
5.703814259649647722e-01
5.719140442654057077e-01
5.734528800843069485e-01
5.749979713333659426e-01
5.765493562331341915e-01
5.781070733161667308e-01
5.796711614302137994e-01
5.812416597414495900e-01
5.828186077377415231e-01
5.844020452319608205e-01
5.859920123653314938e-01
5.875885496108236294e-01
5.891916977765866426e-01
5.908014980094278279e-01
5.924179917983307675e-01
5.940412209780207009e-01
5.956712277325733051e-01
5.973080545990699930e-01
5.989517444712962879e-01
6.006023406034898260e-01
6.022598866141344320e-01
6.039244264898031567e-01
6.055960045890477206e-01
6.072746656463398063e-01
6.089604547760618658e-01
6.106534174765488876e-01
6.123535996341809007e-01
6.140610475275292135e-01
6.157758078315557215e-01
6.174979276218652835e-01
6.192274543790151631e-01
6.209644359928769841e-01
6.227089207670577498e-01
6.244609574233775939e-01
6.262205951064062637e-01
6.279878833880568889e-01
6.297628722722419248e-01
6.315456121995889349e-01
6.333361540522201016e-01
6.351345491585909109e-01
6.369408492983962278e-01
6.387551067075396549e-01
6.405773740831696150e-01
6.424077045887802706e-01
6.442461518593824987e-01
6.460927700067430335e-01
6.479476136246927753e-01
6.498107377945088192e-01
6.516821980903642064e-01
6.535620505848557249e-01
6.554503518546030971e-01
6.573471589859261055e-01
6.592525295805959917e-01
6.611665217616671253e-01
6.630891941793868316e-01
6.650206060171873768e-01
6.669608169977568890e-01
6.689098873891966557e-01
6.708678780112605766e-01
6.728348502416828802e-01
6.748108660225897726e-01
6.767959878670032348e-01
6.787902788654325281e-01
6.807938026925577368e-01
6.828066236140087897e-01
6.848288064932340768e-01
6.868604167984696529e-01
6.889015206098041411e-01
6.909521846263443345e-01
6.930124761734787198e-01
6.950824632102465817e-01
6.971622143368101376e-01
6.992517988020339192e-01
7.013512865111686256e-01
7.034607480336485530e-01
7.055802546109969375e-01
7.077098781648485382e-01
7.098496913050823531e-01
7.119997673380749070e-01
7.141601802750723316e-01
7.163310048406815733e-01
7.185123164814871677e-01
7.207041913747906925e-01
7.229067064374791185e-01
7.251199393350220568e-01
7.273439684906022329e-01
7.295788730943759681e-01
7.318247331128741040e-01
7.340816292985388181e-01
7.363496431994043245e-01
7.386288571689161309e-01
7.409193543759008405e-01
7.432212188146813947e-01
7.455345353153468579e-01
7.478593895541703063e-01
7.501958680641879207e-01
7.525440582459348438e-01
7.549040483783434619e-01
7.572759276298074438e-01
7.596597860694100923e-01
7.620557146783272229e-01
7.644638053614007944e-01
7.668841509588927297e-01
7.693168452584124850e-01
7.717619830070345799e-01
7.742196599235979804e-01
7.766899727111981067e-01
7.791730190698683556e-01
7.816688977094619073e-01
7.841777083627317069e-01
7.866995517986162811e-01
7.892345298357295036e-01
7.917827453560652984e-01
7.943443023189159513e-01
7.969193057750093567e-01
7.995078618808721949e-01
8.021100779134149317e-01
8.047260622847542955e-01
8.073559245572673460e-01
8.099997754588900145e-01
8.126577268986546754e-01
8.153298919824822910e-01
8.180163850292252459e-01
8.207173215869728589e-01
8.234328184496140235e-01
8.261629936736747393e-01
8.289079665954263154e-01
8.316678578482749051e-01
8.344427893804305940e-01
8.372328844728712527e-01
8.400382677575992663e-01
8.428590652361989122e-01
8.456954042987031572e-01
8.485474137427683194e-01
8.514152237931716938e-01
8.542989661216324748e-01
8.571987738669653023e-01
8.601147816555682057e-01
8.630471256222583820e-01
8.659959434314576932e-01
8.689613742987374323e-01
8.719435590127249114e-01
8.749426399573866364e-01
8.779587611346879594e-01
8.809920681876438620e-01
8.840427084237596489e-01
8.871108308388789832e-01
8.901965861414414816e-01
8.933001267771593090e-01
8.964216069541247611e-01
8.995611826683478363e-01
9.027190117297466676e-01
9.058952537885874845e-01
9.090900703623929768e-01
9.123036248633173972e-01
9.155360826260120488e-01
9.187876109359786048e-01
9.220583790584310213e-01
9.253485582676632681e-01
9.286583218769505210e-01
9.319878452689792647e-01
9.353373059268290657e-01
9.387068834655067917e-01
9.420967596640560382e-01
9.455071184982462018e-01
9.489381461738549683e-01
9.523900311605623115e-01
9.558629642264568904e-01
9.593571384731827134e-01
9.628727493717282870e-01
9.664099947988807893e-01
9.699690750743491519e-01
9.735501929985820313e-01
9.771535538912876628e-01
9.807793656306775798e-01
9.844278386934386393e-01
9.880991861954646627e-01
9.917936239333517978e-01
9.955113704266836949e-01
9.992526469611128226e-01
1.003017677632268345e+00
1.006806689390501219e+00
1.010619912086485606e+00
1.014457578517701464e+00
1.018319924475806326e+00
1.022207188794930888e+00
1.026119613400910069e+00
1.030057443361474423e+00
1.034020926937416762e+00
1.038010315634770642e+00
1.042025864258008250e+00
1.046067830964294121e+00
1.050136477318806216e+00
1.054232068351162566e+00
1.058354872612969233e+00
1.062505162236522027e+00
1.066683212994680607e+00
1.070889304361954286e+00
1.075123719576818848e+00
1.079386745705296802e+00
1.083678673705832818e+00
1.087999798495488557e+00
1.092350419017496632e+00
1.096730838310202572e+00
1.101141363577429644e+00
1.105582306260292524e+00
1.110053982110511095e+00
1.114556711265244360e+00
1.119090818323495551e+00
1.123656632424112178e+00
1.128254487325434985e+00
1.132884721486625335e+00
1.137547678150722552e+00
1.142243705429458744e+00
1.146973156389894166e+00
1.151736389142903993e+00
1.156533766933568907e+00
1.161365658233520115e+00
1.166232436835276109e+00
1.171134481948638895e+00
1.176072178299188975e+00
1.181045916228941062e+00
1.186056091799204015e+00
1.191103106895719188e+00
1.196187369336118911e+00
1.201309292979781951e+00
1.206469297840126353e+00
1.211667810199428486e+00
1.216905262726215131e+00
1.222182094595309465e+00
1.227498751610585748e+00
1.232855686330523115e+00
1.238253358196619525e+00
1.243692233664746460e+00
1.249172786339526775e+00
1.254695497111805169e+00
1.260260854299313671e+00
1.265869353790600060e+00
1.271521499192325821e+00
1.277217801980002232e+00
1.282958781652288049e+00
1.288744965888921401e+00
1.294576890712406891e+00
1.300455100653538976e+00
1.306380148920895268e+00
1.312352597574389268e+00
1.318373017703012851e+00
1.324441989606867320e+00
1.330560102983627369e+00
1.336727957119548282e+00
1.342946161085148749e+00
1.349215333935714467e+00
1.355536104916737372e+00
1.361909113674463212e+00
1.368335010471670721e+00
1.374814456408856467e+00
1.381348123650955939e+00
1.387936695659795605e+00
1.394580867432421600e+00
1.401281345745494900e+00
1.408038849405913728e+00
1.414854109507874380e+00
1.421727869696545632e+00
1.428660886438569255e+00
1.435653929299571141e+00
1.442707781228929731e+00
1.449823238851994267e+00
1.457001112769997109e+00
1.464242227867895263e+00
1.471547423630376494e+00
1.478917554466302242e+00
1.486353490041832703e+00
1.493856115622526515e+00
1.501426332424668164e+00
1.509065057976150204e+00
1.516773226487189818e+00
1.524551789231208376e+00
1.532401714936181270e+00
1.540323990186822423e+00
1.548319619837930761e+00
1.556389627439283441e+00
1.564535055672424457e+00
1.572756966799773171e+00
1.581056443126436895e+00
1.589434587475152316e+00
1.597892523674809606e+00
1.606431397062980437e+00
1.615052375002960616e+00
1.623756647415789178e+00
1.632545427327773302e+00
1.641419951434020419e+00
1.650381480678564161e+00
1.659431300851623714e+00
1.668570723204616524e+00
1.677801085083509669e+00
1.687123750581191572e+00
1.696540111209501767e+00
1.706051586591635028e+00
1.715659625175617542e+00
1.725365704969640479e+00
1.735171334300012802e+00
1.745078052592551554e+00
1.755087431178279367e+00
1.765201074124275182e+00
1.775420619090647856e+00
1.785747738214559011e+00
1.796184139022323434e+00
1.806731565370595982e+00
1.817391798417780535e+00
1.828166657626760339e+00
1.839058001800164099e+00
1.850067730149365763e+00
1.861197783398558459e+00
1.872450144925212667e+00
1.883826841938351482e+00
1.895329946696080681e+00
1.906961577763952143e+00
1.918723901315732228e+00
1.930619132478264444e+00
1.942649536722191650e+00
1.954817431300335029e+00
1.967125186735698694e+00
1.979575228361064143e+00
1.992170037912308178e+00
2.004912155177601907e+00
2.017804179704840273e+00
2.030848772569676441e+00
2.044048658206715441e+00
2.057406626306473640e+00
2.070925533780927807e+00
2.084608306800524336e+00
2.098457942905728402e+00
2.112477513196271861e+00
2.126670164601514479e+00
2.141039122235392611e+00
2.155587691839691900e+00
2.170319262319519549e+00
2.185237308375041376e+00
2.200345393233818392e+00
2.215647171488217104e+00
2.231146392042676396e+00
2.246846901175764799e+00
2.262752645722357236e+00
2.278867676381401974e+00
2.295196151155139752e+00
2.311742338925860007e+00
2.328510623176724526e+00
2.345505505863407780e+00
2.362731611443791291e+00
2.380193691073220652e+00
2.397896626973401002e+00
2.415845436983306005e+00
2.434045279301038534e+00
2.452501457426066178e+00
2.471219425311732998e+00
2.490204792738623940e+00
2.509463330919854407e+00
2.529000978350091966e+00
2.548823846910698077e+00
2.568938228244254329e+00
2.589350600412377190e+00
2.610067634851670704e+00
2.631096203643434883e+00
2.652443387113862183e+00
2.674116481782306209e+00
2.696123008676423627e+00
2.718470722034016074e+00
2.741167618412820861e+00
2.764221946230661420e+00
2.787642215759891684e+00
2.811437209601594489e+00
2.835615993666550594e+00
2.860187928691912074e+00
2.885162682324242223e+00
2.910550241801739713e+00
2.936360927270528887e+00
2.962605405772406719e+00
2.989294705943803088e+00
3.016440233468562049e+00
3.044053787329954464e+00
3.072147576910675415e+00
3.100734239992806618e+00
3.129826861713565833e+00
3.159438994536481360e+00
3.189584679302151837e+00
3.220278467427198699e+00
3.251535444325175384e+00
3.283371254128676586e+00
3.315802125797664868e+00
3.348844900705689742e+00
3.382517061802432057e+00
3.416836764458734077e+00
3.451822869108362113e+00
3.487494975809944275e+00
3.523873460862044560e+00
3.560979515615195101e+00
3.598835187636086008e+00
3.637463424392096911e+00
3.676888119637914176e+00
3.717134162701361877e+00
3.758227490881933974e+00
3.800195145194007917e+00
3.843065329706341515e+00
3.886867474751542595e+00
3.931632304303240844e+00
3.977391907844976870e+00
4.024179817084280408e+00
4.072031087897194368e+00
4.120982387924208012e+00
4.171072090277431421e+00
4.222340373862496499e+00
4.274829330866241506e+00
4.328583082014666239e+00
4.383647900264272756e+00
4.440072343655844023e+00
4.497907398132192647e+00
4.557206631202892488e+00
4.618026357429250162e+00
4.680425816804344663e+00
4.744467367215627007e+00
4.810216692304527974e+00
4.877743026179631514e+00
4.947119396599257257e+00
5.018422888419428851e+00
5.091734929304941204e+00
5.167141599930055840e+00
5.244733971152998997e+00
5.324608470941324612e+00
5.406867284156148479e+00
5.491618788680530550e+00
5.578978031805663207e+00
5.669067251278456787e+00
5.762016445972588663e+00
5.857964001785906483e+00
5.957057379101300398e+00
6.059453868993873726e+00
6.165321426340432787e+00
6.274839589112712446e+00
6.388200494438428301e+00
6.505610003525777785e+00
6.627288949307213350e+00
6.753474522710155803e+00
6.884421815864180338e+00
7.020405543370284107e+00
7.161721966072704504e+00
7.308691045683190168e+00
7.461658863236993788e+00
7.621000339855538819e+00
7.787122304840831788e+00
7.960466963955881603e+00
8.141515830142749266e+00
8.330794190247203801e+00
8.528876195007679684e+00
8.736390676185321169e+00
8.954027814981337485e+00
9.182546810717202135e+00
9.422784729311317165e+00
9.675666748884070856e+00
9.942218066812047894e+00
1.022357779129164079e+01
1.052101521431292674e+01
1.083594895633546429e+01
1.116996959181383886e+01
1.152486651700968956e+01
1.190266001802462625e+01
1.230563975244056429e+01
1.273641119267819199e+01
1.319795202150432090e+01
1.369368105987312667e+01
1.422754310119338328e+01
1.480411410581926113e+01
1.542873269416382165e+01
1.610766594236457649e+01
1.684832039494722267e+01
1.765951336682345740e+01
1.855182563588711275e+01
1.953806551222084309e+01
2.063388759703610020e+01
2.185862992712374719e+01
2.323646504847203431e+01
2.479801151933375891e+01
2.658263605746145330e+01
2.864181821683958162e+01
3.104419740278017059e+01
3.388337280434691934e+01
3.729038328622704057e+01
4.145450720852500837e+01
4.665966211139753028e+01
