0.000000000000000000e+00
4.716359417634376130e-04
9.437351801297864289e-04
1.416298398091581047e-03
1.889326279984508217e-03
2.362819511490709540e-03
2.836778779642093809e-03
3.311204772823661720e-03
3.786098180776837404e-03
4.261459694602810593e-03
4.737290006765890703e-03
5.213589811096866131e-03
5.690359802796381324e-03
6.167600678438316456e-03
6.645313135973178811e-03
7.123497874731506314e-03
7.602155595427279727e-03
8.081287000161347864e-03
8.560892792424853667e-03
9.040973677102688913e-03
9.521530360476933297e-03
1.000256355023032909e-02
1.048407395544975057e-02
1.096606228662968564e-02
1.144852925567573822e-02
1.193147557590812716e-02
1.241490196206520083e-02
1.289880913030696380e-02
1.338319779821862086e-02
1.386806868481411242e-02
1.435342251053967760e-02
1.483925999727742605e-02
1.532558186834891319e-02
1.581238884851872417e-02
1.629968166399808557e-02
1.678746104244846840e-02
1.727572771298522061e-02
1.776448240618117361e-02
1.825372585407032677e-02
1.874345879015146266e-02
1.923368194939184192e-02
1.972439606823085667e-02
2.021560188458373930e-02
2.070730013784524357e-02
2.119949156889337771e-02
2.169217692009308210e-02
2.218535693530001782e-02
2.267903235986426860e-02
2.317320394063410866e-02
2.366787242595978086e-02
2.416303856569724379e-02
2.465870311121200198e-02
2.515486681538286334e-02
2.565153043260579024e-02
2.614869471879768467e-02
2.664636043140027055e-02
2.714452832938388238e-02
2.764319917325137876e-02
2.814237372504196921e-02
2.864205274833513462e-02
2.914223700825447141e-02
2.964292727147166059e-02
3.014412430621032229e-02
3.064582888224998483e-02
3.114804177093000864e-02
3.165076374515354840e-02
3.215399557939152553e-02
3.265773804968655908e-02
3.316199193365702153e-02
3.366675801050098699e-02
3.417203706100029048e-02
3.467782986752450392e-02
3.518413721403500227e-02
3.569095988608902287e-02
3.619829867084371766e-02
3.670615435706021251e-02
3.721452773510770112e-02
3.772341959696758062e-02
3.823283073623752470e-02
3.874276194813561919e-02
3.925321402950449068e-02
3.976418777881549765e-02
4.027568399617282441e-02
4.078770348331772766e-02
4.130024704363269988e-02
4.181331548214563265e-02
4.232690960553408405e-02
4.284103022212949752e-02
4.335567814192142766e-02
4.387085417656177988e-02
4.438655913936910558e-02
4.490279384533289037e-02
4.541955911111781458e-02
4.593685575506806923e-02
4.645468459721168591e-02
4.697304645926485972e-02
4.749194216463633461e-02
4.801137253843167779e-02
4.853133840745773447e-02
4.905184060022697856e-02
4.957287994696193967e-02
5.009445727959957462e-02
5.061657343179570834e-02
5.113922923892951639e-02
5.166242553810793114e-02
5.218616316817013129e-02
5.271044296969201737e-02
5.323526578499072903e-02
5.376063245812913449e-02
5.428654383492034774e-02
5.481300076293230128e-02
5.534000409149227029e-02
5.586755467169143841e-02
5.639565335638952598e-02
5.692430100021931422e-02
5.745349845959130813e-02
5.798324659269833703e-02
5.851354625952021049e-02
5.904439832182836051e-02
5.957580364319050442e-02
6.010776308897533560e-02
6.064027752635722801e-02
6.117334782432094775e-02
6.170697485366635759e-02
6.224115948701315626e-02
6.277590259880569401e-02
6.331120506531770498e-02
6.384706776465701172e-02
6.438349157677050738e-02
6.492047738344881858e-02
6.545802606833119042e-02
6.599613851691035760e-02
6.653481561653733223e-02
6.707405825642641373e-02
6.761386732765989338e-02
6.815424372319313362e-02
6.869518833785943912e-02
6.923670206837494179e-02
6.977878581334363839e-02
7.032144047326224778e-02
7.086466695052535958e-02
7.140846614943030524e-02
7.195283897618218183e-02
7.249778633889895907e-02
7.304330914761648919e-02
7.358940831429358620e-02
7.413608475281706356e-02
7.468333937900686892e-02
7.523117311062123280e-02
7.577958686736169236e-02
7.632858157087837880e-02
7.687815814477504117e-02
7.742831751461431988e-02
7.797906060792293703e-02
7.853038835419684505e-02
7.908230168490651413e-02
7.963480153350217805e-02
8.018788883541903834e-02
8.074156452808263496e-02
8.129582955091403662e-02
8.185068484533525313e-02
8.240613135477449502e-02
8.296217002467155821e-02
8.351880180248318075e-02
8.407602763768841359e-02
8.463384848179401898e-02
8.519226528833991063e-02
8.575127901290456600e-02
8.631089061311048027e-02
8.687110104862959259e-02
8.743191128118887878e-02
8.799332227457576372e-02
8.855533499464365854e-02
8.911795040931752565e-02
8.968116948859940207e-02
9.024499320457404772e-02
9.080942253141437159e-02
9.137445844538726047e-02
9.194010192485904676e-02
9.250635395030119834e-02
9.307321550429603629e-02
9.364068757154235534e-02
9.420877113886114151e-02
9.477746719520128982e-02
9.534677673164539125e-02
9.591670074141535329e-02
9.648724021987839516e-02
9.705839616455262664e-02
9.763016957511298777e-02
9.820256145339704978e-02
9.877557280341085766e-02
9.934920463133480040e-02
9.992345794552952298e-02
1.004983337565418244e-01
1.010738330771105004e-01
1.016499569221724769e-01
1.022267063088686256e-01
1.028040822565497586e-01
1.033820857867827486e-01
1.039607179233563716e-01
1.045399796922875241e-01
1.051198721218272458e-01
1.057003962424666460e-01
1.062815530869432451e-01
1.068633436902469841e-01
1.074457690896263584e-01
1.080288303245945519e-01
1.086125284369357374e-01
1.091968644707111830e-01
1.097818394722654967e-01
1.103674544902328997e-01
1.109537105755434294e-01
1.115406087814293234e-01
1.121281501634312783e-01
1.127163357794047222e-01
1.133051666895262266e-01
1.138946439562999180e-01
1.144847686445637364e-01
1.150755418214959996e-01
1.156669645566216764e-01
1.162590379218190056e-01
1.168517629913258526e-01
1.174451408417462456e-01
1.180391725520569257e-01
1.186338592036138007e-01
1.192292018801586057e-01
1.198252016678254123e-01
1.204218596551473175e-01
1.210191769330629524e-01
1.216171545949231853e-01
1.222157937364978797e-01
1.228150954559824592e-01
1.234150608540046518e-01
1.240156910336313173e-01
1.246169871003750818e-01
1.252189501622012202e-01
1.258215813295343599e-01
1.264248817152654192e-01
1.270288524347584214e-01
1.276334946058572950e-01
1.282388093488928682e-01
1.288447977866897520e-01
1.294514610445732794e-01
1.300588002503764717e-01
1.306668165344469779e-01
1.312755110296542072e-01
1.318848848713962962e-01
1.324949391976070756e-01
1.331056751487633416e-01
1.337170938678918231e-01
1.343291965005763977e-01
1.349419841949651422e-01
1.355554581017776317e-01
1.361696193743120453e-01
1.367844691684524105e-01
1.374000086426759581e-01
1.380162389580602278e-01
1.386331612782905343e-01
1.392507767696671839e-01
1.398690866011128298e-01
1.404880919441798826e-01
1.411077939730579489e-01
1.417281938645811312e-01
1.423492927982356049e-01
1.429710919561670290e-01
1.435935925231880683e-01
1.442167956867858869e-01
1.448407026371296979e-01
1.454653145670784520e-01
1.460906326721882198e-01
1.467166581507200751e-01
1.473433922036475330e-01
1.479708360346643770e-01
1.485989908501923196e-01
1.492278578593886351e-01
1.498574382741540978e-01
1.504877333091406422e-01
1.511187441817591903e-01
1.517504721121875066e-01
1.523829183233781359e-01
1.530160840410661471e-01
1.536499704937771271e-01
1.542845789128351741e-01
1.549199105323707804e-01
1.555559665893288535e-01
1.561927483234768488e-01
1.568302569774126798e-01
1.574684937965729059e-01
1.581074600292407262e-01
1.587471569265542504e-01
1.593875857425146036e-01
1.600287477339940867e-01
1.606706441607444191e-01
1.613132762854050939e-01
1.619566453735114542e-01
1.626007526935032144e-01
1.632455995167326201e-01
1.638911871174729140e-01
1.645375167729267174e-01
1.651845897632344129e-01
1.658324073714826097e-01
1.664809708837126645e-01
1.671302815889291471e-01
1.677803407791084445e-01
1.684311497492071708e-01
1.690827097971709936e-01
1.697350222239431272e-01
1.703880883334729091e-01
1.710419094327246814e-01
1.716964868316864234e-01
1.723518218433784666e-01
1.730079157838622372e-01
1.736647699722492499e-01
1.743223857307097668e-01
1.749807643844817073e-01
1.756399072618796131e-01
1.762998156943035577e-01
1.769604910162480005e-01
1.776219345653110293e-01
1.782841476822030757e-01
1.789471317107562132e-01
1.796108879979332329e-01
1.802754178938364982e-01
1.809407227517175198e-01
1.816068039279858104e-01
1.822736627822182098e-01
1.829413006771681838e-01
1.836097189787750106e-01
1.842789190561732182e-01
1.849489022817017436e-01
1.856196700309135916e-01
1.862912236825849388e-01
1.869635646187248479e-01
1.876366942245846492e-01
1.883106138886672110e-01
1.889853250027369591e-01
1.896608289618291199e-01
1.903371271642594342e-01
1.910142210116337613e-01
1.916921119088578485e-01
1.923708012641470178e-01
1.930502904890357974e-01
1.937305809983878857e-01
1.944116742104059214e-01
1.950935715466411702e-01
1.957762744320036830e-01
1.964597842947720663e-01
1.971441025666034741e-01
1.978292306825435443e-01
1.985151700810365294e-01
1.992019222039353443e-01
1.998894884965115859e-01
2.005778704074656915e-01
2.012670693889372364e-01
2.019570868965150645e-01
2.026479243892474746e-01
2.033395833296525734e-01
2.040320651837285726e-01
2.047253714209641973e-01
2.054195035143490111e-01
2.061144629403838524e-01
2.068102511790913534e-01
2.075068697140264318e-01
2.082043200322868381e-01
2.089026036245236195e-01
2.096017219849519719e-01
2.103016766113617320e-01
2.110024690051280627e-01
2.117041006712221951e-01
2.124065731182223915e-01
2.131098878583245482e-01
2.138140464073529923e-01
2.145190502847716396e-01
2.152249010136947360e-01
2.159316001208977376e-01
2.166391491368285793e-01
2.173475495956185555e-01
2.180568030350933939e-01
2.187669109967845249e-01
2.194778750259399613e-01
2.201896966715359005e-01
2.209023774862876599e-01
2.216159190266610846e-01
2.223303228528838993e-01
2.230455905289570606e-01
2.237617236226661643e-01
2.244787237055927975e-01
2.251965923531262237e-01
2.259153311444748735e-01
2.266349416626777802e-01
2.273554254946163755e-01
2.280767842310260363e-01
2.287990194665078802e-01
2.295221327995405070e-01
2.302461258324916271e-01
2.309710001716301642e-01
2.316967574271379393e-01
2.324233992131216342e-01
2.331509271476248368e-01
2.338793428526399210e-01
2.346086479541202585e-01
2.353388440819920990e-01
2.360699328701670319e-01
2.368019159565537546e-01
2.375347949830707017e-01
2.382685715956580630e-01
2.390032474442902732e-01
2.397388241829882527e-01
2.404753034698318970e-01
2.412126869669724283e-01
2.419509763406450797e-01
2.426901732611815299e-01
2.434302794030224204e-01
2.441712964447301792e-01
2.449132260690016494e-01
2.456560699626807176e-01
2.463998298167712209e-01
2.471445073264497416e-01
2.478901041910785141e-01
2.486366221142182475e-01
2.493840628036411988e-01
2.501324279713442178e-01
2.508817193335616813e-01
2.516319386107788159e-01
2.523830875277446872e-01
2.531351678134854399e-01
2.538881812013177308e-01
2.546421294288617743e-01
2.553970142380548869e-01
2.561528373751650323e-01
2.569096005908039215e-01
2.576673056399407247e-01
2.584259542819158373e-01
2.591855482804542032e-01
2.599460894036790259e-01
2.607075794241255351e-01
2.614700201187549200e-01
2.622334132689678188e-01
2.629977606606185292e-01
2.637630640840286089e-01
2.645293253340011974e-01
2.652965462098347271e-01
2.660647285153371899e-01
2.668338740588402924e-01
2.676039846532135003e-01
2.683750621158785266e-01
2.691471082688232652e-01
2.699201249386163903e-01
2.706941139564219556e-01
2.714690771580132167e-01
2.722450163837878412e-01
2.730219334787821195e-01
2.737998302926855643e-01
2.745787086798558430e-01
2.753585704993330996e-01
2.761394176148551649e-01
2.769212518948722668e-01
2.777040752125616851e-01
2.784878894458430731e-01
2.792726964773933895e-01
2.800584981946618313e-01
2.808452964898848769e-01
2.816330932601018855e-01
2.824218904071699732e-01
2.832116898377794456e-01
2.840024934634691189e-01
2.847943032006418629e-01
2.855871209705799774e-01
2.863809486994606801e-01
2.871757883183718163e-01
2.879716417633275127e-01
2.887685109752838319e-01
2.895663979001544264e-01
2.903653044888268031e-01
2.911652326971777560e-01
2.919661844860896860e-01
2.927681618214662551e-01
2.935711666742488180e-01
2.943752010204324088e-01
2.951802668410818953e-01
2.959863661223483544e-01
2.967935008554854481e-01
2.976016730368656882e-01
2.984108846679968674e-01
2.992211377555387686e-01
3.000324343113195957e-01
3.008447763523527940e-01
3.016581659008534255e-01
3.024726049842553222e-01
3.032880956352277946e-01
3.041046398916925630e-01
3.049222397968404108e-01
3.057408973991489476e-01
3.065606147523989855e-01
3.073813939156920250e-01
3.082032369534676852e-01
3.090261459355205798e-01
3.098501229370180798e-01
3.106751700385175230e-01
3.115012893259838100e-01
3.123284828908070021e-01
3.131567528298200287e-01
3.139861012453160627e-01
3.148165302450668390e-01
3.156480419423400852e-01
3.164806384559177288e-01
3.173143219101135504e-01
3.181490944347917238e-01
3.189849581653844690e-01
3.198219152429106482e-01
3.206599678139937515e-01
3.214991180308805485e-01
3.223393680514591297e-01
3.231807200392779467e-01
3.240231761635636309e-01
3.248667385992403678e-01
3.257114095269482146e-01
3.265571911330619748e-01
3.274040856097101271e-01
3.282520951547936439e-01
3.291012219720050314e-01
3.299514682708475921e-01
3.308028362666542987e-01
3.316553281806073339e-01
3.325089462397570750e-01
3.333636926770418563e-01
3.342195697313071201e-01
3.350765796473252900e-01
3.359347246758150329e-01
3.367940070734610769e-01
3.376544291029343059e-01
3.385159930329111333e-01
3.393787011380937635e-01
3.402425556992301203e-01
3.411075590031338867e-01
3.419737133427049325e-01
3.428410210169491878e-01
3.437094843309991821e-01
3.445791055961346383e-01
3.454498871298025686e-01
3.463218312556382572e-01
3.471949403034857995e-01
3.480692166094186968e-01
3.489446625157608950e-01
3.498212803711074903e-01
3.506990725303461565e-01
3.515780413546775174e-01
3.524581892116371296e-01
3.533395184751161877e-01
3.542220315253829521e-01
3.551057307491043424e-01
3.559906185393674760e-01
3.568766972957009287e-01
3.577639694240967727e-01
3.586524373370322261e-01
3.595421034534915239e-01
3.604329701989879009e-01
3.613250400055855183e-01
3.622183153119218346e-01
3.631127985632294775e-01
3.640084922113590027e-01
3.649053987148007105e-01
3.658035205387078492e-01
3.667028601549185418e-01
3.676034200419790454e-01
3.685052026851657891e-01
3.694082105765090773e-01
3.703124462148154050e-01
3.712179121056909392e-01
3.721246107615641674e-01
3.730325447017097118e-01
3.739417164522712556e-01
3.748521285462851349e-01
3.757637835237038759e-01
3.766766839314196202e-01
3.775908323232881059e-01
3.785062312601522594e-01
3.794228833098662879e-01
3.803407910473197151e-01
3.812599570544611960e-01
3.821803839203229969e-01
3.831020742410454205e-01
3.840250306199005648e-01
3.849492556673178023e-01
3.858747520009075394e-01
3.868015222454863067e-01
3.877295690331017397e-01
3.886588950030570588e-01
3.895895028019365491e-01
3.905213950836301517e-01
3.914545745093593321e-01
3.923890437477017268e-01
3.933248054746171785e-01
3.942618623734730487e-01
3.952002171350696980e-01
3.961398724576665198e-01
3.970808310470075875e-01
3.980230956163476885e-01
3.989666688864786925e-01
3.999115535857549752e-01
4.008577524501206746e-01
4.018052682231354478e-01
4.027541036560011722e-01
4.037042615075887575e-01
4.046557445444644574e-01
4.056085555409170706e-01
4.065626972789848081e-01
4.075181725484824380e-01
4.084749841470283194e-01
4.094331348800717696e-01
4.103926275609205976e-01
4.113534650107686375e-01
4.123156500587229489e-01
4.132791855418323501e-01
4.142440743051146179e-01
4.152103192015849098e-01
4.161779230922836859e-01
4.171468888463050750e-01
4.181172193408251303e-01
4.190889174611301948e-01
4.200619861006459343e-01
4.210364281609654813e-01
4.220122465518786337e-01
4.229894441914008874e-01
4.239680240058022465e-01
4.249479889296365331e-01
4.259293419057709751e-01
4.269120858854151268e-01
4.278962238281510122e-01
4.288817587019623789e-01
4.298686934832650075e-01
4.308570311569361877e-01
4.318467747163452497e-01
4.328379271633833181e-01
4.338304915084940649e-01
4.348244707707041301e-01
4.358198679776533191e-01
4.368166861656260225e-01
4.378149283795815250e-01
4.388145976731853137e-01
4.398156971088399980e-01
4.408182297577168951e-01
4.418221986997869499e-01
4.428276070238529316e-01
4.438344578275802976e-01
4.448427542175297789e-01
4.458524993091890209e-01
4.468636962270044477e-01
4.478763481044139572e-01
4.488904580838786740e-01
4.499060293169162006e-01
4.509230649641324806e-01
4.519415681952552721e-01
4.529615421891667326e-01
4.539829901339364482e-01
4.550059152268547402e-01
4.560303206744661941e-01
4.570562096926027440e-01
4.580835855064178119e-01
4.591124513504196702e-01
4.601428104685056364e-01
4.611746661139962677e-01
4.622080215496692790e-01
4.632428800477942921e-01
4.642792448901668645e-01
4.653171193681437945e-01
4.663565067826775934e-01
4.673974104443514022e-01
4.684398336734144630e-01
4.694837797998173134e-01
4.705292521632470915e-01
4.715762541131632846e-01
4.726247890088333126e-01
4.736748602193688873e-01
4.747264711237614287e-01
4.757796251109190355e-01
4.768343255797024560e-01
4.778905759389616703e-01
4.789483796075728606e-01
4.800077400144747153e-01
4.810686605987064546e-01
4.821311448094439678e-01
4.831951961060380052e-01
4.842608179580513705e-01
4.853280138452966685e-01
4.863967872578742191e-01
4.874671416962100823e-01
4.885390806710940836e-01
4.896126077037187274e-01
4.906877263257171107e-01
4.917644400792021142e-01
4.928427525168051493e-01
4.939226672017151820e-01
4.950041877077180907e-01
4.960873176192358014e-01
4.971720605313664221e-01
4.982584200499234339e-01
4.993463997914759922e-01
5.004360033833891164e-01
5.015272344638637136e-01
5.026200966819773797e-01
5.037145936977246441e-01
5.048107291820583820e-01
5.059085068169304478e-01
5.070079302953330869e-01
5.081090033213401247e-01
5.092117296101490442e-01
5.103161128881221753e-01
5.114221568928291051e-01
5.125298653730886445e-01
5.136392420890113497e-01
5.147502908120414888e-01
5.158630153250008954e-01
5.169774194221308239e-01
5.180935069091354706e-01
5.192112816032256051e-01
5.203307473331616473e-01
5.214519079392972989e-01
5.225747672736241745e-01
5.236993291998151001e-01
5.248255975932687445e-01
5.259535763411543607e-01
5.270832693424561954e-01
5.282146805080186747e-01
5.293478137605910350e-01
5.304826730348733976e-01
5.316192622775616217e-01
5.327575854473936001e-01
5.338976465151947792e-01
5.350394494639244547e-01
5.361829982887226231e-01
5.373282969969559453e-01
5.384753496082645974e-01
5.396241601546097888e-01
5.407747326803205024e-01
5.419270712421412339e-01
5.430811799092796210e-01
5.442370627634544045e-01
5.453947238989433899e-01
5.465541674226316315e-01
5.477153974540606152e-01
5.488784181254763306e-01
5.500432335818787877e-01
5.512098479810710883e-01
5.523782654937087200e-01
5.535484903033497384e-01
5.547205266065041718e-01
5.558943786126843145e-01
5.570700505444555750e-01
5.582475466374862139e-01
5.594268711405993022e-01
5.606080283158227928e-01
5.617910224384417006e-01
5.629758577970491729e-01
5.641625386935983366e-01
5.653510694434548123e-01
5.665414543754482279e-01
5.677336978319256211e-01
5.689278041688037302e-01
5.701237777556222852e-01
5.713216229755969655e-01
5.725213442256735785e-01
5.737229459165809065e-01
5.749264324728858844e-01
5.761318083330467799e-01
5.773390779494687042e-01
5.785482457885579022e-01
5.797593163307771524e-01
5.809722940707008343e-01
5.821871835170703280e-01
5.834039891928505250e-01
5.846227156352853394e-01
5.858433673959546617e-01
5.870659490408305370e-01
5.882904651503344517e-01
5.895169203193941776e-01
5.907453191575016138e-01
5.919756662887701859e-01
5.932079663519931323e-01
5.944422240007016800e-01
5.956784439032237755e-01
5.969166307427427043e-01
5.981567892173564882e-01
5.993989240401368379e-01
6.006430399391897712e-01
6.018891416577144549e-01
6.031372339540641558e-01
6.043873216018068595e-01
6.056394093897859987e-01
6.068935021221814052e-01
6.081496046185710380e-01
6.094077217139927116e-01
6.106678582590056026e-01
6.119300191197535321e-01
6.131942091780266946e-01
6.144604333313252731e-01
6.157286964929221673e-01
6.169990035919270532e-01
6.182713595733496659e-01
6.195457693981644143e-01
6.208222380433747745e-01
6.221007705020776823e-01
6.233813717835292589e-01
6.246640469132099804e-01
6.259488009328901814e-01
6.272356389006963351e-01
6.285245658911775557e-01
6.298155869953718788e-01
6.311087073208739850e-01
6.324039319919017021e-01
6.337012661493641730e-01
6.350007149509301341e-01
6.363022835710957503e-01
6.376059772012534488e-01
6.389118010497611966e-01
6.402197603420113348e-01
6.415298603205008554e-01
6.428421062449009016e-01
6.441565033921279326e-01
6.454730570564136682e-01
6.467917725493762537e-01
6.481126552000924246e-01
6.494357103551682275e-01
6.507609433788121844e-01
6.520883596529069015e-01
6.534179645770824552e-01
6.547497635687896667e-01
6.560837620633733769e-01
6.574199655141464982e-01
6.587583793924643993e-01
6.600990091877994015e-01
6.614418604078158292e-01
6.627869385784459499e-01
6.641342492439651357e-01
6.654837979670681358e-01
6.668355903289460151e-01
6.681896319293629816e-01
6.695459283867331024e-01
6.709044853381989082e-01
6.722653084397087753e-01
6.736284033660958626e-01
6.749937758111570485e-01
6.763614314877316458e-01
6.777313761277816706e-01
6.791036154824717785e-01
6.804781553222494228e-01
6.818550014369259005e-01
6.832341596357579538e-01
6.846156357475292609e-01
6.859994356206323696e-01
6.873855651231515207e-01
6.887740301429454703e-01
6.901648365877304236e-01
6.915579903851649668e-01
6.929534974829328897e-01
6.943513638488290063e-01
6.957515954708433092e-01
6.971541983572471235e-01
6.985591785366787043e-01
6.999665420582299458e-01
7.013762949915325340e-01
7.027884434268457658e-01
7.042029934751441456e-01
7.056199512682056474e-01
7.070393229586998673e-01
7.084611147202777293e-01
7.098853327476604136e-01
7.113119832567293965e-01
7.127410724846173773e-01
7.141726066897984282e-01
7.156065921521801432e-01
7.170430351731951202e-01
7.184819420758925546e-01
7.199233192050324970e-01
7.213671729271778910e-01
7.228135096307887197e-01
7.242623357263161532e-01
7.257136576462975830e-01
7.271674818454513245e-01
7.286238148007727622e-01
7.300826630116300509e-01
7.315440329998615931e-01
7.330079313098719629e-01
7.344743645087309369e-01
7.359433391862706397e-01
7.374148619551850192e-01
7.388889394511288788e-01
7.403655783328171314e-01
7.418447852821257182e-01
7.433265670041921958e-01
7.448109302275166543e-01
7.462978817040637480e-01
7.477874282093658342e-01
7.492795765426246701e-01
7.507743335268158846e-01
7.522717060087921181e-01
7.537717008593884938e-01
7.552743249735265341e-01
7.567795852703210757e-01
7.582874886931852965e-01
7.597980422099386288e-01
7.613112528129131196e-01
7.628271275190618983e-01
7.643456733700673134e-01
7.658668974324502887e-01
7.673908067976795699e-01
7.689174085822818583e-01
7.704467099279532771e-01
7.719787180016700612e-01
7.735134399958009110e-01
7.750508831282192368e-01
7.765910546424166228e-01
7.781339618076160702e-01
7.796796119188870167e-01
7.812280122972597995e-01
7.827791702898415638e-01
7.843330932699323910e-01
7.858897886371419839e-01
7.874492638175073500e-01
7.890115262636108184e-01
7.905765834546983895e-01
7.921444428967993057e-01
7.937151121228467332e-01
7.952885986927973327e-01
7.968649101937531620e-01
7.984440542400836893e-01
8.000260384735480290e-01
8.016108705634180653e-01
8.031985582066033524e-01
8.047891091277743492e-01
8.063825310794889845e-01
8.079788318423178906e-01
8.095780192249710794e-01
8.111801010644253962e-01
8.127850852260528614e-01
8.143929796037484570e-01
8.160037921200604671e-01
8.176175307263203740e-01
8.192342034027734199e-01
8.208538181587106131e-01
8.224763830326001779e-01
8.241019060922217809e-01
8.257303954347986474e-01
8.273618591871338968e-01
8.289963055057437691e-01
8.306337425769951821e-01
8.322741786172416223e-01
8.339176218729604795e-01
8.355640806208917137e-01
8.372135631681765222e-01
8.388660778524967832e-01
8.405216330422157212e-01
8.421802371365199047e-01
8.438418985655600224e-01
8.455066257905947680e-01
8.471744273041337259e-01
8.488453116300822554e-01
8.505192873238863749e-01
8.521963629726790890e-01
8.538765471954267161e-01
8.555598486430774363e-01
8.572462759987089509e-01
8.589358379776781405e-01
8.606285433277709451e-01
8.623244008293537988e-01
8.640234192955249526e-01
8.657256075722671307e-01
8.674309745386016290e-01
8.691395291067425255e-01
8.708512802222512228e-01
8.725662368641934341e-01
8.742844080452960576e-01
8.760058028121040508e-01
8.777304302451410800e-01
8.794582994590670610e-01
8.811894196028404735e-01
8.829237998598790105e-01
8.846614494482220037e-01
8.864023776206939598e-01
8.881465936650688731e-01
8.898941069042345386e-01
8.916449266963597520e-01
8.933990624350608423e-01
8.951565235495699824e-01
8.969173195049036096e-01
8.986814598020327338e-01
9.004489539780539120e-01
9.022198116063604445e-01
9.039940422968162359e-01
9.057716556959286569e-01
9.075526614870240705e-01
9.093370693904233582e-01
9.111248891636188896e-01
9.129161306014520472e-01
9.147108035362927492e-01
9.165089178382185287e-01
9.183104834151957219e-01
9.201155102132623220e-01
9.219240082167097228e-01
9.237359874482677924e-01
9.255514579692892818e-01
9.273704298799368972e-01
9.291929133193692625e-01
9.310189184659313222e-01
9.328484555373413034e-01
9.346815347908837834e-01
9.365181665235998709e-01
9.383583610724803847e-01
9.402021288146594769e-01
9.420494801676108088e-01
9.439004255893422846e-01
9.457549755785938927e-01
9.476131406750369912e-01
9.494749314594731482e-01
9.513403585540352037e-01
9.532094326223892189e-01
9.550821643699377583e-01
9.569585645440239485e-01
9.588386439341379797e-01
9.607224133721224968e-01
9.626098837323819879e-01
9.645010659320913948e-01
9.663959709314065005e-01
9.682946097336760927e-01
9.701969933856542383e-01
9.721031329777151120e-01
9.740130396440688232e-01
9.759267245629770215e-01
9.778441989569720549e-01
9.797654740930761275e-01
9.816905612830220118e-01
9.836194718834738726e-01
9.855522172962527527e-01
9.874888089685595061e-01
9.894292583932018381e-01
9.913735771088202364e-01
9.933217767001184528e-01
9.952738687980926535e-01
9.972298650802631226e-01
9.991897772709060765e-01
1.001153617141289809e+00
1.003121396509909280e+00
1.005093127242722595e+00
1.007068821253390700e+00
1.009048490503516859e+00
1.011032147002888237e+00
1.013019802809717929e+00
1.015011470030890095e+00
1.017007160822206213e+00
1.019006887388631544e+00
1.021010661984543155e+00
1.023018496913982389e+00
1.025030404530905326e+00
1.027046397239436581e+00
1.029066487494123106e+00
1.031090687800192418e+00
1.033119010713809960e+00
1.035151468842337774e+00
1.037188074844597407e+00
1.039228841431131256e+00
1.041273781364468132e+00
1.043322907459387716e+00
1.045376232583190568e+00
1.047433769655965241e+00
1.049495531650860736e+00
1.051561531594358057e+00
1.053631782566545771e+00
1.055706297701394902e+00
1.057785090187038035e+00
1.059868173266046210e+00
1.061955560235713802e+00
1.064047264448338304e+00
1.066143299311506532e+00
1.068243678288380627e+00
1.070348414897986933e+00
1.072457522715505318e+00
1.074571015372561167e+00
1.076688906557518921e+00
1.078811210015778954e+00
1.080937939550073112e+00
1.083069109020764254e+00
1.085204732346148671e+00
1.087344823502757629e+00
1.089489396525663345e+00
1.091638465508784739e+00
1.093792044605196967e+00
1.095950148027442284e+00
1.098112790047841125e+00
1.100279984998809635e+00
1.102451747273172966e+00
1.104628091324486805e+00
1.106809031667355336e+00
1.108994582877756541e+00
1.111184759593364824e+00
1.113379576513879199e+00
1.115579048401351248e+00
1.117783190080515965e+00
1.119992016439126825e+00
1.122205542428287739e+00
1.124423783062793003e+00
1.126646753421465474e+00
1.128874468647499407e+00
1.131106943948802179e+00
1.133344194598343346e+00
1.135586235934499921e+00
1.137833083361409869e+00
1.140084752349321162e+00
1.142341258434951046e+00
1.144602617221840202e+00
1.146868844380714680e+00
1.149139955649844724e+00
1.151415966835413141e+00
1.153696893811879010e+00
1.155982752522348500e+00
1.158273558978944129e+00
1.160569329263181348e+00
1.162870079526343359e+00
1.165175825989859693e+00
1.167486584945687689e+00
1.169802372756697295e+00
1.172123205857055650e+00
1.174449100752616326e+00
1.176780074021311240e+00
1.179116142313544557e+00
1.181457322352588157e+00
1.183803630934981088e+00
1.186155084930931691e+00
1.188511701284722166e+00
1.190873497015114468e+00
1.193240489215760425e+00
1.195612695055614960e+00
1.197990131779349987e+00
1.200372816707773405e+00
1.202760767238248318e+00
1.205154000845118034e+00
1.207552535080131717e+00
1.209956387572872716e+00
1.212365576031191106e+00
1.214780118241639117e+00
1.217200032069908122e+00
1.219625335461269167e+00
1.222056046441016175e+00
1.224492183114914923e+00
1.226933763669649124e+00
1.229380806373275181e+00
1.231833329575677594e+00
1.234291351709027484e+00
1.236754891288242897e+00
1.239223966911456865e+00
1.241698597260481929e+00
1.244178801101284870e+00
1.246664597284456333e+00
1.249156004745694215e+00
1.251653042506279068e+00
1.254155729673562591e+00
1.256664085441451029e+00
1.259178129090899656e+00
1.261697879990403282e+00
1.264223357596497621e+00
1.266754581454254458e+00
1.269291571197792567e+00
1.271834346550780426e+00
1.274382927326947801e+00
1.276937333430604005e+00
1.279497584857151482e+00
1.282063701693611391e+00
1.284635704119145405e+00
1.287213612405587737e+00
1.289797446917975599e+00
1.292387228115087661e+00
1.294982976549980513e+00
1.297584712870536672e+00
1.300192457820008363e+00
1.302806232237571971e+00
1.305426057058879152e+00
1.308051953316620830e+00
1.310683942141085856e+00
1.313322044760729668e+00
1.315966282502744278e+00
1.318616676793634701e+00
1.321273249159795382e+00
1.323936021228094173e+00
1.326605014726458531e+00
1.329280251484468600e+00
1.331961753433949625e+00
1.334649542609572137e+00
1.337343641149456586e+00
1.340044071295780403e+00
1.342750855395389964e+00
1.345464015900416310e+00
1.348183575368897991e+00
1.350909556465404782e+00
1.353641981961666518e+00
1.356380874737209474e+00
1.359126257779992741e+00
1.361878154187053713e+00
1.364636587165152681e+00
1.367401580031427422e+00
1.370173156214050669e+00
1.372951339252890035e+00
1.375736152800175471e+00
1.378527620621169625e+00
1.381325766594845739e+00
1.384130614714566887e+00
1.386942189088771427e+00
1.389760513941665554e+00
1.392585613613918083e+00
1.395417512563359441e+00
1.398256235365691325e+00
1.401101806715193909e+00
1.403954251425444832e+00
1.406813594430036396e+00
1.409679860783307870e+00
1.412553075661071800e+00
1.415433264361355192e+00
1.418320452305138035e+00
1.421214665037105584e+00
1.424115928226397987e+00
1.427024267667372115e+00
1.429939709280362736e+00
1.432862279112456338e+00
1.435792003338263845e+00
1.438728908260702877e+00
1.441673020311786013e+00
1.444624366053412379e+00
1.447582972178167227e+00
1.450548865510125740e+00
1.453522073005664605e+00
1.456502621754279136e+00
1.459490538979405061e+00
1.462485852039245637e+00
1.465488588427611649e+00
1.468498775774757625e+00
1.471516441848232493e+00
1.474541614553730007e+00
1.477574321935954060e+00
1.480614592179480438e+00
1.483662453609632337e+00
1.486717934693359222e+00
1.489781064040124559e+00
1.492851870402796877e+00
1.495930382678549497e+00
1.499016629909768694e+00
1.502110641284966075e+00
1.505212446139698068e+00
1.508322073957493625e+00
1.511439554370788363e+00
1.514564917161866697e+00
1.517698192263808643e+00
1.520839409761445937e+00
1.523988599892325935e+00
1.527145793047681499e+00
1.530311019773406001e+00
1.533484310771043857e+00
1.536665696898777078e+00
1.539855209172431350e+00
1.543052878766477898e+00
1.546258737015054896e+00
1.549472815412986870e+00
1.552695145616819206e+00
1.555925759445853540e+00
1.559164688883199812e+00
1.562411966076827419e+00
1.565667623340633030e+00
1.568931693155507512e+00
1.572204208170419948e+00
1.575485201203506769e+00
1.578774705243163545e+00
1.582072753449157432e+00
1.585379379153736279e+00
1.588694615862754844e+00
1.592018497256802556e+00
1.595351057192349487e+00
1.598692329702890991e+00
1.602042349000110111e+00
1.605401149475040645e+00
1.608768765699249537e+00
1.612145232426018371e+00
1.615530584591542862e+00
1.618924857316132337e+00
1.622328085905430761e+00
1.625740305851636647e+00
1.629161552834736737e+00
1.632591862723752119e+00
1.636031271577990776e+00
1.639479815648309913e+00
1.642937531378390270e+00
1.646404455406020428e+00
1.649880624564391329e+00
1.653366075883398789e+00
1.656860846590959779e+00
1.660364974114337144e+00
1.663878496081477198e+00
1.667401450322354650e+00
1.670933874870331071e+00
1.674475807963523799e+00
1.678027288046187060e+00
1.681588353770097966e+00
1.685159043995965833e+00
1.688739397794840169e+00
1.692329454449538195e+00
1.695929253456080588e+00
1.699538834525140318e+00
1.703158237583503931e+00
1.706787502775541698e+00
1.710426670464692656e+00
1.714075781234961404e+00
1.717734875892426460e+00
1.721403995466761705e+00
1.725083181212768491e+00
1.728772474611923293e+00
1.732471917373937575e+00
1.736181551438325865e+00
1.739901418975995373e+00
1.743631562390840495e+00
1.747372024321357076e+00
1.751122847642261782e+00
1.754884075466137450e+00
1.758655751145079327e+00
1.762437918272363735e+00
1.766230620684124508e+00
1.770033902461050968e+00
1.773847807930091447e+00
1.777672381666179025e+00
1.781507668493963470e+00
1.785353713489568062e+00
1.789210561982351511e+00
1.793078259556689869e+00
1.796956852053772424e+00
1.800846385573414032e+00
1.804746906475879653e+00
1.808658461383726879e+00
1.812581097183664447e+00
1.816514861028424077e+00
1.820459800338652734e+00
1.824415962804812663e+00
1.828383396389110294e+00
1.832362149327428469e+00
1.836352270131285547e+00
1.840353807589802271e+00
1.844366810771696175e+00
1.848391329027282870e+00
1.852427411990500428e+00
1.856475109580949967e+00
1.860534472005954454e+00
1.864605549762633041e+00
1.868688393639995393e+00
1.872783054721054441e+00
1.876889584384957788e+00
1.881008034309133770e+00
1.885138456471461055e+00
1.889280903152455782e+00
1.893435426937477128e+00
1.897602080718951312e+00
1.901780917698616458e+00
1.905971991389788567e+00
1.910175355619645465e+00
1.914391064531527187e+00
1.918619172587267885e+00
1.922859734569534629e+00
1.927112805584198396e+00
1.931378441062715723e+00
1.935656696764542328e+00
1.939947628779559174e+00
1.944251293530526725e+00
1.948567747775552528e+00
1.952897048610593878e+00
1.957239253471968921e+00
1.961594420138900619e+00
1.965962606736077145e+00
1.970343871736238706e+00
1.974738273962788560e+00
1.979145872592420252e+00
1.983566727157780596e+00
1.988000897550144419e+00
1.992448444022124399e+00
1.996909427190393327e+00
2.001383908038445458e+00
2.005871947919370069e+00
2.010373608558659875e+00
2.014888952057034555e+00
2.019418040893304234e+00
2.023960937927244963e+00
2.028517706402511944e+00
2.033088409949567854e+00
2.037673112588651581e+00
2.042271878732763390e+00
2.046884773190681628e+00
2.051511861170008721e+00
2.056153208280242950e+00
2.060808880535879961e+00
2.065478944359539604e+00
2.070163466585130063e+00
2.074862514461032870e+00
2.079576155653320768e+00
2.084304458249005787e+00
2.089047490759318837e+00
2.093805322123018176e+00
2.098578021709729846e+00
2.103365659323316539e+00
2.108168305205284199e+00
2.112986030038216168e+00
2.117818904949238412e+00
2.122667001513523832e+00
2.127530391757822770e+00
2.132409148164031709e+00
2.137303343672791289e+00
2.142213051687125169e+00
2.147138346076108206e+00
2.152079301178570159e+00
2.157035991806835362e+00
2.162008493250501484e+00
2.166996881280250253e+00
2.172001232151694161e+00
2.177021622609264462e+00
2.182058129890132925e+00
2.187110831728176219e+00
2.192179806357966942e+00
2.197265132518821940e+00
2.202366889458871491e+00
2.207485156939181348e+00
2.212620015237902305e+00
2.217771545154477053e+00
2.222939828013869690e+00
2.228124945670850732e+00
2.233326980514313664e+00
2.238546015471644335e+00
2.243782134013123208e+00
2.249035420156378251e+00
2.254305958470874671e+00
2.259593834082458397e+00
2.264899132677935967e+00
2.270221940509701941e+00
2.275562344400415160e+00
2.280920431747720745e+00
2.286296290529014730e+00
2.291690009306258879e+00
2.297101677230848349e+00
2.302531384048519314e+00
2.307979220104314333e+00
2.313445276347585455e+00
2.318929644337065721e+00
2.324432416245973521e+00
2.329953684867180908e+00
2.335493543618425427e+00
2.341052086547582789e+00
2.346629408337988387e+00
2.352225604313809004e+00
2.357840770445479794e+00
2.363475003355187010e+00
2.369128400322410677e+00
2.374801059289522343e+00
2.380493078867442769e+00
2.386204558341356474e+00
2.391935597676482672e+00
2.397686297523907495e+00
2.403456759226477502e+00
2.409247084824754026e+00
2.415057377063024813e+00
2.420887739395382710e+00
2.426738275991865645e+00
2.432609091744663665e+00
2.438500292274380143e+00
2.444411983936373822e+00
2.450344273827154584e+00
2.456297269790854276e+00
2.462271080425753933e+00
2.468265815090898929e+00
2.474281583912763871e+00
2.480318497791999643e+00
2.486376668410246182e+00
2.492456208237022519e+00
2.498557230536685214e+00
2.504679849375462286e+00
2.510824179628560859e+00
2.516990336987353860e+00
2.523178437966642207e+00
2.529388599911987168e+00
2.535620941007137308e+00
2.541875580281518054e+00
2.548152637617815852e+00
2.554452233759628488e+00
2.560774490319218000e+00
2.567119529785327980e+00
2.573487475531100799e+00
2.579878451822064545e+00
2.586292583824227886e+00
2.592729997612242432e+00
2.599190820177669448e+00
2.605675179437322520e+00
2.612183204241719015e+00
2.618715024383609702e+00
2.625270770606605630e+00
2.631850574613905369e+00
2.638454569077115064e+00
2.645082887645162195e+00
2.651735664953311922e+00
2.658413036632286452e+00
2.665115139317479453e+00
2.671842110658277036e+00
2.678594089327478667e+00
2.685371215030829095e+00
2.692173628516655537e+00
2.699001471585607437e+00
2.705854887100509032e+00
2.712734018996330043e+00
2.719639012290256286e+00
2.726570013091880629e+00
2.733527168613510305e+00
2.740510627180590575e+00
2.747520538242244292e+00
2.754557052381929605e+00
2.761620321328229544e+00
2.768710497965753969e+00
2.775827736346170305e+00
2.782972191699360387e+00
2.790144020444707440e+00
2.797343380202513163e+00
2.804570429805541831e+00
2.811825329310701171e+00
2.819108240010860467e+00
2.826419324446805437e+00
2.833758746419321906e+00
2.841126671001441117e+00
2.848523264550805401e+00
2.855948694722196368e+00
2.863403130480192793e+00
2.870886742111997236e+00
2.878399701240397235e+00
2.885942180836886362e+00
2.893514355234934943e+00
2.901116400143429974e+00
2.908748492660258922e+00
2.916410811286066718e+00
2.924103535938165521e+00
2.931826847964627447e+00
2.939580930158526062e+00
2.947365966772359513e+00
2.955182143532648187e+00
2.963029647654701115e+00
2.970908667857567576e+00
2.978819394379156105e+00
2.986762018991557355e+00
2.994736735016533924e+00
3.002743737341208696e+00
3.010783222433933037e+00
3.018855388360367709e+00
3.026960434799740973e+00
3.035098563061317201e+00
3.043269976101058205e+00
3.051474878538503077e+00
3.059713476673842525e+00
3.067985978505213929e+00
3.076292593746197568e+00
3.084633533843549102e+00
3.093009011995135449e+00
3.101419243168096251e+00
3.109864444117243831e+00
3.118344833403679850e+00
3.126860631413650893e+00
3.135412060377637644e+00
3.143999344389690975e+00
3.152622709427005621e+00
3.161282383369741655e+00
3.169978596021095552e+00
3.178711579127634579e+00
3.187481566399879451e+00
3.196288793533154315e+00
3.205133498228696975e+00
3.214015920215052002e+00
3.222936301269727188e+00
3.231894885241122672e+00
3.240891918070764266e+00
3.249927647815802345e+00
3.259002324671811834e+00
3.268116200995880405e+00
3.277269531330009755e+00
3.286462572424808215e+00
3.295695583263498207e+00
3.304968825086233242e+00
3.314282561414744421e+00
3.323637058077297368e+00
3.333032583233985768e+00
3.342469407402350434e+00
3.351947803483350974e+00
3.361468046787669195e+00
3.371030415062358454e+00
3.380635188517866929e+00
3.390282649855399288e+00
3.399973084294660275e+00
3.409706779601951787e+00
3.419484026118671860e+00
3.429305116790175134e+00
3.439170347195036115e+00
3.449080015574690794e+00
3.459034422863509484e+00
3.469033872719245792e+00
3.479078671553921698e+00
3.489169128565116296e+00
3.499305555767706633e+00
3.509488268026017987e+00
3.519717583086425350e+00
3.529993821610411864e+00
3.540317307208072695e+00
3.550688366472083413e+00
3.561107329012139111e+00
3.571574527489880246e+00
3.582090297654292321e+00
3.592654978377611386e+00
3.603268911691712706e+00
3.613932442825039004e+00
3.624645920240019858e+00
3.635409695671036001e+00
3.646224124162901425e+00
3.657089564109917479e+00
3.668006377295455422e+00
3.678974928932108313e+00
3.689995587702426416e+00
3.701068725800222392e+00
3.712194718972472884e+00
3.723373946561813863e+00
3.734606791549663907e+00
3.745893640599956331e+00
3.757234884103505035e+00
3.768630916223011162e+00
3.780082134938736793e+00
3.791588942094830994e+00
3.803151743446333111e+00
3.814770948706865727e+00
3.826446971597033730e+00
3.838180229893528583e+00
3.849971145478946699e+00
3.861820144392372978e+00
3.873727656880679326e+00
3.885694117450613660e+00
3.897719964921637192e+00
3.909805642479581511e+00
3.921951597731081041e+00
3.934158282758841274e+00
3.946426154177715251e+00
3.958755673191658886e+00
3.971147305651516746e+00
3.983601522113699112e+00
3.996118797899738784e+00
4.008699613156773367e+00
4.021344452918935275e+00
4.034053807169676986e+00
4.046828170905077293e+00
4.059668044198095238e+00
4.072573932263829910e+00
4.085546345525777667e+00
4.098585799683135633e+00
4.111692815779132815e+00
4.124867920270436805e+00
4.138111645097630742e+00
4.151424527756820027e+00
4.164807111372339499e+00
4.178259944770621459e+00
4.191783582555206777e+00
4.205378585182982576e+00
4.219045519041595860e+00
4.232784956528103493e+00
4.246597476128901150e+00
4.260483662500903712e+00
4.274444106554041944e+00
4.288479405535076339e+00
4.302590163112783195e+00
4.316776989464494285e+00
4.331040501364054052e+00
4.345381322271197888e+00
4.359800082422401246e+00
4.374297418923203118e+00
4.388873975842044750e+00
4.403530404305644907e+00
4.418267362595967640e+00
4.433085516248774560e+00
4.447985538153804264e+00
4.462968108656644617e+00
4.478033915662280151e+00
4.493183654740371402e+00
4.508418029232305280e+00
4.523737750360048437e+00
4.539143537336823186e+00
4.554636117479667234e+00
4.570216226323880804e+00
4.585884607739449059e+00
4.601642014049424745e+00
4.617489206150342973e+00
4.633426953634692147e+00
4.649456034915512959e+00
4.665577237353123685e+00
4.681791357384030405e+00
4.698099200652111840e+00
4.714501582142035296e+00
4.730999326315044939e+00
4.747593267247076199e+00
4.764284248769353525e+00
4.781073124611409320e+00
4.797960758546658155e+00
4.814948024540517402e+00
4.832035806901205710e+00
4.849225000433172283e+00
4.866516510593309697e+00
4.883911253649921846e+00
4.901410156844598021e+00
4.919014158556962890e+00
4.936724208472411668e+00
4.954541267752907707e+00
4.972466309210861191e+00
4.990500317486191939e+00
5.008644289226612756e+00
5.026899233271256762e+00
5.045266170837646058e+00
5.063746135712140273e+00
5.082340174443880976e+00
5.101049346542381180e+00
5.119874724678760813e+00
5.138817394890760504e+00
5.157878456791580746e+00
5.177059023782688563e+00
5.196360223270598766e+00
5.215783196887767481e+00
5.235329100717702744e+00
5.254999105524336578e+00
5.274794396985792666e+00
5.294716175932622448e+00
5.314765658590649089e+00
5.334944076828470827e+00
5.355252678409765821e+00
5.375692727250482861e+00
5.396265503681074271e+00
5.416972304713819852e+00
5.437814444315410611e+00
5.458793253684877556e+00
5.479910081537036959e+00
5.501166294391525824e+00
5.522563276867563431e+00
5.544102431984637924e+00
5.565785181469158793e+00
5.587612966067293740e+00
5.609587245864068983e+00
5.631709500608971020e+00
5.653981230048095163e+00
5.676403954263081530e+00
5.698979214016942407e+00
5.721708571107005703e+00
5.744593608725083733e+00
5.767635931825077833e+00
5.790837167498170679e+00
5.814198965355851456e+00
5.837722997920883117e+00
5.861410961026431998e+00
5.885264574223628919e+00
5.909285581197647019e+00
5.933475750192615195e+00
5.957836874445492370e+00
5.982370772629241884e+00
6.007079289305401026e+00
6.031964295386396557e+00
6.057027688607751870e+00
6.082271394010556165e+00
6.107697364434318210e+00
6.133307581020577715e+00
6.159104053727458172e+00
6.185088821855558194e+00
6.211263954585333202e+00
6.237631551526352069e+00
6.264193743278743121e+00
6.290952692007079072e+00
6.317910592027079275e+00
6.345069670405433016e+00
6.372432187573137341e+00
6.400000437952630072e+00
6.427776750599142552e+00
6.455763489856607862e+00
6.483963056028579253e+00
6.512377886064458110e+00
6.541010454261537710e+00
6.569863272983202940e+00
6.598938893393840210e+00
6.628239906210766641e+00
6.657768942473733631e+00
6.687528674332504863e+00
6.717521815852913747e+00
6.747751123841992715e+00
6.778219398692640674e+00
6.808929485248450320e+00
6.839884273689168737e+00
6.871086700437418315e+00
6.902539749087254428e+00
6.934246451355233987e+00
6.966209888054533117e+00
6.998433190092857359e+00
7.030919539494753678e+00
7.063672170449123655e+00
7.096694370382549799e+00
7.129989481059220147e+00
7.163560899708311780e+00
7.197412080179477201e+00
7.231546534127397230e+00
7.265967832226133183e+00
7.300679605414309492e+00
7.335685546171877291e+00
7.370989409829516781e+00
7.406595015911572766e+00
7.442506249513646921e+00
7.478727062715738505e+00
7.515261476032141452e+00
7.552113579899113915e+00
7.589287536201607232e+00
7.626787579840094367e+00
7.664618020338823889e+00
7.702783243496835297e+00
7.741287713082916966e+00
7.780135972576026404e+00
7.819332646952473098e+00
7.858882444521500865e+00
7.898790158810609974e+00
7.939060670502355421e+00
7.979698949424154364e+00
8.020710056592943005e+00
8.062099146316281661e+00
8.103871468351881546e+00
8.146032370127340272e+00
8.188587299022195509e+00
8.231541804714193944e+00
8.274901541591956899e+00
8.318672271236334126e+00
8.362859864972563173e+00
8.407470306495749668e+00
8.452509694572034604e+00
8.497984245818138049e+00
8.543900297561778601e+00
8.590264310785853397e+00
8.637082873159174667e+00
8.684362702156862568e+00
8.732110648273341269e+00
8.780333698331284964e+00
8.829038978889800049e+00
8.878233759755433496e+00
8.927925457599521053e+00
8.978121639685667787e+00
9.028830027711469697e+00
9.080058501768306201e+00
9.131815104423678164e+00
9.184108044930388459e+00
9.236945703567377208e+00
9.290336636116796498e+00
9.344289578482534608e+00
9.398813451455309220e+00
9.453917365629919800e+00
9.509610626480194284e+00
9.565902739597689219e+00
9.622803416100225604e+00
9.680322578216918217e+00
9.738470365056212330e+00
9.797257138564056334e+00
9.856693489679724252e+00
9.916790244696674250e+00
9.977558471836733389e+00
1.003900948804576743e+01
1.010115486601987733e+01
1.016400644147096344e+01
1.022757632064150535e+01
1.029187688807836132e+01
1.035692081467633763e+01
1.042272106600219672e+01
1.048929091091082988e+01
1.055664393046543026e+01
1.062479402717452537e+01
1.069375543455874222e+01
1.076354272706131887e+01
1.083417083031693728e+01
1.090565503179383633e+01
1.097801099182534657e+01
1.105125475504741317e+01
1.112540276225987590e+01
1.120047186272963557e+01
1.127647932695528432e+01
1.135344285991331326e+01
1.143138061480752121e+01
1.151031120734369040e+01
1.159025373055342101e+01
1.167122777019164559e+01
1.175325342073426249e+01
1.183635130200294405e+01
1.192054257644619675e+01
1.200584896710723903e+01
1.209229277631043153e+01
1.217989690510025902e+01
1.226868487346831138e+01
1.235868084140599699e+01
1.244990963082227964e+01
1.254239674836846241e+01
1.263616840921387841e+01
1.273125156181936823e+01
1.282767391375733190e+01
1.292546395863060482e+01
1.302465100414490529e+01
1.312526520139322272e+01
1.322733757541327648e+01
1.333090005708323744e+01
1.343598551642481453e+01
1.354262779738626676e+01
1.365086175418298886e+01
1.376072328927738120e+01
1.387224939308532612e+01
1.398547818550102484e+01
1.410044895933852871e+01
1.421720222579364190e+01
1.433577976203711835e+01
1.445622466105608162e+01
1.457858138386902347e+01
1.470289581424694703e+01
1.482921531608257659e+01
1.495758879355783755e+01
1.508806675427037014e+01
1.522070137549054891e+01
1.535554657373106302e+01
1.549265807782438920e+01
1.563209350571587564e+01
1.577391244519525237e+01
1.591817653880358385e+01
1.606494957317035244e+01
1.621429757305229558e+01
1.636628890036577744e+01
1.652099435852414189e+01
1.667848730241512456e+01
1.683884375437681413e+01
1.700214252655798930e+01
1.716846535007588415e+01
1.733789701141651207e+01
1.751052549655601709e+01
1.768644214331722608e+01
1.786574180251619026e+01
1.804852300849567825e+01
1.823488815969044907e+01
1.842494370991878228e+01
1.861880037115172115e+01
1.881657332857114184e+01
1.901838246879503913e+01
1.922435262221943120e+01
1.943461382050687547e+01
1.964930157033716895e+01
1.986855714463193578e+01
2.009252789256749949e+01
2.032136756980596104e+01
2.055523669050020885e+01
2.079430290276544468e+01
2.103874138946365946e+01
2.128873529631405148e+01
2.154447618952881882e+01
2.180616454537648963e+01
2.207401027430298512e+01
2.234823328248957708e+01
2.262906407400596365e+01
2.291674439702275379e+01
2.321152793789187285e+01
2.351368106728265417e+01
2.382348364298712795e+01
2.414122987447896307e+01
2.446722925484064604e+01
2.480180756626447902e+01
2.514530796599294504e+01
2.549809216030874737e+01
2.586054167501668033e+01
2.623305923179983523e+01
2.661607024088673867e+01
2.701002442166193163e+01
2.741539756419863139e+01
2.783269344622170394e+01
2.826244592173800285e+01
2.870522119954277329e+01
2.916162033204912873e+01
2.963228193744630801e+01
3.011788518111016799e+01
3.061915304553727424e+01
3.113685592191280449e+01
3.167181556083418670e+01
3.222490942480386877e+01
3.279707549097928876e+01
3.338931755947664470e+01
3.400271113042033022e+01
3.463840992212575287e+01
3.529765311352382184e+01
3.598177340648408062e+01
3.669220601840434171e+01
3.743049873275302275e+01
3.819832315567547454e+01
3.899748735096211050e+01
3.982995005438587555e+01
4.069783670263599618e+01
4.160345755298394010e+01
4.254932821890290029e+01
4.353819300600022046e+01
4.457305150412509676e+01
4.565718897835115087e+01
4.679421120741749718e+01
4.798808454793742584e+01
4.924318216232990864e+01
