0.000000000000000000e+00
8.627552159627220596e-05
1.726371035632140016e-04
2.590848747337155572e-04
3.456189641979471347e-04
4.322395013040011380e-04
5.189466156585367937e-04
6.057404371274270399e-04
6.926210958364063374e-04
7.795887221717208654e-04
8.666434467807813740e-04
9.537854005728167413e-04
1.041014714719531000e-03
1.128331520655760471e-03
1.215735950080134697e-03
1.303228134955738233e-03
1.390808207510774728e-03
1.478476300239233267e-03
1.566232545901556899e-03
1.654077077525311149e-03
1.742010028405858394e-03
1.830031532107030505e-03
1.918141722461805818e-03
2.006340733572987197e-03
2.094628699813882045e-03
2.183005755828986219e-03
2.271472036534665992e-03
2.360027677119846089e-03
2.448672813046698371e-03
2.537407580051333992e-03
2.626232114144492515e-03
2.715146551612238404e-03
2.804151029016660555e-03
2.893245683196568781e-03
2.982430651268195079e-03
3.071706070625898361e-03
3.161072078942868315e-03
3.250528814171834910e-03
3.340076414545778329e-03
3.429715018578637607e-03
3.519444765066030538e-03
3.609265793085963177e-03
3.699178241999554959e-03
3.789182251451755131e-03
3.879277961372067877e-03
3.969465511975275689e-03
4.059745043762168389e-03
4.150116697520273013e-03
4.240580614324582394e-03
4.331136935538293722e-03
4.421785802813542332e-03
4.512527358092138959e-03
4.603361743606314803e-03
4.694289101879461391e-03
4.785309575726876506e-03
4.876423308256511852e-03
4.967630442869725056e-03
5.058931123262028207e-03
5.150325493423846789e-03
5.241813697641273424e-03
5.333395880496827682e-03
5.425072186870218485e-03
5.516842761939108261e-03
5.608707751179880553e-03
5.700667300368405035e-03
5.792721555580809464e-03
5.884870663194256835e-03
5.977114769887719066e-03
6.069454022642752425e-03
6.161888568744282486e-03
6.254418555781385627e-03
6.347044131648070520e-03
6.439765444544076102e-03
6.532582642975651339e-03
6.625495875756353195e-03
6.718505292007842869e-03
6.811611041160680301e-03
6.904813272955127347e-03
6.998112137441948356e-03
7.091507784983215081e-03
7.185000366253120260e-03
7.278590032238777333e-03
7.372276934241042690e-03
7.466061223875326662e-03
7.559943053072413176e-03
7.653922574079278542e-03
7.747999939459914581e-03
7.842175302096155223e-03
7.936448815188503966e-03
8.030820632256966546e-03
8.125290907141879265e-03
8.219859794004752071e-03
8.314527447329099485e-03
8.409294021921288886e-03
8.504159672911380113e-03
8.599124555753970278e-03
8.694188826229048983e-03
8.789352640442846601e-03
8.884616154828686024e-03
8.979979526147843089e-03
9.075442911490405259e-03
9.171006468276140730e-03
9.266670354255353639e-03
9.362434727509753168e-03
9.458299746453333046e-03
9.554265569833235439e-03
9.650332356730633929e-03
9.746500266561609546e-03
9.842769459078030275e-03
9.939140094368440967e-03
1.003561233285894805e-02
1.013218633531410597e-02
1.022886226283781924e-02
1.032564027687422718e-02
1.042252053920861635e-02
1.051950321196830525e-02
1.061658845762356203e-02
1.071377643898850478e-02
1.081106731922202267e-02
1.090846126182866763e-02
1.100595843065958930e-02
1.110355898991345104e-02
1.120126310413734061e-02
1.129907093822771214e-02
1.139698265743129685e-02
1.149499842734604503e-02
1.159311841392204889e-02
1.169134278346249840e-02
1.178967170262459896e-02
1.188810533842052375e-02
1.198664385821836091e-02
1.208528742974306243e-02
1.218403622107739129e-02
1.228289040066287557e-02
1.238185013730077472e-02
1.248091560015303011e-02
1.258008695874323658e-02
1.267936438295760339e-02
1.277874804304592916e-02
1.287823810962257162e-02
1.297783475366742767e-02
1.307753814652690659e-02
1.317734845991492230e-02
1.327726586591386829e-02
1.337729053697561676e-02
1.347742264592250057e-02
1.357766236594831755e-02
1.367800987061932108e-02
1.377846533387523491e-02
1.387902893003023844e-02
1.397970083377399371e-02
1.408048122017264286e-02
1.418137026466983683e-02
1.428236814308773972e-02
1.438347503162805928e-02
1.448469110687306514e-02
1.458601654578662102e-02
1.468745152571522029e-02
1.478899622438901128e-02
1.489065081992283629e-02
1.499241549081728464e-02
1.509429041595972305e-02
1.519627577462535038e-02
1.529837174647825059e-02
1.540057851157244397e-02
1.550289625035295056e-02
1.560532514365684832e-02
1.570786537271433650e-02
1.581051711914981117e-02
1.591328056498293037e-02
1.601615589262969305e-02
1.611914328490352336e-02
1.622224292501634260e-02
1.632545499657966914e-02
1.642877968360569041e-02
1.653221717050838355e-02
1.663576764210457706e-02
1.673943128361508187e-02
1.684320828066578415e-02
1.694709881928875561e-02
1.705110308592335325e-02
1.715522126741735043e-02
1.725945355102805751e-02
1.736380012442342857e-02
1.746826117568318903e-02
1.757283689329998747e-02
1.767752746618050236e-02
1.778233308364660439e-02
1.788725393543647013e-02
1.799229021170575815e-02
1.809744210302871928e-02
1.820270980039940048e-02
1.830809349523274121e-02
1.841359337936579466e-02
1.851920964505883796e-02
1.862494248499657612e-02
1.873079209228930078e-02
1.883675866047405598e-02
1.894284238351584548e-02
1.904904345580878469e-02
1.915536207217731490e-02
1.926179842787736907e-02
1.936835271859758956e-02
1.947502514046051472e-02
1.958181589002379319e-02
1.968872516428136349e-02
1.979575316066470997e-02
1.990290007704403202e-02
2.001016611172950696e-02
2.011755146347246961e-02
2.022505633146668216e-02
2.033268091534952415e-02
2.044042541520326925e-02
2.054829003155629261e-02
2.065627496538433722e-02
2.076438041811173862e-02
2.087260659161270515e-02
2.098095368821255996e-02
2.108942191068899005e-02
2.119801146227333691e-02
2.130672254665184548e-02
2.141555536796694789e-02
2.152451013081853673e-02
2.163358704026525567e-02
2.174278630182576236e-02
2.185210812148005374e-02
2.196155270567073589e-02
2.207112026130432850e-02
2.218081099575256940e-02
2.229062511685373643e-02
2.240056283291393807e-02
2.251062435270844223e-02
2.262080988548299115e-02
2.273111964095514761e-02
2.284155382931559591e-02
2.295211266122950192e-02
2.306279634783783145e-02
2.317360510075871030e-02
2.328453913208877735e-02
2.339559865440450637e-02
2.350678388076360772e-02
2.361809502470634675e-02
2.372953230025695928e-02
2.384109592192497351e-02
2.395278610470662553e-02
2.406460306408620548e-02
2.417654701603749040e-02
2.428861817702508002e-02
2.440081676400583655e-02
2.451314299443025160e-02
2.462559708624388610e-02
2.473817925788874064e-02
2.485088972830470228e-02
2.496372871693093923e-02
2.507669644370735459e-02
2.518979312907597759e-02
2.530301899398243459e-02
2.541637425987735427e-02
2.552985914871782822e-02
2.564347388296888547e-02
2.575721868560488029e-02
2.587109378011102565e-02
2.598509939048479489e-02
2.609923574123744136e-02
2.621350305739542086e-02
2.632790156450191821e-02
2.644243148861830095e-02
2.655709305632562162e-02
2.667188649472610959e-02
2.678681203144466644e-02
2.690186989463036471e-02
2.701706031295798838e-02
2.713238351562950387e-02
2.724783973237561441e-02
2.736342919345726224e-02
2.747915212966717952e-02
2.759500877233141483e-02
2.771099935331087019e-02
2.782712410500284839e-02
2.794338326034261771e-02
2.805977705280496282e-02
2.817630571640573206e-02
2.829296948570343001e-02
2.840976859580077521e-02
2.852670328234628919e-02
2.864377378153587506e-02
2.876098033011441346e-02
2.887832316537733771e-02
2.899580252517227827e-02
2.911341864790062059e-02
2.923117177251915652e-02
2.934906213854167334e-02
2.946708998604060173e-02
2.958525555564862908e-02
2.970355908856035093e-02
2.982200082653387388e-02
2.994058101189252946e-02
3.005929988752645624e-02
3.017815769689430327e-02
3.029715468402487816e-02
3.041629109351881230e-02
3.053556717055025405e-02
3.065498316086853747e-02
3.077453931079987201e-02
3.089423586724902859e-02
3.101407307770107091e-02
3.113405119022301035e-02
3.125417045346556844e-02
3.137443111666485263e-02
3.149483342964411875e-02
3.161537764281545371e-02
3.173606400718157611e-02
3.185689277433750161e-02
3.197786419647236783e-02
3.209897852637112747e-02
3.222023601741633853e-02
3.234163692358992676e-02
3.246318149947496207e-02
3.258487000025743485e-02
3.270670268172803929e-02
3.282867980028397054e-02
3.295080161293070797e-02
3.307306837728385407e-02
3.319548035157091070e-02
3.331803779463311799e-02
3.344074096592726530e-02
3.356359012552753013e-02
3.368658553412732376e-02
3.380972745304111626e-02
3.393301614420628221e-02
3.405645187018501580e-02
3.418003489416610724e-02
3.430376547996687869e-02
3.442764389203503000e-02
3.455167039545054691e-02
3.467584525592756067e-02
3.480016873981627706e-02
3.492464111410486377e-02
3.504926264642135858e-02
3.517403360503559145e-02
3.529895425886112048e-02
3.542402487745714701e-02
3.554924573103047242e-02
3.567461709043741325e-02
3.580013922718579267e-02
3.592581241343688336e-02
3.605163692200735737e-02
3.617761302637129139e-02
3.630374100066212362e-02
3.643002111967466594e-02
3.655645365886705384e-02
3.668303889436282800e-02
3.680977710295284255e-02
3.693666856209738836e-02
3.706371354992812894e-02
3.719091234525019607e-02
3.731826522754418118e-02
3.744577247696822403e-02
3.757343437436003186e-02
3.770125120123896806e-02
3.782922323980809215e-02
3.795735077295629006e-02
3.808563408426028640e-02
3.821407345798679550e-02
3.834266917909458922e-02
3.847142153323662717e-02
3.860033080676213840e-02
3.872939728671877246e-02
3.885862126085473656e-02
3.898800301762089804e-02
3.911754284617297017e-02
3.924724103637364236e-02
3.937709787879473122e-02
3.950711366471941488e-02
3.963728868614430079e-02
3.976762323578171554e-02
3.989811760706185595e-02
4.002877209413497478e-02
4.015958699187362202e-02
4.029056259587484451e-02
4.042169920246242026e-02
4.055299710868911361e-02
4.068445661233884014e-02
4.081607801192902590e-02
4.094786160671278624e-02
4.107980769668125032e-02
4.121191658256576074e-02
4.134418856584026053e-02
4.147662394872350666e-02
4.160922303418138068e-02
4.174198612592924795e-02
4.187491352843422665e-02
4.200800554691755395e-02
4.214126248735685504e-02
4.227468465648857865e-02
4.240827236181029386e-02
4.254202591158307012e-02
4.267594561483381566e-02
4.281003178135771303e-02
4.294428472172057143e-02
4.307870474726124138e-02
4.321329217009398788e-02
4.334804730311093979e-02
4.348297045998451849e-02
4.361806195516987339e-02
4.375332210390725507e-02
4.388875122222456876e-02
4.402434962693979603e-02
4.416011763566340953e-02
4.429605556680094730e-02
4.443216373955543447e-02
4.456844247392992286e-02
4.470489209072995435e-02
4.484151291156612124e-02
4.497830525885656433e-02
4.511526945582955417e-02
4.525240582652594046e-02
4.538971469580181661e-02
4.552719638933103163e-02
4.566485123360777137e-02
4.580267955594911899e-02
4.594068168449771256e-02
4.607885794822428466e-02
4.621720867693031309e-02
4.635573420125062294e-02
4.649443485265604414e-02
4.663331096345602750e-02
4.677236286680133692e-02
4.691159089668665155e-02
4.705099538795332742e-02
4.719057667629199954e-02
4.733033509824530194e-02
4.747027099121060856e-02
4.761038469344271856e-02
4.775067654405656253e-02
4.789114688302995720e-02
4.803179605120637408e-02
4.817262439029765947e-02
4.831363224288684477e-02
4.845481995243085260e-02
4.859618786326336259e-02
4.873773632059757999e-02
4.887946567052903896e-02
4.902137626003840593e-02
4.916346843699435920e-02
4.930574255015639923e-02
4.944819894917772823e-02
4.959083798460804660e-02
4.973366000789650881e-02
4.987666537139460315e-02
5.001985442835896883e-02
5.016322753295439363e-02
5.030678504025669351e-02
5.045052730625566167e-02
5.059445468785795513e-02
5.073856754289015475e-02
5.088286623010163795e-02
5.102735110916759020e-02
5.117202254069198875e-02
5.131688088621060018e-02
5.146192650819400582e-02
5.160715977005062710e-02
5.175258103612969535e-02
5.189819067172441597e-02
5.204398904307493134e-02
5.218997651737142945e-02
5.233615346275721086e-02
5.248252024833181123e-02
5.262907724415406135e-02
5.277582482124527907e-02
5.292276335159229461e-02
5.306989320815069799e-02
5.321721476484795460e-02
5.336472839658652073e-02
5.351243447924711877e-02
5.366033338969188049e-02
5.380842550576753203e-02
5.395671120630863432e-02
5.410519087114083747e-02
5.425386488108405875e-02
5.440273361795584794e-02
5.455179746457450990e-02
5.470105680476249760e-02
5.485051202334969428e-02
5.500016350617666777e-02
5.515001164009802198e-02
5.530005681298574144e-02
5.545029941373252197e-02
5.560073983225513605e-02
5.575137845949781207e-02
5.590221568743559272e-02
5.605325190907778365e-02
5.620448751847131191e-02
5.635592291070420229e-02
5.650755848190897740e-02
5.665939462926614795e-02
5.681143175100762666e-02
5.696367024642029486e-02
5.711611051584941645e-02
5.726875296070218363e-02
5.742159798345123495e-02
5.757464598763820107e-02
5.772789737787724362e-02
5.788135255985863564e-02
5.803501194035230737e-02
5.818887592721146834e-02
5.834294492937624338e-02
5.849721935687724611e-02
5.865169962083921495e-02
5.880638613348471849e-02
5.896127930813776369e-02
5.911637955922751514e-02
5.927168730229196575e-02
5.942720295398166291e-02
5.958292693206344859e-02
5.973885965542416465e-02
5.989500154407442073e-02
6.005135301915240365e-02
6.020791450292761054e-02
6.036468641880466529e-02
6.052166919132714179e-02
6.067886324618141508e-02
6.083626901020047079e-02
6.099388691136780477e-02
6.115171737882126035e-02
6.130976084285698346e-02
6.146801773493328069e-02
6.162648848767453280e-02
6.178517353487520541e-02
6.194407331150375562e-02
6.210318825370662876e-02
6.226251879881219281e-02
6.242206538533486004e-02
6.258182845297899366e-02
6.274180844264301560e-02
6.290200579642342416e-02
6.306242095761890876e-02
6.322305437073438839e-02
6.338390648148513329e-02
6.354497773680092831e-02
6.370626858483019461e-02
6.386777947494406971e-02
6.402951085774070961e-02
6.419146318504935500e-02
6.435363690993464725e-02
6.451603248670076396e-02
6.467865037089570723e-02
6.484149101931559189e-02
6.500455489000882270e-02
6.516784244228052136e-02
6.533135413669671765e-02
6.549509043508876249e-02
6.565905180055763013e-02
6.582323869747833123e-02
6.598765159150420112e-02
6.615229094957143785e-02
6.631715723990341815e-02
6.648225093201515223e-02
6.664757249671779404e-02
6.681312240612306830e-02
6.697890113364778075e-02
6.714490915401830073e-02
6.731114694327514081e-02
6.747761497877749481e-02
6.764431373920778978e-02
6.781124370457625172e-02
6.797840535622558245e-02
6.814579917683553922e-02
6.831342565042759774e-02
6.848128526236955949e-02
6.864937849938033965e-02
6.881770584953460224e-02
6.898626780226746469e-02
6.915506484837929957e-02
6.932409748004050853e-02
6.949336619079619914e-02
6.966287147557112536e-02
6.983261383067440597e-02
7.000259375380442350e-02
7.017281174405368138e-02
7.034326830191366120e-02
7.051396392927973544e-02
7.068489912945614961e-02
7.085607440716092109e-02
7.102749026853075187e-02
7.119914722112614947e-02
7.137104577393631188e-02
7.154318643738424854e-02
7.171556972333176239e-02
7.188819614508454303e-02
7.206106621739731544e-02
7.223418045647890529e-02
7.240753937999733214e-02
7.258114350708511076e-02
7.275499335834428871e-02
7.292908945585170610e-02
7.310343232316424134e-02
7.327802248532401530e-02
7.345286046886373432e-02
7.362794680181186657e-02
7.380328201369809604e-02
7.397886663555855447e-02
7.415470119994126141e-02
7.433078624091138398e-02
7.450712229405681564e-02
7.468370989649346370e-02
7.486054958687078653e-02
7.503764190537719203e-02
7.521498739374567200e-02
7.539258659525915895e-02
7.557044005475621606e-02
7.574854831863650495e-02
7.592691193486643397e-02
7.610553145298479261e-02
7.628440742410835806e-02
7.646354040093754356e-02
7.664293093776215759e-02
7.682257959046712159e-02
7.700248691653809041e-02
7.718265347506739205e-02
7.736307982675966199e-02
7.754376653393779684e-02
7.772471416054867188e-02
7.790592327216909474e-02
7.808739443601167562e-02
7.826912822093073929e-02
7.845112519742822310e-02
7.863338593765978324e-02
7.881591101544062339e-02
7.899870100625164260e-02
7.918175648724537496e-02
7.936507803725219301e-02
7.954866623678627513e-02
7.973252166805185059e-02
7.991664491494929190e-02
8.010103656308124875e-02
8.028569719975900409e-02
8.047062741400856645e-02
8.065582779657695656e-02
8.084129893993857729e-02
8.102704143830147254e-02
8.121305588761362770e-02
8.139934288556947839e-02
8.158590303161616930e-02
8.177273692696007679e-02
8.195984517457320651e-02
8.214722837919972986e-02
8.233488714736246494e-02
8.252282208736945457e-02
8.271103380932047500e-02
8.289952292511372500e-02
8.308829004845239008e-02
8.327733579485133153e-02
8.346666078164377556e-02
8.365626562798803012e-02
8.384615095487420178e-02
8.403631738513106519e-02
8.422676554343272448e-02
8.441749605630562148e-02
8.460850955213532198e-02
8.479980666117337140e-02
8.499138801554431688e-02
8.518325424925261846e-02
8.537540599818967124e-02
8.556784390014075814e-02
8.576056859479222472e-02
8.595358072373845970e-02
8.614688093048909756e-02
8.634046986047612393e-02
8.653434816106100880e-02
8.672851648154207560e-02
8.692297547316159279e-02
8.711772578911311515e-02
8.731276808454882521e-02
8.750810301658683288e-02
8.770373124431860012e-02
8.789965342881629617e-02
8.809587023314030541e-02
8.829238232234666583e-02
8.848919036349461864e-02
8.868629502565408829e-02
8.888369697991335694e-02
8.908139689938658623e-02
8.927939545922157494e-02
8.947769333660730851e-02
8.967629121078184162e-02
8.987518976303990326e-02
9.007438967674077923e-02
9.027389163731611155e-02
9.047369633227775321e-02
9.067380445122567856e-02
9.087421668585587975e-02
9.107493372996840197e-02
9.127595627947530932e-02
9.147728503240874776e-02
9.167892068892896651e-02
9.188086395133251982e-02
9.208311552406034384e-02
9.228567611370602775e-02
9.248854642902393230e-02
9.269172718093758589e-02
9.289521908254788629e-02
9.309902284914151060e-02
9.330313919819921420e-02
9.350756884940437941e-02
9.371231252465132833e-02
9.391737094805392705e-02
9.412274484595406498e-02
9.432843494693025910e-02
9.453444198180625813e-02
9.474076668365971621e-02
9.494740978783082486e-02
9.515437203193118088e-02
9.536165415585240446e-02
9.556925690177504873e-02
9.577718101417743990e-02
9.598542723984460068e-02
9.619399632787714594e-02
9.640288902970024776e-02
9.661210609907278091e-02
9.682164829209623236e-02
9.703151636722393003e-02
9.724171108527011886e-02
9.745223320941917566e-02
9.766308350523487947e-02
9.787426274066964027e-02
9.808577168607383878e-02
9.829761111420524944e-02
9.850978180023832464e-02
9.872228452177382596e-02
9.893512005884814997e-02
9.914828919394294560e-02
9.936179271199477303e-02
9.957563140040459615e-02
9.978980604904759411e-02
1.000043174502827786e-01
1.002191663989628750e-01
1.004343536924440367e-01
1.006498801305957952e-01
1.008657465158108585e-01
1.010819536530152413e-01
1.012985023496780629e-01
1.015153934158217891e-01
1.017326276640321825e-01
1.019502059094685581e-01
1.021681289698739281e-01
1.023863976655852714e-01
1.026050128195437616e-01
1.028239752573052307e-01
1.030432858070504110e-01
1.032629452995954822e-01
1.034829545684026048e-01
1.037033144495902448e-01
1.039240257819440960e-01
1.041450894069273769e-01
1.043665061686917805e-01
1.045882769140881324e-01
1.048104024926771183e-01
1.050328837567401918e-01
1.052557215612905800e-01
1.054789167640839825e-01
1.057024702256299103e-01
1.059263828092023990e-01
1.061506553808513609e-01
1.063752888094137011e-01
1.066002839665244478e-01
1.068256417266281039e-01
1.070513629669900130e-01
1.072774485677075867e-01
1.075038994117220037e-01
1.077307163848294086e-01
1.079579003756926114e-01
1.081854522758527865e-01
1.084133729797409490e-01
1.086416633846897378e-01
1.088703243909452806e-01
1.090993569016788928e-01
1.093287618229990266e-01
1.095585400639633444e-01
1.097886925365904182e-01
1.100192201558721911e-01
1.102501238397857325e-01
1.104814045093056446e-01
1.107130630884163025e-01
1.109451005041240390e-01
1.111775176864695375e-01
1.114103155685404745e-01
1.116434950864836351e-01
1.118770571795177499e-01
1.121110027899460404e-01
1.123453328631687648e-01
1.125800483476961517e-01
1.128151501951610430e-01
1.130506393603317727e-01
1.132865168011252255e-01
1.135227834786196599e-01
1.137594403570678092e-01
1.139964884039101206e-01
1.142339285897877310e-01
1.144717618885558730e-01
1.147099892772971280e-01
1.149486117363347909e-01
1.151876302492463588e-01
1.154270458028770763e-01
1.156668593873533823e-01
1.159070719960966916e-01
1.161476846258370776e-01
1.163886982766270672e-01
1.166301139518553937e-01
1.168719326582610407e-01
1.171141554059472456e-01
1.173567832083954598e-01
1.175998170824795741e-01
1.178432580484800596e-01
1.180871071300983455e-01
1.183313653544710159e-01
1.185760337521843677e-01
1.188211133572888156e-01
1.190666052073135611e-01
1.193125103432810946e-01
1.195588298097220309e-01
1.198055646546898750e-01
1.200527159297757884e-01
1.203002846901236600e-01
1.205482719944450942e-01
1.207966789050343992e-01
1.210455064877839215e-01
1.212947558121991037e-01
1.215444279514139303e-01
1.217945239822064152e-01
1.220450449850138258e-01
1.222959920439484621e-01
1.225473662468132136e-01
1.227991686851172548e-01
1.230514004540918804e-01
1.233040626527064088e-01
1.235571563836840303e-01
1.238106827535180587e-01
1.240646428724878347e-01
1.243190378546749630e-01
1.245738688179798548e-01
1.248291368841377702e-01
1.250848431787354165e-01
1.253409888312275733e-01
1.255975749749535797e-01
1.258546027471541262e-01
1.261120732889881579e-01
1.263699877455494169e-01
1.266283472658839282e-01
1.268871530030065697e-01
1.271464061139185031e-01
1.274061077596244373e-01
1.276662591051497542e-01
1.279268613195581328e-01
1.281879155759689803e-01
1.284494230515749458e-01
1.287113849276598221e-01
1.289738023896161434e-01
1.292366766269631706e-01
1.295000088333648214e-01
1.297638002066477392e-01
1.300280519488194453e-01
1.302927652660866298e-01
1.305579413688735257e-01
1.308235814718402557e-01
1.310896867939015387e-01
1.313562585582450926e-01
1.316232979923507018e-01
1.318908063280087306e-01
1.321587848013392463e-01
1.324272346528110600e-01
1.326961571272607943e-01
1.329655534739122569e-01
1.332354249463955087e-01
1.335057728027666535e-01
1.337765983055271835e-01
1.340479027216436025e-01
1.343196873225672716e-01
1.345919533842543647e-01
1.348647021871855201e-01
1.351379350163863236e-01
1.354116531614471541e-01
1.356858579165436396e-01
1.359605505804570569e-01
1.362357324565947325e-01
1.365114048530106927e-01
1.367875690824265356e-01
1.370642264622519979e-01
1.373413783146062161e-01
1.376190259663385429e-01
1.378971707490497522e-01
1.381758139991135503e-01
1.384549570576976141e-01
1.387346012707854348e-01
1.390147479891977456e-01
1.392953985686144203e-01
1.395765543695961508e-01
1.398582167576067348e-01
1.401403871030347803e-01
1.404230667812163269e-01
1.407062571724569389e-01
1.409899596620541873e-01
1.412741756403204374e-01
1.415589065026052751e-01
1.418441536493184885e-01
1.421299184859532161e-01
1.424162024231085955e-01
1.427030068765133275e-01
1.429903332670489635e-01
1.432781830207731366e-01
1.435665575689435147e-01
1.438554583480412263e-01
1.441448867997947858e-01
1.444348443712042129e-01
1.447253325145650138e-01
1.450163526874923281e-01
1.453079063529457149e-01
1.455999949792531056e-01
1.458926200401359230e-01
1.461857830147335890e-01
1.464794853876285885e-01
1.467737286488714488e-01
1.470685142940059975e-01
1.473638438240946757e-01
1.476597187457439897e-01
1.479561405711302124e-01
1.482531108180249746e-01
1.485506310098214100e-01
1.488487026755599962e-01
1.491473273499548946e-01
1.494465065734201514e-01
1.497462418920962879e-01
1.500465348578769453e-01
1.503473870284356140e-01
1.506487999672525280e-01
1.509507752436418937e-01
1.512533144327789236e-01
1.515564191157274254e-01
1.518600908794672244e-01
1.521643313169218914e-01
1.524691420269866093e-01
1.527745246145561231e-01
1.530804806905529947e-01
1.533870118719558862e-01
1.536941197818280369e-01
1.540018060493458796e-01
1.543100723098279614e-01
1.546189202047637268e-01
1.549283513818429381e-01
1.552383674949846804e-01
1.555489702043669764e-01
1.558601611764564854e-01
1.561719420840380901e-01
1.564843146062450674e-01
1.567972804285892030e-01
1.571108412429909895e-01
1.574249987478103241e-01
1.577397546478769563e-01
1.580551106545213247e-01
1.583710684856059203e-01
1.586876298655560125e-01
1.590047965253912621e-01
1.593225702027573354e-01
1.596409526419574343e-01
1.599599455939842985e-01
1.602795508165525684e-01
1.605997700741304823e-01
1.609206051379730718e-01
1.612420577861541082e-01
1.615641298035994655e-01
1.618868229821199545e-01
1.622101391204445187e-01
1.625340800242537076e-01
1.628586475062134831e-01
1.631838433860085535e-01
1.635096694903769021e-01
1.638361276531436483e-01
1.641632197152555483e-01
1.644909475248156894e-01
1.648193129371181842e-01
1.651483178146831710e-01
1.654779640272921182e-01
1.658082534520232687e-01
1.661391879732870280e-01
1.664707694828622409e-01
1.668029998799316904e-01
1.671358810711188192e-01
1.674694149705239776e-01
1.678036034997611170e-01
1.681384485879947599e-01
1.684739521719771926e-01
1.688101161960855745e-01
1.691469426123596298e-01
1.694844333805395897e-01
1.698225904681039400e-01
1.701614158503077512e-01
1.705009115102211203e-01
1.708410794387680010e-01
1.711819216347648942e-01
1.715234401049602342e-01
1.718656368640734955e-01
1.722085139348351057e-01
1.725520733480261359e-01
1.728963171425183243e-01
1.732412473653145712e-01
1.735868660715894352e-01
1.739331753247300161e-01
1.742801771963768676e-01
1.746278737664654912e-01
1.749762671232676925e-01
1.753253593634335195e-01
1.756751525920335066e-01
1.760256489226004750e-01
1.763768504771726642e-01
1.767287593863360873e-01
1.770813777892679963e-01
1.774347078337800143e-01
1.777887516763617393e-01
1.781435114822246812e-01
1.784989894253465048e-01
1.788551876885151604e-01
1.792121084633738204e-01
1.795697539504656770e-01
1.799281263592792945e-01
1.802872279082939622e-01
1.806470608250255461e-01
1.810076273460725915e-01
1.813689297171625636e-01
1.817309701931986154e-01
1.820937510383063007e-01
1.824572745258809803e-01
1.828215429386350344e-01
1.831865585686460740e-01
1.835523237174045974e-01
1.839188406958624789e-01
1.842861118244817631e-01
1.846541394332836539e-01
1.850229258618974748e-01
1.853924734596106016e-01
1.857627845854181448e-01
1.861338616080733255e-01
1.865057069061377137e-01
1.868783228680322706e-01
1.872517118920884738e-01
1.876258763865995827e-01
1.880008187698726796e-01
1.883765414702806007e-01
1.887530469263143662e-01
1.891303375866359437e-01
1.895084159101315391e-01
1.898872843659646092e-01
1.902669454336299859e-01
1.906474016030077212e-01
1.910286553744176830e-01
1.914107092586743164e-01
1.917935657771415447e-01
1.921772274617884746e-01
1.925616968552452402e-01
1.929469765108589030e-01
1.933330689927502399e-01
1.937199768758705032e-01
1.941077027460586246e-01
1.944962492000990306e-01
1.948856188457793737e-01
1.952758143019489301e-01
1.956668381985774419e-01
1.960586931768140972e-01
1.964513818890470109e-01
1.968449069989630928e-01
1.972392711816081112e-01
1.976344771234477549e-01
1.980305275224281125e-01
1.984274250880372348e-01
1.988251725413671400e-01
1.992237726151758481e-01
1.996232280539497472e-01
2.000235416139670430e-01
2.004247160633606806e-01
2.008267541821824875e-01
2.012296587624673172e-01
2.016334326082974970e-01
2.020380785358681652e-01
2.024435993735524686e-01
2.028499979619676763e-01
2.032572771540414880e-01
2.036654398150785361e-01
2.040744888228279152e-01
2.044844270675506837e-01
2.048952574520878644e-01
2.053069828919290851e-01
2.057196063152813559e-01
2.061331306631387639e-01
2.065475588893521952e-01
2.069628939606995566e-01
2.073791388569567462e-01
2.077962965709688747e-01
2.082143701087219856e-01
2.086333624894152472e-01
2.090532767455335617e-01
2.094741159229207839e-01
2.098958830808536069e-01
2.103185812921151976e-01
2.107422136430701365e-01
2.111667832337395800e-01
2.115922931778767280e-01
2.120187466030430679e-01
2.124461466506847862e-01
2.128744964762100678e-01
2.133037992490669499e-01
2.137340581528210937e-01
2.141652763852346097e-01
2.145974571583455226e-01
2.150306036985471514e-01
2.154647192466686845e-01
2.158998070580559481e-01
2.163358704026525359e-01
2.167729125650821043e-01
2.172109368447306676e-01
2.176499465558295043e-01
2.180899450275389229e-01
2.185309356040323059e-01
2.189729216445810145e-01
2.194159065236394590e-01
2.198598936309310303e-01
2.203048863715346972e-01
2.207508881659719646e-01
2.211979024502944147e-01
2.216459326761721915e-01
2.220949823109825694e-01
2.225450548378994919e-01
2.229961537559839169e-01
2.234482825802740213e-01
2.239014448418767400e-01
2.243556440880597747e-01
2.248108838823440481e-01
2.252671678045969073e-01
2.257244994511258818e-01
2.261828824347732469e-01
2.266423203850113366e-01
2.271028169480380221e-01
2.275643757868732742e-01
2.280270005814563627e-01
2.284906950287437233e-01
2.289554628428072669e-01
2.294213077549334956e-01
2.298882335137235888e-01
2.303562438851937677e-01
2.308253426528767138e-01
2.312955336179232657e-01
2.317668205992053920e-01
2.322392074334192480e-01
2.327126979751897584e-01
2.331872960971749509e-01
2.336630056901717878e-01
2.341398306632224979e-01
2.346177749437217686e-01
2.350968424775241594e-01
2.355770372290531822e-01
2.360583631814102412e-01
2.365408243364851559e-01
2.370244247150667671e-01
2.375091683569546808e-01
2.379950593210719834e-01
2.384821016855780962e-01
2.389702995479834335e-01
2.394596570252638668e-01
2.399501782539766037e-01
2.404418673903766512e-01
2.409347286105345820e-01
2.414287661104542182e-01
2.419239841061920915e-01
2.424203868339771251e-01
2.429179785503317313e-01
2.434167635321932144e-01
2.439167460770363671e-01
2.444179305029968163e-01
2.449203211489957843e-01
2.454239223748646281e-01
2.459287385614713495e-01
2.464347741108477152e-01
2.469420334463167666e-01
2.474505210126224097e-01
2.479602412760584795e-01
2.484711987245999676e-01
2.489833978680345838e-01
2.494968432380956225e-01
2.500115393885952719e-01
2.505274908955595903e-01
2.510447023573637582e-01
2.515631783948693023e-01
2.520829236515608751e-01
2.526039427936854764e-01
2.531262405103919533e-01
2.536498215138717205e-01
2.541746905395002587e-01
2.547008523459801110e-01
2.552283117154845460e-01
2.557570734538024970e-01
2.562871423904847790e-01
2.568185233789904709e-01
2.573512212968357415e-01
2.578852410457426192e-01
2.584205875517896489e-01
2.589572657655632160e-01
2.594952806623100350e-01
2.600346372420910268e-01
2.605753405299365277e-01
2.611173955760016097e-01
2.616608074557239538e-01
2.622055812699818356e-01
2.627517221452542184e-01
2.632992352337811259e-01
2.638481257137256786e-01
2.643983987893375742e-01
2.649500596911174566e-01
2.655031136759826160e-01
2.660575660274341336e-01
2.666134220557247470e-01
2.671706870980286586e-01
2.677293665186126215e-01
2.682894657090074686e-01
2.688509900881819181e-01
2.694139451027173227e-01
2.699783362269836950e-01
2.705441689633171776e-01
2.711114488421988433e-01
2.716801814224347744e-01
2.722503722913380830e-01
2.728220270649112100e-01
2.733951513880308326e-01
2.739697509346333826e-01
2.745458314079023410e-01
2.751233985404571980e-01
2.757024580945432457e-01
2.762830158622232579e-01
2.768650776655708357e-01
2.774486493568648626e-01
2.780337368187856262e-01
2.786203459646126035e-01
2.792084827384234136e-01
2.797981531152950452e-01
2.803893631015058063e-01
2.809821187347393279e-01
2.815764260842901212e-01
2.821722912512710235e-01
2.827697203688214200e-01
2.833687196023180754e-01
2.839692951495871309e-01
2.845714532411176001e-01
2.851752001402775849e-01
2.857805421435304361e-01
2.863874855806542996e-01
2.869960368149626073e-01
2.876062022435263432e-01
2.882179882973984197e-01
2.888314014418393305e-01
2.894464481765449126e-01
2.900631350358764959e-01
2.906814685890914962e-01
2.913014554405770618e-01
2.919231022300853295e-01
2.925464156329703469e-01
2.931714023604268249e-01
2.937980691597313898e-01
2.944264228144848894e-01
2.950564701448575855e-01
2.956882180078360123e-01
2.963216732974711110e-01
2.969568429451295843e-01
2.975937339197464171e-01
2.982323532280800049e-01
2.988727079149688937e-01
2.995148050635907944e-01
3.001586517957238742e-01
3.008042552720101570e-01
3.014516226922207554e-01
3.021007612955235455e-01
3.027516783607531736e-01
3.034043812066830048e-01
3.040588771922995703e-01
3.047151737170786800e-01
3.053732782212649211e-01
3.060331981861523221e-01
3.066949411343681264e-01
3.073585146301586191e-01
3.080239262796770627e-01
3.086911837312744655e-01
3.093602946757931238e-01
3.100312668468611643e-01
3.107041080211912498e-01
3.113788260188806167e-01
3.120554287037143881e-01
3.127339239834708295e-01
3.134143198102294359e-01
3.140966241806814052e-01
3.147808451364438320e-01
3.154669907643743443e-01
3.161550691968905147e-01
3.168450886122911592e-01
3.175370572350797449e-01
3.182309833362922391e-01
3.189268752338254576e-01
3.196247412927700760e-01
3.203245899257456952e-01
3.210264295932391265e-01
3.217302688039447855e-01
3.224361161151089727e-01
3.231439801328763739e-01
3.238538695126403355e-01
3.245657929593950275e-01
3.252797592280916028e-01
3.259957771239970215e-01
3.267138555030562608e-01
3.274340032722568017e-01
3.281562293899976113e-01
3.288805428664602903e-01
3.296069527639834407e-01
3.303354681974415841e-01
3.310660983346253028e-01
3.317988523966264314e-01
3.325337396582256910e-01
3.332707694482844873e-01
3.340099511501391505e-01
3.347512942019992277e-01
3.354948080973492175e-01
3.362405023853543562e-01
3.369883866712684584e-01
3.377384706168469752e-01
3.384907639407628843e-01
3.392452764190267422e-01
3.400020178854095687e-01
3.407609982318704489e-01
3.415222274089875221e-01
3.422857154263926338e-01
3.430514723532106514e-01
3.438195083185013323e-01
3.445898335117064670e-01
3.453624581831001294e-01
3.461373926442440352e-01
3.469146472684452309e-01
3.476942324912196680e-01
3.484761588107591623e-01
3.492604367884026284e-01
3.500470770491112549e-01
3.508360902819487315e-01
3.516274872405650842e-01
3.524212787436856731e-01
3.532174756756035761e-01
3.540160889866775240e-01
3.548171296938337771e-01
3.556206088810726085e-01
3.564265376999799506e-01
3.572349273702427053e-01
3.580457891801699377e-01
3.588591344872177347e-01
3.596749747185204460e-01
3.604933213714246465e-01
3.613141860140301476e-01
3.621375802857345061e-01
3.629635158977836396e-01
3.637920046338268265e-01
3.646230583504769251e-01
3.654566889778761984e-01
3.662929085202675239e-01
3.671317290565698777e-01
3.679731627409603689e-01
3.688172218034613259e-01
3.696639185505324332e-01
3.705132653656696418e-01
3.713652747100079643e-01
3.722199591229312099e-01
3.730773312226875471e-01
3.739374037070101187e-01
3.748001893537437623e-01
3.756657010214781711e-01
3.765339516501862716e-01
3.774049542618698738e-01
3.782787219612095964e-01
3.791552679362228395e-01
3.800346054589270883e-01
3.809167478860101541e-01
3.818017086595055787e-01
3.826895013074762542e-01
3.835801394447031498e-01
3.844736367733817550e-01
3.853700070838247393e-01
3.862692642551708855e-01
3.871714222561020713e-01
3.880764951455659695e-01
3.889844970735072405e-01
3.898954422816039433e-01
3.908093451040126065e-01
3.917262199681200152e-01
3.926460813953028817e-01
3.935689440016934548e-01
3.944948224989546226e-01
3.954237316950610648e-01
3.963556864950892322e-01
3.972907019020140984e-01
3.982287930175143487e-01
3.991699750427856186e-01
4.001142632793612819e-01
4.010616731299422311e-01
4.020122200992337635e-01
4.029659197947916272e-01
4.039227879278760591e-01
4.048828403143153731e-01
4.058460928753761521e-01
4.068125616386440990e-01
4.077822627389128818e-01
4.087552124190821368e-01
4.097314270310640216e-01
4.107109230366997044e-01
4.116937170086841236e-01
4.126798256315016844e-01
4.136692657023693931e-01
4.146620541321908715e-01
4.156582079465202528e-01
4.166577442865347924e-01
4.176606804100189141e-01
4.186670336923565272e-01
4.196768216275348351e-01
4.206900618291580796e-01
4.217067720314719437e-01
4.227269700903975025e-01
4.237506739845771642e-01
4.247779018164302145e-01
4.258086718132208515e-01
4.268430023281351571e-01
4.278809118413708923e-01
4.289224189612381721e-01
4.299675424252718536e-01
4.310163011013543044e-01
4.320687139888517159e-01
4.331248002197609637e-01
4.341845790598689581e-01
4.352480699099250949e-01
4.363152923068234768e-01
4.373862659248005103e-01
4.384610105766436061e-01
4.395395462149130350e-01
4.406218929331763845e-01
4.417080709672566163e-01
4.427981006964929467e-01
4.438920026450163259e-01
4.449897974830361869e-01
4.460915060281434030e-01
4.471971492466259024e-01
4.483067482547989924e-01
4.494203243203491183e-01
4.505378988636928872e-01
4.516594934593508581e-01
4.527851298373353761e-01
4.539148298845546714e-01
4.550486156462304477e-01
4.561865093273325122e-01
4.573285332940283388e-01
4.584747100751486726e-01
4.596250623636683463e-01
4.607796130182045258e-01
4.619383850645303879e-01
4.631014016971066738e-01
4.642686862806282289e-01
4.654402623515892512e-01
4.666161536198648041e-01
4.677963839703113691e-01
4.689809774643823315e-01
4.701699583417648376e-01
4.713633510220318623e-01
4.725611801063145379e-01
4.737634703789932455e-01
4.749702468094057495e-01
4.761815345535768684e-01
4.773973589559656894e-01
4.786177455512342083e-01
4.798427200660338454e-01
4.810723084208138323e-01
4.823065367316493601e-01
4.835454313120913228e-01
4.847890186750349883e-01
4.860373255346122079e-01
4.872903788081039411e-01
4.885482056178757637e-01
4.898108332933338582e-01
4.910782893729045973e-01
4.923506016060368862e-01
4.936277979552270434e-01
4.949099065980681611e-01
4.961969559293209486e-01
4.974889745630110549e-01
4.987859913345488727e-01
5.000880353028758218e-01
5.013951357526331698e-01
5.027073221963583860e-01
5.040246243767061429e-01
5.053470722686961292e-01
5.066746960819854539e-01
5.080075262631700284e-01
5.093455934981114819e-01
5.106889287142930556e-01
5.120375630832012526e-01
5.133915280227374645e-01
5.147508551996581305e-01
5.161155765320424305e-01
5.174857241917921735e-01
5.188613306071586662e-01
5.202424284653009989e-01
5.216290507148756417e-01
5.230212305686573471e-01
5.244190015061889198e-01
5.258223972764672904e-01
5.272314519006578992e-01
5.286461996748453851e-01
5.300666751728150272e-01
5.314929132488697139e-01
5.329249490406804401e-01
5.343628179721729987e-01
5.358065557564470893e-01
5.372561983987347300e-01
5.387117821993921973e-01
5.401733437569310459e-01
5.416409199710855438e-01
5.431145480459169672e-01
5.445942654929584181e-01
5.460801101343973896e-01
5.475721201062989651e-01
5.490703338618673213e-01
5.505747901747507500e-01
5.520855281423849847e-01
5.536025871893819339e-01
5.551260070709574945e-01
5.566558278764051071e-01
5.581920900326122759e-01
5.597348343076223864e-01
5.612841018142392668e-01
5.628399340136808204e-01
5.644023727192767348e-01
5.659714601002159284e-01
5.675472386853382956e-01
5.691297513669781871e-01
5.707190414048564087e-01
5.723151524300215121e-01
5.739181284488432677e-01
5.755280138470566520e-01
5.771448533938583481e-01
5.787686922460573147e-01
5.803995759522789788e-01
5.820375504572233849e-01
5.836826621059801878e-01
5.853349576483993788e-01
5.869944842435209642e-01
5.886612894640598226e-01
5.903354213009526230e-01
5.920169281679634743e-01
5.937058589063521907e-01
5.954022627896011777e-01
5.971061895282081533e-01
5.988176892745423752e-01
6.005368126277639274e-01
6.022636106388129518e-01
6.039981348154593865e-01
6.057404371274272004e-01
6.074905700115832419e-01
6.092485863771998078e-01
6.110145396112840466e-01
6.127884835839840783e-01
6.145704726540657248e-01
6.163605616744662896e-01
6.181588059979210570e-01
6.199652614826699493e-01
6.217799844982413449e-01
6.236030319313157211e-01
6.254344611916684560e-01
6.272743302181981173e-01
6.291226974850347986e-01
6.309796220077363849e-01
6.328451633495690842e-01
6.347193816278754452e-01
6.366023375205328572e-01
6.384940922725014234e-01
6.403947077024654266e-01
6.423042462095654992e-01
6.442227707802283820e-01
6.461503449950921629e-01
6.480870330360313236e-01
6.500328996932781545e-01
6.519880103726497511e-01
6.539524311028751535e-01
6.559262285430303985e-01
6.579094699900762677e-01
6.599022233865085019e-01
6.619045573281158168e-01
6.639165410718510518e-01
6.659382445438172260e-01
6.679697383473668371e-01
6.700110937713220638e-01
6.720623827983129850e-01
6.741236781132410316e-01
6.761950531118605667e-01
6.782765819094930260e-01
6.803683393498652920e-01
6.824704010140820731e-01
6.845828432297270671e-01
6.867057430801030149e-01
6.888391784136069784e-01
6.909832278532482830e-01
6.931379708063041267e-01
6.953034874741251814e-01
6.974798588620858553e-01
6.996671667896841029e-01
7.018654939007969995e-01
7.040749236740873052e-01
7.062955404335714560e-01
7.085274293593469830e-01
7.107706764984856873e-01
7.130253687760894632e-01
7.152915940065197598e-01
7.175694409047980171e-01
7.198589990981834053e-01
7.221603591379266440e-01
7.244736125112084535e-01
7.267988516532635224e-01
7.291361699596932144e-01
7.314856617989686782e-01
7.338474225251335747e-01
7.362215484907024265e-01
7.386081370597646911e-01
7.410072866212961129e-01
7.434190966026772429e-01
7.458436674834306723e-01
7.482811008091745375e-01
7.507314992058004011e-01
7.531949663938750650e-01
7.556716072032761966e-01
7.581615275880623228e-01
7.606648346415845197e-01
7.631816366118372441e-01
7.657120429170642950e-01
7.682561641616145742e-01
7.708141121520595274e-01
7.733859999135697105e-01
7.759719417065634728e-01
7.785720530436285314e-01
7.811864507067208807e-01
7.838152527646516932e-01
7.864585785908583260e-01
7.891165488814760876e-01
7.917892856737079876e-01
7.944769123645043507e-01
7.971795537295508494e-01
7.998973359425807228e-01
8.026303865950094041e-01
8.053788347159028804e-01
8.081428107922815629e-01
8.109224467897729882e-01
8.137178761736132415e-01
8.165292339300113111e-01
8.193566565878747099e-01
8.222002822409121281e-01
8.250602505701163381e-01
8.279367028666354544e-01
8.308297820550422097e-01
8.337396327170051302e-01
8.366664011153748248e-01
8.396102352186908258e-01
8.425712847261201954e-01
8.455497010928307855e-01
8.485456375558159126e-01
8.515592491601752245e-01
8.545906927858626378e-01
8.576401271749073407e-01
8.607077129591248488e-01
8.637936126883219989e-01
8.668979908590120909e-01
8.700210139436402867e-01
8.731628504203445829e-01
8.763236708032524636e-01
8.795036476733287811e-01
8.827029557097892942e-01
8.859217717220818633e-01
8.891602746824619485e-01
8.924186457591626320e-01
8.956970683501821462e-01
8.989957281176892412e-01
9.023148130230758124e-01
9.056545133626567878e-01
9.090150218040425889e-01
9.123965334231870505e-01
9.157992457421377797e-01
9.192233587674966122e-01
9.226690750296091537e-01
9.261365996224946162e-01
9.296261402445411548e-01
9.331379072399765828e-01
9.366721136411327864e-01
9.402289752115280397e-01
9.438087104897715518e-01
9.474115408343262157e-01
9.510376904691362210e-01
9.546873865301468420e-01
9.583608591127277254e-01
9.620583413200313183e-01
9.657800693123002045e-01
9.695262823571504374e-01
9.732972228808444148e-01
9.770931365205896002e-01
9.809142721778737473e-01
9.847608820728739332e-01
9.886332217999477256e-01
9.925315503842502274e-01
9.964561303394905423e-01
1.000407227726860304e+00
1.004385112215162135e+00
1.008390057142160012e+00
1.012422339577191854e+00
1.016482240385065516e+00
1.020570044291275957e+00
1.024686039948563776e+00
1.028830520004863969e+00
1.033003781172665336e+00
1.037206124299825172e+00
1.041437854441859878e+00
1.045699280935768805e+00
1.049990717475408619e+00
1.054312482188474398e+00
1.058664897715108077e+00
1.063048291288194225e+00
1.067462994815374211e+00
1.071909344962819866e+00
1.076387683240823456e+00
1.080898356091231305e+00
1.085441714976787209e+00
1.090018116472418752e+00
1.094627922358530459e+00
1.099271499716335310e+00
1.103949221025300576e+00
1.108661464262744145e+00
1.113408613005651304e+00
1.118191056534751038e+00
1.123009189940933572e+00
1.127863414234052897e+00
1.132754136454189320e+00
1.137681769785420682e+00
1.142646733672191939e+00
1.147649453938330177e+00
1.152690362908789234e+00
1.157769899534195401e+00
1.162888509518258395e+00
1.168046645448144183e+00
1.173244766927873162e+00
1.178483340714838290e+00
1.183762840859514220e+00
1.189083748848462019e+00
1.194446553750707407e+00
1.199851752367596447e+00
1.205299849386206823e+00
1.210791357536439294e+00
1.216326797751872801e+00
1.221906699334499580e+00
1.227531600123437761e+00
1.233202046667752017e+00
1.238918594403483509e+00
1.244681807835015697e+00
1.250492260720905913e+00
1.256350536264293050e+00
1.262257227308038798e+00
1.268212936534719226e+00
1.274218276671623018e+00
1.280273870700885830e+00
1.286380352074932176e+00
1.292538364937366069e+00
1.298748564349482937e+00
1.305011616522553819e+00
1.311328199056078558e+00
1.317699001182164320e+00
1.324124724016234600e+00
1.330606080814236369e+00
1.337143797236568732e+00
1.343738611618921608e+00
1.350391275250240941e+00
1.357102552658048689e+00
1.363873221901324317e+00
1.370704074871206490e+00
1.377595917599747199e+00
1.384549570576975697e+00
1.391565869076521578e+00
1.398645663490090119e+00
1.405789819671053875e+00
1.412999219287461417e+00
1.420274760184753404e+00
1.427617356758518197e+00
1.435027940337593844e+00
1.442507459577871964e+00
1.450056880867124809e+00
1.457677188741253183e+00
1.465369386312307176e+00
1.473134495708677605e+00
1.480973558527872047e+00
1.488887636302274498e+00
1.496877810978353596e+00
1.504945185409755748e+00
1.513090883864765424e+00
1.521316052548604025e+00
1.529621860141108014e+00
1.538009498350285220e+00
1.546480182482327326e+00
1.555035152028618528e+00
1.563675671270372325e+00
1.572403029901489058e+00
1.581218543670295684e+00
1.590123555040816150e+00
1.599119433874300888e+00
1.608207578131718885e+00
1.617389414597974140e+00
1.626666399628648785e+00
1.636040019920059541e+00
1.645511793303527037e+00
1.655083269564713078e+00
1.664756031288982419e+00
1.674531694733722764e+00
1.684411910728674355e+00
1.694398365605290113e+00
1.704492782156249664e+00
1.714696920626241239e+00
1.725012579735248908e+00
1.735441597735562613e+00
1.745985853503837726e+00
1.756647267669537937e+00
1.767427803781223883e+00
1.778329469512141658e+00
1.789354317906683978e+00
1.800504448669348223e+00
1.811782009497871382e+00
1.823189197462354860e+00
1.834728260432205271e+00
1.846401498552870502e+00
1.858211265774362353e+00
1.870159971433754009e+00
1.882250081893846128e+00
1.894484122240370327e+00
1.906864678040146144e+00
1.919394397162811128e+00
1.932075991668778414e+00
1.944912239766284578e+00
1.957905987840447226e+00
1.971060152557500444e+00
1.984377723047436648e+00
1.997861763168494509e+00
2.011515413857115409e+00
2.025341895567111195e+00
2.039344510802075128e+00
2.053526646745176709e+00
2.067891777990772617e+00
2.082443469382415646e+00
2.097185378962184821e+00
2.112121261036421505e+00
2.127254969363299608e+00
2.142590460467869828e+00
2.158131797090622417e+00
2.173883151775841238e+00
2.189848810606440210e+00
2.206033177092252995e+00
2.222440776219249514e+00
2.239076258667454411e+00
2.255944405205840386e+00
2.273050131272939645e+00
2.290398491752338117e+00
2.307994685952870384e+00
2.325844062803766654e+00
2.343952126275694603e+00
2.362324541039183323e+00
2.380967138372723113e+00
2.399885922333422350e+00
2.419087076203987330e+00
2.438576969230500158e+00
2.458362163666505840e+00
2.478449422139698655e+00
2.498845715358636532e+00
2.519558230177867841e+00
2.540594378041150403e+00
2.561961803823539441e+00
2.583668395094533388e+00
2.605722291825867565e+00
2.628131896568997483e+00
2.650905885129088979e+00
2.674053217763931123e+00
2.697583150938197338e+00
2.721505249665367998e+00
2.745829400471986759e+00
2.770565825021085171e+00
2.795725094434275970e+00
2.821318144354591162e+00
2.847356290795259870e+00
2.873851246822601180e+00
2.900815140124767488e+00
2.928260531521616361e+00
2.956200434475164673e+00
2.984648335664232821e+00
3.013618216691625662e+00
3.043124576997310093e+00
3.073182458056371136e+00
3.103807468946736314e+00
3.135015813377862948e+00
3.166824318278826045e+00
3.199250464051652365e+00
3.232312416604337990e+00
3.266029061286772617e+00
3.300420038862863503e+00
3.335505783662713331e+00
3.371307564070723739e+00
3.407847525518066245e+00
3.445148736162237046e+00
3.483235235451548117e+00
3.522132085789567935e+00
3.561865427532706185e+00
3.602462537574599999e+00
3.643951891793246745e+00
3.686363231661197837e+00
3.729727635346405723e+00
3.774077593660813523e+00
3.819447091246826798e+00
3.865871693427862965e+00
3.913388639189629981e+00
3.962036940802857288e+00
4.011857490647739333e+00
4.062893175854691563e+00
4.115189001437123295e+00
4.168792222659105207e+00
4.223752487456338578e+00
4.280121989812474936e+00
4.337955635086953698e+00
4.397311218394970744e+00
4.458249617257854958e+00
4.520834999873803994e+00
4.585135050506627508e+00
4.651221213657030340e+00
4.719168958867993702e+00
4.789058068227855181e+00
4.860972948873510724e+00
4.935002973067567744e+00
5.011242848730088184e+00
5.089793023655125204e+00
5.170760127039395471e+00
5.254257452404422324e+00
5.340405486511178523e+00
5.429332489460107602e+00
5.521175131849984652e+00
5.616079195652858402e+00
5.714200346364302519e+00
5.815704985031293184e+00
5.920771189967322989e+00
6.029589759365355128e+00
6.142365367650587160e+00
6.259317850316729270e+00
6.380683634215580824e+00
6.506717332879773608e+00
6.637693529530798386e+00
6.773908774047833425e+00
6.915683824463553897e+00
7.063366168646595611e+00
7.217332867901257387e+00
7.377993771471303752e+00
7.545795159644499428e+00
7.721223883643749453e+00
7.904812083177849225e+00
8.097142577927856522e+00
8.298855048031480663e+00
8.510653141640331043e+00
8.733312675947072279e+00
8.967691133112063895e+00
9.214738696069701973e+00
9.475511123636152888e+00
9.751184832777832767e+00
1.004307464245725789e+01
1.035265474363233729e+01
1.068158360113092975e+01
1.103173367524233583e+01
1.140522708762783743e+01
1.180447866638466259e+01
1.223224821505278292e+01
1.269170439695558095e+01
1.318650336208166962e+01
1.372088624441784965e+01
1.429980103361524790e+01
1.492905623926472813e+01
1.561551646360962131e+01
1.636735385217783545e+01
1.719437497960268857e+01
1.810845096254614361e+01
1.912409094359442818e+01
2.025921798123663820e+01
2.153623589858383269e+01
2.298352287157762319e+01
2.463756512642768470e+01
2.654607542048546165e+01
2.877267076355234821e+01
3.140410162354104529e+01
3.456181865552749599e+01
3.842125058351098232e+01
4.324554049349038820e+01
