0.000000000000000000e+00
1.159768731144090759e-04
2.320693185986381977e-04
3.482775092927219000e-04
4.646016183815130209e-04
5.810418193955424341e-04
6.975982862118824393e-04
8.142711930550119558e-04
9.310607144976848059e-04
1.047967025461800546e-03
1.164990301219276814e-03
1.282130717392926562e-03
1.399388449957336472e-03
1.516763675239746678e-03
1.634256569920936345e-03
1.751867311036108812e-03
1.869596075975782585e-03
1.987443042486681036e-03
2.105408388672627956e-03
2.223492292995444836e-03
2.341694934275851195e-03
2.460016491694367279e-03
2.578457144792216989e-03
2.697017073472239915e-03
2.815696457999799455e-03
2.934495479003697022e-03
3.053414317477089711e-03
3.172453154778406663e-03
3.291612172632274545e-03
3.410891553130439117e-03
3.530291478732694617e-03
3.649812132267813564e-03
3.769453696934480912e-03
3.889216356302228200e-03
4.009100294312372900e-03
4.129105695278961242e-03
4.249232743889712338e-03
4.369481625206965772e-03
4.489852524668630496e-03
4.610345628089138927e-03
4.730961121660404514e-03
4.851699191952779308e-03
4.972560025916015862e-03
5.093543810880231740e-03
5.214650734556880093e-03
5.335880985039716772e-03
5.457234750805775234e-03
5.578712220716344934e-03
5.700313584017951442e-03
5.822039030343334823e-03
5.943888749712440168e-03
6.065862932533402918e-03
6.187961769603544590e-03
6.310185452110363309e-03
6.432534171632534742e-03
6.555008120140909562e-03
6.677607489999524797e-03
6.800332473966601288e-03
6.923183265195561112e-03
7.046160057236036320e-03
7.169263044034892424e-03
7.292492419937237139e-03
7.415848379687453411e-03
7.539331118430217700e-03
7.662940831711536477e-03
7.786677715479769710e-03
7.910541966086672566e-03
8.034533780288432778e-03
8.158653355246714076e-03
8.282900888529693556e-03
8.407276578113119861e-03
8.531780622381357482e-03
8.656413220128450145e-03
8.781174570559161646e-03
8.906064873290063522e-03
9.031084328350570678e-03
9.156233136184034269e-03
9.281511497648794670e-03
9.406919614019269155e-03
9.532457686987013540e-03
9.658125918661830678e-03
9.783924511572823432e-03
9.909853668669506635e-03
1.003591359332288262e-02
1.016210448932654796e-02
1.028842656089778464e-02
1.041488001267866503e-02
1.054146504973715349e-02
1.066818187756821482e-02
1.079503070209493487e-02
1.092201172966962390e-02
1.104912516707494234e-02
1.117637122152502493e-02
1.130375010066660135e-02
1.143126201258012550e-02
1.155890716578091698e-02
1.168668576922028517e-02
1.181459803228668455e-02
1.194264416480684231e-02
1.207082437704691535e-02
1.219913887971364047e-02
1.232758788395548963e-02
1.245617160136382184e-02
1.258489024397405065e-02
1.271374402426680983e-02
1.284273315516912262e-02
1.297185785005556570e-02
1.310111832274946098e-02
1.323051478752404475e-02
1.336004745910365429e-02
1.348971655266491786e-02
1.361952228383793775e-02
1.374946486870750814e-02
1.387954452381428075e-02
1.400976146615599480e-02
1.414011591318866876e-02
1.427060808282782679e-02
1.440123819344968706e-02
1.453200646389240895e-02
1.466291311345728834e-02
1.479395836191001005e-02
1.492514242948185521e-02
1.505646553687094678e-02
1.518792790524348124e-02
1.531952975623498275e-02
1.545127131195152617e-02
1.558315279497101032e-02
1.571517442834438963e-02
1.584733643559695787e-02
1.597963904072957977e-02
1.611208246821997994e-02
1.624466694302400399e-02
1.637739269057688143e-02
1.651025993679453366e-02
1.664326890807481599e-02
1.677641983129882913e-02
1.690971293383222024e-02
1.704314844352643188e-02
1.717672658872004821e-02
1.731044759824007517e-02
1.744431170140325199e-02
1.757831912801735216e-02
1.771247010838250882e-02
1.784676487329253658e-02
1.798120365403625340e-02
1.811578668239878856e-02
1.825051419066294964e-02
1.838538641161053047e-02
1.852040357852366773e-02
1.865556592518616968e-02
1.879087368588489015e-02
1.892632709541105726e-02
1.906192638906164735e-02
1.919767180264073808e-02
1.933356357246088578e-02
1.946960193534448894e-02
1.960578712862515519e-02
1.974211939014910641e-02
1.987859895827654225e-02
2.001522607188303479e-02
2.015200097036092333e-02
2.028892389362071252e-02
2.042599508209248099e-02
2.056321477672727258e-02
2.070058321899852574e-02
2.083810065090347871e-02
2.097576731496459193e-02
2.111358345423098790e-02
2.125154931227985280e-02
2.138966513321790414e-02
2.152793116168280618e-02
2.166634764284462028e-02
2.180491482240726545e-02
2.194363294660995473e-02
2.208250226222867318e-02
2.222152301657761425e-02
2.236069545751068199e-02
2.250001983342293094e-02
2.263949639325207527e-02
2.277912538647993562e-02
2.291890706313395865e-02
2.305884167378870198e-02
2.319892946956731566e-02
2.333917070214305139e-02
2.347956562374079251e-02
2.362011448713852851e-02
2.376081754566890594e-02
2.390167505322071673e-02
2.404268726424045946e-02
2.418385443373385207e-02
2.432517681726737227e-02
2.446665467096979102e-02
2.460828825153374422e-02
2.475007781621726272e-02
2.489202362284533704e-02
2.503412592981147516e-02
2.517638499607928460e-02
2.531880108118404402e-02
2.546137444523424373e-02
2.560410534891323017e-02
2.574699405348074982e-02
2.589004082077456595e-02
2.603324591321203724e-02
2.617660959379174146e-02
2.632013212609507491e-02
2.646381377428788997e-02
2.660765480312206679e-02
2.675165547793718901e-02
2.689581606466215705e-02
2.704013682981682570e-02
2.718461804051362785e-02
2.732925996445926056e-02
2.747406286995630539e-02
2.761902702590491102e-02
2.776415270180443082e-02
2.790944016775511599e-02
2.805488969445979822e-02
2.820050155322553070e-02
2.834627601596531946e-02
2.849221335519978512e-02
2.863831384405888733e-02
2.878457775628360388e-02
2.893100536622765506e-02
2.907759694885920718e-02
2.922435277976262458e-02
2.937127313514014543e-02
2.951835829181365806e-02
2.966560852722642180e-02
2.981302411944481562e-02
2.996060534716008666e-02
3.010835248969009892e-02
3.025626582698110953e-02
3.040434563960953823e-02
3.055259220878371942e-02
3.070100581634569933e-02
3.084958674477303320e-02
3.099833527718053386e-02
3.114725169732213139e-02
3.129633628959262864e-02
3.144558933902953657e-02
3.159501113131487487e-02
3.174460195277700736e-02
3.189436209039246684e-02
3.204429183178778007e-02
3.219439146524133433e-02
3.234466127968519539e-02
3.249510156470698796e-02
3.264571261055173451e-02
3.279649470812372875e-02
3.294744814898841606e-02
3.309857322537427399e-02
3.324987023017468568e-02
3.340133945694981343e-02
3.355298119992856237e-02
3.370479575401041927e-02
3.385678341476739545e-02
3.400894447844594881e-02
3.416127924196888516e-02
3.431378800293730796e-02
3.446647105963254742e-02
3.461932871101811721e-02
3.477236125674165734e-02
3.492556899713689794e-02
3.507895223322559514e-02
3.523251126671955030e-02
3.538624640002256683e-02
3.554015793623240688e-02
3.569424617914283837e-02
3.584851143324557787e-02
3.600295400373234450e-02
3.615757419649684445e-02
3.631237231813679717e-02
3.646734867595595453e-02
3.662250357796614092e-02
3.677783733288931406e-02
3.693335025015956341e-02
3.708904263992522654e-02
3.724491481305090140e-02
3.740096708111951412e-02
3.755719975643446312e-02
3.771361315202160364e-02
3.787020758163141265e-02
3.802698335974107058e-02
3.818394080155652903e-02
3.834108022301465496e-02
3.849840194078539557e-02
3.865590627227379755e-02
3.881359353562223446e-02
3.897146404971250921e-02
3.912951813416799124e-02
3.928775610935584389e-02
3.944617829638907835e-02
3.960478501712880184e-02
3.976357659418641721e-02
3.992255335092572549e-02
4.008171561146519485e-02
4.024106370068014638e-02
4.040059794420491901e-02
4.056031866843515937e-02
4.072022620053000058e-02
4.088032086841428964e-02
4.104060300078089113e-02
4.120107292709285218e-02
4.136173097758570616e-02
4.152257748326976944e-02
4.168361277593232717e-02
4.184483718813999942e-02
4.200625105324098940e-02
4.216785470536735941e-02
4.232964847943742476e-02
4.249163271115795337e-02
4.265380773702655282e-02
4.281617389433401560e-02
4.297873152116659518e-02
4.314148095640843450e-02
4.330442253974382122e-02
4.346755661165963014e-02
4.363088351344768939e-02
4.379440358720711191e-02
4.395811717584671707e-02
4.412202462308743856e-02
4.428612627346471126e-02
4.445042247233085830e-02
4.461491356585758905e-02
4.477959990103834442e-02
4.494448182569082961e-02
4.510955968845935943e-02
4.527483383881737017e-02
4.544030462706993151e-02
4.560597240435612654e-02
4.577183752265159139e-02
4.593790033477101326e-02
4.610416119437059368e-02
4.627062045595060902e-02
4.643727847485788762e-02
4.660413560728834254e-02
4.677119221028955276e-02
4.693844864176325432e-02
4.710590526046791460e-02
4.727356242602133440e-02
4.744142049890314600e-02
4.760947984045748455e-02
4.777774081289552083e-02
4.794620377929804944e-02
4.811486910361818803e-02
4.828373715068390998e-02
4.845280828620069508e-02
4.862208287675420793e-02
4.879156128981290003e-02
4.896124389373069513e-02
4.913113105774966766e-02
4.930122315200265865e-02
4.947152054751608602e-02
4.964202361621249809e-02
4.981273273091336995e-02
4.998364826534181654e-02
5.015477059412528499e-02
5.032610009279831625e-02
5.049763713780530683e-02
5.066938210650320101e-02
5.084133537716435669e-02
5.101349732897922373e-02
5.118586834205919589e-02
5.135844879743938635e-02
5.153123907708143797e-02
5.170423956387633357e-02
5.187745064164724779e-02
5.205087269515235038e-02
5.222450611008768590e-02
5.239835127309001861e-02
5.257240857173969134e-02
5.274667839456355367e-02
5.292116113103777220e-02
5.309585717159080731e-02
5.327076690760629979e-02
5.344589073142596430e-02
5.362122903635257315e-02
5.379678221665287752e-02
5.397255066756052877e-02
5.414853478527911768e-02
5.432473496698508181e-02
5.450115161083072396e-02
5.467778511594724444e-02
5.485463588244765543e-02
5.503170431142991731e-02
5.520899080497990163e-02
5.538649576617443032e-02
5.556421959908435654e-02
5.574216270877765250e-02
5.592032550132240015e-02
5.609870838379001079e-02
5.627731176425820186e-02
5.645613605181415418e-02
5.663518165655768988e-02
5.681444898960431866e-02
5.699393846308841577e-02
5.717365049016642081e-02
5.735358548501994641e-02
5.753374386285903253e-02
5.771412603992524121e-02
5.789473243349493869e-02
5.807556346188252200e-02
5.825661954444358304e-02
5.843790110157818379e-02
5.861940855473414536e-02
5.880114232641023980e-02
5.898310284015955557e-02
5.916529052059269628e-02
5.934770579338114610e-02
5.953034908526060043e-02
5.971322082403421327e-02
5.989632143857599039e-02
6.007965135883417546e-02
6.026321101583452522e-02
6.044700084168377896e-02
6.063102126957300303e-02
6.081527273378097009e-02
6.099975566967765633e-02
6.118447051372757212e-02
6.136941770349326614e-02
6.155459767763879486e-02
6.174001087593310177e-02
6.192565773925361866e-02
6.211153870958968648e-02
6.229765423004602481e-02
6.248400474484639561e-02
6.267059069933697546e-02
6.285741253998998468e-02
6.304447071440727468e-02
6.323176567132382520e-02
6.341929786061137331e-02
6.360706773328206332e-02
6.379507574149197169e-02
6.398332233854477080e-02
6.417180797889543431e-02
6.436053311815376210e-02
6.454949821308822444e-02
6.473870372162945919e-02
6.492815010287411592e-02
6.511783781708851970e-02
6.530776732571236254e-02
6.549793909136251979e-02
6.568835357783674167e-02
6.587901125011742798e-02
6.606991257437548615e-02
6.626105801797402273e-02
6.645244804947222916e-02
6.664408313862921207e-02
6.683596375640779574e-02
6.702809037497839406e-02
6.722046346772292402e-02
6.741308350923862214e-02
6.760595097534201348e-02
6.779906634307276969e-02
6.799243009069771970e-02
6.818604269771473547e-02
6.837990464485668718e-02
6.857401641409546778e-02
6.876837848864597591e-02
6.896299135297009886e-02
6.915785549278075095e-02
6.935297139504592590e-02
6.954833954799277684e-02
6.974396044111162707e-02
6.993983456516006392e-02
7.013596241216711602e-02
7.033234447543730561e-02
7.052898124955481185e-02
7.072587323038756479e-02
7.092302091509153361e-02
7.112042480211482054e-02
7.131808539120183810e-02
7.151600318339763895e-02
7.171417868105200988e-02
7.191261238782387100e-02
7.211130480868538362e-02
7.231025644992636336e-02
7.250946781915851291e-02
7.270893942531977960e-02
7.290867177867862980e-02
7.310866539083847593e-02
7.330892077474199242e-02
7.350943844467551502e-02
7.371021891627342615e-02
7.391126270652260966e-02
7.411257033376686398e-02
7.431414231771138468e-02
7.451597917942717753e-02
7.471808144135562435e-02
7.492044962731291002e-02
7.512308426249464377e-02
7.532598587348031394e-02
7.552915498823786766e-02
7.573259213612834606e-02
7.593629784791043613e-02
7.614027265574506431e-02
7.634451709320010104e-02
7.654903169525496820e-02
7.675381699830524651e-02
7.695887354016753279e-02
7.716420186008396409e-02
7.736980249872707494e-02
7.757567599820450188e-02
7.778182290206367422e-02
7.798824375529676833e-02
7.819493910434532902e-02
7.840190949710519608e-02
7.860915548293131994e-02
7.881667761264261884e-02
7.902447643852686388e-02
7.923255251434559165e-02
7.944090639533894771e-02
7.964953863823079350e-02
7.985844980123345260e-02
8.006764044405281777e-02
8.027711112789337466e-02
8.048686241546312847e-02
8.069689487097866931e-02
8.090720906017029312e-02
8.111780555028699768e-02
8.132868491010165901e-02
8.153984770991606901e-02
8.175129452156612575e-02
8.196302591842703766e-02
8.217504247541840279e-02
8.238734476900946846e-02
8.259993337722439100e-02
8.281280887964743986e-02
8.302597185742824348e-02
8.323942289328714605e-02
8.345316257152042561e-02
8.366719147800570633e-02
8.388151020020730153e-02
8.409611932718151495e-02
8.431101944958212246e-02
8.452621115966579834e-02
8.474169505129741653e-02
8.495747171995572666e-02
8.517354176273865540e-02
8.538990577836891305e-02
8.560656436719948914e-02
8.582351813121920359e-02
8.604076767405828552e-02
8.625831360099403544e-02
8.647615651895629307e-02
8.669429703653325214e-02
8.691273576397705314e-02
8.713147331320941769e-02
8.735051029782746335e-02
8.756984733310935187e-02
8.778948503602011788e-02
8.800942402521749752e-02
8.822966492105753511e-02
8.845020834560066159e-02
8.867105492261739830e-02
8.889220527759426893e-02
8.911366003773969757e-02
8.933541983199003167e-02
8.955748529101532907e-02
8.977985704722550586e-02
9.000253573477619284e-02
9.022552198957488334e-02
9.044881644928691455e-02
9.067241975334157378e-02
9.089633254293816300e-02
9.112055546105221615e-02
9.134508915244152205e-02
9.156993426365245270e-02
9.179509144302606949e-02
9.202056134070438209e-02
9.224634460863657959e-02
9.247244190058538649e-02
9.269885387213326611e-02
9.292558118068888762e-02
9.315262448549335716e-02
9.337998444762672656e-02
9.360766173001426604e-02
9.383565699743308397e-02
9.406397091651844122e-02
9.429260415577038479e-02
9.452155738556010378e-02
9.475083127813664630e-02
9.498042650763340033e-02
9.521034375007472739e-02
9.544058368338266540e-02
9.567114698738345135e-02
9.590203434381432135e-02
9.613324643633018585e-02
9.636478395051037427e-02
9.659664757386547673e-02
9.682883799584404705e-02
9.706135590783952771e-02
9.729420200319702228e-02
9.752737697722027588e-02
9.776088152717854474e-02
9.799471635231356281e-02
9.822888215384650845e-02
9.846337963498502655e-02
9.869820950093025069e-02
9.893337245888390863e-02
9.916886921805537214e-02
9.940470048966887351e-02
9.964086698697051381e-02
9.987736942523560424e-02
1.001142085217757993e-01
1.003513849959463827e-01
1.005888995691535531e-01
1.008267529648617516e-01
1.010649459086009339e-01
1.013034791279740360e-01
1.015423533526643024e-01
1.017815693144428491e-01
1.020211277471759909e-01
1.022610293868328052e-01
1.025012749714926952e-01
1.027418652413529671e-01
1.029828009387363658e-01
1.032240828080987771e-01
1.034657115960368468e-01
1.037076880512956822e-01
1.039500129247766247e-01
1.041926869695449925e-01
1.044357109408379086e-01
1.046790855960720856e-01
1.049228116948517225e-01
1.051668899989764289e-01
1.054113212724490933e-01
1.056561062814839608e-01
1.059012457945145425e-01
1.061467405822016929e-01
1.063925914174416593e-01
1.066387990753743104e-01
1.068853643333910614e-01
1.071322879711433390e-01
1.073795707705505337e-01
1.076272135158083815e-01
1.078752169933972771e-01
1.081235819920905172e-01
1.083723093029627244e-01
1.086213997193982844e-01
1.088708540370996181e-01
1.091206730540958403e-01
1.093708575707511704e-01
1.096214083897734809e-01
1.098723263162229430e-01
1.101236121575205756e-01
1.103752667234569190e-01
1.106272908262008331e-01
1.108796852803080185e-01
1.111324509027301205e-01
1.113855885128231804e-01
1.116390989323567395e-01
1.118929829855226238e-01
1.121472414989438948e-01
1.124018753016838706e-01
1.126568852252550768e-01
1.129122721036283084e-01
1.131680367732417480e-01
1.134241800730100558e-01
1.136807028443335560e-01
1.139376059311075218e-01
1.141948901797313065e-01
1.144525564391176836e-01
1.147106055607022695e-01
1.149690383984527525e-01
1.152278558088784960e-01
1.154870586510397951e-01
1.157466477865575216e-01
1.160066240796226167e-01
1.162669883970057355e-01
1.165277416080667400e-01
1.167888845847646628e-01
1.170504182016670336e-01
1.173123433359600093e-01
1.175746608674579224e-01
1.178373716786132175e-01
1.181004766545264706e-01
1.183639766829561041e-01
1.186278726543285172e-01
1.188921654617481199e-01
1.191568560010072830e-01
1.194219451705967050e-01
1.196874338717152791e-01
1.199533230082804880e-01
1.202196134869386174e-01
1.204863062170750815e-01
1.207534021108247202e-01
1.210209020830823323e-01
1.212888070515129174e-01
1.215571179365623616e-01
1.218258356614678184e-01
1.220949611522684219e-01
1.223644953378158762e-01
1.226344391497851544e-01
1.229047935226851573e-01
1.231755593938696491e-01
1.234467377035479430e-01
1.237183293947958507e-01
1.239903354135666741e-01
1.242627567087020296e-01
1.245355942319430059e-01
1.248088489379412386e-01
1.250825217842699566e-01
1.253566137314353623e-01
1.256311257428875949e-01
1.259060587850322488e-01
1.261814138272415731e-01
1.264571918418659902e-01
1.267333938042453922e-01
1.270100206927207709e-01
1.272870734886456523e-01
1.275645531763978935e-01
1.278424607433910343e-01
1.281207971800863432e-01
1.283995634800043639e-01
1.286787606397367667e-01
1.289583896589583389e-01
1.292384515404387535e-01
1.295189472900546701e-01
1.297998779168017813e-01
1.300812444328068584e-01
1.303630478533398807e-01
1.306452891968263585e-01
1.309279694848594633e-01
1.312110897422124334e-01
1.314946509968510369e-01
1.317786542799457838e-01
1.320631006258846940e-01
1.323479910722856479e-01
1.326333266600090710e-01
1.329191084331707295e-01
1.332053374391542477e-01
1.334920147286240144e-01
1.337791413555380893e-01
1.340667183771610538e-01
1.343547468540769452e-01
1.346432278502024960e-01
1.349321624327999292e-01
1.352215516724903643e-01
1.355113966432669181e-01
1.358016984225080548e-01
1.360924580909909087e-01
1.363836767329046351e-01
1.366753554358640932e-01
1.369674952909230303e-01
1.372600973925880985e-01
1.375531628388322325e-01
1.378466927311084445e-01
1.381406881743636739e-01
1.384351502770526654e-01
1.387300801511517634e-01
1.390254789121731227e-01
1.393213476791785865e-01
1.396176875747939805e-01
1.399144997252231015e-01
1.402117852602621506e-01
1.405095453133139993e-01
1.408077810214027059e-01
1.411064935251877817e-01
1.414056839689789291e-01
1.417053535007505027e-01
1.420055032721563582e-01
1.423061344385443683e-01
1.426072481589715779e-01
1.429088455962187476e-01
1.432109279168055360e-01
1.435134962910054601e-01
1.438165518928611053e-01
1.441200959001992521e-01
1.444241294946459475e-01
1.447286538616422147e-01
1.450336701904591796e-01
1.453391796742135866e-01
1.456451835098834247e-01
1.459516828983236369e-01
1.462586790442815254e-01
1.465661731564129322e-01
1.468741664472977548e-01
1.471826601334561835e-01
1.474916554353644937e-01
1.478011535774711727e-01
1.481111557882132113e-01
1.484216633000322305e-01
1.487326773493909127e-01
1.490441991767893770e-01
1.493562300267816112e-01
1.496687711479921801e-01
1.499818237931327403e-01
1.502953892190187768e-01
1.506094686865866172e-01
1.509240634609100851e-01
1.512391748112176804e-01
1.515548040109095107e-01
1.518709523375744996e-01
1.521876210730076506e-01
1.525048115032273943e-01
1.528225249184928247e-01
1.531407626133214073e-01
1.534595258865064371e-01
1.537788160411347194e-01
1.540986343846043882e-01
1.544189822286427538e-01
1.547398608893240934e-01
1.550612716870878316e-01
1.553832159467565810e-01
1.557056949975543225e-01
1.560287101731248072e-01
1.563522628115497914e-01
1.566763542553676891e-01
1.570009858515919177e-01
1.573261589517297998e-01
1.576518749118011598e-01
1.579781350923571692e-01
1.583049408584993878e-01
1.586322935798987754e-01
1.589601946308146774e-01
1.592886453901143917e-01
1.596176472412920988e-01
1.599472015724885954e-01
1.602773097765106403e-01
1.606079732508506330e-01
1.609391933977063482e-01
1.612709716240007252e-01
1.616033093414018518e-01
1.619362079663428933e-01
1.622696689200422704e-01
1.626036936285239209e-01
1.629382835226374782e-01
1.632734400380789763e-01
1.636091646154110291e-01
1.639454587000837571e-01
1.642823237424554106e-01
1.646197611978132413e-01
1.649577725263944583e-01
1.652963591934073495e-01
1.656355226690522930e-01
1.659752644285431844e-01
1.663155859521287527e-01
1.666564887251140992e-01
1.669979742378823184e-01
1.673400439859162314e-01
1.676826994698200068e-01
1.680259421953415044e-01
1.683697736733938688e-01
1.687141954200780947e-01
1.690592089567050926e-01
1.694048158098181434e-01
1.697510175112153241e-01
1.700978155979723794e-01
1.704452116124652028e-01
1.707932071023929022e-01
1.711418036208006144e-01
1.714910027261027370e-01
1.718408059821060763e-01
1.721912149580331897e-01
1.725422312285459781e-01
1.728938563737691114e-01
1.732460919793138154e-01
1.735989396363017134e-01
1.739524009413886685e-01
1.743064774967891528e-01
1.746611709103000620e-01
1.750164827953253899e-01
1.753724147709004588e-01
1.757289684617167613e-01
1.760861454981463015e-01
1.764439475162669357e-01
1.768023761578869091e-01
1.771614330705701956e-01
1.775211199076617286e-01
1.778814383283126299e-01
1.782423899975059678e-01
1.786039765860822637e-01
1.789661997707651664e-01
1.793290612341876533e-01
1.796925626649177599e-01
1.800567057574849472e-01
1.804214922124065534e-01
1.807869237362139392e-01
1.811530020414793551e-01
1.815197288468426984e-01
1.818871058770382132e-01
1.822551348629217749e-01
1.826238175414978682e-01
1.829931556559469541e-01
1.833631509556531147e-01
1.837338051962313645e-01
1.841051201395557113e-01
1.844770975537870228e-01
1.848497392134008654e-01
1.852230468992160095e-01
1.855970223984226009e-01
1.859716675046107215e-01
1.863469840177992276e-01
1.867229737444642823e-01
1.870996384975685822e-01
1.874769800965904176e-01
1.878550003675528990e-01
1.882337011430536278e-01
1.886130842622939785e-01
1.889931515711091581e-01
1.893739049219980430e-01
1.897553461741531833e-01
1.901374771934911945e-01
1.905202998526832614e-01
1.909038160311854193e-01
1.912880276152696679e-01
1.916729364980546413e-01
1.920585445795367219e-01
1.924448537666215153e-01
1.928318659731550755e-01
1.932195831199554903e-01
1.936080071348449116e-01
1.939971399526811691e-01
1.943869835153902437e-01
1.947775397719982149e-01
1.951688106786640398e-01
1.955607981987120547e-01
1.959535043026648105e-01
1.963469309682761288e-01
1.967410801805644927e-01
1.971359539318459919e-01
1.975315542217683518e-01
1.979278830573443226e-01
1.983249424529858473e-01
1.987227344305382004e-01
1.991212610193140997e-01
1.995205242561283454e-01
1.999205261853326532e-01
2.003212688588502932e-01
2.007227543362113398e-01
2.011249846845879208e-01
2.015279619788296617e-01
2.019316883014993236e-01
2.023361657429088578e-01
2.027413964011552383e-01
2.031473823821569880e-01
2.035541257996904552e-01
2.039616287754266177e-01
2.043698934389679145e-01
2.047789219278853268e-01
2.051887163877557374e-01
2.055992789721995118e-01
2.060106118429179956e-01
2.064227171697317897e-01
2.068355971306184704e-01
2.072492539117514188e-01
2.076636897075381516e-01
2.080789067206590681e-01
2.084949071621066130e-01
2.089116932512245228e-01
2.093292672157471002e-01
2.097476312918393482e-01
2.101667877241362725e-01
2.105867387657835432e-01
2.110074866784776015e-01
2.114290337325063218e-01
2.118513822067898122e-01
2.122745343889216318e-01
2.126984925752098410e-01
2.131232590707188568e-01
2.135488361893108644e-01
2.139752262536881444e-01
2.144024315954352333e-01
2.148304545550612510e-01
2.152592974820428662e-01
2.156889627348672067e-01
2.161194526810750471e-01
2.165507696973044405e-01
2.169829161693342667e-01
2.174158944921283643e-01
2.178497070698796889e-01
2.182843563160548617e-01
2.187198446534387997e-01
2.191561745141800410e-01
2.195933483398356534e-01
2.200313685814170583e-01
2.204702376994355784e-01
2.209099581639488163e-01
2.213505324546067854e-01
2.217919630606984827e-01
2.222342524811989073e-01
2.226774032248161894e-01
2.231214178100389134e-01
2.235662987651840516e-01
2.240120486284446766e-01
2.244586699479385328e-01
2.249061652817562207e-01
2.253545371980104073e-01
2.258037882748846481e-01
2.262539211006830975e-01
2.267049382738799412e-01
2.271568424031696620e-01
2.276096361075169716e-01
2.280633220162078811e-01
2.285179027689001052e-01
2.289733810156746874e-01
2.294297594170871812e-01
2.298870406442195535e-01
2.303452273787323368e-01
2.308043223129171428e-01
2.312643281497490932e-01
2.317252476029402486e-01
2.321870833969926495e-01
2.326498382672520793e-01
2.331135149599622425e-01
2.335781162323188054e-01
2.340436448525244628e-01
2.345101035998434225e-01
2.349774952646570270e-01
2.354458226485192374e-01
2.359150885642128659e-01
2.363852958358056144e-01
2.368564472987067793e-01
2.373285457997242609e-01
2.378015941971221292e-01
2.382755953606778554e-01
2.387505521717407930e-01
2.392264675232901872e-01
2.397033443199942659e-01
2.401811854782690270e-01
2.406599939263378840e-01
2.411397726042912859e-01
2.416205244641473071e-01
2.421022524699116829e-01
2.425849595976389828e-01
2.430686488354938946e-01
2.435533231838128143e-01
2.440389856551660741e-01
2.445256392744200868e-01
2.450132870788002404e-01
2.455019321179541247e-01
2.459915774540152311e-01
2.464822261616665955e-01
2.469738813282054968e-01
2.474665460536078498e-01
2.479602234505938474e-01
2.484549166446929636e-01
2.489506287743102897e-01
2.494473629907927592e-01
2.499451224584961218e-01
2.504439103548517509e-01
2.509437298704345620e-01
2.514445842090309857e-01
2.519464765877074131e-01
2.524494102368790571e-01
2.529533884003791755e-01
2.534584143355289587e-01
2.539644913132076964e-01
2.544716226179232765e-01
2.549798115478832949e-01
2.554890614150666095e-01
2.559993755452952269e-01
2.565107572783068002e-01
2.570232099678272375e-01
2.575367369816443652e-01
2.580513417016814803e-01
2.585670275240716798e-01
2.590837978592323565e-01
2.596016561319406946e-01
2.601206057814092754e-01
2.606406502613619613e-01
2.611617930401107790e-01
2.616840376006327462e-01
2.622073874406479765e-01
2.627318460726971172e-01
2.632574170242203970e-01
2.637841038376364522e-01
2.643119100704222069e-01
2.648408392951925872e-01
2.653708950997814564e-01
2.659020810873224394e-01
2.664344008763310789e-01
2.669678581007862705e-01
2.675024564102135849e-01
2.680381994697680903e-01
2.685750909603184522e-01
2.691131345785309770e-01
2.696523340369544885e-01
2.701926930641057045e-01
2.707342154045555005e-01
2.712769048190148968e-01
2.718207650844223777e-01
2.723657999940315988e-01
2.729120133574994833e-01
2.734594090009748180e-01
2.740079907671880144e-01
2.745577625155403156e-01
2.751087281221953895e-01
2.756608914801692012e-01
2.762142564994226612e-01
2.767688271069532746e-01
2.773246072468886214e-01
2.778816008805792825e-01
2.784398119866933197e-01
2.789992445613107552e-01
2.795599026180194957e-01
2.801217901880104777e-01
2.806849113201748680e-01
2.812492700812010971e-01
2.818148705556729472e-01
2.823817168461679183e-01
2.829498130733563710e-01
2.835191633761015018e-01
2.840897719115598741e-01
2.846616428552825595e-01
2.852347804013168897e-01
2.858091887623091520e-01
2.863848721696077848e-01
2.869618348733670721e-01
2.875400811426519487e-01
2.881196152655431941e-01
2.887004415492436249e-01
2.892825643201845098e-01
2.898659879241329840e-01
2.904507167263006284e-01
2.910367551114518281e-01
2.916241074840136838e-01
2.922127782681862573e-01
2.928027719080535385e-01
2.933940928676956328e-01
2.939867456313008387e-01
2.945807347032794454e-01
2.951760646083776418e-01
2.957727398917924244e-01
2.963707651192874493e-01
2.969701448773089947e-01
2.975708837731037559e-01
2.981729864348368619e-01
2.987764575117102250e-01
2.993813016740827782e-01
2.999875236135904899e-01
3.005951280432682116e-01
3.012041196976711910e-01
3.018145033329984739e-01
3.024262837272166937e-01
3.030394656801845832e-01
3.036540540137785404e-01
3.042700535720190835e-01
3.048874692211980264e-01
3.055063058500069872e-01
3.061265683696656748e-01
3.067482617140525614e-01
3.073713908398351680e-01
3.079959607266022914e-01
3.086219763769962321e-01
3.092494428168464649e-01
3.098783650953041979e-01
3.105087482849778757e-01
3.111405974820693476e-01
3.117739178065115913e-01
3.124087144021061579e-01
3.130449924366637826e-01
3.136827571021432171e-01
3.143220136147934496e-01
3.149627672152951474e-01
3.156050231689047636e-01
3.162487867655980889e-01
3.168940633202154133e-01
3.175408581726082424e-01
3.181891766877865124e-01
3.188390242560665833e-01
3.194904062932210631e-01
3.201433282406287439e-01
3.207977955654268687e-01
3.214538137606628432e-01
3.221113883454485571e-01
3.227705248651150383e-01
3.234312288913681055e-01
3.240935060224456876e-01
3.247573618832754749e-01
3.254228021256345693e-01
3.260898324283100780e-01
3.267584584972598738e-01
3.274286860657761311e-01
3.281005208946483620e-01
3.287739687723294502e-01
3.294490355151012406e-01
3.301257269672417949e-01
3.308040490011947554e-01
3.314840075177387102e-01
3.321656084461584446e-01
3.328488577444170815e-01
3.335337613993299977e-01
3.342203254267397949e-01
3.349085558716918265e-01
3.355984588086122211e-01
3.362900403414860184e-01
3.369833066040380798e-01
3.376782637599134440e-01
3.383749180028605141e-01
3.390732755569150214e-01
3.397733426765853215e-01
3.404751256470391341e-01
3.411786307842916699e-01
3.418838644353948131e-01
3.425908329786287454e-01
3.432995428236931823e-01
3.440100004119021060e-01
3.447222122163781655e-01
3.454361847422497411e-01
3.461519245268487865e-01
3.468694381399102245e-01
3.475887321837732302e-01
3.483098132935838476e-01
3.490326881374984369e-01
3.497573634168897883e-01
3.504838458665538448e-01
3.512121422549188132e-01
3.519422593842546076e-01
3.526742040908854015e-01
3.534079832454024017e-01
3.541436037528793435e-01
3.548810725530887611e-01
3.556203966207199807e-01
3.563615829655994993e-01
3.571046386329127520e-01
3.578495707034262119e-01
3.585963862937134317e-01
3.593450925563809739e-01
3.600956966802974502e-01
3.608482058908229484e-01
3.616026274500409587e-01
3.623589686569922974e-01
3.631172368479104184e-01
3.638774393964583909e-01
3.646395837139683183e-01
3.654036772496813690e-01
3.661697274909918032e-01
3.669377419636901672e-01
3.677077282322106511e-01
3.684796938998788907e-01
3.692536466091628222e-01
3.700295940419243701e-01
3.708075439196735767e-01
3.715875040038252308e-01
3.723694820959566054e-01
3.731534860380676388e-01
3.739395237128430582e-01
3.747276030439163907e-01
3.755177319961370830e-01
3.763099185758374543e-01
3.771041708311041463e-01
3.779004968520503494e-01
3.786989047710905831e-01
3.794994027632174194e-01
3.803019990462802591e-01
3.811067018812670515e-01
3.819135195725877341e-01
3.827224604683592268e-01
3.835335329606940347e-01
3.843467454859900156e-01
3.851621065252234799e-01
3.859796246042433432e-01
3.867993082940684446e-01
3.876211662111875289e-01
3.884452070178607275e-01
3.892714394224239816e-01
3.900998721795960744e-01
3.909305140907870513e-01
3.917633740044113022e-01
3.925984608162002565e-01
3.934357834695201839e-01
3.942753509556906621e-01
3.951171723143073744e-01
3.959612566335655170e-01
3.968076130505874821e-01
3.976562507517522604e-01
3.985071789730282310e-01
3.993604070003076711e-01
4.002159441697448750e-01
4.010737998680963257e-01
4.019339835330649757e-01
4.027965046536448601e-01
4.036613727704712051e-01
4.045285974761717029e-01
4.053981884157213944e-01
4.062701552867999388e-01
4.071445078401522699e-01
4.080212558799519718e-01
4.089004092641683741e-01
4.097819779049347022e-01
4.106659717689219447e-01
4.115524008777134979e-01
4.124412753081844185e-01
4.133326051928831735e-01
4.142264007204165543e-01
4.151226721358378668e-01
4.160214297410382289e-01
4.169226838951421987e-01
4.178264450149041798e-01
4.187327235751112098e-01
4.196415301089868044e-01
4.205528752085995192e-01
4.214667695252742319e-01
4.223832237700066994e-01
4.233022487138827783e-01
4.242238551885003095e-01
4.251480540863937785e-01
4.260748563614644158e-01
4.270042730294124067e-01
4.279363151681738753e-01
4.288709939183605324e-01
4.298083204837034876e-01
4.307483061315011685e-01
4.316909621930711261e-01
4.326363000642045598e-01
4.335843312056262278e-01
4.345350671434568546e-01
4.354885194696814787e-01
4.364446998426191326e-01
4.374036199873990727e-01
4.383652916964392854e-01
4.393297268299309333e-01
4.402969373163247990e-01
4.412669351528233919e-01
4.422397324058775503e-01
4.432153412116862645e-01
4.441937737767013283e-01
4.451750423781368204e-01
4.461591593644819165e-01
4.471461371560200848e-01
4.481359882453501697e-01
4.491287251979144135e-01
4.501243606525299201e-01
4.511229073219250596e-01
4.521243779932804241e-01
4.531287855287745581e-01
4.541361428661349620e-01
4.551464630191936478e-01
4.561597590784468581e-01
4.571760442116212797e-01
4.581953316642434770e-01
4.592176347602168196e-01
4.602429669024005743e-01
4.612713415731959921e-01
4.623027723351378904e-01
4.633372728314903988e-01
4.643748567868484778e-01
4.654155380077448778e-01
4.664593303832626492e-01
4.675062478856534254e-01
4.685563045709598695e-01
4.696095145796456705e-01
4.706658921372295357e-01
4.717254515549267890e-01
4.727882072302944105e-01
4.738541736478835698e-01
4.749233653798980437e-01
4.759957970868580746e-01
4.770714835182702229e-01
4.781504395133037710e-01
4.792326800014726218e-01
4.803182200033251359e-01
4.814070746311374660e-01
4.824992590896158284e-01
4.835947886766040482e-01
4.846936787837978211e-01
4.857959448974654149e-01
4.869016025991749763e-01
4.880106675665290550e-01
4.891231555739060655e-01
4.902390824932069124e-01
4.913584642946109415e-01
4.924813170473368862e-01
4.936076569204131959e-01
4.947375001834523056e-01
4.958708632074354528e-01
4.970077624655027670e-01
4.981482145337515766e-01
4.992922360920419300e-01
5.004398439248095576e-01
5.015910549218872694e-01
5.027458860793332374e-01
5.039043545002672708e-01
5.050664773957153075e-01
5.062322720854615099e-01
5.074017559989095760e-01
5.085749466759502679e-01
5.097518617678387098e-01
5.109325190380795689e-01
5.121169363633213401e-01
5.133051317342576247e-01
5.144971232565388464e-01
5.156929291516911817e-01
5.168925677580460398e-01
5.180960575316765349e-01
5.193034170473445066e-01
5.205146649994555341e-01
5.217298202030252741e-01
5.229489015946517938e-01
5.241719282335003394e-01
5.253989193022964299e-01
5.266298941083289442e-01
5.278648720844623110e-01
5.291038727901598016e-01
5.303469159125151489e-01
5.315940212672967125e-01
5.328452087999988596e-01
5.341004985869066690e-01
5.353599108361686287e-01
5.366234658888823228e-01
5.378911842201882232e-01
5.391630864403762491e-01
5.404391932960026512e-01
5.417195256710188866e-01
5.430041045879090422e-01
5.442929512088421351e-01
5.455860868368328509e-01
5.468835329169171589e-01
5.481853110373356985e-01
5.494914429307321546e-01
5.508019504753627338e-01
5.521168556963175211e-01
5.534361807667547151e-01
5.547599480091460755e-01
5.560881798965369160e-01
5.574208990538179753e-01
5.587581282590083909e-01
5.600998904445555482e-01
5.614462086986441447e-01
5.627971062665223512e-01
5.641526065518379651e-01
5.655127331179908845e-01
5.668775096894980159e-01
5.682469601533733927e-01
5.696211085605210611e-01
5.709999791271436198e-01
5.723835962361638607e-01
5.737719844386638401e-01
5.751651684553346078e-01
5.765631731779454761e-01
5.779660236708252796e-01
5.793737451723609544e-01
5.807863630965107715e-01
5.822039030343335586e-01
5.836263907555341302e-01
5.850538522100260375e-01
5.864863135295071972e-01
5.879238010290568361e-01
5.893663412087452036e-01
5.908139607552638228e-01
5.922666865435688432e-01
5.937245456385464859e-01
5.951875652966920338e-01
5.966557729678098054e-01
5.981291962967291154e-01
5.996078631250396640e-01
6.010918014928446906e-01
6.025810396405351099e-01
6.040756060105785252e-01
6.055755292493318898e-01
6.070808382088703770e-01
6.085915619488391215e-01
6.101077297383213915e-01
6.116293710577294096e-01
6.131565156007157125e-01
6.146891932761041621e-01
6.162274342098426061e-01
6.177712687469765207e-01
6.193207274536441931e-01
6.208758411190957727e-01
6.224366407577298643e-01
6.240031576111574330e-01
6.255754231502855811e-01
6.271534690774253074e-01
6.287373273284220243e-01
6.303270300748098354e-01
6.319226097259900143e-01
6.335240989314339100e-01
6.351315305829092761e-01
6.367449378167321372e-01
6.383643540160437446e-01
6.399898128131142894e-01
6.416213480916691525e-01
6.432589939892449094e-01
6.449027848995693146e-01
6.465527554749702643e-01
6.482089406288097377e-01
6.498713755379466050e-01
6.515400956452274128e-01
6.532151366620059241e-01
6.548965345706885266e-01
6.565843256273130590e-01
6.582785463641529500e-01
6.599792335923549969e-01
6.616864244046039012e-01
6.634001561778191114e-01
6.651204665758834178e-01
6.668473935524018570e-01
6.685809753534927014e-01
6.703212505206110894e-01
6.720682578934045193e-01
6.738220366126045358e-01
6.755826261229469498e-01
6.773500661761312491e-01
6.791243968338110948e-01
6.809056584706226767e-01
6.826938917772458204e-01
6.844891377635027307e-01
6.862914377614931505e-01
6.881008334287672668e-01
6.899173667515335895e-01
6.917410800479077970e-01
6.935720159711978861e-01
6.954102175132316210e-01
6.972557280077186226e-01
6.991085911336578640e-01
7.009688509187822492e-01
7.028365517430472664e-01
7.047117383421591663e-01
7.065944558111469931e-01
7.084847496079774709e-01
7.103826655572148541e-01
7.122882498537218554e-01
7.142015490664092026e-01
7.161226101420278267e-01
7.180514804090112335e-01
7.199882075813590632e-01
7.219328397625734972e-01
7.238854254496415175e-01
7.258460135370664590e-01
7.278146533209491897e-01
7.297913945031193617e-01
7.317762871953187309e-01
7.337693819234367698e-01
7.357707296317953505e-01
7.377803816874916043e-01
7.397983898847910744e-01
7.418248064495797101e-01
7.438596840438665980e-01
7.459030757703469794e-01
7.479550351770219985e-01
7.500156162618765165e-01
7.520848734776147682e-01
7.541628617364574128e-01
7.562496364149990935e-01
7.583452533591275024e-01
7.604497688890062834e-01
7.625632398041185533e-01
7.646857233883784799e-01
7.668172774153056981e-01
7.689579601532695596e-01
7.711078303707953330e-01
7.732669473419451212e-01
7.754353708517630617e-01
7.776131612017965766e-01
7.798003792156831260e-01
7.819970862448142324e-01
7.842033441740716704e-01
7.864192154276399283e-01
7.886447629748919441e-01
7.908800503363551115e-01
7.931251415897541124e-01
7.953801013761355732e-01
7.976449949060693267e-01
7.999198879659364936e-01
8.022048469242982760e-01
8.044999387383516831e-01
8.068052309604675232e-01
8.091207917448199893e-01
8.114466898541020656e-01
8.137829946663345249e-01
8.161297761817607466e-01
8.184871050298406780e-01
8.208550524763348344e-01
8.232336904304885516e-01
8.256230914523082776e-01
8.280233287599411129e-01
8.304344762371537181e-01
8.328566084409143588e-01
8.352898006090758720e-01
8.377341286681669885e-01
8.401896692412902379e-01
8.426564996561295429e-01
8.451346979530647285e-01
8.476243428934039370e-01
8.501255139677256212e-01
8.526382914043416639e-01
8.551627561778721853e-01
8.576989900179459170e-01
8.602470754180197021e-01
8.628070956443236739e-01
8.653791347449294458e-01
8.679632775589500859e-01
8.705596097258663235e-01
8.731682176949908669e-01
8.757891887350590654e-01
8.784226109439635666e-01
8.810685732586245322e-01
8.837271654650025177e-01
8.863984782082532377e-01
8.890826030030303251e-01
8.917796322439355272e-01
8.944896592161228899e-01
8.972127781060501572e-01
8.999490840123937074e-01
9.026986729571168100e-01
9.054616418967055269e-01
9.082380887335602671e-01
9.110281123275635329e-01
9.138318125078115362e-01
9.166492900845230052e-01
9.194806468611198547e-01
9.223259856464899320e-01
9.251854102674306191e-01
9.280590255812799505e-01
9.309469374887302529e-01
9.338492529468414016e-01
9.367660799822423723e-01
9.396975277045380714e-01
9.426437063199109012e-01
9.456047271449327107e-01
9.485807026205855808e-01
9.515717463264953269e-01
9.545779729953792758e-01
9.575994985277181959e-01
9.606364400066499387e-01
9.636889157130962280e-01
9.667570451411138244e-01
9.698409490134913824e-01
9.729407492975817862e-01
9.760565692213837297e-01
9.791885332898687677e-01
9.823367673015664936e-01
9.855013983654080656e-01
9.886825549178340777e-01
9.918803667401681068e-01
9.950949649762678151e-01
9.983264821504514996e-01
1.001575052185713410e+00
1.004840810422219954e+00
1.008123893636108548e+00
1.011424440058581231e+00
1.014742589395307482e+00
1.018078482846134003e+00
1.021432263125114925e+00
1.024804074480863969e+00
1.028194062717237900e+00
1.031602375214348610e+00
1.035029160949926474e+00
1.038474570521022766e+00
1.041938756166076674e+00
1.045421871787333368e+00
1.048924072973637767e+00
1.052445517023602672e+00
1.055986362969160153e+00
1.059546771599499726e+00
1.063126905485409113e+00
1.066726929004017332e+00
1.070347008363955688e+00
1.073987311630932417e+00
1.077648008753747000e+00
1.081329271590733665e+00
1.085031273936661877e+00
1.088754191550081352e+00
1.092498202181140465e+00
1.096263485599875409e+00
1.100050223624985390e+00
1.103858600153096114e+00
1.107688801188531524e+00
1.111541014873594913e+00
1.115415431519380052e+00
1.119312243637105908e+00
1.123231645970006909e+00
1.127173835525773216e+00
1.131139011609561873e+00
1.135127375857583498e+00
1.139139132271282495e+00
1.143174487252120120e+00
1.147233649636975494e+00
1.151316830734167018e+00
1.155424244360125474e+00
1.159556106876713732e+00
1.163712637229222802e+00
1.167894056985040230e+00
1.172100590373024609e+00
1.176332464323586624e+00
1.180589908509500185e+00
1.184873155387449639e+00
1.189182440240340810e+00
1.193518001220383207e+00
1.197880079392964925e+00
1.202268918781329132e+00
1.206684766412083443e+00
1.211127872361545066e+00
1.215598489802954818e+00
1.220096875054559771e+00
1.224623287628604507e+00
1.229177990281236088e+00
1.233761249063352272e+00
1.238373333372399854e+00
1.243014516005163994e+00
1.247685073211552087e+00
1.252385284749410577e+00
1.257115433940376059e+00
1.261875807726811072e+00
1.266666696729825015e+00
1.271488395308421948e+00
1.276341201619783927e+00
1.281225417680734058e+00
1.286141349430390823e+00
1.291089306794052538e+00
1.296069603748326582e+00
1.301082558387546717e+00
1.306128492991497581e+00
1.311207734094485433e+00
1.316320612555771152e+00
1.321467463631417427e+00
1.326648627047567475e+00
1.331864447075197244e+00
1.337115272606368643e+00
1.342401457232025752e+00
1.347723359321368664e+00
1.353081342102843809e+00
1.358475773746778081e+00
1.363907027449715370e+00
1.369375481520479720e+00
1.374881519468020175e+00
1.380425530091061059e+00
1.386007907569624553e+00
1.391629051558454844e+00
1.397289367282400052e+00
1.402989265633785232e+00
1.408729163271847051e+00
1.414509482724260137e+00
1.420330652490825907e+00
1.426193107149352990e+00
1.432097287463812707e+00
1.438043640494802933e+00
1.444032619712396492e+00
1.450064685111411844e+00
1.456140303329192420e+00
1.462259947765941259e+00
1.468424098707685754e+00
1.474633243451924702e+00
1.480887876436048467e+00
1.487188499368583328e+00
1.493535621363352606e+00
1.499929759076601199e+00
1.506371436847197431e+00
1.512861186839961292e+00
1.519399549192222532e+00
1.525987072163673908e+00
1.532624312289626811e+00
1.539311834537744339e+00
1.546050212468358831e+00
1.552840028398443373e+00
1.559681873569371824e+00
1.566576348318536427e+00
1.573524062254954892e+00
1.580525634438942451e+00
1.587581693565995877e+00
1.594692878154978288e+00
1.601859836740738174e+00
1.609083228071268135e+00
1.616363721309548973e+00
1.623701996240195733e+00
1.631098743481048441e+00
1.638554664699827912e+00
1.646070472836027365e+00
1.653646892328162421e+00
1.661284659346550896e+00
1.668984522031755846e+00
1.676747240738880596e+00
1.684573588287865631e+00
1.692464350219971214e+00
1.700420325060606697e+00
1.708442324588716588e+00
1.716531174112892133e+00
1.724687712754426672e+00
1.732912793737486412e+00
1.741207284686647982e+00
1.749572067931987496e+00
1.758008040821969598e+00
1.766516116044344997e+00
1.775097221955324267e+00
1.783752302917258614e+00
1.792482319645098743e+00
1.801288249561876720e+00
1.810171087163517489e+00
1.819131844393240716e+00
1.828171551025871144e+00
1.837291255062329931e+00
1.846492023134668425e+00
1.855774940921936844e+00
1.865141113577253984e+00
1.874591666166403270e+00
1.884127744118349934e+00
1.893750513688039705e+00
1.903461162431884013e+00
1.913260899696313855e+00
1.923150957119863058e+00
1.933132589149185732e+00
1.943207073569476639e+00
1.953375712049772783e+00
1.963639830703592493e+00
1.974000780665467358e+00
1.984459938683850400e+00
1.995018707730982221e+00
2.005678517630240076e+00
2.016440825701605544e+00
2.027307117425832583e+00
2.038278907127966999e+00
2.049357738680853913e+00
2.060545186229357562e+00
2.071842854935971978e+00
2.083252381748594839e+00
2.094775436191194107e+00
2.106413721178219234e+00
2.118168973853554071e+00
2.130042966454904096e+00
2.142037507204491931e+00
2.154154441227034589e+00
2.166395651495959918e+00
2.178763059808896951e+00
2.191258627793470470e+00
2.203884357944550842e+00
2.216642294694068482e+00
2.229534525514636378e+00
2.242563182058173510e+00
2.255730441330896952e+00
2.269038526905999831e+00
2.282489710175461539e+00
2.296086311642430822e+00
2.309830702255780466e+00
2.323725304788398560e+00
2.337772595260938502e+00
2.351975104412732609e+00
2.366335419221769598e+00
2.380856184475596660e+00
2.395540104395200931e+00
2.410389944313895860e+00
2.425408532413485307e+00
2.440598761519924498e+00
2.455963590960922982e+00
2.471506048487945417e+00
2.487229232265281365e+00
2.503136312928898821e+00
2.519230535717973840e+00
2.535515222682067638e+00
2.551993774967162842e+00
2.568669675183812284e+00
2.585546489860906405e+00
2.602627871988632435e+00
2.619917563654501347e+00
2.637419398776390089e+00
2.655137305936823733e+00
2.673075311322852698e+00
2.691237541776207554e+00
2.709628227958531088e+00
2.728251707636837775e+00
2.747112429094485719e+00
2.766214954673384963e+00
2.785563964453299235e+00
2.805164260074514804e+00
2.825020768710386765e+00
2.845138547196730539e+00
2.865522786325273685e+00
2.886178815308868106e+00
2.907112106426470444e+00
2.928328279856473149e+00
2.949833108707287099e+00
2.971632524254692598e+00
2.993732621395855276e+00
3.016139664330645065e+00
3.038860092481301844e+00
3.061900526662253874e+00
3.085267775512439581e+00
3.108968842203341687e+00
3.133010931436554181e+00
3.157401456745615675e+00
3.182148048117583006e+00
3.207258559950902921e+00
3.232741079366933334e+00
3.258603934893655740e+00
3.284855705541081416e+00
3.311505230289224944e+00
3.338561618010617682e+00
3.366034257850806011e+00
3.393932830091618058e+00
3.422267317523692842e+00
3.451048017356265873e+00
3.480285553694125067e+00
3.509990890613388981e+00
3.540175345870061552e+00
3.570850605277241741e+00
3.602028737789463975e+00
3.633722211334946994e+00
3.665943909439520976e+00
3.698707148688702873e+00
3.732025697077708148e+00
3.765913793302423151e+00
3.800386167048253938e+00
3.835458060337483044e+00
3.871145250000215032e+00
3.907464071338393019e+00
3.944431443057610398e+00
3.982064893546535700e+00
4.020382588589813011e+00
4.059403360606361311e+00
4.099146739512105064e+00
4.139632985313274283e+00
4.180883122544663877e+00
4.222918976675697600e+00
4.265763212616945133e+00
4.309439375469662714e+00
4.353971933672443839e+00
4.399386324710922835e+00
4.445709003570171625e+00
4.492967494123536909e+00
4.541190443667797005e+00
4.590407680831527060e+00
4.640650277102834842e+00
4.691950612243000585e+00
4.744342443875521731e+00
4.797860981564656235e+00
4.852542965725294088e+00
4.908426751735603943e+00
4.965552399657266136e+00
5.023961770004135019e+00
5.083698626040704660e+00
5.144808743135573792e+00
5.207340025744289669e+00
5.271342632649680837e+00
5.336869111148058842e+00
5.403974540935538862e+00
5.472716688522729633e+00
5.543156173087380623e+00
5.615356644766148264e+00
5.689384976487400714e+00
5.765311470560495977e+00
5.843210081362762764e+00
5.923158655607194234e+00
6.005239191831460488e+00
6.089538120926669684e+00
6.176146609723118353e+00
6.265160889875024175e+00
6.356682614538231135e+00
6.450819245620406761e+00
6.547684474704964508e+00
6.647398681115538999e+00
6.750089431001033979e+00
6.855892021792172386e+00
6.964950076915346067e+00
7.077416196261118841e+00
7.193452668601969968e+00
7.313232252953842938e+00
7.436939036792661994e+00
7.564769380092775997e+00
7.696932955369135243e+00
7.833653895310225934e+00
7.975172061214163222e+00
8.121744447328953953e+00
8.273646738393342304e+00
8.431175040237926410e+00
8.594647806303060023e+00
8.764407986447622534e+00
8.940825428558600407e+00
9.124299568354057755e+00
9.315262448549328056e+00
9.514182115419403729e+00
9.721566448964754414e+00
9.937967492664297353e+00
1.016398636052826632e+01
1.040027881329514159e+01
1.064756161270228496e+01
1.090661978350982153e+01
1.117831493825919154e+01
1.146359485074603057e+01
1.176350450233469047e+01
1.207919887242808876e+01
1.241195780306707341e+01
1.276320334096378062e+01
1.313452005245450493e+01
1.352767892344476763e+01
1.394466560479807882e+01
1.438771395373596995e+01
1.485934606712136485e+01
1.536242032139922742e+01
1.590018935183418414e+01
1.647637045587164195e+01
1.709523164168951226e+01
1.776169753410890095e+01
1.848148069792184600e+01
1.926124579205253795e+01
2.010881654654223283e+01
2.103343918780391064e+01
2.204612112823337711e+01
2.316007126270579519e+01
2.439127930606976236e+01
2.575928824314113896e+01
2.728823940810326576e+01
2.900830946868567750e+01
3.095772220401195796e+01
3.318562247295675149e+01
3.575627662943153950e+01
3.875537314531881350e+01
4.229975993682112545e+01
4.655302408662480218e+01
