0.000000000000000000e+00
1.199082628329264618e-04
2.399359562065231540e-04
3.600832586417776742e-04
4.803503490156515511e-04
6.007374065619681784e-04
7.212446108723032708e-04
8.418721418968770805e-04
9.626201799454516287e-04
1.083488905688227612e-03
1.204478500156746243e-03
1.325589144744793255e-03
1.446821021209304973e-03
1.568174311671277198e-03
1.689649198616678324e-03
1.811245864897362886e-03
1.932964493731990094e-03
2.054805268706943241e-03
2.176768373777252571e-03
2.298853993267521625e-03
2.421062311872856834e-03
2.543393514659796247e-03
2.665847787067245414e-03
2.788425314907415006e-03
2.911126284366758864e-03
3.033950882006917690e-03
3.156899294765665772e-03
3.279971709957856842e-03
3.403168315276376872e-03
3.526489298793098609e-03
3.649934848959837403e-03
3.773505154609311379e-03
3.897200404956105511e-03
4.021020789597635689e-03
4.144966498515118870e-03
4.269037722074544086e-03
4.393234651027646057e-03
4.517557476512885743e-03
4.642006390056426131e-03
4.766581583573121020e-03
4.891283249367497747e-03
5.016111580134748581e-03
5.141066768961722114e-03
5.266149009327919864e-03
5.391358495106493738e-03
5.516695420565250439e-03
5.642159980367651533e-03
5.767752369573823923e-03
5.893472783641572933e-03
6.019321418427391046e-03
6.145298470187480523e-03
6.271404135578770821e-03
6.397638611659939474e-03
6.524002095892442524e-03
6.650494786141543206e-03
6.777116880677344982e-03
6.903868578175823695e-03
7.030750077719871011e-03
7.157761578800336984e-03
7.284903281317070892e-03
7.412175385579976815e-03
7.539578092310057940e-03
7.667111602640479077e-03
7.794776118117618773e-03
7.922571840702134424e-03
8.050498972770027406e-03
8.178557717113709921e-03
8.306748276943077061e-03
8.435070855886586672e-03
8.563525657992322737e-03
8.692112887729096932e-03
8.820832749987518942e-03
8.949685450081087609e-03
9.078671193747287274e-03
9.207790187148680652e-03
9.337042636874001711e-03
9.466428749939265891e-03
9.595948733788873392e-03
9.725602796296708985e-03
9.855391145767266117e-03
9.985313990936757131e-03
1.011537154097423043e-02
1.024556400548269630e-02
1.037589159450025451e-02
1.050635451850121319e-02
1.063695298839724065e-02
1.076768721553847917e-02
1.089855741171470715e-02
1.102956378915647025e-02
1.116070656053622275e-02
1.129198593896949682e-02
1.142340213801604047e-02
1.155495537168098677e-02
1.168664585441600394e-02
1.181847380112047499e-02
1.195043942714265131e-02
1.208254294828084267e-02
1.221478458078456911e-02
1.234716454135576652e-02
1.247968304714996111e-02
1.261234031577744726e-02
1.274513656530449138e-02
1.287807201425451853e-02
1.301114688160931974e-02
1.314436138681024206e-02
1.327771574975940977e-02
1.341121019082091442e-02
1.354484493082205344e-02
1.367862019105453228e-02
1.381253619327568044e-02
1.394659315970969357e-02
1.408079131304884948e-02
1.421513087645475022e-02
1.434961207355955025e-02
1.448423512846720371e-02
1.461900026575470475e-02
1.475390771047334522e-02
1.488895768814995323e-02
1.502415042478816645e-02
1.515948614686967767e-02
1.529496508135550631e-02
1.543058745568727519e-02
1.556635349778845781e-02
1.570226343606569153e-02
1.583831749941002481e-02
1.597451591719822872e-02
1.611085891929405975e-02
1.624734673604957824e-02
1.638397959830643208e-02
1.652075773739715772e-02
1.665768138514649166e-02
1.679475077387267493e-02
1.693196613638876802e-02
1.706932770600396929e-02
1.720683571652494373e-02
1.734449040225714833e-02
1.748229199800613656e-02
1.762024073907893923e-02
1.775833686128536204e-02
1.789658060093935951e-02
1.803497219486037417e-02
1.817351188037466189e-02
1.831219989531669701e-02
1.845103647803049765e-02
1.859002186737100312e-02
1.872915630270543738e-02
1.886844002391469682e-02
1.900787327139470684e-02
1.914745628605783734e-02
1.928718930933425238e-02
1.942707258317332569e-02
1.956710635004504234e-02
1.970729085294137956e-02
1.984762633537772575e-02
1.998811304139427869e-02
2.012875121555748534e-02
2.026954110296142614e-02
2.041048294922926873e-02
2.055157700051468000e-02
2.069282350350325900e-02
2.083422270541398710e-02
2.097577485400066444e-02
2.111748019755334618e-02
2.125933898489979976e-02
2.140135146540697586e-02
2.154351788898245176e-02
2.168583850607590929e-02
2.182831356768058853e-02
2.197094332533478661e-02
2.211372803112331489e-02
2.225666793767900817e-02
2.239976329818419223e-02
2.254301436637218270e-02
2.268642139652880807e-02
2.282998464349388426e-02
2.297370436266273769e-02
2.311758080998771447e-02
2.326161424197971395e-02
2.340580491570969784e-02
2.355015308881022382e-02
2.369465901947697892e-02
2.383932296647032004e-02
2.398414518911682822e-02
2.412912594731084215e-02
2.427426550151602636e-02
2.441956411276691163e-02
2.456502204267048059e-02
2.471063955340773929e-02
2.485641690773527160e-02
2.500235436898682814e-02
2.514845220107492230e-02
2.529471066849241570e-02
2.544113003631411421e-02
2.558771057019835343e-02
2.573445253638863284e-02
2.588135620171520823e-02
2.602842183359672240e-02
2.617564970004181493e-02
2.632304006965074938e-02
2.647059321161706474e-02
2.661830939572919913e-02
2.676618889237214124e-02
2.691423197252906449e-02
2.706243890778300965e-02
2.721080997031851897e-02
2.735934543292332238e-02
2.750804556898999581e-02
2.765691065251763697e-02
2.780594095811356539e-02
2.795513676099499814e-02
2.810449833699074640e-02
2.825402596254290855e-02
2.840371991470859100e-02
2.855358047116159786e-02
2.870360791019417601e-02
2.885380251071871516e-02
2.900416455226947562e-02
2.915469431500434389e-02
2.930539207970654647e-02
2.945625812778642633e-02
2.960729274128314631e-02
2.975849620286651065e-02
2.990986879583866498e-02
3.006141080413592126e-02
3.021312251233047863e-02
3.036500420563225874e-02
3.051705616989065437e-02
3.066927869159634043e-02
3.082167205788307121e-02
3.097423655652946362e-02
3.112697247596086028e-02
3.127988010525108165e-02
3.143295973412431332e-02
3.158621165295687899e-02
3.173963615277912431e-02
3.189323352527722449e-02
3.204700406279505087e-02
3.220094805833603052e-02
3.235506580556497119e-02
3.250935759880997644e-02
3.266382373306430525e-02
3.281846450398822473e-02
3.297328020791092523e-02
3.312827114183240773e-02
3.328343760342537816e-02
3.343877989103714865e-02
3.359429830369156655e-02
3.374999314109090875e-02
3.390586470361783150e-02
3.406191329233728554e-02
3.421813920899847289e-02
3.437454275603676196e-02
3.453112423657565822e-02
3.468788395442878175e-02
3.484482221410176855e-02
3.500193932079433828e-02
3.515923558040217473e-02
3.531671129951897276e-02
3.547436678543841593e-02
3.563220234615617488e-02
3.579021829037189184e-02
3.594841492749122763e-02
3.610679256762786699e-02
3.626535152160552389e-02
3.642409210096003019e-02
3.658301461794129239e-02
3.674211938551542184e-02
3.690140671736675398e-02
3.706087692789988147e-02
3.722053033224178437e-02
3.738036724624384938e-02
3.754038798648398623e-02
3.770059287026870237e-02
3.786098221563520549e-02
3.802155634135351292e-02
3.818231556692855411e-02
3.834326021260230088e-02
3.850439059935587688e-02
3.866570704891171550e-02
3.882720988373566939e-02
3.898889942703918920e-02
3.915077600278146081e-02
3.931283993567158408e-02
3.947509155117072399e-02
3.963753117549431021e-02
3.980015913561422286e-02
3.996297575926095053e-02
4.012598137492585232e-02
4.028917631186328813e-02
4.045256090009293620e-02
4.061613547040190952e-02
4.077990035434708033e-02
4.094385588425726585e-02
4.110800239323548350e-02
4.127234021516123369e-02
4.143686968469272036e-02
4.160159113726918934e-02
4.176650490911310021e-02
4.193161133723252720e-02
4.209691075942339350e-02
4.226240351427180270e-02
4.242808994115630089e-02
4.259397038025027754e-02
4.276004517252420672e-02
4.292631465974804106e-02
4.309277918449357092e-02
4.325943909013666572e-02
4.342629472085979270e-02
4.359334642165427209e-02
4.376059453832270574e-02
4.392803941748132934e-02
4.409568140656245500e-02
4.426352085381682344e-02
4.443155810831603270e-02
4.459979351995499441e-02
4.476822743945429312e-02
4.493686021836267031e-02
4.510569220905948778e-02
4.527472376475712851e-02
4.544395523950349458e-02
4.561338698818447057e-02
4.578301936652641457e-02
4.595285273109861457e-02
4.612288743931583501e-02
4.629312384944078707e-02
4.646356232058665436e-02
4.663420321271963265e-02
4.680504688666144164e-02
4.697609370409189244e-02
4.714734402755139248e-02
4.731879822044360306e-02
4.749045664703788194e-02
4.766231967247196860e-02
4.783438766275450310e-02
4.800666098476769061e-02
4.817914000626984800e-02
4.835182509589805444e-02
4.852471662317077439e-02
4.869781495849045266e-02
4.887112047314625535e-02
4.904463353931662328e-02
4.921835453007195743e-02
4.939228381937736667e-02
4.956642178209525601e-02
4.974076879398808132e-02
4.991532523172101388e-02
5.009009147286468816e-02
5.026506789589788721e-02
5.044025488021031123e-02
5.061565280610529766e-02
5.079126205480255507e-02
5.096708300844098039e-02
5.114311605008138584e-02
5.131936156370928842e-02
5.149581993423769932e-02
5.167249154750996193e-02
5.184937679030249963e-02
5.202647605032769546e-02
5.220378971623670927e-02
5.238131817762228110e-02
5.255906182502165930e-02
5.273702104991939005e-02
5.291519624475026634e-02
5.309358780290211050e-02
5.327219611871879257e-02
5.345102158750302673e-02
5.363006460551935500e-02
5.380932556999706851e-02
5.398880487913308712e-02
5.416850293209498485e-02
5.434842012902391800e-02
5.452855687103757426e-02
5.470891356023316332e-02
5.488949059969045613e-02
5.507028839347470617e-02
5.525130734663973031e-02
5.543254786523092031e-02
5.561401035628822653e-02
5.579569522784928043e-02
5.597760288895239911e-02
5.615973374963970782e-02
5.634208822096013758e-02
5.652466671497261008e-02
5.670746964474908391e-02
5.689049742437768398e-02
5.707375046896582399e-02
5.725722919464335675e-02
5.744093401856572439e-02
5.762486535891708089e-02
5.780902363491354640e-02
5.799340926680630198e-02
5.817802267588483706e-02
5.836286428448016206e-02
5.854793451596800036e-02
5.873323379477203565e-02
5.891876254636715243e-02
5.910452119728272502e-02
5.929051017510580252e-02
5.947672990848449498e-02
5.966318082713119308e-02
5.984986336182589878e-02
6.003677794441954207e-02
6.022392500783731867e-02
6.041130498608199284e-02
6.059891831423729752e-02
6.078676542847131353e-02
6.097484676603977943e-02
6.116316276528954710e-02
6.135171386566198176e-02
6.154050050769634128e-02
6.172952313303323862e-02
6.191878218441810439e-02
6.210827810570457297e-02
6.229801134185800754e-02
6.248798233895901805e-02
6.267819154420685435e-02
6.286863940592302136e-02
6.305932637355469994e-02
6.325025289767838288e-02
6.344141943000335127e-02
6.363282642337526884e-02
6.382447433177976248e-02
6.401636361034596101e-02
6.420849471535018671e-02
6.440086810421946639e-02
6.459348423553529228e-02
6.478634356903710534e-02
6.497944656562609778e-02
6.517279368736882128e-02
6.536638539750083687e-02
6.556022216043050355e-02
6.575430444174258648e-02
6.594863270820207346e-02
6.614320742775790796e-02
6.633802906954668066e-02
6.653309810389645973e-02
6.672841500233053780e-02
6.692398023757129000e-02
6.711979428354387933e-02
6.731585761538022572e-02
6.751217070942272525e-02
6.770873404322819145e-02
6.790554809557165783e-02
6.810261334645036080e-02
6.829993027708752829e-02
6.849749936993636268e-02
6.869532110868400987e-02
6.889339597825536177e-02
6.909172446481720575e-02
6.929030705578206883e-02
6.948914423981228383e-02
6.968823650682393067e-02
6.988758434799091646e-02
7.008718825574901390e-02
7.028704872379984425e-02
7.048716624711506840e-02
7.068754132194032813e-02
7.088817444579949278e-02
7.108906611749868376e-02
7.129021683713043789e-02
7.149162710607784299e-02
7.169329742701871511e-02
7.189522830392981734e-02
7.209742024209093991e-02
7.229987374808929945e-02
7.250258932982356352e-02
7.270556749650826378e-02
7.290880875867795929e-02
7.311231362819159418e-02
7.331608261823673034e-02
7.352011624333384954e-02
7.372441501934080821e-02
7.392897946345698690e-02
7.413381009422785606e-02
7.433890743154918102e-02
7.454427199667158777e-02
7.474990431220485121e-02
7.495580490212236380e-02
7.516197429176563194e-02
7.536841300784864750e-02
7.557512157846250911e-02
7.578210053307977978e-02
7.598935040255912210e-02
7.619687171914976687e-02
7.640466501649609277e-02
7.661273082964221992e-02
7.682106969503656180e-02
7.702968215053650203e-02
7.723856873541289081e-02
7.744772999035488825e-02
7.765716645747443303e-02
7.786687868031105797e-02
7.807686720383652523e-02
7.828713257445957252e-02
7.849767534003068703e-02
7.870849604984678227e-02
7.891959525465602754e-02
7.913097350666264962e-02
7.934263135953169288e-02
7.955456936839397364e-02
7.976678808985074309e-02
7.997928808197878048e-02
8.019206990433509763e-02
8.040513411796196275e-02
8.061848128539177150e-02
8.083211197065207076e-02
8.104602673927042977e-02
8.126022615827949158e-02
8.147471079622198298e-02
8.168948122315573823e-02
8.190453801065875061e-02
8.211988173183419615e-02
8.233551296131563779e-02
8.255143227527197980e-02
8.276764025141278291e-02
8.298413746899321874e-02
8.320092450881941271e-02
8.341800195325356493e-02
8.363537038621911279e-02
8.385303039320608776e-02
8.407098256127625013e-02
8.428922747906848756e-02
8.450776573680397752e-02
8.472659792629162745e-02
8.494572464093338993e-02
8.516514647572952235e-02
8.538486402728416580e-02
8.560487789381054924e-02
8.582518867513658223e-02
8.604579697271015626e-02
8.626670338960480688e-02
8.648790853052500116e-02
8.670941300181177203e-02
8.693121741144831105e-02
8.715332236906536689e-02
8.737572848594703234e-02
8.759843637503607339e-02
8.782144665093996605e-02
8.804475992993605893e-02
8.826837682997773493e-02
8.849229797069974035e-02
8.871652397342405516e-02
8.894105546116573557e-02
8.916589305863846515e-02
8.939103739226057777e-02
8.961648909016063647e-02
8.984224878218353971e-02
9.006831709989611412e-02
9.029469467659329007e-02
9.052138214730373611e-02
9.074838014879595127e-02
9.097568931958426031e-02
9.120331029993468397e-02
9.143124373187107301e-02
9.165949025918095072e-02
9.188805052742188284e-02
9.211692518392722295e-02
9.234611487781248240e-02
9.257562025998132549e-02
9.280544198313178672e-02
9.303558070176248807e-02
9.326603707217868966e-02
9.349681175249882625e-02
9.372790540266040527e-02
9.395931868442668200e-02
9.419105226139262710e-02
9.442310679899146297e-02
9.465548296450106147e-02
9.488818142705018888e-02
9.512120285762508398e-02
9.535454792907573085e-02
9.558821731612261730e-02
9.582221169536282723e-02
9.605653174527704896e-02
9.629117814623570915e-02
9.652615158050580069e-02
9.676145273225744692e-02
9.699708228757047968e-02
9.723304093444126717e-02
9.746932936278909776e-02
9.770594826446334091e-02
9.794289833324976158e-02
9.818018026487763950e-02
9.841779475702636115e-02
9.865574250933237255e-02
9.889402422339602095e-02
9.913264060278838274e-02
9.937159235305834115e-02
9.961088018173933079e-02
9.985050479835659576e-02
1.000904669144338371e-01
1.003307672435006376e-01
1.005714065010992753e-01
1.008123854047918849e-01
1.010537046741677158e-01
1.012953650308500292e-01
1.015373671985036613e-01
1.017797119028418101e-01
1.020223998716337510e-01
1.022654318347116925e-01
1.025088085239784091e-01
1.027525306734144162e-01
1.029965990190853942e-01
1.032410142991496971e-01
1.034857772538655268e-01
1.037308886255988022e-01
1.039763491588302363e-01
1.042221596001632195e-01
1.044683206983311879e-01
1.047148332042053404e-01
1.049616978708022008e-01
1.052089154532911963e-01
1.054564867090026919e-01
1.057044123974352628e-01
1.059526932802639376e-01
1.062013301213475119e-01
1.064503236867368335e-01
1.066996747446823240e-01
1.069493840656421252e-01
1.071994524222898704e-01
1.074498805895226783e-01
1.077006693444693269e-01
1.079518194664979974e-01
1.082033317372246561e-01
1.084552069405208680e-01
1.087074458625222201e-01
1.089600492916362878e-01
1.092130180185509614e-01
1.094663528362426613e-01
1.097200545399845545e-01
1.099741239273551024e-01
1.102285617982460969e-01
1.104833689548713610e-01
1.107385462017749234e-01
1.109940943458396917e-01
1.112500141962958350e-01
1.115063065647293461e-01
1.117629722650906737e-01
1.120200121137032157e-01
1.122774269292722005e-01
1.125352175328930837e-01
1.127933847480605406e-01
1.130519294006770564e-01
1.133108523190618638e-01
1.135701543339596720e-01
1.138298362785496315e-01
1.140898989884542858e-01
1.143503433017483140e-01
1.146111700589679400e-01
1.148723801031195091e-01
1.151339742796889803e-01
1.153959534366507389e-01
1.156583184244769497e-01
1.159210700961466889e-01
1.161842093071551590e-01
1.164477369155230840e-01
1.167116537818058408e-01
1.169759607691030767e-01
1.172406587430678965e-01
1.175057485719164796e-01
1.177712311264374201e-01
1.180371072800013715e-01
1.183033779085706227e-01
1.185700438907086318e-01
1.188371061075898377e-01
1.191045654430091111e-01
1.193724227833918156e-01
1.196406790178033835e-01
1.199093350379592388e-01
1.201783917382346356e-01
1.204478500156746235e-01
1.207177107700040108e-01
1.209879749036372742e-01
1.212586433216888970e-01
1.215297169319830839e-01
1.218011966450642386e-01
1.220730833742069560e-01
1.223453780354264303e-01
1.226180815474885860e-01
1.228911948319204583e-01
1.231647188130206849e-01
1.234386544178697059e-01
1.237130025763405194e-01
1.239877642211089231e-01
1.242629402876643252e-01
1.245385317143201942e-01
1.248145394422247589e-01
1.250909644153718470e-01
1.253678075806113901e-01
1.256450698876606098e-01
1.259227522891143702e-01
1.262008557404566689e-01
1.264793812000710727e-01
1.267583296292520978e-01
1.270377019922160899e-01
1.273174992561123264e-01
1.275977223910343128e-01
1.278783723700307740e-01
1.281594501691172283e-01
1.284409567672868957e-01
1.287228931465224935e-01
1.290052602918073388e-01
1.292880591911369781e-01
1.295712908355306225e-01
1.298549562190427775e-01
1.301390563387748722e-01
1.304235921948869448e-01
1.307085647906092996e-01
1.309939751322544144e-01
1.312798242292287643e-01
1.315661130940445900e-01
1.318528427423320271e-01
1.321400141928510685e-01
1.324276284675034721e-01
1.327156865913451944e-01
1.330041895925982431e-01
1.332931385026631110e-01
1.335825343561310163e-01
1.338723781907962540e-01
1.341626710476685747e-01
1.344534139709856191e-01
1.347446080082256026e-01
1.350362542101196661e-01
1.353283536306647272e-01
1.356209073271359700e-01
1.359139163600997791e-01
1.362073817934264242e-01
1.365013046943031327e-01
1.367956861332466911e-01
1.370905271841167672e-01
1.373858289241288722e-01
1.376815924338673225e-01
1.379778187972986181e-01
1.382745091017846539e-01
1.385716644380959039e-01
1.388692859004248825e-01
1.391673745863995504e-01
1.394659315970969427e-01
1.397649580370563804e-01
1.400644550142935429e-01
1.403644236403137346e-01
1.406648650301259018e-01
1.409657803022564271e-01
1.412671705787628129e-01
1.415690369852479202e-01
1.418713806508736519e-01
1.421742027083754412e-01
1.424775042940759073e-01
1.427812865478995386e-01
1.430855506133866806e-01
1.433902976377078864e-01
1.436955287716785434e-01
1.440012451697731677e-01
1.443074479901400031e-01
1.446141383946157044e-01
1.449213175487399918e-01
1.452289866217703618e-01
1.455371467866970192e-01
1.458457992202577824e-01
1.461549451029528768e-01
1.464645856190603668e-01
1.467747219566507555e-01
1.470853553076026665e-01
1.473964868676178597e-01
1.477081178362366076e-01
1.480202494168531557e-01
1.483328828167311264e-01
1.486460192470192010e-01
1.489596599227666907e-01
1.492738060629392460e-01
1.495884588904346224e-01
1.499036196320986947e-01
1.502192895187411947e-01
1.505354697851519485e-01
1.508521616701167800e-01
1.511693664164337203e-01
1.514870852709294946e-01
1.518053194844755649e-01
1.521240703120046445e-01
1.524433390125272680e-01
1.527631268491483063e-01
1.530834350890836193e-01
1.534042650036767930e-01
1.537256178684160146e-01
1.540474949629508927e-01
1.543698975711095267e-01
1.546928269809154377e-01
1.550162844846049714e-01
1.553402713786441736e-01
1.556647889637465809e-01
1.559898385448900970e-01
1.563154214313348944e-01
1.566415389366409006e-01
1.569681923786852284e-01
1.572953830796803565e-01
1.576231123661914757e-01
1.579513815691548639e-01
1.582801920238955662e-01
1.586095450701457965e-01
1.589394420520628126e-01
1.592698843182474289e-01
1.596008732217623904e-01
1.599324101201507198e-01
1.602644963754543961e-01
1.605971333542328128e-01
1.609303224275818733e-01
1.612640649711524210e-01
1.615983623651694456e-01
1.619332159944510685e-01
1.622686272484275827e-01
1.626045975211607708e-01
1.629411282113629733e-01
1.632782207224170445e-01
1.636158764623950879e-01
1.639540968440788282e-01
1.642928832849787912e-01
1.646322372073542595e-01
1.649721600382333120e-01
1.653126532094326140e-01
1.656537181575777062e-01
1.659953563241229890e-01
1.663375691553723723e-01
1.666803581024992043e-01
1.670237246215673377e-01
1.673676701735512529e-01
1.677121962243570685e-01
1.680573042448433030e-01
1.684029957108417741e-01
1.687492721031786935e-01
1.690961349076955944e-01
1.694435856152710917e-01
1.697916257218415881e-01
1.701402567284232281e-01
1.704894801411333261e-01
1.708392974712119594e-01
1.711897102350439515e-01
1.715407199541805205e-01
1.718923281553617621e-01
1.722445363705380761e-01
1.725973461368932871e-01
1.729507589968661274e-01
1.733047764981734129e-01
1.736594001938322473e-01
1.740146316421828654e-01
1.743704724069114753e-01
1.747269240570730464e-01
1.750839881671146792e-01
1.754416663168983370e-01
1.757999600917247440e-01
1.761588710823561721e-01
1.765184008850403941e-01
1.768785511015342482e-01
1.772393233391273970e-01
1.776007192106663357e-01
1.779627403345780401e-01
1.783253883348949187e-01
1.786886648412781275e-01
1.790525714890427722e-01
1.794171099191819996e-01
1.797822817783918392e-01
1.801480887190959890e-01
1.805145323994705731e-01
1.808816144834695661e-01
1.812493366408494955e-01
1.816177005471952544e-01
1.819867078839450536e-01
1.823563603384164844e-01
1.827266596038318591e-01
1.830976073793442460e-01
1.834692053700635594e-01
1.838414552870822893e-01
1.842143588475023963e-01
1.845879177744609023e-01
1.849621337971573409e-01
1.853370086508796255e-01
1.857125440770313607e-01
1.860887418231586821e-01
1.864656036429772901e-01
1.868431312963998725e-01
1.872213265495631662e-01
1.876001911748560735e-01
1.879797269509465851e-01
1.883599356628103128e-01
1.887408191017581061e-01
1.891223790654642245e-01
1.895046173579947868e-01
1.898875357898357763e-01
1.902711361779223509e-01
1.906554203456667373e-01
1.910403901229879575e-01
1.914260473463400281e-01
1.918123938587418809e-01
1.921994315098063955e-01
1.925871621557697921e-01
1.929755876595217468e-01
1.933647098906345618e-01
1.937545307253940308e-01
1.941450520468286089e-01
1.945362757447406665e-01
1.949282037157362424e-01
1.953208378632561304e-01
1.957141800976065493e-01
1.961082323359900625e-01
1.965029965025369418e-01
1.968984745283360593e-01
1.972946683514670563e-01
1.976915799170311794e-01
1.980892111771838382e-01
1.984875640911661632e-01
1.988866406253373686e-01
1.992864427532071436e-01
1.996869724554678205e-01
2.000882317200278204e-01
2.004902225420436002e-01
2.008929469239536802e-01
2.012964068755110081e-01
2.017006044138170973e-01
2.021055415633551955e-01
2.025112203560243684e-01
2.029176428311732228e-01
2.033248110356342120e-01
2.037327270237581922e-01
2.041413928574485059e-01
2.045508106061962872e-01
2.049609823471148229e-01
2.053719101649751633e-01
2.057835961522411217e-01
2.061960424091050237e-01
2.066092510435232343e-01
2.070232241712520183e-01
2.074379639158840938e-01
2.078534724088842989e-01
2.082697517896266171e-01
2.086868042054306760e-01
2.091046318115986902e-01
2.095232367714526256e-01
2.099426212563713923e-01
2.103627874458287861e-01
2.107837375274305702e-01
2.112054736969532776e-01
2.116279981583815695e-01
2.120513131239472882e-01
2.124754208141675649e-01
2.129003234578840942e-01
2.133260232923017974e-01
2.137525225630281800e-01
2.141798235241131609e-01
2.146079284380881802e-01
2.150368395760066942e-01
2.154665592174839217e-01
2.158970896507375337e-01
2.163284331726280652e-01
2.167605920886998827e-01
2.171935687132221793e-01
2.176273653692302468e-01
2.180619843885673592e-01
2.184974281119258788e-01
2.189336988888900548e-01
2.193707990779777128e-01
2.198087310466830813e-01
2.202474971715193408e-01
2.206870998380615900e-01
2.211275414409904494e-01
2.215688243841349436e-01
2.220109510805169106e-01
2.224539239523942724e-01
2.228977454313059159e-01
2.233424179581157409e-01
2.237879439830576522e-01
2.242343259657804400e-01
2.246815663753930215e-01
2.251296676905102101e-01
2.255786323992981512e-01
2.260284629995205630e-01
2.264791619985850879e-01
2.269307319135898671e-01
2.273831752713702525e-01
2.278364946085461862e-01
2.282906924715693564e-01
2.287457714167709932e-01
2.292017340104099965e-01
2.296585828287207032e-01
2.301163204579620425e-01
2.305749494944657196e-01
2.310344725446858150e-01
2.314948922252478281e-01
2.319562111629983880e-01
2.324184319950554356e-01
2.328815573688581275e-01
2.333455899422178514e-01
2.338105323833683802e-01
2.342763873710177747e-01
2.347431575943992599e-01
2.352108457533232944e-01
2.356794545582295008e-01
2.361489867302389023e-01
2.366194450012069628e-01
2.370908321137761288e-01
2.375631508214294252e-01
2.380364038885439126e-01
2.385105940904448107e-01
2.389857242134594273e-01
2.394617970549721420e-01
2.399388154234789461e-01
2.404167821386427595e-01
2.408957000313492469e-01
2.413755719437623015e-01
2.418564007293805551e-01
2.423381892530938331e-01
2.428209403912401365e-01
2.433046570316627077e-01
2.437893420737678452e-01
2.442749984285826070e-01
2.447616290188132371e-01
2.452492367789037564e-01
2.457378246550949719e-01
2.462273956054837343e-01
2.467179526000827516e-01
2.472094986208805689e-01
2.477020366619019642e-01
2.481955697292689555e-01
2.486901008412614744e-01
2.491856330283795107e-01
2.496821693334045356e-01
2.501797128114621183e-01
2.506782665300842372e-01
2.511778335692726460e-01
2.516784170215622396e-01
2.521800199920845031e-01
2.526826455986324049e-01
2.531862969717242340e-01
2.536909772546691588e-01
2.541966896036323420e-01
2.547034371877008874e-01
2.552112231889498983e-01
2.557200508025091468e-01
2.562299232366301860e-01
2.567408437127535192e-01
2.572528154655767119e-01
2.577658417431223925e-01
2.582799258068074200e-01
2.587950709315113840e-01
2.593112804056466048e-01
2.598285575312277440e-01
2.603469056239426371e-01
2.608663280132227369e-01
2.613868280423146673e-01
2.619084090683516663e-01
2.624310744624262504e-01
2.629548276096621562e-01
2.634796719092882267e-01
2.640056107747111858e-01
2.645326476335901900e-01
2.650607859279109357e-01
2.655900291140607661e-01
2.661203806629041657e-01
2.666518440598583117e-01
2.671844228049697345e-01
2.677181204129910341e-01
2.682529404134582629e-01
2.687888863507685855e-01
2.693259617842587161e-01
2.698641702882836890e-01
2.704035154522959061e-01
2.709440008809255729e-01
2.714856301940602457e-01
2.720284070269261556e-01
2.725723350301692549e-01
2.731174178699373178e-01
2.736636592279620972e-01
2.742110628016422580e-01
2.747596323041268107e-01
2.753093714643990997e-01
2.758602840273615131e-01
2.764123737539199710e-01
2.769656444210699675e-01
2.775200998219826132e-01
2.780757437660912323e-01
2.786325800791785712e-01
2.791906126034649493e-01
2.797498451976959122e-01
2.803102817372319921e-01
2.808719261141378043e-01
2.814347822372720853e-01
2.819988540323786208e-01
2.825641454421771726e-01
2.831306604264559046e-01
2.836984029621631986e-01
2.842673770435010794e-01
2.848375866820188618e-01
2.854090359067072424e-01
2.859817287640936123e-01
2.865556693183369807e-01
2.871308616513246759e-01
2.877073098627686010e-01
2.882850180703032117e-01
2.888639904095829380e-01
2.894442310343813274e-01
2.900257441166902428e-01
2.906085338468197277e-01
2.911926044334990360e-01
2.917779601039774406e-01
2.923646051041264848e-01
2.929525436985426223e-01
2.935417801706507457e-01
2.941323188228076591e-01
2.947241639764073828e-01
2.953173199719862918e-01
2.959117911693291969e-01
2.965075819475763153e-01
2.971046967053306842e-01
2.977031398607664081e-01
2.983029158517375712e-01
2.989040291358882051e-01
2.995064841907623676e-01
3.001102855139155534e-01
3.007154376230266046e-01
3.013219450560101764e-01
3.019298123711305348e-01
3.025390441471153546e-01
3.031496449832710161e-01
3.037616194995978458e-01
3.043749723369074678e-01
3.049897081569393209e-01
3.056058316424791754e-01
3.062233474974778713e-01
3.068422604471710557e-01
3.074625752381999755e-01
3.080842966387323245e-01
3.087074294385849238e-01
3.093319784493462343e-01
3.099579485045005356e-01
3.105853444595527701e-01
3.112141711921535547e-01
3.118444336022260788e-01
3.124761366120929473e-01
3.131092851666049115e-01
3.137438842332693212e-01
3.143799388023801322e-01
3.150174538871490237e-01
3.156564345238369040e-01
3.162968857718866378e-01
3.169388127140562728e-01
3.175822204565538209e-01
3.182271141291725947e-01
3.188734988854276531e-01
3.195213799026924151e-01
3.201707623823378812e-01
3.208216515498711896e-01
3.214740526550757815e-01
3.221279709721530105e-01
3.227834117998637509e-01
3.234403804616716727e-01
3.240988823058875146e-01
3.247589227058143013e-01
3.254205070598928384e-01
3.260836407918498159e-01
3.267483293508453568e-01
3.274145782116225090e-01
3.280823928746577356e-01
3.287517788663119056e-01
3.294227417389828383e-01
3.300952870712592357e-01
3.307694204680746153e-01
3.314451475608635178e-01
3.321224740077182158e-01
3.328014054935464761e-01
3.334819477302307655e-01
3.341641064567884567e-01
3.348478874395329763e-01
3.355332964722365086e-01
3.362203393762931425e-01
3.369090220008846281e-01
3.375993502231453558e-01
3.382913299483301661e-01
3.389849671099824935e-01
3.396802676701038970e-01
3.403772376193253679e-01
3.410758829770785816e-01
3.417762097917699249e-01
3.424782241409543571e-01
3.431819321315119908e-01
3.438873398998246178e-01
3.445944536119542323e-01
3.453032794638226655e-01
3.460138236813924961e-01
3.467260925208496825e-01
3.474400922687868598e-01
3.481558292423880263e-01
3.488733097896153934e-01
3.495925402893970690e-01
3.503135271518155736e-01
3.510362768182986315e-01
3.517607957618110737e-01
3.524870904870477384e-01
3.532151675306286487e-01
3.539450334612945226e-01
3.546766948801046149e-01
3.554101584206359465e-01
3.561454307491833671e-01
3.568825185649618370e-01
3.576214286003095433e-01
3.583621676208932905e-01
3.591047424259146692e-01
3.598491598483182230e-01
3.605954267550010583e-01
3.613435500470238981e-01
3.620935366598238003e-01
3.628453935634287641e-01
3.635991277626731688e-01
3.643547462974157103e-01
3.651122562427583373e-01
3.658716647092672969e-01
3.666329788431952896e-01
3.673962058267060127e-01
3.681613528780998124e-01
3.689284272520411134e-01
3.696974362397881242e-01
3.704683871694234298e-01
3.712412874060868617e-01
3.720161443522103095e-01
3.727929654477533661e-01
3.735717581704426360e-01
3.743525300360103225e-01
3.751352885984369778e-01
3.759200414501946419e-01
3.767067962224925348e-01
3.774955605855242480e-01
3.782863422487172667e-01
3.790791489609837139e-01
3.798739885109738146e-01
3.806708687273310798e-01
3.814697974789489354e-01
3.822707826752299032e-01
3.830738322663465589e-01
3.838789542435048774e-01
3.846861566392087983e-01
3.854954475275279013e-01
3.863068350243658022e-01
3.871203272877324353e-01
3.879359325180169460e-01
3.887536589582631930e-01
3.895735148944475812e-01
3.903955086557588383e-01
3.912196486148803998e-01
3.920459431882742929e-01
3.928744008364675189e-01
3.937050300643414880e-01
3.945378394214223428e-01
3.953728375021750008e-01
3.962100329462980852e-01
3.970494344390222419e-01
3.978910507114105100e-01
3.987348905406613020e-01
3.995809627504126604e-01
4.004292762110507331e-01
4.012798398400194699e-01
4.021326626021327622e-01
4.029877535098900787e-01
4.038451216237931574e-01
4.047047760526666926e-01
4.055667259539804115e-01
4.064309805341748127e-01
4.072975490489880723e-01
4.081664408037875003e-01
4.090376651539017749e-01
4.099112315049571187e-01
4.107871493132159713e-01
4.116654280859175508e-01
4.125460773816223559e-01
4.134291068105588329e-01
4.143145260349727632e-01
4.152023447694799807e-01
4.160925727814214214e-01
4.169852198912213925e-01
4.178802959727486166e-01
4.187778109536806626e-01
4.196777748158703192e-01
4.205801975957163541e-01
4.214850893845358271e-01
4.223924603289411217e-01
4.233023206312186426e-01
4.242146805497111761e-01
4.251295503992036928e-01
4.260469405513118146e-01
4.269668614348741120e-01
4.278893235363467884e-01
4.288143374002026387e-01
4.297419136293321729e-01
4.306720628854496247e-01
4.316047958895007364e-01
4.325401234220749291e-01
4.334780563238206375e-01
4.344186054958640297e-01
4.353617819002316147e-01
4.363075965602759565e-01
4.372560605611045537e-01
4.382071850500139365e-01
4.391609812369259846e-01
4.401174603948279085e-01
4.410766338602168934e-01
4.420385130335477419e-01
4.430031093796845121e-01
4.439704344283565418e-01
4.449404997746167489e-01
4.459133170793060930e-01
4.468888980695199797e-01
4.478672545390802728e-01
4.488483983490096363e-01
4.498323414280115951e-01
4.508190957729535375e-01
4.518086734493544920e-01
4.528010865918771222e-01
4.537963474048229418e-01
4.547944681626335250e-01
4.557954612103945480e-01
4.567993389643452140e-01
4.578061139123909551e-01
4.588157986146217393e-01
4.598284057038344863e-01
4.608439478860594241e-01
4.618624379410919412e-01
4.628838887230286581e-01
4.639083131608079391e-01
4.649357242587556227e-01
4.659661350971353033e-01
4.669995588327032765e-01
4.680360086992685353e-01
4.690754980082578185e-01
4.701180401492850991e-01
4.711636485907271799e-01
4.722123368803031740e-01
4.732641186456595928e-01
4.743190075949609286e-01
4.753770175174849566e-01
4.764381622842239761e-01
4.775024558484903814e-01
4.785699122465289501e-01
4.796405455981328503e-01
4.807143701072676967e-01
4.817914000626984938e-01
4.828716498386237954e-01
4.839551338953153592e-01
4.850418667797630756e-01
4.861318631263262802e-01
4.872251376573906168e-01
4.883217051840302858e-01
4.894215806066778418e-01
4.905247789157987093e-01
4.916313151925720271e-01
4.927412046095779874e-01
4.938544624314913367e-01
4.949711040157813158e-01
4.960911448134178725e-01
4.972146003695837035e-01
4.983414863243942894e-01
4.994718184136231476e-01
5.006056124694348020e-01
5.017428844211230254e-01
5.028836502958580201e-01
5.040279262194383714e-01
5.051757284170511619e-01
5.063270732140396913e-01
5.074819770366755245e-01
5.086404564129417549e-01
5.098025279733203741e-01
5.109682084515885236e-01
5.121375146856210758e-01
5.133104636182020952e-01
5.144870722978425182e-01
5.156673578796069357e-01
5.168513376259464831e-01
5.180390289075410548e-01
5.192304492041484032e-01
5.204256161054620078e-01
5.216245473119766052e-01
5.228272606358620456e-01
5.240337740018449209e-01
5.252441054481001848e-01
5.264582731271483240e-01
5.276762953067649642e-01
5.288981903708955823e-01
5.301239768205806557e-01
5.313536732748898039e-01
5.325872984718647007e-01
5.338248712694698694e-01
5.350664106465544689e-01
5.363119357038225177e-01
5.375614656648114442e-01
5.388150198768826282e-01
5.400726178122184917e-01
5.413342790688315809e-01
5.426000233715826404e-01
5.438698705732081251e-01
5.451438406553583693e-01
5.464219537296458595e-01
5.477042300387029439e-01
5.489906899572509769e-01
5.502813539931801223e-01
5.515762427886375940e-01
5.528753771211293300e-01
5.541787779046308815e-01
5.554864661907097378e-01
5.567984631696589748e-01
5.581147901716408954e-01
5.594354686678441047e-01
5.607605202716506865e-01
5.620899667398148170e-01
5.634238299736540334e-01
5.647621320202512729e-01
5.661048950736705665e-01
5.674521414761830584e-01
5.688038937195069034e-01
5.701601744460578214e-01
5.715210064502145304e-01
5.728864126795951695e-01
5.742564162363475999e-01
5.756310403784516971e-01
5.770103085210357419e-01
5.783942442377063564e-01
5.797828712618914304e-01
5.811762134881957031e-01
5.825742949737732213e-01
5.839771399397103435e-01
5.853847727724253991e-01
5.867972180250813352e-01
5.882145004190135751e-01
5.896366448451720865e-01
5.910636763655785497e-01
5.924956202147987350e-01
5.939325018014299795e-01
5.953743467096040964e-01
5.968211807005053826e-01
5.982730297139053910e-01
5.997299198697131350e-01
6.011918774695410583e-01
6.026589289982882125e-01
6.041311011257397556e-01
6.056084207081822157e-01
6.070909147900377389e-01
6.085786106055138811e-01
6.100715355802710516e-01
6.115697173331082759e-01
6.130731836776663890e-01
6.145819626241487699e-01
6.160960823810613940e-01
6.176155713569698724e-01
6.191404581622776959e-01
6.206707716110207995e-01
6.222065407226827771e-01
6.237477947240291920e-01
6.252945630509618713e-01
6.268468753503925184e-01
6.284047614821373084e-01
6.299682515208305800e-01
6.315373757578615077e-01
6.331121647033293165e-01
6.346926490880213656e-01
6.362788598654115502e-01
6.378708282136814622e-01
6.394685855377632011e-01
6.410721634714046102e-01
6.426815938792566074e-01
6.442969088589834969e-01
6.459181407433979283e-01
6.475453221026176154e-01
6.491784857462462588e-01
6.508176647255787817e-01
6.524628923358314347e-01
6.541142021183954380e-01
6.557716278631173790e-01
6.574352036106024810e-01
6.591049636545466273e-01
6.607809425440919204e-01
6.624631750862103319e-01
6.641516963481123303e-01
6.658465416596842656e-01
6.675477466159526196e-01
6.692553470795755688e-01
6.709693791833626353e-01
6.726898793328243142e-01
6.744168842087490123e-01
6.761504307698096294e-01
6.778905562552008934e-01
6.796372981873045616e-01
6.813906943743877065e-01
6.831507829133299792e-01
6.849176021923830682e-01
6.866911908939610232e-01
6.884715879974645514e-01
6.902588327821352898e-01
6.920529648299453829e-01
6.938540240285192562e-01
6.956620505740895855e-01
6.974770849744876822e-01
6.992991680521692954e-01
7.011283409472732764e-01
7.029646451207208768e-01
7.048081223573460230e-01
7.066588147690655575e-01
7.085167647980857852e-01
7.103820152201475446e-01
7.122546091478080266e-01
7.141345900337632280e-01
7.160220016742080418e-01
7.179168882122387574e-01
7.198192941412935308e-01
7.217292643086347104e-01
7.236468439188736834e-01
7.255720785375366910e-01
7.275050140946744959e-01
7.294456968885142389e-01
7.313941735891568152e-01
7.333504912423167710e-01
7.353146972731102737e-01
7.372868394898869360e-01
7.392669660881080462e-01
7.412551256542733169e-01
7.432513671698943725e-01
7.452557400155180867e-01
7.472682939747976594e-01
7.492890792386138754e-01
7.513181464092490991e-01
7.533555465046095634e-01
7.554013309625023931e-01
7.574555516449639203e-01
7.595182608426422899e-01
7.615895112792342436e-01
7.636693561159785260e-01
7.657578489562016921e-01
7.678550438499257558e-01
7.699609952985295713e-01
7.720757582594706125e-01
7.741993881510655928e-01
7.763319408573311486e-01
7.784734727328862514e-01
7.806240406079163474e-01
7.827837017932004482e-01
7.849525140852015026e-01
7.871305357712239381e-01
7.893178256346335964e-01
7.915144429601472797e-01
7.937204475391889114e-01
7.959358996753143067e-01
7.981608601897062227e-01
8.003953904267411268e-01
8.026395522596248000e-01
8.048934080961064330e-01
8.071570208842610006e-01
8.094304541183512391e-01
8.117137718447635653e-01
8.140070386680230419e-01
8.163103197568862823e-01
8.186236808505151785e-01
8.209471882647296770e-01
8.232809088983473744e-01
8.256249102396021611e-01
8.279792603726505718e-01
8.303440279841638461e-01
8.327192823700073632e-01
8.351050934420104488e-01
8.375015317348245558e-01
8.399086684128740377e-01
8.423265752774024007e-01
8.447553247736102611e-01
8.471949899978910015e-01
8.496456447051640160e-01
8.521073633163074312e-01
8.545802209256910809e-01
8.570642933088136184e-01
8.595596569300416601e-01
8.620663889504548427e-01
8.645845672358013490e-01
8.671142703645590144e-01
8.696555776361092338e-01
8.722085690790228885e-01
8.747733254594615149e-01
8.773499282896941587e-01
8.799384598367341326e-01
8.825390031310915706e-01
8.851516419756553233e-01
8.877764609546926478e-01
8.904135454429775720e-01
8.930629816150486011e-01
8.957248564545940983e-01
8.983992577639727806e-01
9.010862741738676629e-01
9.037859951530762270e-01
9.064985110184421435e-01
9.092239129449262158e-01
9.119622929758220975e-01
9.147137440331182257e-01
9.174783599280093016e-01
9.202562353715568744e-01
9.230474659855061326e-01
9.258521483132579055e-01
9.286703798309985380e-01
9.315022589589944113e-01
9.343478850730486673e-01
9.372073585161250220e-01
9.400807806101431074e-01
9.429682536679462324e-01
9.458698810054444461e-01
9.487857669539382366e-01
9.517160168726210845e-01
9.546607371612728654e-01
9.576200352731357723e-01
9.605940197279855264e-01
9.635828001253967656e-01
9.665864871582064977e-01
9.696051926261802789e-01
9.726390294498838962e-01
9.756881116847613278e-01
9.787525545354314183e-01
9.818324743701960511e-01
9.849279887357694774e-01
9.880392163722342413e-01
9.911662772282229250e-01
9.943092924763339280e-01
9.974683845287831696e-01
1.000643677053296932e+00
1.003835294989247062e+00
1.007043364564042198e+00
1.010268013309766788e+00
1.013509370080080574e+00
1.016767565067382861e+00
1.020042729820244132e+00
1.023334997261109658e+00
1.026644501704284229e+00
1.029971378874193988e+00
1.033315765923945362e+00
1.036677801454170211e+00
1.040057625532174290e+00
1.043455379711387687e+00
1.046871207051129016e+00
1.050305252136682244e+00
1.053757661099698817e+00
1.057228581638924192e+00
1.060718163041263651e+00
1.064226556203184293e+00
1.067753913652466524e+00
1.071300389570308820e+00
1.074866139813791532e+00
1.078451321938710183e+00
1.082056095222781344e+00
1.085680620689231546e+00
1.089325061130771433e+00
1.092989581133972932e+00
1.096674347104042768e+00
1.100379527290013204e+00
1.104105291810350220e+00
1.107851812678990022e+00
1.111619263831812088e+00
1.115407821153558299e+00
1.119217662505201272e+00
1.123048967751782978e+00
1.126901918790718327e+00
1.130776699580582578e+00
1.134673496170388818e+00
1.138592496729368131e+00
1.142533891577255822e+00
1.146497873215103436e+00
1.150484636356616353e+00
1.154494377960039619e+00
1.158527297260592670e+00
1.162583595803467817e+00
1.166663477477406285e+00
1.170767148548859993e+00
1.174894817696755300e+00
1.179046696047864051e+00
1.183222997212803662e+00
1.187423937322668488e+00
1.191649735066319105e+00
1.195900611728329954e+00
1.200176791227614670e+00
1.204478500156745735e+00
1.208805967821979355e+00
1.213159426284001308e+00
1.217539110399409763e+00
1.221945257862946832e+00
1.226378109250505055e+00
1.230837908062911712e+00
1.235324900770516265e+00
1.239839336858595154e+00
1.244381468873595020e+00
1.248951552470225268e+00
1.253549846459428574e+00
1.258176612857232701e+00
1.262832116934526461e+00
1.267516627267753382e+00
1.272230415790562841e+00
1.276973757846430857e+00
1.281746932242272763e+00
1.286550221303072838e+00
1.291383910927548451e+00
1.296248290644879342e+00
1.301143653672510503e+00
1.306070296975078593e+00
1.311028521324458129e+00
1.316018631360971636e+00
1.321040935655785509e+00
1.326095746774514028e+00
1.331183381342065486e+00
1.336304160108754857e+00
1.341458408017709436e+00
1.346646454273607851e+00
1.351868632412768889e+00
1.357125280374630538e+00
1.362416740574650120e+00
1.367743359978656592e+00
1.373105490178689880e+00
1.378503487470363220e+00
1.383937712931778030e+00
1.389408532504044391e+00
1.394916317073420675e+00
1.400461442555131608e+00
1.406044289978895190e+00
1.411665245576199323e+00
1.417324700869375897e+00
1.423023052762505403e+00
1.428760703634209372e+00
1.434538061432359735e+00
1.440355539770775462e+00
1.446213558027925616e+00
1.452112541447713179e+00
1.458052921242376287e+00
1.464035134697565299e+00
1.470059625279646065e+00
1.476126842745288936e+00
1.482237243253390790e+00
1.488391289479407575e+00
1.494589450732134006e+00
1.500832203073009907e+00
1.507120029438007380e+00
1.513453419762171626e+00
1.519832871106875150e+00
1.526258887789862406e+00
1.532731981518145048e+00
1.539252671523841709e+00
1.545821484703011839e+00
1.552438955757583505e+00
1.559105627340441780e+00
1.565822050203769189e+00
1.572588783350717057e+00
1.579406394190498997e+00
1.586275458696997820e+00
1.593196561570968672e+00
1.600170296405958315e+00
1.607197265858009150e+00
1.614278081819270572e+00
1.621413365595619105e+00
1.628603748088387038e+00
1.635849869980323890e+00
1.643152381925895744e+00
1.650511944746041015e+00
1.657929229627520984e+00
1.665404918326965245e+00
1.672939703379764609e+00
1.680534288313935365e+00
1.688189387869095892e+00
1.695905728220697517e+00
1.703684047209662822e+00
1.711525094577569739e+00
1.719429632207565284e+00
1.727398434371137936e+00
1.735432287980943844e+00
1.743531992849846723e+00
1.751698361956353311e+00
1.759932221716632883e+00
1.768234412263304911e+00
1.776605787731200703e+00
1.785047216550290416e+00
1.793559581746011489e+00
1.802143781247181664e+00
1.810800728201751530e+00
1.819531351300615718e+00
1.828336595109726126e+00
1.837217420410760749e+00
1.846174804550599013e+00
1.855209741799871415e+00
1.864323243720876322e+00
1.873516339545121534e+00
1.882790076560807657e+00
1.892145520510552625e+00
1.901583755999675995e+00
1.911105886915368979e+00
1.920713036857097045e+00
1.930406349578569714e+00
1.940186989441677445e+00
1.950056141882731353e+00
1.960015013891431623e+00
1.970064834502951001e+00
1.980206855303566771e+00
1.990442350950271333e+00
2.000772619704815458e+00
2.011198983982659616e+00
2.021722790917304557e+00
2.032345412940537610e+00
2.043068248379083407e+00
2.053892722068232590e+00
2.064820285982992054e+00
2.075852419887366906e+00
2.086990632002360346e+00
2.098236459693346045e+00
2.109591470177446304e+00
2.121057261251635406e+00
2.132635462042238306e+00
2.144327733776590250e+00
2.156135770577619404e+00
2.168061300282141612e+00
2.180106085283708417e+00
2.192271923400872069e+00
2.204560648771741072e+00
2.216974132775817452e+00
2.229514284984017269e+00
2.242183054137941944e+00
2.254982429159432478e+00
2.267914440191508785e+00
2.280981159671835901e+00
2.294184703439915207e+00
2.307527231879240137e+00
2.321010951095697550e+00
2.334638114133607001e+00
2.348411022230745715e+00
2.362332026113874939e+00
2.376403527336281130e+00
2.390627979658930702e+00
2.405007890476910326e+00
2.419545822292892279e+00
2.434244394239434950e+00
2.449106283652049854e+00
2.464134227694973589e+00
2.479331025041750181e+00
2.494699537612784290e+00
2.510242692372125273e+00
2.525963483185859282e+00
2.541864972744581674e+00
2.557950294552534753e+00
2.574222654986161540e+00
2.590685335424860014e+00
2.607341694456954961e+00
2.624195170163985846e+00
2.641249282486576977e+00
2.658507635675306346e+00
2.675973920830164943e+00
2.693651918532359524e+00
2.711545501572381500e+00
2.729658637778539010e+00
2.747995392950204341e+00
2.766559933900400114e+00
2.785356531612472875e+00
2.804389564515892719e+00
2.823663521886444094e+00
2.843183007376369975e+00
2.862952742680265228e+00
2.882977571342920431e+00
2.903262462715480385e+00
2.923812516066766065e+00
2.944632964856884527e+00
2.965729181180647434e+00
2.987106680388726954e+00
3.008771125894905474e+00
3.030728334178190320e+00
3.052984279989139349e+00
3.075545101770100764e+00
3.098417107299765494e+00
3.121606779572897672e+00
3.145120782926772662e+00
3.168965969426477347e+00
3.193149385521922401e+00
3.217678278990164120e+00
3.242560106177368784e+00
3.267802539555692221e+00
3.293413475611071561e+00
3.319401043079029723e+00
3.345773611546513315e+00
3.372539800438884683e+00
3.399708488412344298e+00
3.427288823173286758e+00
3.455290231747366825e+00
3.483722431222587179e+00
3.512595439991996749e+00
3.541919589523428336e+00
3.571705536685276350e+00
3.601964276659216591e+00
3.632707156472740451e+00
3.663945889186488891e+00
3.695692568773625286e+00
3.727959685731041972e+00
3.760760143464614735e+00
3.794107275493746823e+00
3.828014863523368838e+00
3.862497156434848478e+00
3.897568890250797669e+00
3.933245309132546996e+00
3.969542187473102057e+00
4.006475853152964284e+00
4.044063212030700960e+00
4.082321773745539062e+00
4.121269678914699419e+00
4.160925727814207775e+00
4.201309410638478070e+00
4.242440939440975001e+00
4.284341281865958528e+00
4.327032196789516227e+00
4.370536271997333522e+00
4.414876964036069218e+00
4.460078640386237581e+00
4.506166624115819808e+00
4.553167241186582892e+00
4.601107870598760918e+00
4.650016997574831557e+00
4.699924269999383064e+00
4.750860558350214369e+00
4.802858019375021215e+00
4.855950163789823470e+00
4.910171928298557198e+00
4.965559752259093074e+00
5.022151659349204600e+00
5.079987344617133971e+00
5.139108267335448232e+00
5.199557750114848886e+00
5.261381084775599959e+00
5.324625645520505657e+00
5.389341010003664501e+00
5.455579088945251343e+00
5.523394265004495374e+00
5.592843541691672193e+00
5.663986703176112414e+00
5.736886485931758095e+00
5.811608763256295163e+00
5.888222743804237602e+00
5.966801185391871876e+00
6.047420625462300414e+00
6.130161629745108698e+00
6.215109060808792663e+00
6.302352368387730053e+00
6.391985903571550942e+00
6.484109259177143869e+00
6.578827638884303219e+00
6.676252258011666996e+00
6.776500779142723196e+00
6.879697786189396425e+00
6.985975300909106345e+00
7.095473346377922041e+00
7.208340562476523772e+00
7.324734879078206085e+00
7.444824253349782595e+00
7.568787478404313873e+00
7.696815071493419147e+00
7.829110251018828848e+00
7.965890012901031270e+00
8.107386318296411432e+00
8.253847406337278869e+00
8.405539247522428425e+00
8.562747155659765852e+00
8.725777578913298527e+00
8.894960093610363216e+00
9.070649628103469198e+00
9.253228948262968601e+00
9.443111441228850822e+00
9.640744240030116430e+00
9.846611738781390955e+00
1.006123955662846470e+01
1.028519901872975950e+01
1.051911223470222012e+01
1.076365786958252180e+01
1.101957772003865088e+01
1.128768423004030907e+01
1.156886910638357513e+01
1.186411322654393885e+01
1.217449807081509050e+01
1.250121895952156770e+01
1.284560043680677133e+01
1.320911421838559541e+01
1.359340021605463988e+01
1.400029127241009697e+01
1.443184239278709668e+01
1.489036545818776247e+01
1.537847065683997627e+01
1.589911620206900444e+01
1.645566833662417494e+01
1.705197419507613787e+01
1.769245085785787452e+01
1.838219495623820521e+01
1.912711858248896135e+01
1.993411917759413043e+01
2.081129373749086753e+01
2.176821143919639212e+01
2.281626416011196667e+01
2.396912215311909478e+01
2.524333361907433471e+01
2.665912413680237592e+01
2.824147824485135772e+01
3.002162661640686991e+01
3.203912810416935741e+01
3.434484409018362072e+01
3.700528561250775539e+01
4.010913405521923636e+01
4.377731857842368868e+01
