0.000000000000000000e+00
2.080757437052501368e-04
4.163580142032597981e-04
6.248471191307610178e-04
8.335433667357859027e-04
1.042447065879185519e-03
1.251558526036153926e-03
1.460878057297756039e-03
1.670405970372461010e-03
1.880142576587678655e-03
2.090088187891301404e-03
2.300243116853253195e-03
2.510607676667038143e-03
2.721182181151295294e-03
2.931966944751362471e-03
3.142962282540840997e-03
3.354168510223162585e-03
3.565585944133165767e-03
3.777214901238677529e-03
3.989055699142092341e-03
4.201108656081965070e-03
4.413374090934603020e-03
4.625852323215665779e-03
4.838543673081764640e-03
5.051448461332073286e-03
5.264567009409942822e-03
5.477899639404515061e-03
5.691446674052348838e-03
5.905208436739043699e-03
6.119185251500877491e-03
6.333377443026436127e-03
6.547785336658264177e-03
6.762409258394506788e-03
6.977249534890564604e-03
7.192306493460748698e-03
7.407580462079943300e-03
7.623071769385276336e-03
7.838780744677786502e-03
8.054707717924103338e-03
8.270853019758132516e-03
8.487216981482735914e-03
8.703799935071433388e-03
8.920602213170095857e-03
9.137624149098641860e-03
9.354866076852765347e-03
9.572328331105625296e-03
9.790011247209576967e-03
1.000791516119789795e-02
1.022604040978651249e-02
1.044438733037572620e-02
1.066295626105196424e-02
1.088174754058951997e-02
1.110076150845230522e-02
1.131999850479560414e-02
1.153945887046783046e-02
1.175914294701230038e-02
1.197905107666900372e-02
1.219918360237637854e-02
1.241954086777309098e-02
1.264012321719983241e-02
1.286093099570110102e-02
1.308196454902701457e-02
1.330322422363510067e-02
1.352471036669212166e-02
1.374642332607587877e-02
1.396836345037703701e-02
1.419053108890095186e-02
1.441292659166950978e-02
1.463555030942294971e-02
1.485840259362171921e-02
1.508148379644832886e-02
1.530479427080918935e-02
1.552833437033648671e-02
1.575210444939004542e-02
1.597610486305920535e-02
1.620033596716468488e-02
1.642479811826048561e-02
1.664949167363576413e-02
1.687441699131674716e-02
1.709957443006860506e-02
1.732496434939738428e-02
1.755058710955192253e-02
1.777644307152573960e-02
1.800253259705899417e-02
1.822885604864038847e-02
1.845541378950913899e-02
1.868220618365688465e-02
1.890923359582965049e-02
1.913649639152981141e-02
1.936399493701804544e-02
1.959172959931530095e-02
1.981970074620476030e-02
2.004790874623384525e-02
2.027635396871618409e-02
2.050503678373360658e-02
2.073395756213814237e-02
2.096311667555402977e-02
2.119251449637972462e-02
2.142215139778991945e-02
2.165202775373755925e-02
2.188214393895588153e-02
2.211250032896044243e-02
2.234309730005117067e-02
2.257393522931440757e-02
2.280501449462496791e-02
2.303633547464819381e-02
2.326789854884203645e-02
2.349970409745911690e-02
2.373175250154881816e-02
2.396404414295937382e-02
2.419657940433993931e-02
2.442935866914273252e-02
2.466238232162510854e-02
2.489565074685168994e-02
2.512916433069647959e-02
2.536292345984499791e-02
2.559692852179640959e-02
2.583117990486566429e-02
2.606567799818564762e-02
2.630042319170933923e-02
2.653541587621197420e-02
2.677065644329319066e-02
2.700614528537925024e-02
2.724188279572516483e-02
2.747786936841693090e-02
2.771410539837369444e-02
2.795059128134998183e-02
2.818732741393788210e-02
2.842431419356928821e-02
2.866155201851809664e-02
2.889904128790246607e-02
2.913678240168702735e-02
2.937477576068515256e-02
2.961302176656119972e-02
2.985152082183276101e-02
3.009027332987293871e-02
3.032927969491263157e-02
3.056854032204278648e-02
3.080805561721672303e-02
3.104782598725240247e-02
3.128785183983472801e-02
3.152813358351790052e-02
3.176867162772765985e-02
3.200946638276368911e-02
3.225051825980188719e-02
3.249182767089674878e-02
3.273339502898370279e-02
3.297522074788143687e-02
3.321730524229431214e-02
3.345964892781469469e-02
3.370225222092535639e-02
3.394511553900182721e-02
3.418823930031485159e-02
3.443162392403271294e-02
3.467526983022371084e-02
3.491917743985852030e-02
3.516334717481264804e-02
3.540777945786888897e-02
3.565247471271969226e-02
3.589743336396969409e-02
3.614265583713811153e-02
3.638814255866124753e-02
3.663389395589489866e-02
3.687991045711695726e-02
3.712619249152974282e-02
3.737274048926263886e-02
3.761955488137448678e-02
3.786663609985620182e-02
3.811398457763318093e-02
3.836160074856793251e-02
3.860948504746253979e-02
3.885763791006126983e-02
3.910605977305305764e-02
3.935475107407411521e-02
3.960371225171049892e-02
3.985294374550067686e-02
4.010244599593808940e-02
4.035221944447381359e-02
4.060226453351908210e-02
4.085258170644797543e-02
4.110317140759998239e-02
4.135403408228265076e-02
4.160517017677424489e-02
4.185658013832634777e-02
4.210826441516656027e-02
4.236022345650113791e-02
4.261245771251768316e-02
4.286496763438778917e-02
4.311775367426978756e-02
4.337081628531138516e-02
4.362415592165243966e-02
4.387777303842759630e-02
4.413166809176908428e-02
4.438584153880940214e-02
4.464029383768412101e-02
4.489502544753453533e-02
4.515003682851054939e-02
4.540532844177334881e-02
4.566090074949823163e-02
4.591675421487736997e-02
4.617288930212264803e-02
4.642930647646840991e-02
4.668600620417433927e-02
4.694298895252822096e-02
4.720025518984886231e-02
4.745780538548884098e-02
4.771564000983741227e-02
4.797375953432338885e-02
4.823216443141797871e-02
4.849085517463767175e-02
4.874983223854714720e-02
4.900909609876216710e-02
4.926864723195249762e-02
4.952848611584481642e-02
4.978861322922563393e-02
5.004902905194429097e-02
5.030973406491581756e-02
5.057072875012399299e-02
5.083201359062421848e-02
5.109358907054657728e-02
5.135545567509879061e-02
5.161761389056922222e-02
5.188006420432985516e-02
5.214280710483940040e-02
5.240584308164621813e-02
5.266917262539144023e-02
5.293279622781196792e-02
5.319671438174358724e-02
5.346092758112398063e-02
5.372543632099586325e-02
5.399024109750999445e-02
5.425534240792841828e-02
5.452074075062742636e-02
5.478643662510074286e-02
5.505243053196270941e-02
5.531872297295134522e-02
5.558531445093155277e-02
5.585220546989823343e-02
5.611939653497956954e-02
5.638688815244006364e-02
5.665468082968386221e-02
5.692277507525787816e-02
5.719117139885509377e-02
5.745987031131768313e-02
5.772887232464035678e-02
5.799817795197355352e-02
5.826778770762672255e-02
5.853770210707158472e-02
5.880792166694544243e-02
5.907844690505444779e-02
5.934927834037694722e-02
5.962041649306672880e-02
5.989186188445644321e-02
6.016361503706088576e-02
6.043567647458037567e-02
6.070804672190406592e-02
6.098072630511343351e-02
6.125371575148554071e-02
6.152701558949649763e-02
6.180062634882487610e-02
6.207454856035509588e-02
6.234878275618092186e-02
6.262332946960881552e-02
6.289818923516149463e-02
6.317336258858130549e-02
6.344885006683380346e-02
6.372465220811113218e-02
6.400076955183564564e-02
6.427720263866333605e-02
6.455395201048740039e-02
6.483101821044175150e-02
6.510840178290465408e-02
6.538610327350218021e-02
6.566412322911187316e-02
6.594246219786624452e-02
6.622112072915652126e-02
6.650009937363610124e-02
6.677939868322427253e-02
6.705901921110983543e-02
6.733896151175478018e-02
6.761922614089786732e-02
6.789981365555840254e-02
6.818072461403985873e-02
6.846195957593365078e-02
6.874351910212275762e-02
6.902540375478551093e-02
6.930761409739935597e-02
6.959015069474455695e-02
6.987301411290797182e-02
7.015620491928684088e-02
7.043972368259260319e-02
7.072357097285469907e-02
7.100774736142435872e-02
7.129225342097840479e-02
7.157708972552324911e-02
7.186225685039858424e-02
7.214775537228131086e-02
7.243358586918947906e-02
7.271974892048616024e-02
7.300624510688329127e-02
7.329307501044571294e-02
7.358023921459502792e-02
7.386773830411359765e-02
7.415557286514855295e-02
7.444374348521565210e-02
7.473225075320338862e-02
7.502109525937694645e-02
7.531027759538230781e-02
7.559979835425016670e-02
7.588965813040007835e-02
7.617985751964448382e-02
7.647039711919279004e-02
7.676127752765553314e-02
7.705249934504840303e-02
7.734406317279639287e-02
7.763596961373796235e-02
7.792821927212922883e-02
7.822081275364800579e-02
7.851375066539810488e-02
7.880703361591351319e-02
7.910066221516261209e-02
7.939463707455232666e-02
7.968895880693246947e-02
7.998362802659993165e-02
8.027864534930306828e-02
8.057401139224579234e-02
8.086972677409205723e-02
8.116579211497007562e-02
8.146220803647674646e-02
8.175897516168188772e-02
8.205609411513267726e-02
8.235356552285798271e-02
8.265139001237291339e-02
8.294956821268299751e-02
8.324810075428873413e-02
8.354698826919008947e-02
8.384623139089084076e-02
8.414583075440314197e-02
8.444578699625197860e-02
8.474610075447966406e-02
8.504677266865035001e-02
8.534780337985467535e-02
8.564919353071415165e-02
8.595094376538590930e-02
8.625305472956711073e-02
8.655552707049973815e-02
8.685836143697507616e-02
8.716155847933841627e-02
8.746511884949365045e-02
8.776904320090808675e-02
8.807333218861697344e-02
8.837798646922825907e-02
8.868300670092735261e-02
8.898839354348186959e-02
8.929414765824630895e-02
8.960026970816692415e-02
8.990676035778637221e-02
9.021362027324877908e-02
9.052085012230424999e-02
9.082845057431394864e-02
9.113642230025487123e-02
9.144476597272470364e-02
9.175348226594676193e-02
9.206257185577490509e-02
9.237203541969840614e-02
9.268187363684698976e-02
9.299208718799578666e-02
9.330267675557019080e-02
9.361364302365106360e-02
9.392498667797959111e-02
9.423670840596246046e-02
9.454880889667675870e-02
9.486128884087521862e-02
9.517414893099118700e-02
9.548738986114382876e-02
9.580101232714316462e-02
9.611501702649535850e-02
9.642940465840771358e-02
9.674417592379404296e-02
9.705933152527974894e-02
9.737487216720709660e-02
9.769079855564045956e-02
9.800711139837160746e-02
9.832381140492495175e-02
9.864089928656286088e-02
9.895837575629103100e-02
9.927624152886370401e-02
9.959449732078926032e-02
9.991314385033535361e-02
1.002321818375344342e-01
1.005516120041892031e-01
1.008714350738780102e-01
1.011916517719602671e-01
1.015122628255820392e-01
1.018332689636814448e-01
1.021546709169943168e-01
1.024764694180595737e-01
1.027986652012249091e-01
1.031212590026523296e-01
1.034442515603238022e-01
1.037676436140468061e-01
1.040914359054600780e-01
1.044156291780391627e-01
1.047402241771022563e-01
1.050652216498157709e-01
1.053906223452001356e-01
1.057164270141355555e-01
1.060426364093678131e-01
1.063692512855139577e-01
1.066962723990682593e-01
1.070237005084079401e-01
1.073515363737990586e-01
1.076797807574025462e-01
1.080084344232798560e-01
1.083374981373990548e-01
1.086669726676407349e-01
1.089968587838040237e-01
1.093271572576125228e-01
1.096578688627203452e-01
1.099889943747181381e-01
1.103205345711392449e-01
1.106524902314656444e-01
1.109848621371341548e-01
1.113176510715424977e-01
1.116508578200555574e-01
1.119844831700115007e-01
1.123185279107279111e-01
1.126529928335080755e-01
1.129878787316473537e-01
1.133231864004392020e-01
1.136589166371816118e-01
1.139950702411834660e-01
1.143316480137708396e-01
1.146686507582933001e-01
1.150060792801303744e-01
1.153439343866979327e-01
1.156822168874547252e-01
1.160209275939086820e-01
1.163600673196234919e-01
1.166996368802251521e-01
1.170396370934084079e-01
1.173800687789434277e-01
1.177209327586822979e-01
1.180622298565657119e-01
1.184039608986294928e-01
1.187461267130114489e-01
1.190887281299578410e-01
1.194317659818302929e-01
1.197752411031123843e-01
1.201191543304165193e-01
1.204635065024906859e-01
1.208082984602252274e-01
1.211535310466597126e-01
1.214992051069899298e-01
1.218453214885745622e-01
1.221918810409422795e-01
1.225388846157985934e-01
1.228863330670329351e-01
1.232342272507255809e-01
1.235825680251546738e-01
1.239313562508032873e-01
1.242805927903666563e-01
1.246302785087590459e-01
1.249804142731210516e-01
1.253310009528267321e-01
1.256820394194907708e-01
1.260335305469758027e-01
1.263854752113995061e-01
1.267378742911420553e-01
1.270907286668532254e-01
1.274440392214599704e-01
1.277978068401735834e-01
1.281520324104971909e-01
1.285067168222331080e-01
1.288618609674904159e-01
1.292174657406923166e-01
1.295735320385835720e-01
1.299300607602383584e-01
1.302870528070674827e-01
1.306445090828261546e-01
1.310024304936216188e-01
1.313608179479207050e-01
1.317196723565576544e-01
1.320789946327416975e-01
1.324387856920649642e-01
1.327990464525100056e-01
1.331597778344579541e-01
1.335209807606960175e-01
1.338826561564255835e-01
1.342448049492699635e-01
1.346074280692824143e-01
1.349705264489541590e-01
1.353341010232221864e-01
1.356981527294774392e-01
1.360626825075728075e-01
1.364276912998312608e-01
1.367931800510538976e-01
1.371591497085281608e-01
1.375256012220358870e-01
1.378925355438618827e-01
1.382599536288016684e-01
1.386278564341701103e-01
1.389962449198096917e-01
1.393651200480987284e-01
1.397344827839598624e-01
1.401043340948684435e-01
1.404746749508608838e-01
1.408455063245434569e-01
1.412168291911003459e-01
1.415886445283024986e-01
1.419609533165162307e-01
1.423337565387116366e-01
1.427070551804714427e-01
1.430808502299995288e-01
1.434551426781298100e-01
1.438299335183347849e-01
1.442052237467346398e-01
1.445810143621056310e-01
1.449573063658894378e-01
1.453341007622016290e-01
1.457113985578408766e-01
1.460892007622978661e-01
1.464675083877641504e-01
1.468463224491413088e-01
1.472256439640502179e-01
1.476054739528396276e-01
1.479858134385959034e-01
1.483666634471518808e-01
1.487480250070960797e-01
1.491298991497821691e-01
1.495122869093380436e-01
1.498951893226752319e-01
1.502786074294984453e-01
1.506625422723146812e-01
1.510469948964428544e-01
1.514319663500233171e-01
1.518174576840272405e-01
1.522034699522663015e-01
1.525900042114022581e-01
1.529770615209564977e-01
1.533646429433198899e-01
1.537527495437623903e-01
1.541413823904427549e-01
1.545305425544184763e-01
1.549202311096555540e-01
1.553104491330382919e-01
1.557011977043794848e-01
1.560924779064299106e-01
1.564842908248888775e-01
1.568766375484138553e-01
1.572695191686307448e-01
1.576629367801440085e-01
1.580568914805466907e-01
1.584513843704307701e-01
1.588464165533974570e-01
1.592419891360672135e-01
1.596381032280903556e-01
1.600347599421574063e-01
1.604319603940093097e-01
1.608297057024481447e-01
1.612279969893473941e-01
1.616268353796627422e-01
1.620262220014424270e-01
1.624261579858380655e-01
1.628266444671151447e-01
1.632276825826639854e-01
1.636292734730102616e-01
1.640314182818259636e-01
1.644341181559402787e-01
1.648373742453502766e-01
1.652411877032322063e-01
1.656455596859521540e-01
1.660504913530772286e-01
1.664559838673866643e-01
1.668620383948829777e-01
1.672686561048029874e-01
1.676758381696292488e-01
1.680835857651010457e-01
1.684919000702260472e-01
1.689007822672914383e-01
1.693102335418753268e-01
1.697202550828583734e-01
1.701308480824351432e-01
1.705420137361256527e-01
1.709537532427871653e-01
1.713660678046255437e-01
1.717789586272072122e-01
1.721924269194708979e-01
1.726064738937390652e-01
1.730211007657303512e-01
1.734363087545709170e-01
1.738520990828067714e-01
1.742684729764156226e-01
1.746854316648188687e-01
1.751029763808937545e-01
1.755211083609856670e-01
1.759398288449200709e-01
1.763591390760149147e-01
1.767790403010930100e-01
1.771995337704941886e-01
1.776206207380879032e-01
1.780423024612855509e-01
1.784645802010530746e-01
1.788874552219235359e-01
1.793109287920096606e-01
1.797350021830166067e-01
1.801596766702546204e-01
1.805849535326518041e-01
1.810108340527670501e-01
1.814373195168029751e-01
1.818644112146186043e-01
1.822921104397426384e-01
1.827204184893864436e-01
1.831493366644570686e-01
1.835788662695705675e-01
1.840090086130651559e-01
1.844397650070143113e-01
1.848711367672406236e-01
1.853031252133285622e-01
1.857357316686383819e-01
1.861689574603194453e-01
1.866028039193237953e-01
1.870372723804199222e-01
1.874723641822063080e-01
1.879080806671251658e-01
1.883444231814763725e-01
1.887813930754312919e-01
1.892189917030465407e-01
1.896572204222782831e-01
1.900960805949958865e-01
1.905355735869964373e-01
1.909757007680186747e-01
1.914164635117571178e-01
1.918578631958767211e-01
1.922999012020269183e-01
1.927425789158559721e-01
1.931858977270259070e-01
1.936298590292264976e-01
1.940744642201902015e-01
1.945197147017069528e-01
1.949656118796382620e-01
1.954121571639329535e-01
1.958593519686410989e-01
1.963071977119295597e-01
1.967556958160969205e-01
1.972048477075880601e-01
1.976546548170098894e-01
1.981051185791462832e-01
1.985562404329730968e-01
1.990080218216739583e-01
1.994604641926552846e-01
1.999135689975618524e-01
2.003673376922925631e-01
2.008217717370154864e-01
2.012768725961840421e-01
2.017326417385526260e-01
2.021890806371920979e-01
2.026461907695060460e-01
2.031039736172465526e-01
2.035624306665300420e-01
2.040215634078537954e-01
2.044813733361116603e-01
2.049418619506104267e-01
2.054030307550863688e-01
2.058648812577211495e-01
2.063274149711586680e-01
2.067906334125212964e-01
2.072545381034267276e-01
2.077191305700043233e-01
2.081844123429122118e-01
2.086503849573537184e-01
2.091170499530945193e-01
2.095844088744795719e-01
2.100524632704499906e-01
2.105212146945603657e-01
2.109906647049957784e-01
2.114608148645892027e-01
2.119316667408387422e-01
2.124032219059251159e-01
2.128754819367290330e-01
2.133484484148491234e-01
2.138221229266190626e-01
2.142965070631257241e-01
2.147716024202268592e-01
2.152474105985689445e-01
2.157239332036052504e-01
2.162011718456138265e-01
2.166791281397155988e-01
2.171578037058927990e-01
2.176372001690070335e-01
2.181173191588176852e-01
2.185981623100006765e-01
2.190797312621665660e-01
2.195620276598795051e-01
2.200450531526759457e-01
2.205288093950832362e-01
2.210132980466387453e-01
2.214985207719088189e-01
2.219844792405074596e-01
2.224711751271162552e-01
2.229586101115026420e-01
2.234467858785400274e-01
2.239357041182270525e-01
2.244253665257064656e-01
2.249157748012856617e-01
2.254069306504557224e-01
2.258988357839112338e-01
2.263914919175705753e-01
2.268849007725952938e-01
2.273790640754105308e-01
2.278739835577252015e-01
2.283696609565517566e-01
2.288660980142270818e-01
2.293632964784326489e-01
2.298612581022148327e-01
2.303599846440059495e-01
2.308594778676445192e-01
2.313597395423963310e-01
2.318607714429754274e-01
2.323625753495646151e-01
2.328651530478370313e-01
2.333685063289772099e-01
2.338726369897020652e-01
2.343775468322828737e-01
2.348832376645659803e-01
2.353897112999950025e-01
2.358969695576323411e-01
2.364050142621807182e-01
2.369138472440053544e-01
2.374234703391558121e-01
2.379338853893880890e-01
2.384450942421868225e-01
2.389570987507876054e-01
2.394699007741992181e-01
2.399835021772265264e-01
2.404979048304925204e-01
2.410131106104615173e-01
2.415291213994616992e-01
2.420459390857081783e-01
2.425635655633259224e-01
2.430820027323730426e-01
2.436012524988636907e-01
2.441213167747920409e-01
2.446421974781551878e-01
2.451638965329767939e-01
2.456864158693311817e-01
2.462097574233666764e-01
2.467339231373297803e-01
2.472589149595891267e-01
2.477847348446596265e-01
2.483113847532266438e-01
2.488388666521705872e-01
2.493671825145911125e-01
2.498963343198319087e-01
2.504263240535054003e-01
2.509571537075174774e-01
2.514888252800926982e-01
2.520213407757989632e-01
2.525547022055730229e-01
2.530889115867457906e-01
2.536239709430676559e-01
2.541598823047339084e-01
2.546966477084108282e-01
2.552342691972610544e-01
2.557727488209697864e-01
2.563120886357707628e-01
2.568522907044721859e-01
2.573933570964835882e-01
2.579352898878417011e-01
2.584780911612372112e-01
2.590217630060415721e-01
2.595663075183335944e-01
2.601117268009264238e-01
2.606580229633949086e-01
2.612051981221021335e-01
2.617532544002276751e-01
2.623021939277941916e-01
2.628520188416954007e-01
2.634027312857241121e-01
2.639543334105993178e-01
2.645068273739948905e-01
2.650602153405676176e-01
2.656144994819848448e-01
2.661696819769537870e-01
2.667257650112496714e-01
2.672827507777439937e-01
2.678406414764341603e-01
2.683994393144716883e-01
2.689591465061919595e-01
2.695197652731431415e-01
2.700812978441153311e-01
2.706437464551706973e-01
2.712071133496727904e-01
2.717714007783160746e-01
2.723366109991567363e-01
2.729027462776419943e-01
2.734698088866406307e-01
2.740378011064737995e-01
2.746067252249448920e-01
2.751765835373707891e-01
2.757473783466124484e-01
2.763191119631062120e-01
2.768917867048946158e-01
2.774654048976579745e-01
2.780399688747456355e-01
2.786154809772081742e-01
2.791919435538283145e-01
2.797693589611536247e-01
2.803477295635282696e-01
2.809270577331253738e-01
2.815073458499794401e-01
2.820885963020190457e-01
2.826708114850993714e-01
2.832539938030353421e-01
2.838381456676345449e-01
2.844232694987305909e-01
2.850093677242164225e-01
2.855964427800781191e-01
2.861844971104282598e-01
2.867735331675402843e-01
2.873635534118822998e-01
2.879545603121511643e-01
2.885465563453076254e-01
2.891395439966100711e-01
2.897335257596497238e-01
2.903285041363858898e-01
2.909244816371803211e-01
2.915214607808332414e-01
2.921194440946184856e-01
2.927184341143190816e-01
2.933184333842636105e-01
2.939194444573614562e-01
2.945214698951396093e-01
2.951245122677789712e-01
2.957285741541504920e-01
2.963336581418526405e-01
2.969397668272478197e-01
2.975469028154995033e-01
2.981550687206099837e-01
2.987642671654575643e-01
2.993745007818340853e-01
2.999857722104833924e-01
3.005980841011390292e-01
3.012114391125622070e-01
3.018258399125813840e-01
3.024412891781294022e-01
3.030577895952838996e-01
3.036753438593053911e-01
3.042939546746766255e-01
3.049136247551428314e-01
3.055343568237502971e-01
3.061561536128870609e-01
3.067790178643228782e-01
3.074029523292490795e-01
3.080279597683195925e-01
3.086540429516915207e-01
3.092812046590657227e-01
3.099094476797285558e-01
3.105387748125926772e-01
3.111691888662388439e-01
3.118006926589580452e-01
3.124332890187925815e-01
3.130669807835791407e-01
3.137017708009911532e-01
3.143376619285807028e-01
3.149746570338223250e-01
3.156127589941556955e-01
3.162519706970285949e-01
3.168922950399414296e-01
3.175337349304899748e-01
3.181762932864099502e-01
3.188199730356213180e-01
3.194647771162723582e-01
3.201107084767846334e-01
3.207577700758980632e-01
3.214059648827155558e-01
3.220552958767493035e-01
3.227057660479655810e-01
3.233573783968310411e-01
3.240101359343588450e-01
3.246640416821549024e-01
3.253190986724646683e-01
3.259753099482199934e-01
3.266326785630859209e-01
3.272912075815085919e-01
3.279509000787624307e-01
3.286117591409981054e-01
3.292737878652908234e-01
3.299369893596885706e-01
3.306013667432607939e-01
3.312669231461472519e-01
3.319336617096071973e-01
3.326015855860688930e-01
3.332706979391790725e-01
3.339410019438531774e-01
3.346125007863251510e-01
3.352851976641986753e-01
3.359590957864968530e-01
3.366341983737142218e-01
3.373105086578677136e-01
3.379880298825477247e-01
3.386667653029709624e-01
3.393467181860317372e-01
3.400278918103546988e-01
3.407102894663476267e-01
3.413939144562542771e-01
3.420787700942073961e-01
3.427648597062832314e-01
3.434521866305537130e-01
3.441407542171424638e-01
3.448305658282779240e-01
3.455216248383484734e-01
3.462139346339576096e-01
3.469074986139791816e-01
3.476023201896126236e-01
3.482984027844397978e-01
3.489957498344798958e-01
3.496943647882473361e-01
3.503942511068079968e-01
3.510954122638357822e-01
3.517978517456713528e-01
3.525015730513789136e-01
3.532065796928045565e-01
3.539128751946351570e-01
3.546204630944562175e-01
3.553293469428116524e-01
3.560395303032632963e-01
3.567510167524495235e-01
3.574638098801467545e-01
3.581779132893286866e-01
3.588933305962275222e-01
3.596100654303951427e-01
3.603281214347639483e-01
3.610475022657090305e-01
3.617682115931102893e-01
3.624902531004142725e-01
3.632136304846975139e-01
3.639383474567294829e-01
3.646644077410357565e-01
3.653918150759623562e-01
3.661205732137392532e-01
3.668506859205454274e-01
3.675821569765737040e-01
3.683149901760954803e-01
3.690491893275268387e-01
3.697847582534944388e-01
3.705217007909017979e-01
3.712600207909959038e-01
3.719997221194344950e-01
3.727408086563532286e-01
3.734832842964339594e-01
3.742271529489726301e-01
3.749724185379479380e-01
3.757190850020905581e-01
3.764671562949521433e-01
3.772166363849754345e-01
3.779675292555643162e-01
3.787198389051542602e-01
3.794735693472834903e-01
3.802287246106645369e-01
3.809853087392552906e-01
3.817433257923320555e-01
3.825027798445615468e-01
3.832636749860741654e-01
3.840260153225374951e-01
3.847898049752298544e-01
3.855550480811146818e-01
3.863217487929155869e-01
3.870899112791907903e-01
3.878595397244092857e-01
3.886306383290264455e-01
3.894032113095606817e-01
3.901772628986701075e-01
3.909527973452299743e-01
3.917298189144101661e-01
3.925083318877539140e-01
3.932883405632559004e-01
3.940698492554414734e-01
3.948528622954466383e-01
3.956373840310970502e-01
3.964234188269898929e-01
3.972109710645737035e-01
3.980000451422300300e-01
3.987906454753557539e-01
3.995827764964450246e-01
4.003764426551719158e-01
4.011716484184745246e-01
4.019683982706379055e-01
4.027666967133787246e-01
4.035665482659305803e-01
4.043679574651278807e-01
4.051709288654933294e-01
4.059754670393229126e-01
4.067815765767731073e-01
4.075892620859487003e-01
4.083985281929895517e-01
4.092093795421596347e-01
4.100218207959362426e-01
4.108358566350978069e-01
4.116514917588157130e-01
4.124687308847436173e-01
4.132875787491082087e-01
4.141080401068018002e-01
4.149301197314729794e-01
4.157538224156202555e-01
4.165791529706849294e-01
4.174061162271443526e-01
4.182347170346066290e-01
4.190649602619054281e-01
4.198968507971946873e-01
4.207303935480457557e-01
4.215655934415425410e-01
4.224024554243796525e-01
4.232409844629596019e-01
4.240811855434907240e-01
4.249230636720867649e-01
4.257666238748658571e-01
4.266118711980505518e-01
4.274588107080684596e-01
4.283074474916533925e-01
4.291577866559477261e-01
4.300098333286040964e-01
4.308635926578889275e-01
4.317190698127859605e-01
4.325762699831007252e-01
4.334351983795653451e-01
4.342958602339440644e-01
4.351582607991397733e-01
4.360224053493005347e-01
4.368882991799271087e-01
4.377559476079814216e-01
4.386253559719954787e-01
4.394965296321799997e-01
4.403694739705356631e-01
4.412441943909632402e-01
4.421206963193753947e-01
4.429989852038088705e-01
4.438790665145370129e-01
4.447609457441838443e-01
4.456446284078382503e-01
4.465301200431684991e-01
4.474174262105382049e-01
4.483065524931232337e-01
4.491975044970276665e-01
4.500902878514026484e-01
4.509849082085642391e-01
4.518813712441135388e-01
4.527796826570557598e-01
4.536798481699214625e-01
4.545818735288880141e-01
4.554857645039022129e-01
4.563915268888025234e-01
4.572991665014434770e-01
4.582086891838202947e-01
4.591201008021937313e-01
4.600334072472166413e-01
4.609486144340604330e-01
4.618657283025436877e-01
4.627847548172593362e-01
4.637056999677051095e-01
4.646285697684129912e-01
4.655533702590805567e-01
4.664801075047024237e-01
4.674087875957030347e-01
4.683394166480696064e-01
4.692720008034876322e-01
4.702065462294742204e-01
4.711430591195154838e-01
4.720815456932028753e-01
4.730220121963705782e-01
4.739644649012345612e-01
4.749089101065315788e-01
4.758553541376599472e-01
4.768038033468204318e-01
4.777542641131583001e-01
4.787067428429065408e-01
4.796612459695300812e-01
4.806177799538697837e-01
4.815763512842889948e-01
4.825369664768199840e-01
4.834996320753115473e-01
4.844643546515777777e-01
4.854311408055470012e-01
4.863999971654135446e-01
4.873709303877878929e-01
4.883439471578496782e-01
4.893190541895012236e-01
4.902962582255219748e-01
4.912755660377235989e-01
4.922569844271067474e-01
4.932405202240180975e-01
4.942261802883094468e-01
4.952139715094966421e-01
4.962039008069200063e-01
4.971959751299067642e-01
4.981902014579324689e-01
4.991865868007855922e-01
5.001851381987317824e-01
5.011858627226801755e-01
5.021887674743494845e-01
5.031938595864369201e-01
5.042011462227864449e-01
5.052106345785597474e-01
5.062223318804069949e-01
5.072362453866394727e-01
5.082523823874030011e-01
5.092707502048532398e-01
5.102913561933309916e-01
5.113142077395388396e-01
5.123393122627210028e-01
5.133666772148406388e-01
5.143963100807619204e-01
5.154282183784308913e-01
5.164624096590595403e-01
5.174988915073085449e-01
5.185376715414738991e-01
5.195787574136727649e-01
5.206221568100320995e-01
5.216678774508773930e-01
5.227159270909225164e-01
5.237663135194629005e-01
5.248190445605670496e-01
5.258741280732713852e-01
5.269315719517758678e-01
5.279913841256410612e-01
5.290535725599856409e-01
5.301181452556869012e-01
5.311851102495805943e-01
5.322544756146643241e-01
5.333262494603000503e-01
5.344004399324195909e-01
5.354770552137313455e-01
5.365561035239273524e-01
5.376375931198931202e-01
5.387215322959175712e-01
5.398079293839059822e-01
5.408967927535923703e-01
5.419881308127553199e-01
5.430819520074338103e-01
5.441782648221460406e-01
5.452770777801071445e-01
5.463783994434517899e-01
5.474822384134554465e-01
5.485886033307589837e-01
5.496975028755936021e-01
5.508089457680079848e-01
5.519229407680972255e-01
5.530394966762327558e-01
5.541586223332938266e-01
5.552803266209008770e-01
5.564046184616514568e-01
5.575315068193552603e-01
5.586610006992733801e-01
5.597931091483577815e-01
5.609278412554935533e-01
5.620652061517410480e-01
5.632052130105813514e-01
5.643478710481631966e-01
5.654931895235507655e-01
5.666411777389742666e-01
5.677918450400812889e-01
5.689452008161909324e-01
5.701012545005488263e-01
5.712600155705843674e-01
5.724214935481697353e-01
5.735856979998810168e-01
5.747526385372602187e-01
5.759223248170802778e-01
5.770947665416111816e-01
5.782699734588888640e-01
5.794479553629841018e-01
5.806287220942758509e-01
5.818122835397242509e-01
5.829986496331479584e-01
5.841878303555002594e-01
5.853798357351500670e-01
5.865746758481643619e-01
5.877723608185905224e-01
5.889729008187435388e-01
5.901763060694934504e-01
5.913825868405560016e-01
5.925917534507837425e-01
5.938038162684610155e-01
5.950187857116002732e-01
5.962366722482407289e-01
5.974574863967480054e-01
5.986812387261180035e-01
5.999079398562816579e-01
6.011376004584121358e-01
6.023702312552337013e-01
6.036058430213339099e-01
6.048444465834781347e-01
6.060860528209246478e-01
6.073306726657434762e-01
6.085783171031377004e-01
6.098289971717665292e-01
6.110827239640704844e-01
6.123395086265996934e-01
6.135993623603436253e-01
6.148622964210650466e-01
6.161283221196340865e-01
6.173974508223660784e-01
6.186696939513627314e-01
6.199450629848530792e-01
6.212235694575403144e-01
6.225052249609480670e-01
6.237900411437727888e-01
6.250780297122340290e-01
6.263692024304318151e-01
6.276635711207042556e-01
6.289611476639886956e-01
6.302619440001845375e-01
6.315659721285198369e-01
6.328732441079206739e-01
6.341837720573824111e-01
6.354975681563439505e-01
6.368146446450655418e-01
6.381350138250092563e-01
6.394586880592204592e-01
6.407856797727154996e-01
6.421160014528691784e-01
6.434496656498071010e-01
6.447866849768003616e-01
6.461270721106626702e-01
6.474708397921510317e-01
6.488180008263707554e-01
6.501685680831801317e-01
6.515225544976015470e-01
6.528799730702343762e-01
6.542408368676710939e-01
6.556051590229157178e-01
6.569729527358069143e-01
6.583442312734447688e-01
6.597190079706173327e-01
6.610972962302346101e-01
6.624791095237639871e-01
6.638644613916687698e-01
6.652533654438500532e-01
6.666458353600935860e-01
6.680418848905175233e-01
6.694415278560262861e-01
6.708447781487657524e-01
6.722516497325831120e-01
6.736621566434906061e-01
6.750763129901313775e-01
6.764941329542505377e-01
6.779156307911686774e-01
6.793408208302608164e-01
6.807697174754365754e-01
6.822023352056256762e-01
6.836386885752674392e-01
6.850787922148041664e-01
6.865226608311763012e-01
6.879703092083241378e-01
6.894217522076924176e-01
6.908770047687390337e-01
6.923360819094468432e-01
6.937989987268402547e-01
6.952657703975079206e-01
6.967364121781244313e-01
6.982109394059816676e-01
6.996893674995209311e-01
7.011717119588710689e-01
7.026579883663891524e-01
7.041482123872075949e-01
7.056423997697832684e-01
7.071405663464537250e-01
7.086427280339954171e-01
7.101489008341873577e-01
7.116591008343798874e-01
7.131733442080667729e-01
7.146916472154635214e-01
7.162140262040879168e-01
7.177404976093484379e-01
7.192710779551346745e-01
7.208057838544136287e-01
7.223446320098306783e-01
7.238876392143167582e-01
7.254348223516972061e-01
7.269861983973089359e-01
7.285417844186210523e-01
7.301015975758607945e-01
7.316656551226441429e-01
7.332339744066117548e-01
7.348065728700721166e-01
7.363834680506458064e-01
7.379646775819186377e-01
7.395502191940989123e-01
7.411401107146804446e-01
7.427343700691095840e-01
7.443330152814603418e-01
7.459360644751120706e-01
7.475435358734360269e-01
7.491554478004848194e-01
7.507718186816884076e-01
7.523926670445574283e-01
7.540180115193901855e-01
7.556478708399863020e-01
7.572822638443670318e-01
7.589212094755009019e-01
7.605647267820355717e-01
7.622128349190353536e-01
7.638655531487257289e-01
7.655229008412447467e-01
7.671848974753978645e-01
7.688515626394218927e-01
7.705229160317553783e-01
7.721989774618139846e-01
7.738797668507725325e-01
7.755653042323551460e-01
7.772556097536311714e-01
7.789507036758174241e-01
7.806506063750877633e-01
7.823553383433899944e-01
7.840649201892694320e-01
7.857793726386982369e-01
7.874987165359145225e-01
7.892229728442653469e-01
7.909521626470608080e-01
7.926863071484318013e-01
7.944254276741968823e-01
7.961695456727367892e-01
7.979186827158772921e-01
7.996728604997760392e-01
8.014321008458212825e-01
8.031964257015375974e-01
8.049658571414961550e-01
8.067404173682373170e-01
8.085201287131977832e-01
8.103050136376499513e-01
8.120950947336433856e-01
8.138903947249603865e-01
8.156909364680766661e-01
8.174967429531321272e-01
8.193078373049078600e-01
8.211242427838149061e-01
8.229459827868893518e-01
8.247730808487961918e-01
8.266055606428442948e-01
8.284434459820073648e-01
8.302867608199568927e-01
8.321355292521014357e-01
8.339897755166376658e-01
8.358495239956085232e-01
8.377147992159731382e-01
8.395856258506841918e-01
8.414620287197759341e-01
8.433440327914615287e-01
8.452316631832422766e-01
8.471249451630223914e-01
8.490239041502376516e-01
8.509285657169946004e-01
8.528389555892154084e-01
8.547550996477981666e-01
8.566770239297853973e-01
8.586047546295431099e-01
8.605383180999507386e-01
8.624777408536018486e-01
8.644230495640164991e-01
8.663742710668643765e-01
8.683314323611971419e-01
8.702945606106954335e-01
8.722636831449253059e-01
8.742388274606052168e-01
8.762200212228876683e-01
8.782072922666492865e-01
8.802006685977958877e-01
8.822001783945768727e-01
8.842058500089134965e-01
8.862177119677384640e-01
8.882357929743497360e-01
8.902601219097742158e-01
8.922907278341457582e-01
8.943276399880956129e-01
8.963708877941577446e-01
8.984205008581828134e-01
9.004765089707689185e-01
9.025389421087074426e-01
9.046078304364360001e-01
9.066832043075115921e-01
9.087650942660943088e-01
9.108535310484464631e-01
9.129485455844436048e-01
9.150501689991034082e-01
9.171584326141252186e-01
9.192733679494480281e-01
9.213950067248191100e-01
9.235233808613821926e-01
9.256585224832757364e-01
9.278004639192518610e-01
9.299492377043062641e-01
9.321048765813254589e-01
9.342674135027512206e-01
9.364368816322585776e-01
9.386133143464514550e-01
9.407967452365736394e-01
9.429872081102393944e-01
9.451847369931750675e-01
9.473893661309829017e-01
9.496011299909190573e-01
9.518200632636918401e-01
9.540462008652722536e-01
9.562795779387273098e-01
9.585202298560703271e-01
9.607681922201256608e-01
9.630235008664163043e-01
9.652861918650678108e-01
9.675563015227316432e-01
9.698338663845256225e-01
9.721189232359966903e-01
9.744115091050998823e-01
9.767116612642005036e-01
9.790194172320914046e-01
9.813348147760350138e-01
9.836578919138222465e-01
9.859886869158547285e-01
9.883272383072453371e-01
9.906735848699401714e-01
9.930277656448646129e-01
9.953898199340865949e-01
9.977597873030044084e-01
1.000137707582555713e+00
1.002523620871450527e+00
1.004917567538422540e+00
1.007319588224507179e+00
1.009729723845341764e+00
1.012148015593489436e+00
1.014574504940783273e+00
1.017009233640699284e+00
1.019452243730750940e+00
1.021903577534908791e+00
1.024363277666042960e+00
1.026831387028394493e+00
1.029307948820069818e+00
1.031793006535558277e+00
1.034286603968282314e+00
1.036788785213166975e+00
1.039299594669240934e+00
1.041819077042261954e+00
1.044347277347369429e+00
1.046884240911766462e+00
1.049430013377428805e+00
1.051984640703841567e+00
1.054548169170763883e+00
1.057120645381026680e+00
1.059702116263353311e+00
1.062292629075215489e+00
1.064892231405714984e+00
1.067500971178501734e+00
1.070118896654713492e+00
1.072746056435956108e+00
1.075382499467308683e+00
1.078028275040365580e+00
1.080683432796305743e+00
1.083348022728998661e+00
1.086022095188142300e+00
1.088705700882434568e+00
1.091398890882777861e+00
1.094101716625519138e+00
1.096814229915725969e+00
1.099536482930493442e+00
1.102268528222292820e+00
1.105010418722350174e+00
1.107762207744068972e+00
1.110523948986481102e+00
1.113295696537742518e+00
1.116077504878663307e+00
1.118869428886278827e+00
1.121671523837455720e+00
1.124483845412541649e+00
1.127306449699054136e+00
1.130139393195407571e+00
1.132982732814683313e+00
1.135836525888441084e+00
1.138700830170574330e+00
1.141575703841202438e+00
1.144461205510612700e+00
1.147357394223242899e+00
1.150264329461708757e+00
1.153182071150875121e+00
1.156110679661975116e+00
1.159050215816773033e+00
1.162000740891775852e+00
1.164962316622490501e+00
1.167935005207729082e+00
1.170918869313965160e+00
1.173913972079734913e+00
1.176920377120092676e+00
1.179938148531112896e+00
1.182967350894448044e+00
1.186008049281932486e+00
1.189060309260243864e+00
1.192124196895614885e+00
1.195199778758602616e+00
1.198287121928905519e+00
1.201386294000243993e+00
1.204497363085291761e+00
1.207620397820667213e+00
1.210755467371978478e+00
1.213902641438931118e+00
1.217061990260495552e+00
1.220233584620127987e+00
1.223417495851059966e+00
1.226613795841644983e+00
1.229822557040770814e+00
1.233043852463330481e+00
1.236277755695763370e+00
1.239524340901656307e+00
1.242783682827415470e+00
1.246055856808000684e+00
1.249340938772729670e+00
1.252639005251153792e+00
1.255950133378997302e+00
1.259274400904173641e+00
1.262611886192869015e+00
1.265962668235703026e+00
1.269326826653957685e+00
1.272704441705885481e+00
1.276095594293090496e+00
1.279500365966992126e+00
1.282918838935356076e+00
1.286351096068914845e+00
1.289797220908063480e+00
1.293257297669638151e+00
1.296731411253774890e+00
1.300219647250854926e+00
1.303722091948534834e+00
1.307238832338858181e+00
1.310769956125460656e+00
1.314315551730860454e+00
1.317875708303839266e+00
1.321450515726912744e+00
1.325040064623895786e+00
1.328644446367559961e+00
1.332263753087388869e+00
1.335898077677424745e+00
1.339547513804217438e+00
1.343212155914871087e+00
1.346892099245194263e+00
1.350587439827945380e+00
1.354298274501189780e+00
1.358024700916758976e+00
1.361766817548815123e+00
1.365524723702525423e+00
1.369298519522846869e+00
1.373088306003424686e+00
1.376894184995597348e+00
1.380716259217523723e+00
1.384554632263423901e+00
1.388409408612939488e+00
1.392280693640611355e+00
1.396168593625482846e+00
1.400073215760827772e+00
1.403994668163997206e+00
1.407933059886403049e+00
1.411888500923623946e+00
1.415861102225648871e+00
1.419850975707247720e+00
1.423858234258483346e+00
1.427882991755356823e+00
1.431925363070597923e+00
1.435985464084590157e+00
1.440063411696446138e+00
1.444159323835225717e+00
1.448273319471307774e+00
1.452405518627903236e+00
1.456556042392731287e+00
1.460725012929848132e+00
1.464912553491629410e+00
1.469118788430918476e+00
1.473343843213335447e+00
1.477587844429755215e+00
1.481850919808945566e+00
1.486133198230384034e+00
1.490434809737246402e+00
1.494755885549570174e+00
1.499096558077595898e+00
1.503456960935294129e+00
1.507837228954075792e+00
1.512237498196687513e+00
1.516657905971302123e+00
1.521098590845799459e+00
1.525559692662249223e+00
1.530041352551585909e+00
1.534543712948494676e+00
1.539066917606499496e+00
1.543611111613265807e+00
1.548176441406110326e+00
1.552763054787732910e+00
1.557371100942165576e+00
1.562000730450952668e+00
1.566652095309546189e+00
1.571325348943943823e+00
1.576020646227561439e+00
1.580738143498335635e+00
1.585477998576080072e+00
1.590240370780083845e+00
1.595025420946964756e+00
1.599833311448771278e+00
1.604664206211351640e+00
1.609518270732984480e+00
1.614395672103279944e+00
1.619296579022347471e+00
1.624221161820251558e+00
1.629169592476740203e+00
1.634142044641270664e+00
1.639138693653317214e+00
1.644159716562982876e+00
1.649205292151913804e+00
1.654275600954516312e+00
1.659370825279490314e+00
1.664491149231679845e+00
1.669636758734251769e+00
1.674807841551192666e+00
1.680004587310153230e+00
1.685227187525624837e+00
1.690475835622471612e+00
1.695750726959802668e+00
1.701052058855214266e+00
1.706380030609397913e+00
1.711734843531109052e+00
1.717116700962525666e+00
1.722525808304986583e+00
1.727962373045125899e+00
1.733426604781397984e+00
1.738918715251018599e+00
1.744438918357311685e+00
1.749987430197484040e+00
1.755564469090818980e+00
1.761170255607315660e+00
1.766805012596764923e+00
1.772468965218284565e+00
1.778162340970306010e+00
1.783885369721034619e+00
1.789638283739392044e+00
1.795421317726431987e+00
1.801234708847262445e+00
1.807078696763464221e+00
1.812953523666032574e+00
1.818859434308826017e+00
1.824796676042562682e+00
1.830765498849350026e+00
1.836766155377774767e+00
1.842798900978543930e+00
1.848863993740710088e+00
1.854961694528480587e+00
1.861092267018610968e+00
1.867255977738417672e+00
1.873453096104401139e+00
1.879683894461505300e+00
1.885948648123007665e+00
1.892247635411075768e+00
1.898581137697981314e+00
1.904949439448002879e+00
1.911352828260008074e+00
1.917791594910753794e+00
1.924266033398898568e+00
1.930776440989756093e+00
1.937323118260785959e+00
1.943906369147853752e+00
1.950526500992272982e+00
1.957183824588627497e+00
1.963878654233412346e+00
1.970611307774493559e+00
1.977382106661418337e+00
1.984191375996564144e+00
1.991039444587180629e+00
1.997926644998314183e+00
2.004853313606647092e+00
2.011819790655258178e+00
2.018826420309336012e+00
2.025873550712858684e+00
2.032961534046258123e+00
2.040090726585083836e+00
2.047261488759703596e+00
2.054474185216047744e+00
2.061729184877413967e+00
2.069026861007376539e+00
2.076367591273798219e+00
2.083751757813986583e+00
2.091179747301000980e+00
2.098651951011152761e+00
2.106168764892706324e+00
2.113730589635828050e+00
2.121337830743773356e+00
2.128990898605379378e+00
2.136690208568869487e+00
2.144436181016987408e+00
2.152229241443512908e+00
2.160069820531174134e+00
2.167958354230993923e+00
2.175895283843082950e+00
2.183881056098937901e+00
2.191916123245260195e+00
2.200000943129332143e+00
2.208135979285975381e+00
2.216321701026149782e+00
2.224558583527198152e+00
2.232847107924806895e+00
2.241187761406676859e+00
2.249581037307989639e+00
2.258027435208679101e+00
2.266527461032547652e+00
2.275081627148288099e+00
2.283690452472434185e+00
2.292354462574300644e+00
2.301074189782931434e+00
2.309850173296134290e+00
2.318682959291621160e+00
2.327573101040327774e+00
2.336521159021924809e+00
2.345527701042616986e+00
2.354593302355246554e+00
2.363718545781776648e+00
2.372904021838185162e+00
2.382150328861852184e+00
2.391458073141492946e+00
2.400827869049664276e+00
2.410260339177957345e+00
2.419756114474894471e+00
2.429315834386628126e+00
2.438940147000467462e+00
2.448629709191350479e+00
2.458385186771284925e+00
2.468207254641868964e+00
2.478096596949923569e+00
2.488053907246347229e+00
2.498079888648265356e+00
2.508175254004521904e+00
2.518340726064641988e+00
2.528577037651310810e+00
2.538884931836489667e+00
2.549265162121214345e+00
2.559718492619211361e+00
2.570245698244400412e+00
2.580847564902394531e+00
2.591524889686068533e+00
2.602278481075339656e+00
2.613109159141234983e+00
2.624017755754368686e+00
2.635005114797921877e+00
2.646072092385267194e+00
2.657219557082340700e+00
2.668448390134867676e+00
2.679759485700599075e+00
2.691153751086665213e+00
2.702632106992187921e+00
2.714195487756269731e+00
2.725844841611534619e+00
2.737581130943328667e+00
2.749405332554764048e+00
2.761318437937714254e+00
2.773321453549967508e+00
2.785415401098678689e+00
2.797601317830270773e+00
2.809880256826989164e+00
2.822253287310270142e+00
2.834721494951117027e+00
2.847285982187646169e+00
2.859947868550040351e+00
2.872708290993072566e+00
2.885568404236444007e+00
2.898529381113096548e+00
2.911592412925785300e+00
2.924758709812090185e+00
2.938029501118130327e+00
2.951406035781189985e+00
2.964889582721552230e+00
2.978481431243767297e+00
2.992182891447613180e+00
3.005995294649060234e+00
3.019919993811492898e+00
3.033958363987498963e+00
3.048111802771504841e+00
3.062381730763609422e+00
3.076769592044902524e+00
3.091276854664632090e+00
3.105905011139526550e+00
3.120655578965675137e+00
3.135530101143300552e+00
3.150530146714833446e+00
3.165657311316633749e+00
3.180913217744828714e+00
3.196299516535661134e+00
3.211817886560750068e+00
3.227470035637779233e+00
3.243257701157030048e+00
3.259182650724278041e+00
3.275246682820497579e+00
3.291451627478964248e+00
3.307799346980234034e+00
3.324291736565589073e+00
3.340930725169480198e+00
3.357718276171617333e+00
3.374656388169293031e+00
3.391747095770550668e+00
3.408992470408924280e+00
3.426394621180370414e+00
3.443955695703157627e+00
3.461677881001382850e+00
3.479563404412956196e+00
3.497614534522781149e+00
3.515833582122003254e+00
3.534222901194115529e+00
3.552784889928876755e+00
3.571521991764905035e+00
3.590436696461942301e+00
3.609531541203713889e+00
3.628809111732483217e+00
3.648272043516341601e+00
3.667923022950285272e+00
3.687764788592325260e+00
3.707800132435747464e+00
3.728031901218814781e+00
3.748462997773144512e+00
3.769096382412169266e+00
3.789935074361031830e+00
3.810982153229387492e+00
3.832240760528579759e+00
3.853714101234831269e+00
3.875405445400033511e+00
3.897318129811819354e+00
3.919455559704752012e+00
3.941821210524411256e+00
3.964418629746350842e+00
3.987251438751853172e+00
4.010323334762648351e+00
4.033638092836710598e+00
4.057199567927433748e+00
4.081011697008483985e+00
4.105078501266872237e+00
4.129404088366742442e+00
4.153992654786617500e+00
4.178848488232794978e+00
4.203975970131930140e+00
4.229379578205787027e+00
4.255063889131289301e+00
4.281033581289296563e+00
4.307293437605488329e+00
4.333848348487036262e+00
4.360703314858771051e+00
4.387863451302912665e+00
4.415333989306409634e+00
4.443120280620297180e+00
4.471227800735500857e+00
4.499662152479952049e+00
4.528429069741876312e+00
4.557534421324534790e+00
4.586984214937756654e+00
4.616784601332083682e+00
4.646941878581436924e+00
4.677462496520542246e+00
4.708353061343758306e+00
4.739620340372129093e+00
4.771271266995945837e+00
4.803312945800304767e+00
4.835752657881735139e+00
4.868597866364177129e+00
4.901856222123134543e+00
4.935535569727142580e+00
4.969643953606353470e+00
5.004189624458381225e+00
5.039181045902049405e+00
5.074626901390439038e+00
5.110536101395010355e+00
5.146917790873334120e+00
5.183781357033488746e+00
5.221136437409112929e+00
5.258992928259569766e+00
5.297360993310715749e+00
5.336251072852353339e+00
5.375673893209631515e+00
5.415640476606310649e+00
5.456162151439063024e+00
5.497250562982763711e+00
5.538917684548198217e+00
5.581175829114568998e+00
5.624037661460459248e+00
5.667516210818521749e+00
5.711624884080313436e+00
5.756377479579513512e+00
5.801788201483114804e+00
5.847871674822322952e+00
5.894642961196436381e+00
5.942117575185207556e+00
5.990311501507142644e+00
6.039241212963762706e+00
6.088923689212013102e+00
6.139376436409859750e+00
6.190617507782671503e+00
6.242665525161344320e+00
6.295539701546038813e+00
6.349259864752887950e+00
6.403846482205009849e+00
6.459320686932763955e+00
6.515704304852786954e+00
6.573019883399588537e+00
6.631290721588837478e+00
6.690540901596379264e+00
6.750795321943044769e+00
6.812079732381106645e+00
6.874420770585329521e+00
6.937846000758333354e+00
7.002383954267706656e+00
7.068064172440962523e+00
7.134917251653011050e+00
7.202974890850878609e+00
7.272269941670525206e+00
7.342836461312549190e+00
7.414709768355337793e+00
7.487926501698007442e+00
7.562524682839593559e+00
7.638543781717211267e+00
7.716024786342458697e+00
7.795010276494426904e+00
7.875544501747413051e+00
7.957673464134106034e+00
8.041445005768549592e+00
8.126908901779446026e+00
8.214116958933422197e+00
8.303123120358597120e+00
8.393983576813479175e+00
8.486756884983204685e+00
8.581504093326753235e+00
8.678288876043257716e+00
8.777177675775362786e+00
8.878239855721359319e+00
8.981547861888355300e+00
9.087177396283845354e+00
9.195207601915598161e+00
9.305721260550377849e+00
9.418805004269664494e+00
9.534549541958840635e+00
9.653049901973950853e+00
9.774405692350869757e+00
9.898721380054027463e+00
1.002610659091037881e+01
1.015667643203813775e+01
1.029055183876406865e+01
1.042785994822653173e+01
1.056873450209064735e+01
1.071331628105645173e+01
1.086175357412797737e+01
1.101420268593119900e+01
1.117082848572902876e+01
1.133180500218791131e+01
1.149731606840616216e+01
1.166755602223068422e+01
1.184273046747041036e+01
1.202305710227601310e+01
1.220876662170263494e+01
1.240010370232404746e+01
1.259732807773380969e+01
1.280071571487512649e+01
1.301056010240183802e+01
1.322717366371978009e+01
1.345088930901535917e+01
1.368206214248740693e+01
1.392107134319584816e+01
1.416832224048044075e+01
1.442424860784519502e+01
1.468931520261577717e+01
1.496402058265080370e+01
1.524890023602045908e+01
1.554453006498897238e+01
1.585153027199466713e+01
1.617056970280457406e+01
1.650237071084688267e+01
1.684771461717655328e+01
1.720744785293670276e+01
1.758248888596324733e+01
1.797383605086050906e+01
1.838257642308644790e+01
1.880989590314093007e+01
1.925709070784911248e+01
1.972558050325768519e+01
2.021692345941778512e+01
2.073283356338600214e+01
2.127520059576284694e+01
2.184611326142268339e+01
2.244788607117211043e+01
2.308309070368553506e+01
2.375459274377115193e+01
2.446559490386164626e+01
2.521968810395779315e+01
2.602091212905994766e+01
2.687382802674934013e+01
2.778360498428449432e+01
2.875612518027055486e+01
2.979811110454133782e+01
3.091728117135070164e+01
3.212254124329898275e+01
3.342422212100339607e+01
3.483437640518319256e+01
3.636715280103079806e+01
3.803927250559144824e+01
3.987064170582493716e+01
4.188514782608178422e+01
4.411170722215464224e+01
4.658566210668055874e+01
