0.000000000000000000e+00
1.645251688160016791e-04
3.292139628620540520e-04
4.940666263549184888e-04
6.590834039976015178e-04
8.242645409805661244e-04
9.896102829829458124e-04
1.155120876173762598e-03
1.320796567213148578e-03
1.486637603253571950e-03
1.652644231941065300e-03
1.818816701416457911e-03
1.985155260316613917e-03
2.151660157775669817e-03
2.318331643426280869e-03
2.485169967400866192e-03
2.652175380332862098e-03
2.819348133357976304e-03
2.986688478115446903e-03
3.154196666749303941e-03
3.321872951909637505e-03
3.489717586753866667e-03
3.657730824948014943e-03
3.825912920667986616e-03
3.994264128600849562e-03
4.162784703946118513e-03
4.331474902417050896e-03
4.500334980241930960e-03
4.669365194165375592e-03
4.838565801449630152e-03
5.007937059875875591e-03
5.177479227745538162e-03
5.347192563881600878e-03
5.517077327629922763e-03
5.687133778860557244e-03
5.857362177969078348e-03
6.027762785877912102e-03
6.198335864037666197e-03
6.369081674428467461e-03
6.540000479561306271e-03
6.711092542479378358e-03
6.882358126759437027e-03
7.053797496513143639e-03
7.225410916388426766e-03
7.397198651570845683e-03
7.569160967784954730e-03
7.741298131295672007e-03
7.913610408909654143e-03
8.086098067976681472e-03
8.258761376391024131e-03
8.431600602592851518e-03
8.604616015569603593e-03
8.777807884857399476e-03
8.951176480542425221e-03
9.124722073262354557e-03
9.298444934207734935e-03
9.472345335123423873e-03
9.646423548309987148e-03
9.820679846625131673e-03
9.995114503485121038e-03
1.016972779286621706e-02
1.034451998930610399e-02
1.051949136790533701e-02
1.069464220432877165e-02
1.086997277480703135e-02
1.104548335613793689e-02
1.122117422568797915e-02
1.139704566139377803e-02
1.157309794176353962e-02
1.174933134587853936e-02
1.192574615339458272e-02
1.210234264454349701e-02
1.227912110013460421e-02
1.245608180155621802e-02
1.263322503077713051e-02
1.281055107034811784e-02
1.298806020340343044e-02
1.316575271366231606e-02
1.334362888543051164e-02
1.352168900360177679e-02
1.369993335365940479e-02
1.387836222167775600e-02
1.405697589432377929e-02
1.423577465885855764e-02
1.441475880313883295e-02
1.459392861561857081e-02
1.477328438535049221e-02
1.495282640198764001e-02
1.513255495578493155e-02
1.531247033760072158e-02
1.549257283889837918e-02
1.567286275174785762e-02
1.585334036882726436e-02
1.603400598342446387e-02
1.621485988943864587e-02
1.639590238138194031e-02
1.657713375438098907e-02
1.675855430417857311e-02
1.694016432713521883e-02
1.712196412023079747e-02
1.730395398106614885e-02
1.748613420786471542e-02
1.766850509947416256e-02
1.785106695536802304e-02
1.803382007564731382e-02
1.821676476104219788e-02
1.839990131291363573e-02
1.858323003325504028e-02
1.876675122469391097e-02
1.895046519049353728e-02
1.913437223455464326e-02
1.931847266141708055e-02
1.950276677626148689e-02
1.968725488491098602e-02
1.987193729383289476e-02
2.005681431014039520e-02
2.024188624159423480e-02
2.042715339660446106e-02
2.061261608423211114e-02
2.079827461419094664e-02
2.098412929684915010e-02
2.117018044323109791e-02
2.135642836501905339e-02
2.154287337455493972e-02
2.172951578484204685e-02
2.191635590954683216e-02
2.210339406300064480e-02
2.229063056020149161e-02
2.247806571681581350e-02
2.266569984918025485e-02
2.285353327430345027e-02
2.304156630986779752e-02
2.322979927423125118e-02
2.341823248642913718e-02
2.360686626617593611e-02
2.379570093386708038e-02
2.398473681058080342e-02
2.417397421807993690e-02
2.436341347881374256e-02
2.455305491591971978e-02
2.474289885322549301e-02
2.493294561525061237e-02
2.512319552720841329e-02
2.531364891500787959e-02
2.550430610525549965e-02
2.569516742525713646e-02
2.588623320301988370e-02
2.607750376725397751e-02
2.626897944737464560e-02
2.646066057350402942e-02
2.665254747647305758e-02
2.684464048782336104e-02
2.703693993980918475e-02
2.722944616539929238e-02
2.742215949827890575e-02
2.761508027285160261e-02
2.780820882424128726e-02
2.800154548829410922e-02
2.819509060158041647e-02
2.838884450139669141e-02
2.858280752576754236e-02
2.877698001344765680e-02
2.897136230392374431e-02
2.916595473741656619e-02
2.936075765488287484e-02
2.955577139801744344e-02
2.975099630925502614e-02
2.994643273177238427e-02
3.014208100949030550e-02
3.033794148707560923e-02
3.053401450994314495e-02
3.073030042425787742e-02
3.092679957693688156e-02
3.112351231565141374e-02
3.132043898882892752e-02
3.151757994565516224e-02
3.171493553607620391e-02
3.191250611080053562e-02
3.211029202130113308e-02
3.230829361981753939e-02
3.250651125935797442e-02
3.270494529370139569e-02
3.290359607739964942e-02
3.310246396577953831e-02
3.330154931494496567e-02
3.350085248177907260e-02
3.370037382394632658e-02
3.390011369989470724e-02
3.410007246885782273e-02
3.430025049085708849e-02
3.450064812670385062e-02
3.470126573800159930e-02
3.490210368714811301e-02
3.510316233733764418e-02
3.530444205256311196e-02
3.550594319761831569e-02
3.570766613810010676e-02
3.590961124041061603e-02
3.611177887175949508e-02
3.631416940016608808e-02
3.651678319446170773e-02
3.671962062429186963e-02
3.692268206011853349e-02
3.712596787322235137e-02
3.732947843570495056e-02
3.753321412049117484e-02
3.773717530133140902e-02
3.794136235280379243e-02
3.814577565031658513e-02
3.835041557011043684e-02
3.855528248926069074e-02
3.876037678567970102e-02
3.896569883811916435e-02
3.917124902617244442e-02
3.937702773027693809e-02
3.958303533171635830e-02
3.978927221262314878e-02
3.999573875598084333e-02
4.020243534562640414e-02
4.040936236625260886e-02
4.061652020341047220e-02
4.082390924351159134e-02
4.103152987383058142e-02
4.123938248250746952e-02
4.144746745855011627e-02
4.165578519183666534e-02
4.186433607311793037e-02
4.207312049401989995e-02
4.228213884704613151e-02
4.249139152558024241e-02
4.270087892388835932e-02
4.291060143712162323e-02
4.312055946131865963e-02
4.333075339340804188e-02
4.354118363121085855e-02
4.375185057344314205e-02
4.396275461971845683e-02
4.417389617055039741e-02
4.438527562735510024e-02
4.459689339245383188e-02
4.480874986907551483e-02
4.502084546135930176e-02
4.523318057435712913e-02
4.544575561403631225e-02
4.565857098728211272e-02
4.587162710190038212e-02
4.608492436662006697e-02
4.629846319109595654e-02
4.651224398591118775e-02
4.672626716257995833e-02
4.694053313355010804e-02
4.715504231220581099e-02
4.736979511287020550e-02
4.758479195080808632e-02
4.780003324222855537e-02
4.801551940428772786e-02
4.823125085509141069e-02
4.844722801369783644e-02
4.866345130012034170e-02
4.887992113533010108e-02
4.909663794125886799e-02
4.931360214080171556e-02
4.953081415781974972e-02
4.974827441714296111e-02
4.996598334457288959e-02
5.018394136688545532e-02
5.040214891183375512e-02
5.062060640815083806e-02
5.083931428555252957e-02
5.105827297474022780e-02
5.127748290740375553e-02
5.149694451622419122e-02
5.171665823487670705e-02
5.193662449803340686e-02
5.215684374136626139e-02
5.237731640154989765e-02
5.259804291626455491e-02
5.281902372419891578e-02
5.304025926505308991e-02
5.326174997954146589e-02
5.348349630939567417e-02
5.370549869736748749e-02
5.392775758723182544e-02
5.415027342378964104e-02
5.437304665287095995e-02
5.459607772133778097e-02
5.481936707708712914e-02
5.504291516905403941e-02
5.526672244721453353e-02
5.549078936258866612e-02
5.571511636724355704e-02
5.593970391429643058e-02
5.616455245791763390e-02
5.638966245333374566e-02
5.661503435683062219e-02
5.684066862575647833e-02
5.706656571852500304e-02
5.729272609461841942e-02
5.751915021459068356e-02
5.774583854007049599e-02
5.797279153376451444e-02
5.820000965946051791e-02
5.842749338203050841e-02
5.865524316743391670e-02
5.888325948272076643e-02
5.911154279603487993e-02
5.934009357661709089e-02
5.956891229480843625e-02
5.979799942205335506e-02
6.002735543090303993e-02
6.025698079501853877e-02
6.048687598917412700e-02
6.071704148926052730e-02
6.094747777228820551e-02
6.117818531639066665e-02
6.140916460082776474e-02
6.164041610598900572e-02
6.187194031339689204e-02
6.210373770571028101e-02
6.233580876672769472e-02
6.256815398139073392e-02
6.280077383578741568e-02
6.303366881715559422e-02
6.326683941388633325e-02
6.350028611552735458e-02
6.373400941278643816e-02
6.396800979753484995e-02
6.420228776281083904e-02
6.443684380282306556e-02
6.467167841295407005e-02
6.490679208976379844e-02
6.514218533099302988e-02
6.537785863556695720e-02
6.561381250359872574e-02
6.585004743639288893e-02
6.608656393644901650e-02
6.632336250746526107e-02
6.656044365434191090e-02
6.679780788318498419e-02
6.703545570130980957e-02
6.727338761724471761e-02
6.751160414073457960e-02
6.775010578274447137e-02
6.798889305546335082e-02
6.822796647230773559e-02
6.846732654792529738e-02
6.870697379819867834e-02
6.894690874024909932e-02
6.918713189244012074e-02
6.942764377438136181e-02
6.966844490693227532e-02
6.990953581220588076e-02
7.015091701357252518e-02
7.039258903566371350e-02
7.063455240437586935e-02
7.087680764687416535e-02
7.111935529159633951e-02
7.136219586825660877e-02
7.160532990784938823e-02
7.184875794265328797e-02
7.209248050623492943e-02
7.233649813345285895e-02
7.258081136046148907e-02
7.282542072471498429e-02
7.307032676497120238e-02
7.331553002129569119e-02
7.356103103506564378e-02
7.380683034897381201e-02
7.405292850703264207e-02
7.429932605457816031e-02
7.454602353827406713e-02
7.479302150611576161e-02
7.504032050743442150e-02
7.528792109290101398e-02
7.553582381453048666e-02
7.578402922568575062e-02
7.603253788108188527e-02
7.628135033679026011e-02
7.653046715024260094e-02
7.677988888023527803e-02
7.702961608693340012e-02
7.727964933187503327e-02
7.752998917797537803e-02
7.778063618953105773e-02
7.803159093222432341e-02
7.828285397312728655e-02
7.853442588070622121e-02
7.878630722482583837e-02
7.903849857675360191e-02
7.929100050916403075e-02
7.954381359614307034e-02
7.979693841319233927e-02
8.005037553723366728e-02
8.030412554661331415e-02
8.055818902110646607e-02
8.081256654192160715e-02
8.106725869170500198e-02
8.132226605454502544e-02
8.157758921597681179e-02
8.183322876298658455e-02
8.208918528401620840e-02
8.234545936896771334e-02
8.260205160920777723e-02
8.285896259757238869e-02
8.311619292837124640e-02
8.337374319739249140e-02
8.363161400190723127e-02
8.388980594067416141e-02
8.414831961394424187e-02
8.440715562346526313e-02
8.466631457248663395e-02
8.492579706576396104e-02
8.518560370956385075e-02
8.544573511166843327e-02
8.570619188138042799e-02
8.596697462952758440e-02
8.622808396846767809e-02
8.648952051209315983e-02
8.675128487583602666e-02
8.701337767667267908e-02
8.727579953312872285e-02
8.753855106528382612e-02
8.780163289477664612e-02
8.806504564480970021e-02
8.832878994015432028e-02
8.859286640715556549e-02
8.885727567373712110e-02
8.912201836940646105e-02
8.938709512525958023e-02
8.965250657398625422e-02
8.991825334987493812e-02
9.018433608881783192e-02
9.045075542831600146e-02
9.071751200748442989e-02
9.098460646705711086e-02
9.125203944939225265e-02
9.151981159847735747e-02
9.178792355993437013e-02
9.205637598102499319e-02
9.232516951065575239e-02
9.259430479938331182e-02
9.286378249941969198e-02
9.313360326463751560e-02
9.340376775057539216e-02
9.367427661444305276e-02
9.394513051512687341e-02
9.421633011319510698e-02
9.448787607090328167e-02
9.475976905219955782e-02
9.503200972273026514e-02
9.530459874984512081e-02
9.557753680260289153e-02
9.585082455177675043e-02
9.612446266985980037e-02
9.639845183107061122e-02
9.667279271135871543e-02
9.694748598841018694e-02
9.722253234165324776e-02
9.749793245226384686e-02
9.777368700317122518e-02
9.804979667906367491e-02
9.832626216639410444e-02
9.860308415338586707e-02
9.888026333003822888e-02
9.915780038813237773e-02
9.943569602123697448e-02
9.971395092471405097e-02
9.999256579572472770e-02
1.002715413332350980e-01
1.005508782380220290e-01
1.008305772126790734e-01
1.011106389616223261e-01
1.013910641910962945e-01
1.016718536091800046e-01
1.019530079257927324e-01
1.022345278527001383e-01
1.025164141035202342e-01
1.027986673937294204e-01
1.030812884406685226e-01
1.033642779635488840e-01
1.036476366834584301e-01
1.039313653233678580e-01
1.042154646081367569e-01
1.044999352645196999e-01
1.047847780211726421e-01
1.050699936086588737e-01
1.053555827594555017e-01
1.056415462079595968e-01
1.059278846904945087e-01
1.062145989453162354e-01
1.065016897126196543e-01
1.067891577345450316e-01
1.070770037551842940e-01
1.073652285205875800e-01
1.076538327787695259e-01
1.079428172797158858e-01
1.082321827753899013e-01
1.085219300197389908e-01
1.088120597687010499e-01
1.091025727802112794e-01
1.093934698142086381e-01
1.096847516326425048e-01
1.099764189994793251e-01
1.102684726807093007e-01
1.105609134443531205e-01
1.108537420604686075e-01
1.111469593011575885e-01
1.114405659405725418e-01
1.117345627549236331e-01
1.120289505224852517e-01
1.123237300236032271e-01
1.126189020407013519e-01
1.129144673582886255e-01
1.132104267629660127e-01
1.135067810434334939e-01
1.138035309904970871e-01
1.141006773970757449e-01
1.143982210582086961e-01
1.146961627710621906e-01
1.149945033349369372e-01
1.152932435512750015e-01
1.155923842236671606e-01
1.158919261578599536e-01
1.161918701617630778e-01
1.164922170454565364e-01
1.167929676211979656e-01
1.170941227034299620e-01
1.173956831087874519e-01
1.176976496561050328e-01
1.180000231664243421e-01
1.183028044630017178e-01
1.186059943713153320e-01
1.189095937190730173e-01
1.192136033362195396e-01
1.195180240549443690e-01
1.198228567096891184e-01
1.201281021371552599e-01
1.204337611763117294e-01
1.207398346684026569e-01
1.210463234569550406e-01
1.213532283877864909e-01
1.216605503090131130e-01
1.219682900710571533e-01
1.222764485266550349e-01
1.225850265308650044e-01
1.228940249410752500e-01
1.232034446170117703e-01
1.235132864207462849e-01
1.238235512167043390e-01
1.241342398716732548e-01
1.244453532548102925e-01
1.247568922376506434e-01
1.250688576941157149e-01
1.253812505005211242e-01
1.256940715355850946e-01
1.260073216804364904e-01
1.263210018186233519e-01
1.266351128361208889e-01
1.269496556213400851e-01
1.272646310651359136e-01
1.275800400608158303e-01
1.278958835041482112e-01
1.282121622933707628e-01
1.285288773291991815e-01
1.288460295148354529e-01
1.291636197559767885e-01
1.294816489608238697e-01
1.298001180400898957e-01
1.301190279070088551e-01
1.304383794773445737e-01
1.307581736693994301e-01
1.310784114040229875e-01
1.313990936046210700e-01
1.317202211971643944e-01
1.320417951101977572e-01
1.323638162748486113e-01
1.326862856248365585e-01
1.330092040964818145e-01
1.333325726287147850e-01
1.336563921630847251e-01
1.339806636437692322e-01
1.343053880175831549e-01
1.346305662339880582e-01
1.349561992451011883e-01
1.352822880057050481e-01
1.356088334732565293e-01
1.359358366078963487e-01
1.362632983724585689e-01
1.365912197324797572e-01
1.369196016562088947e-01
1.372484451146164797e-01
1.375777510814044091e-01
1.379075205330153875e-01
1.382377544486426968e-01
1.385684538102399110e-01
1.388996196025304719e-01
1.392312528130176530e-01
1.395633544319942188e-01
1.398959254525524165e-01
1.402289668705936354e-01
1.405624796848388147e-01
1.408964648968378253e-01
1.412309235109800443e-01
1.415658565345039865e-01
1.419012649775077406e-01
1.422371498529589329e-01
1.425735121767050251e-01
1.429103529674834727e-01
1.432476732469320779e-01
1.435854740395992868e-01
1.439237563729544866e-01
1.442625212773986920e-01
1.446017697862746199e-01
1.449415029358775697e-01
1.452817217654656101e-01
1.456224273172705141e-01
1.459636206365081956e-01
1.463053027713895060e-01
1.466474747731308648e-01
1.469901376959650841e-01
1.473332925971523044e-01
1.476769405369905974e-01
1.480210825788272622e-01
1.483657197890694279e-01
1.487108532371953229e-01
1.490564839957651821e-01
1.494026131404325164e-01
1.497492417499550477e-01
1.500963709062061169e-01
1.504440016941858971e-01
1.507921352020326067e-01
1.511407725210339170e-01
1.514899147456384154e-01
1.518395629734670127e-01
1.521897183053243230e-01
1.525403818452105154e-01
1.528915547003324715e-01
1.532432379811160261e-01
1.535954328012170411e-01
1.539481402775336460e-01
1.543013615302177843e-01
1.546550976826871759e-01
1.550093498616371968e-01
1.553641191970528412e-01
1.557194068222207961e-01
1.560752138737412364e-01
1.564315414915404823e-01
1.567883908188825726e-01
1.571457630023819774e-01
1.575036591920155327e-01
1.578620805411349859e-01
1.582210282064792917e-01
1.585805033481870463e-01
1.589405071298090888e-01
1.593010407183209354e-01
1.596621052841354915e-01
1.600237020011155142e-01
1.603858320465867127e-01
1.607484966013500438e-01
1.611116968496950907e-01
1.614754339794123583e-01
1.618397091818067624e-01
1.622045236517102584e-01
1.625698785874950536e-01
1.629357751910868179e-01
1.633022146679776743e-01
1.636691982272395762e-01
1.640367270815375200e-01
1.644048024471430058e-01
1.647734255439472217e-01
1.651425975954749770e-01
1.655123198288976638e-01
1.658825934750473297e-01
1.662534197684300552e-01
1.666247999472397767e-01
1.669967352533721083e-01
1.673692269324380533e-01
1.677422762337780482e-01
1.681158844104758410e-01
1.684900527193726183e-01
1.688647824210809112e-01
1.692400747799990002e-01
1.696159310643248763e-01
1.699923525460708684e-01
1.703693405010775208e-01
1.707468962090284703e-01
1.711250209534646571e-01
1.715037160217989520e-01
1.718829827053307280e-01
1.722628222992605707e-01
1.726432361027050721e-01
1.730242254187114859e-01
1.734057915542728534e-01
1.737879358203425484e-01
1.741706595318499029e-01
1.745539640077145294e-01
1.749378505708622522e-01
1.753223205482396518e-01
1.757073752708297742e-01
1.760930160736673966e-01
1.764792442958543484e-01
1.768660612805751098e-01
1.772534683751123830e-01
1.776414669308627181e-01
1.780300583033521122e-01
1.784192438522520796e-01
1.788090249413951949e-01
1.791994029387912191e-01
1.795903792166430035e-01
1.799819551513626714e-01
1.803741321235876605e-01
1.807669115181970154e-01
1.811602947243276807e-01
1.815542831353908482e-01
1.819488781490884721e-01
1.823440811674296447e-01
1.827398935967474991e-01
1.831363168477154746e-01
1.835333523353645246e-01
1.839310014790995762e-01
1.843292657027166825e-01
1.847281464344198432e-01
1.851276451068383233e-01
1.855277631570434460e-01
1.859285020265662169e-01
1.863298631614143386e-01
1.867318480120896962e-01
1.871344580336059549e-01
1.875376946855058513e-01
1.879415594318791516e-01
1.883460537413800262e-01
1.887511790872452577e-01
1.891569369473116435e-01
1.895633288040343700e-01
1.899703561445049149e-01
1.903780204604691439e-01
1.907863232483456295e-01
1.911952660092438860e-01
1.916048502489827443e-01
1.920150774781089198e-01
1.924259492119156367e-01
1.928374669704609745e-01
1.932496322785870746e-01
1.936624466659385424e-01
1.940759116669816819e-01
1.944900288210233141e-01
1.949047996722299281e-01
1.953202257696470268e-01
1.957363086672181118e-01
1.961530499238043901e-01
1.965704511032038693e-01
1.969885137741714254e-01
1.974072395104378153e-01
1.978266298907301046e-01
1.982466864987908750e-01
1.986674109233986518e-01
1.990888047583876663e-01
1.995108696026680617e-01
1.999336070602461268e-01
2.003570187402445579e-01
2.007811062569229976e-01
2.012058712296982965e-01
2.016313152831655520e-01
2.020574400471182586e-01
2.024842471565698188e-01
2.029117382517735546e-01
2.033399149782448012e-01
2.037687789867809185e-01
2.041983319334834124e-01
2.046285754797786405e-01
2.050595112924396002e-01
2.054911410436072727e-01
2.059234664108122725e-01
2.063564890769966353e-01
2.067902107305355786e-01
2.072246330652596225e-01
2.076597577804762951e-01
2.080955865809927530e-01
2.085321211771374861e-01
2.089693632847833271e-01
2.094073146253693229e-01
2.098459769259238550e-01
2.102853519190868714e-01
2.107254413431331463e-01
2.111662469419947896e-01
2.116077704652844782e-01
2.120500136683187986e-01
2.124929783121410620e-01
2.129366661635450908e-01
2.133810789950985054e-01
2.138262185851662334e-01
2.142720867179346567e-01
2.147186851834348431e-01
2.151660157775669713e-01
2.156140803021243113e-01
2.160628805648172057e-01
2.165124183792975499e-01
2.169626955651833278e-01
2.174137139480828707e-01
2.178654753596198645e-01
2.183179816374578031e-01
2.187712346253251339e-01
2.192252361730403776e-01
2.196799881365369134e-01
2.201354923778887362e-01
2.205917507653354648e-01
2.210487651733082926e-01
2.215065374824551070e-01
2.219650695796669682e-01
2.224243633581033663e-01
2.228844207172188396e-01
2.233452435627887034e-01
2.238068338069357510e-01
2.242691933681563721e-01
2.247323241713473085e-01
2.251962281478324113e-01
2.256609072353893131e-01
2.261263633782766014e-01
2.265925985272607412e-01
2.270596146396435810e-01
2.275274136792893032e-01
2.279959976166527069e-01
2.284653684288058262e-01
2.289355280994668784e-01
2.294064786190272709e-01
2.298782219845801056e-01
2.303507601999486010e-01
2.308240952757139586e-01
2.312982292292443676e-01
2.317731640847232599e-01
2.322489018731785371e-01
2.327254446325109360e-01
2.332027944075239501e-01
2.336809532499521114e-01
2.341599232184914114e-01
2.346397063788277781e-01
2.351203048036677457e-01
2.356017205727675978e-01
2.360839557729638438e-01
2.365670124982029998e-01
2.370508928495721201e-01
2.375355989353293285e-01
2.380211328709339602e-01
2.385074967790782319e-01
2.389946927897170781e-01
2.394827230401002649e-01
2.399715896748027544e-01
2.404612948457570398e-01
2.409518407122836492e-01
2.414432294411239521e-01
2.419354632064712185e-01
2.424285441900033145e-01
2.429224745809143993e-01
2.434172565759477880e-01
2.439128923794282033e-01
2.444093842032944719e-01
2.449067342671329972e-01
2.454049447982098453e-01
2.459040180315051616e-01
2.464039562097454228e-01
2.469047615834380205e-01
2.474064364109043457e-01
2.479089829583141780e-01
2.484124034997194641e-01
2.489167003170889292e-01
2.494218757003423270e-01
2.499279319473851624e-01
2.504348713641436075e-01
2.509426962645994186e-01
2.514514089708253519e-01
2.519610118130201082e-01
2.524715071295444702e-01
2.529828972669566634e-01
2.534951845800485493e-01
2.540083714318815966e-01
2.545224601938233522e-01
2.550374532455838006e-01
2.555533529752522237e-01
2.560701617793342266e-01
2.565878820627884305e-01
2.571065162390643866e-01
2.576260667301392693e-01
2.581465359665565673e-01
2.586679263874631096e-01
2.591902404406475346e-01
2.597134805825788151e-01
2.602376492784442830e-01
2.607627490021887096e-01
2.612887822365531632e-01
2.618157514731139779e-01
2.623436592123222222e-01
2.628725079635433892e-01
2.634023002450967543e-01
2.639330385842957871e-01
2.644647255174880085e-01
2.649973635900955693e-01
2.655309553566559400e-01
2.660655033808623782e-01
2.666010102356055622e-01
2.671374785030143362e-01
2.676749107744976208e-01
2.682133096507856584e-01
2.687526777419724788e-01
2.692930176675578657e-01
2.698343320564896564e-01
2.703766235472065405e-01
2.709198947876807484e-01
2.714641484354615164e-01
2.720093871577178302e-01
2.725556136312826117e-01
2.731028305426960734e-01
2.736510405882501273e-01
2.742002464740320722e-01
2.747504509159701680e-01
2.753016566398771015e-01
2.758538663814961711e-01
2.764070828865455853e-01
2.769613089107649251e-01
2.775165472199599970e-01
2.780728005900492961e-01
2.786300718071104687e-01
2.791883636674262759e-01
2.797476789775319439e-01
2.803080205542615722e-01
2.808693912247960944e-01
2.814317938267101860e-01
2.819952312080207246e-01
2.825597062272340865e-01
2.831252217533954951e-01
2.836917806661364283e-01
2.842593858557245778e-01
2.848280402231123110e-01
2.853977466799863527e-01
2.859685081488176905e-01
2.865403275629108681e-01
2.871132078664552223e-01
2.876871520145742323e-01
2.882621629733775892e-01
2.888382437200111563e-01
2.894153972427093713e-01
2.899936265408458724e-01
2.905729346249864564e-01
2.911533245169404260e-01
2.917347992498140474e-01
2.923173618680625085e-01
2.929010154275436539e-01
2.934857629955711644e-01
2.940716076509682919e-01
2.946585524841221493e-01
2.952466005970373897e-01
2.958357551033919397e-01
2.964260191285907342e-01
2.970173958098220601e-01
2.976098882961122349e-01
2.982034997483822281e-01
2.987982333395033385e-01
2.993940922543542049e-01
2.999910796898770382e-01
3.005891988551355198e-01
3.011884529713717007e-01
3.017888452720641213e-01
3.023903790029860983e-01
3.029930574222636230e-01
3.035968838004352022e-01
3.042018614205097560e-01
3.048079935780272365e-01
3.054152835811178024e-01
3.060237347505622707e-01
3.066333504198525128e-01
3.072441339352525724e-01
3.078560886558595611e-01
3.084692179536653311e-01
3.090835252136187594e-01
3.096990138336873644e-01
3.103156872249207554e-01
3.109335488115130275e-01
3.115526020308662103e-01
3.121728503336544946e-01
3.127942971838877928e-01
3.134169460589764644e-01
3.140408004497962091e-01
3.146658638607531810e-01
3.152921398098497141e-01
3.159196318287503802e-01
3.165483434628480475e-01
3.171782782713311599e-01
3.178094398272504062e-01
3.184418317175867763e-01
3.190754575433188411e-01
3.197103209194918083e-01
3.203464254752858564e-01
3.209837748540853020e-01
3.216223727135484878e-01
3.222622227256772831e-01
3.229033285768877493e-01
3.235456939680809163e-01
3.241893226147140594e-01
3.248342182468719752e-01
3.254803846093397013e-01
3.261278254616741812e-01
3.267765445782777611e-01
3.274265457484715203e-01
3.280778327765686564e-01
3.287304094819492595e-01
3.293842796991343080e-01
3.300394472778614974e-01
3.306959160831599576e-01
3.313536899954274140e-01
3.320127729105051828e-01
3.326731687397564974e-01
3.333348814101429469e-01
3.339979148643025253e-01
3.346622730606282903e-01
3.353279599733466898e-01
3.359949795925971094e-01
3.366633359245113088e-01
3.373330329912939685e-01
3.380040748313030696e-01
3.386764654991313295e-01
3.393502090656876358e-01
3.400253096182792589e-01
3.407017712606946191e-01
3.413795981132864421e-01
3.420587943130551922e-01
3.427393640137335051e-01
3.434213113858707311e-01
3.441046406169179783e-01
3.447893559113142659e-01
3.454754614905721777e-01
3.461629615933652371e-01
3.468518604756147261e-01
3.475421624105774487e-01
3.482338716889346042e-01
3.489269926188802717e-01
3.496215295262108391e-01
3.503174867544153748e-01
3.510148686647655558e-01
3.517136796364075946e-01
3.524139240664528883e-01
3.531156063700712222e-01
3.538187309805829184e-01
3.545233023495524272e-01
3.552293249468824188e-01
3.559368032609078192e-01
3.566457417984916223e-01
3.573561450851199806e-01
3.580680176649989610e-01
3.587813641011508570e-01
3.594961889755124984e-01
3.602124968890324519e-01
3.609302924617706632e-01
3.616495803329967673e-01
3.623703651612910637e-01
3.630926516246442137e-01
3.638164444205592707e-01
3.645417482661525432e-01
3.652685678982569573e-01
3.659969080735248070e-01
3.667267735685313945e-01
3.674581691798797789e-01
3.681910997243054151e-01
3.689255700387824577e-01
3.696615849806295095e-01
3.703991494276173135e-01
3.711382682780761111e-01
3.718789464510043330e-01
3.726211888861772903e-01
3.733650005442575859e-01
3.741103864069052487e-01
3.748573514768890336e-01
3.756059007781983317e-01
3.763560393561558581e-01
3.771077722775309504e-01
3.778611046306536436e-01
3.786160415255295231e-01
3.793725880939551875e-01
3.801307494896347672e-01
3.808905308882966079e-01
3.816519374878111770e-01
3.824149745083096352e-01
3.831796471923033520e-01
3.839459608048034212e-01
3.847139206334421191e-01
3.854835319885939193e-01
3.862548002034985606e-01
3.870277306343835599e-01
3.878023286605887243e-01
3.885785996846906620e-01
3.893565491326285155e-01
3.901361824538303047e-01
3.909175051213401586e-01
3.917005226319466016e-01
3.924852405063111171e-01
3.932716642890982106e-01
3.940597995491056937e-01
3.948496518793964127e-01
3.956412268974304203e-01
3.964345302451981468e-01
3.972295675893544042e-01
3.980263446213534451e-01
3.988248670575847976e-01
3.996251406395096017e-01
4.004271711337986095e-01
4.012309643324706854e-01
4.020365260530320284e-01
4.028438621386166152e-01
4.036529784581275315e-01
4.044638809063790807e-01
4.052765754042400581e-01
4.060910678987776912e-01
4.069073643634029125e-01
4.077254707980161874e-01
4.085453932291548407e-01
4.093671377101402720e-01
4.101907103212281136e-01
4.110161171697570559e-01
4.118433643903006147e-01
4.126724581448185103e-01
4.135034046228102667e-01
4.143362100414686999e-01
4.151708806458351275e-01
4.160074227089557986e-01
4.168458425320385463e-01
4.176861464446115502e-01
4.185283408046817089e-01
4.193724319988961780e-01
4.202184264427030191e-01
4.210663305805140144e-01
4.219161508858679799e-01
4.227678938615961335e-01
4.236215660399872407e-01
4.244771739829552581e-01
4.253347242822069219e-01
4.261942235594115003e-01
4.270556784663707695e-01
4.279190956851910976e-01
4.287844819284556408e-01
4.296518439393988142e-01
4.305211884920813192e-01
4.313925223915662799e-01
4.322658524740970454e-01
4.331411856072757693e-01
4.340185286902437656e-01
4.348978886538621413e-01
4.357792724608951507e-01
4.366626871061931037e-01
4.375481396168782733e-01
4.384356370525303581e-01
4.393251865053747207e-01
4.402167951004709590e-01
4.411104699959034758e-01
4.420062183829727154e-01
4.429040474863882304e-01
4.438039645644628606e-01
4.447059769093082982e-01
4.456100918470322081e-01
4.465163167379362918e-01
4.474246589767163496e-01
4.483351259926632304e-01
4.492477252498651707e-01
4.501624642474122417e-01
4.510793505196014630e-01
4.519983916361435816e-01
4.529195952023717942e-01
4.538429688594509126e-01
4.547685202845891395e-01
4.556962571912507864e-01
4.566261873293701590e-01
4.575583184855679941e-01
4.584926584833681762e-01
4.594292151834171167e-01
4.603679964837035787e-01
4.613090103197814429e-01
4.622522646649928069e-01
4.631977675306934161e-01
4.641455269664791494e-01
4.650955510604150023e-01
4.660478479392644591e-01
4.670024257687220848e-01
4.679592927536458946e-01
4.689184571382934985e-01
4.698799272065580790e-01
4.708437112822072002e-01
4.718098177291228379e-01
4.727782549515436861e-01
4.737490313943086284e-01
4.747221555431019313e-01
4.756976359247011010e-01
4.766754811072252962e-01
4.776556997003867377e-01
4.786383003557429516e-01
4.796232917669516205e-01
4.806106826700268231e-01
4.816004818435974943e-01
4.825926981091668844e-01
4.835873403313759034e-01
4.845844174182659669e-01
4.855839383215453942e-01
4.865859120368575264e-01
4.875903476040499007e-01
4.885972541074470321e-01
4.896066406761234169e-01
4.906185164841800339e-01
4.916328907510219559e-01
4.926497727416385142e-01
4.936691717668854618e-01
4.946910971837685800e-01
4.957155583957307821e-01
4.967425648529401605e-01
4.977721260525803104e-01
4.988042515391437060e-01
4.998389509047259649e-01
5.008762337893233330e-01
5.019161098811322219e-01
5.029585889168505242e-01
5.040036806819816473e-01
5.050513950111406025e-01
5.061017417883630909e-01
5.071547309474148113e-01
5.082103724721065419e-01
5.092686763966082220e-01
5.103296528057679193e-01
5.113933118354310192e-01
5.124596636727641874e-01
5.135287185565797774e-01
5.146004867776641234e-01
5.156749786791068324e-01
5.167522046566346283e-01
5.178321751589461952e-01
5.189149006880491299e-01
5.200003917996020020e-01
5.210886591032558579e-01
5.221797132630011662e-01
5.232735649975149839e-01
5.243702250805127862e-01
5.254697043411018509e-01
5.265720136641377502e-01
5.276771639905835087e-01
5.287851663178717576e-01
5.298960317002692211e-01
5.310097712492448663e-01
5.321263961338394965e-01
5.332459175810400076e-01
5.343683468761554201e-01
5.354936953631955765e-01
5.366219744452542795e-01
5.377531955848930956e-01
5.388873703045310437e-01
5.400245101868347275e-01
5.411646268751130195e-01
5.423077320737145213e-01
5.434538375484279094e-01
5.446029551268855018e-01
5.457550966989705987e-01
5.469102742172271547e-01
5.480684996972733369e-01
5.492297852182178586e-01
5.503941429230804205e-01
5.515615850192140401e-01
5.527321237787324870e-01
5.539057715389403835e-01
5.550825407027658587e-01
5.562624437391979759e-01
5.574454931837274918e-01
5.586317016387896128e-01
5.598210817742127476e-01
5.610136463276692576e-01
5.622094081051296488e-01
5.634083799813215387e-01
5.646105749001912866e-01
5.658160058753702870e-01
5.670246859906440395e-01
5.682366284004259915e-01
5.694518463302343791e-01
5.706703530771735089e-01
5.718921620104189252e-01
5.731172865717054643e-01
5.743457402758216368e-01
5.755775367111054530e-01
5.768126895399459109e-01
5.780512124992879253e-01
5.792931194011419205e-01
5.805384241330966422e-01
5.817871406588375205e-01
5.830392830186682529e-01
5.842948653300370498e-01
5.855539017880672104e-01
5.868164066660918055e-01
5.880823943161938017e-01
5.893518791697489601e-01
5.906248757379751746e-01
5.919013986124844751e-01
5.931814624658413582e-01
5.944650820521241164e-01
5.957522722074926058e-01
5.970430478507590122e-01
5.983374239839648334e-01
5.996354156929616375e-01
6.009370381479978152e-01
6.022423066043084416e-01
6.035512364027124654e-01
6.048638429702131170e-01
6.061801418206042014e-01
6.075001485550807212e-01
6.088238788628563825e-01
6.101513485217838761e-01
6.114825733989825984e-01
6.128175694514710337e-01
6.141563527268032452e-01
6.154989393637131379e-01
6.168453455927623841e-01
6.181955877369940122e-01
6.195496822125927672e-01
6.209076455295504671e-01
6.222694942923363559e-01
6.236352452005743396e-01
6.250049150497254402e-01
6.263785207317765780e-01
6.277560792359341280e-01
6.291376076493256919e-01
6.305231231577054229e-01
6.319126430461672328e-01
6.333061846998633282e-01
6.347037656047294085e-01
6.361054033482164138e-01
6.375111156200273799e-01
6.389209202128627307e-01
6.403348350231696795e-01
6.417528780519010656e-01
6.431750674052777450e-01
6.446014212955604172e-01
6.460319580418263374e-01
6.474666960707537999e-01
6.489056539174136162e-01
6.503488502260663662e-01
6.517963037509688640e-01
6.532480333571856201e-01
6.547040580214089633e-01
6.561643968327854903e-01
6.576290689937507317e-01
6.590980938208703677e-01
6.605714907456898821e-01
6.620492793155906552e-01
6.635314791946553825e-01
6.650181101645395998e-01
6.665091921253515350e-01
6.680047450965406197e-01
6.695047892177934390e-01
6.710093447499371200e-01
6.725184320758523793e-01
6.740320717013933427e-01
6.755502842563164689e-01
6.770730904952183549e-01
6.786005112984804244e-01
6.801325676732243863e-01
6.816692807542745758e-01
6.832106718051302874e-01
6.847567622189456582e-01
6.863075735195208749e-01
6.878631273622995979e-01
6.894234455353778213e-01
6.909885499605207260e-01
6.925584626941894140e-01
6.941332059285769684e-01
6.957128019926546170e-01
6.972972733532262213e-01
6.988866426159944245e-01
7.004809325266350140e-01
7.020801659718823862e-01
7.036843659806241158e-01
7.052935557250072929e-01
7.069077585215537418e-01
7.085269978322858986e-01
7.101512972658641232e-01
7.117806805787336710e-01
7.134151716762830997e-01
7.150547946140131117e-01
7.166995735987172766e-01
7.183495329896723014e-01
7.200046972998420669e-01
7.216650911970894366e-01
7.233307395054041633e-01
7.250016672061382339e-01
7.266778994392555369e-01
7.283594615045927423e-01
7.300463788631315065e-01
7.317386771382844435e-01
7.334363821171918651e-01
7.351395197520318447e-01
7.368481161613424923e-01
7.385621976313571091e-01
7.402817906173527751e-01
7.420069217450100396e-01
7.437376178117887093e-01
7.454739057883146280e-01
7.472158128197807780e-01
7.489633662273619263e-01
7.507165935096430376e-01
7.524755223440615648e-01
7.542401805883642840e-01
7.560105962820774517e-01
7.577867976479922829e-01
7.595688130936645299e-01
7.613566712129294922e-01
7.631504007874297946e-01
7.649500307881620387e-01
7.667555903770351122e-01
7.685671089084457064e-01
7.703846159308691544e-01
7.722081411884663682e-01
7.740377146227055416e-01
7.758733663740020603e-01
7.777151267833727344e-01
7.795630263941079052e-01
7.814170959534603167e-01
7.832773664143486414e-01
7.851438689370825452e-01
7.870166348911007415e-01
7.888956958567291400e-01
7.907810836269555388e-01
7.926728302092233003e-01
7.945709678272419030e-01
7.964755289228172552e-01
7.983865461576995504e-01
8.003040524154508839e-01
8.022280808033304123e-01
8.041586646542014938e-01
8.060958375284539290e-01
8.080396332159518469e-01
8.099900857379959129e-01
8.119472293493094073e-01
8.139110985400432874e-01
8.158817280378020120e-01
8.178591528096909036e-01
8.198434080643842714e-01
8.218345292542150737e-01
8.238325520772860067e-01
8.258375124796039080e-01
8.278494466572344779e-01
8.298683910584800927e-01
8.318943823860825981e-01
8.339274575994460870e-01
8.359676539168842124e-01
8.380150088178924817e-01
8.400695600454419765e-01
8.421313456082997195e-01
8.442004037833722441e-01
8.462767731180739217e-01
8.483604924327214913e-01
8.504516008229531243e-01
8.525501376621729133e-01
8.546561426040233389e-01
8.567696555848821616e-01
8.588907168263869574e-01
8.610193668379865217e-01
8.631556464195201395e-01
8.652995966638241665e-01
8.674512589593664780e-01
8.696106749929110036e-01
8.717778867522082420e-01
8.739529365287181939e-01
8.761358669203607175e-01
8.783267208342956378e-01
8.805255414897358301e-01
8.827323724207877254e-01
8.849472574793252333e-01
8.871702408378939753e-01
8.894013669926479349e-01
8.916406807663184164e-01
8.938882273112157550e-01
8.961440521122635561e-01
8.984082009900681287e-01
9.006807201040196720e-01
9.029616559554308752e-01
9.052510553907058277e-01
9.075489656045505615e-01
9.098554341432141257e-01
9.121705089077681849e-01
9.144942381574234780e-01
9.168266705128825800e-01
9.191678549597319670e-01
9.215178408518700515e-01
9.238766779149767405e-01
9.262444162500196310e-01
9.286211063368022822e-01
9.310067990375495706e-01
9.334015456005388955e-01
9.358053976637675797e-01
9.382184072586657875e-01
9.406406268138497451e-01
9.430721091589198135e-01
9.455129075283005280e-01
9.479630755651259344e-01
9.504226673251701119e-01
9.528917372808212161e-01
9.553703403251042614e-01
9.578585317757484230e-01
9.603563673793018562e-01
9.628639033152961435e-01
9.653811962004578140e-01
9.679083030929689357e-01
9.704452814967789998e-01
9.729921893659659871e-01
9.755490851091498383e-01
9.781160275939571047e-01
9.806930761515392225e-01
9.832802905811435235e-01
9.858777311547385347e-01
9.884854586216941241e-01
9.911035342135183779e-01
9.937320196486502111e-01
9.963709771373083779e-01
9.990204693864004337e-01
1.001680559604488652e+00
1.004351311506817890e+00
1.007032789320401411e+00
1.009725057789170544e+00
1.012428182179184510e+00
1.015142228283905546e+00
1.017867262429536845e+00
1.020603351480424026e+00
1.023350562844526079e+00
1.026108964478950281e+00
1.028878624895555705e+00
1.031659613166626244e+00
1.034451998930610461e+00
1.037255852397937828e+00
1.040071244356900015e+00
1.042898246179610799e+00
1.045736929828035233e+00
1.048587367860096764e+00
1.051449633435860509e+00
1.054323800323789140e+00
1.057209942907084033e+00
1.060108136190100359e+00
1.063018455804844775e+00
1.065940978017555052e+00
1.068875779735360299e+00
1.071822938513029788e+00
1.074782532559803938e+00
1.077754640746310333e+00
1.080739342611573228e+00
1.083736718370107210e+00
1.086746848919103003e+00
1.089769815845706091e+00
1.092805701434388599e+00
1.095854588674414654e+00
1.098916561267402336e+00
1.101991703634983333e+00
1.105080100926562503e+00
1.108181839027176485e+00
1.111297004565455770e+00
1.114425684921688253e+00
1.117567968235991360e+00
1.120723943416588542e+00
1.123893700148191899e+00
1.127077328900502495e+00
1.130274920936814365e+00
1.133486568322736865e+00
1.136712363935028725e+00
1.139952401470553545e+00
1.143206775455350543e+00
1.146475581253827869e+00
1.149758915078075816e+00
1.153056873997309273e+00
1.156369555947432071e+00
1.159697059740733005e+00
1.163039485075707313e+00
1.166396932547018261e+00
1.169769503655587961e+00
1.173157300818823412e+00
1.176560427380987539e+00
1.179978987623705677e+00
1.183413086776618384e+00
1.186862831028177245e+00
1.190328327536592568e+00
1.193809684440927610e+00
1.197307010872347366e+00
1.200820416965519888e+00
1.204350013870181924e+00
1.207895913762855988e+00
1.211458229858737301e+00
1.215037076423740814e+00
1.218632568786720993e+00
1.222244823351859910e+00
1.225873957611228082e+00
1.229520090157525392e+00
1.233183340696997865e+00
1.236863830062538749e+00
1.240561680226974106e+00
1.244277014316536034e+00
1.248009956624531958e+00
1.251760632625202652e+00
1.255529168987780997e+00
1.259315693590753682e+00
1.263120335536324301e+00
1.266943225165087172e+00
1.270784494070911430e+00
1.274644275116040726e+00
1.278522702446412307e+00
1.282419911507197918e+00
1.286336039058569192e+00
1.290271223191698846e+00
1.294225603344990372e+00
1.298199320320547301e+00
1.302192516300886282e+00
1.306205334865895074e+00
1.310237921010042328e+00
1.314290421159839184e+00
1.318362983191565974e+00
1.322455756449256503e+00
1.326568891762955893e+00
1.330702541467247535e+00
1.334856859420060049e+00
1.339032001021759122e+00
1.343228123234521565e+00
1.347445384602008467e+00
1.351683945269331000e+00
1.355943967003323980e+00
1.360225613213123630e+00
1.364529048971064640e+00
1.368854441033893199e+00
1.373201957864306877e+00
1.377571769652824907e+00
1.381964048339999529e+00
1.386378967638962623e+00
1.390816703058334269e+00
1.395277431925474376e+00
1.399761333410106223e+00
1.404268588548303720e+00
1.408799380266857471e+00
1.413353893408021422e+00
1.417932314754650758e+00
1.422534833055736136e+00
1.427161639052341613e+00
1.431812925503956446e+00
1.436488887215260801e+00
1.441189721063327545e+00
1.445915626025250367e+00
1.450666803206220878e+00
1.455443455868054681e+00
1.460245789458177956e+00
1.465074011639083462e+00
1.469928332318264141e+00
1.474808963678632567e+00
1.479716120209438213e+00
1.484650018737686761e+00
1.489610878460079446e+00
1.494598920975471090e+00
1.499614370317869927e+00
1.504657452989978994e+00
1.509728397997293303e+00
1.514827436882764555e+00
1.519954803762043616e+00
1.525110735359313185e+00
1.530295471043718436e+00
1.535509252866411822e+00
1.540752325598221395e+00
1.546024936767956381e+00
1.551327336701363357e+00
1.556659778560737895e+00
1.562022518385222103e+00
1.567415815131783186e+00
1.572839930716896539e+00
1.578295130058944062e+00
1.583781681121348317e+00
1.589299854956446545e+00
1.594849925750129627e+00
1.600432170867253756e+00
1.606046870897849699e+00
1.611694309704135186e+00
1.617374774468351539e+00
1.623088555741448502e+00
1.628835947492622616e+00
1.634617247159732889e+00
1.640432755700613310e+00
1.646282777645296846e+00
1.652167621149174925e+00
1.658087598047106370e+00
1.664043023908498009e+00
1.670034218093381595e+00
1.676061503809499476e+00
1.682125208170428987e+00
1.688225662254756898e+00
1.694363201166344979e+00
1.700538164095686700e+00
1.706750894382394579e+00
1.713001739578836835e+00
1.719291051514949320e+00
1.725619186364247826e+00
1.731986504711065411e+00
1.738393371619042949e+00
1.744840156700901979e+00
1.751327234189523185e+00
1.757854983010362249e+00
1.764423786855230381e+00
1.771034034257479517e+00
1.777686118668603932e+00
1.784380438536306679e+00
1.791117397384058396e+00
1.797897403892179113e+00
1.804720871980480368e+00
1.811588220892500267e+00
1.818499875281372136e+00
1.825456265297356273e+00
1.832457826677082124e+00
1.839505000834524617e+00
1.846598234953780393e+00
1.853737982083654590e+00
1.860924701234119683e+00
1.868158857474686796e+00
1.875440922034727897e+00
1.882771372405799504e+00
1.890150692446011194e+00
1.897579372486492000e+00
1.905057909439996200e+00
1.912586806911706017e+00
1.920166575312279855e+00
1.927797731973195150e+00
1.935480801264456874e+00
1.943216314714703463e+00
1.951004811133787209e+00
1.958846836737881736e+00
1.966742945277177412e+00
1.974693698166225531e+00
1.982699664617003199e+00
1.990761421774754680e+00
1.998879554856686891e+00
2.007054657293579680e+00
2.015287330874395710e+00
2.023578185893943893e+00
2.031927841303701854e+00
2.040336924865842061e+00
2.048806073310569076e+00
2.057335932496835440e+00
2.065927157576528561e+00
2.074580413162211645e+00
2.083296373498515930e+00
2.092075722637266377e+00
2.100919154616445184e+00
2.109827373643092141e+00
2.118801094280227559e+00
2.127841041637932307e+00
2.136947951568657356e+00
2.146122570866896506e+00
2.155365657473331531e+00
2.164677980683560765e+00
2.174060321361535486e+00
2.183513472157834645e+00
2.193038237732893414e+00
2.202635434985329876e+00
2.212305893285494207e+00
2.222050454714397105e+00
2.231869974308136051e+00
2.241765320308004572e+00
2.251737374416399096e+00
2.261787032058710789e+00
2.271915202651353383e+00
2.282122809876094838e+00
2.292410791960873606e+00
2.302780101967271342e+00
2.313231708084831251e+00
2.323766593932411251e+00
2.334385758866774019e+00
2.345090218298599094e+00
2.355881004016165292e+00
2.366759164516869518e+00
2.377725765346847542e+00
2.388781889448906792e+00
2.399928637519016306e+00
2.411167128371595414e+00
2.422498499313865405e+00
2.433923906529515513e+00
2.445444525471962560e+00
2.457061551267484045e+00
2.468776199128516868e+00
2.480589704777404148e+00
2.492503324880942728e+00
2.504518337496000946e+00
2.516636042526572581e+00
2.528857762192600056e+00
2.541184841510920389e+00
2.553618648788706480e+00
2.566160576129778104e+00
2.578812039954177848e+00
2.591574481531423224e+00
2.604449367527851056e+00
2.617438190568498246e+00
2.630542469813948347e+00
2.643763751552660857e+00
2.657103609809209566e+00
2.670563646968971305e+00
2.684145494419770461e+00
2.697850813211031706e+00
2.711681294730980518e+00
2.725638661402488783e+00
2.739724667398157898e+00
2.753941099375268209e+00
2.768289777231238702e+00
2.782772554880252880e+00
2.797391321051792890e+00
2.812148000111743151e+00
2.827044552906859742e+00
2.842082977633357821e+00
2.857265310730443986e+00
2.872593627799617799e+00
2.888070044550619997e+00
2.903696717774932434e+00
2.919475846347774350e+00
2.935409672259566172e+00
2.951500481677881371e+00
2.967750606040929107e+00
2.984162423183708057e+00
3.000738358497915481e+00
3.017480886126838513e+00
3.034392530196457383e+00
3.051475866084042199e+00
3.068733521725582225e+00
3.086168178963445197e+00
3.103782574935719296e+00
3.121579503508742359e+00
3.139561816754401491e+00
3.157732426473840004e+00
3.176094305769269432e+00
3.194650490665708276e+00
3.213404081784450472e+00
3.232358246070237584e+00
3.251516218574151296e+00
3.270881304294323222e+00
3.290456880076671808e+00
3.310246396577952499e+00
3.330253380293533016e+00
3.350481435652380213e+00
3.370934247181884835e+00
3.391615581745234476e+00
3.412529290854239949e+00
3.433679313060522542e+00
3.455069676428239589e+00
3.476704501091588018e+00
3.498588001900492017e+00
3.520724491158054192e+00
3.543118381453494781e+00
3.565774188594495797e+00
3.588696534643038394e+00
3.611890151059019338e+00
3.635359881956147454e+00
3.659110687474793622e+00
3.683147647276796999e+00
3.707475964167309179e+00
3.732100967849168782e+00
3.757028118815468609e+00
3.782263012386291479e+00
3.807811382895881280e+00
3.833679108036841310e+00
3.859872213368253480e+00
3.886396876995000582e+00
3.913259434425914840e+00
3.940466383618758339e+00
3.968024390220542319e+00
3.995940293011960076e+00
4.024221109565356613e+00
4.052874042126034304e+00
4.081906483727252066e+00
4.111326024549818214e+00
4.141140458537787339e+00
4.171357790282351985e+00
4.201986242186706910e+00
4.233034261925366692e+00
4.264510530212152872e+00
4.296423968891804890e+00
4.328783749371172718e+00
4.361599301406586804e+00
4.394880322265199091e+00
4.428636786278933535e+00
4.462878954810852505e+00
4.497617386654827243e+00
4.532862948890684862e+00
4.568626828218246949e+00
4.604920542795105654e+00
4.641755954604454892e+00
4.679145282380869908e+00
4.717101115123586652e+00
4.755636426228787350e+00
4.794764588274068373e+00
4.834499388490593574e+00
4.874855044960502148e+00
4.915846223579543484e+00
4.957488055827457885e+00
4.999796157391338092e+00
5.042786647690121526e+00
5.086476170351486026e+00
5.130881914695832435e+00
5.176021638285530635e+00
5.221913690601724944e+00
5.268577037914829120e+00
5.316031289419680839e+00
5.364296724710941433e+00
5.413394322679636161e+00
5.463345791917351590e+00
5.514173602720640943e+00
5.565901020794786547e+00
5.618552142763111767e+00
5.672151933595731776e+00
5.726726266079865013e+00
5.782301962462779166e+00
5.838906838408338018e+00
5.896569749418301143e+00
5.955320639881281686e+00
6.015190594924511025e+00
6.076211895257030982e+00
6.138418075207659363e+00
6.201843984176927727e+00
6.266525851739646491e+00
6.332501356653619240e+00
6.399809700050703043e+00
6.468491683108966939e+00
6.538589789529241081e+00
6.610148273166604582e+00
6.683213251196334248e+00
6.757832803226696328e+00
6.834057076806097974e+00
6.911938399811138112e+00
6.991531400244861416e+00
7.072893134021557060e+00
7.156083221366266400e+00
7.241163992514265679e+00
7.328200643458790076e+00
7.417261402564794714e+00
7.508417708943881941e+00
7.601744403570090292e+00
7.697319934211389381e+00
7.795226575356133836e+00
7.895550664430377452e+00
7.998382855731477115e+00
8.103818393647795659e+00
8.211957406895301403e+00
8.322905225681703101e+00
8.436772723909850669e+00
8.553676688757443358e+00
8.673740220222512676e+00
8.797093163508542091e+00
8.923872577441406051e+00
9.054223242470969879e+00
9.188298212215663341e+00
9.326259412967448981e+00
9.468278296094290170e+00
9.614536548866706056e+00
9.765226869904951812e+00
9.920553816205913478e+00
1.008073472957878280e+01
1.024600075131272803e+01
1.041659793503805709e+01
1.059278846904946114e+01
1.077485202086124616e+01
1.096308721849715795e+01
1.115781328501706682e+01
1.135937184509907993e+01
1.156812892518401981e+01
1.178447717181750143e+01
1.200883831647444744e+01
1.224166591942033477e+01
1.248344843017188488e+01
1.273471260801167837e+01
1.299602735296506317e+01
1.326800800587573015e+01
1.355132118599100544e+01
1.384669024611118715e+01
1.415490143928007072e+01
1.447681090770090861e+01
1.481335262468632585e+01
1.516554744478734484e+01
1.553451344679793777e+01
1.592147779037001953e+01
1.632779035112079669e+01
1.675493945344844349e+01
1.720457008747754912e+01
1.767850508010281985e+01
1.817876979454060660e+01
1.870762106408912118e+01
1.926758123184637483e+01
1.986147837946770167e+01
2.049249409881535655e+01
2.116422050973383051e+01
2.188072868138020510e+01
2.264665120969184287e+01
2.346728249002592648e+01
2.434870127260679240e+01
2.529792150000156781e+01
2.632307934558792084e+01
2.743366701163980537e+01
2.864082751821794304e+01
2.995772988903044975e+01
3.140005153325366649e+01
3.298660534189919957e+01
3.474016481461269024e+01
3.668856422873878387e+01
3.886618710335079641e+01
4.131601283728879537e+01
4.409248200241853510e+01
4.726558961970965100e+01
