0.000000000000000e+00 0.000000000000000e+00
7.446941609451184e-05 4.307026852927720e-02
1.490131529635691e-04 8.614791388461640e-02
2.236313219213623e-04 1.292329377840673e-01
2.983240345044880e-04 1.723253419461912e-01
3.730914024725044e-04 2.154251280893504e-01
4.479335378084887e-04 2.585322979322200e-01
5.228505527195966e-04 3.016468531937733e-01
5.978425596376225e-04 3.447687955930121e-01
6.729096712195624e-04 3.878981268490662e-01
7.480520003481776e-04 4.310348486813780e-01
8.232696601325607e-04 4.741789628094466e-01
8.985627639087034e-04 5.173304709530271e-01
9.739314252400657e-04 5.604893748318887e-01
1.049375757918146e-03 6.036556761661558e-01
1.124895875963055e-03 6.468293766759814e-01
1.200491893624090e-03 6.900104780817173e-01
1.276163925380310e-03 7.331989821039855e-01
1.351912085941113e-03 7.763948904632798e-01
1.427736490246819e-03 8.195982048804922e-01
1.503637253469247e-03 8.628089270767418e-01
1.579614491012303e-03 9.060270587729917e-01
1.655668318512559e-03 9.492526016906453e-01
1.731798851839845e-03 9.924855575512481e-01
1.808006207097835e-03 1.035725928076289e+00
1.884290500624637e-03 1.078973714987555e+00
1.960651848993385e-03 1.122228920006876e+00
2.037090369012834e-03 1.165491544856565e+00
2.113606177727955e-03 1.208761591258593e+00
2.190199392420532e-03 1.252039060935488e+00
2.266870130609761e-03 1.295323955609618e+00
2.343618510052852e-03 1.338616277003823e+00
2.420444648745633e-03 1.381916026840713e+00
2.497348664923150e-03 1.425223206843327e+00
2.574330677060280e-03 1.468537818734788e+00
2.651390803872333e-03 1.511859864238261e+00
2.728529164315667e-03 1.555189345077139e+00
2.805745877588299e-03 1.598526262974957e+00
2.883041063130517e-03 1.641870619655350e+00
2.960414840625497e-03 1.685222416842024e+00
3.037867329999924e-03 1.728581656258982e+00
3.115398651424603e-03 1.771948339630384e+00
3.193008925315093e-03 1.815322468680193e+00
3.270698272332317e-03 1.858704045132868e+00
3.348466813383198e-03 1.902093070712823e+00
3.426314669621280e-03 1.945489547144717e+00
3.504241962447360e-03 1.988893476153152e+00
3.582248813510119e-03 2.032304859463068e+00
3.660335344706751e-03 2.075723698799322e+00
3.738501678183605e-03 2.119149995887227e+00
3.816747936336816e-03 2.162583752451667e+00
3.895074241812945e-03 2.206024970218280e+00
3.973480717509623e-03 2.249473650912321e+00
4.051967486576191e-03 2.292929796259543e+00
4.130534672414343e-03 2.336393407985582e+00
4.209182398678777e-03 2.379864487816249e+00
4.287910789277840e-03 2.423343037477565e+00
4.366719968374184e-03 2.466829058695410e+00
4.445610060385412e-03 2.510322553196104e+00
4.524581189984734e-03 2.553823522705926e+00
4.603633482101631e-03 2.597331968951181e+00
4.682767061922504e-03 2.640847893658574e+00
4.761982054891341e-03 2.684371298554453e+00
4.841278586710377e-03 2.727902185365792e+00
4.920656783340762e-03 2.771440555819225e+00
5.000116771003223e-03 2.814986411641939e+00
5.079658676178738e-03 2.858539754560738e+00
5.159282625609204e-03 2.902100586302936e+00
5.238988746298114e-03 2.945668908595707e+00
5.318777165511224e-03 2.989244723166422e+00
5.398648010777240e-03 3.032828031742540e+00
5.478601409888492e-03 3.076418836051701e+00
5.558637490901618e-03 3.120017137821478e+00
5.638756382138243e-03 3.163622938779568e+00
5.718958212185673e-03 3.207236240653927e+00
5.799243109897575e-03 3.250857045172552e+00
5.879611204394670e-03 3.294485354063241e+00
5.960062625065428e-03 3.338121169054361e+00
6.040597501566756e-03 3.381764491873938e+00
6.121215963824703e-03 3.425415324250451e+00
6.201918142035150e-03 3.469073667912127e+00
6.282704166664516e-03 3.512739524587587e+00
6.363574168450463e-03 3.556412896005270e+00
6.444528278402594e-03 3.600093783893925e+00
6.525566627803164e-03 3.643782189982232e+00
6.606689348207798e-03 3.687478115999014e+00
6.687896571446185e-03 3.731181563673033e+00
6.769188429622810e-03 3.774892534733539e+00
6.850565055117658e-03 3.818611030909295e+00
6.932026580586940e-03 3.862337053929608e+00
7.013573138963811e-03 3.906070605523553e+00
7.095204863459090e-03 3.949811687420421e+00
7.176921887561993e-03 3.993560301349603e+00
7.258724345040852e-03 4.037316449040546e+00
7.340612369943853e-03 4.081080132222553e+00
7.422586096599760e-03 4.124851352625328e+00
7.504645659618659e-03 4.168630111978359e+00
7.586791193892686e-03 4.212416412011535e+00
7.669022834596766e-03 4.256210254454288e+00
7.751340717189369e-03 4.300011641036662e+00
7.833744977413234e-03 4.343820573488372e+00
7.916235751296127e-03 4.387637053539478e+00
7.998813175151583e-03 4.431461082919867e+00
8.081477385579671e-03 4.475292663359511e+00
8.164228519467723e-03 4.519131796588667e+00
8.247066713991114e-03 4.562978484337336e+00
8.329992106614000e-03 4.606832728335775e+00
8.413004835090098e-03 4.650694530314169e+00
8.496105037463432e-03 4.694563892002833e+00
8.579292852069103e-03 4.738440815132165e+00
8.662568417534065e-03 4.782325301432493e+00
8.745931872777880e-03 4.826217352634345e+00
8.829383357013505e-03 4.870116970468018e+00
8.912923009748060e-03 4.914024156664183e+00
8.996550970783600e-03 4.957938912953324e+00
9.080267380217909e-03 5.001861241065981e+00
9.164072378445272e-03 5.045791142732966e+00
9.247966106157256e-03 5.089728619684777e+00
9.331948704343514e-03 5.133673673652140e+00
9.416020314292556e-03 5.177626306365923e+00
9.500181077592549e-03 5.221586519556766e+00
9.584431136132117e-03 5.265554314955452e+00
9.668770632101137e-03 5.309529694292834e+00
9.753199707991522e-03 5.353512659299881e+00
9.837718506598052e-03 5.397503211707260e+00
9.922327171019155e-03 5.441501353245954e+00
1.000702584465772e-02 5.485507085647001e+00
1.009181467122194e-02 5.529520410641197e+00
1.017669379472605e-02 5.573541329959610e+00
1.026166335949122e-02 5.617569845333051e+00
1.034672351014633e-02 5.661605958492729e+00
1.043187439162880e-02 5.705649671169496e+00
1.051711614918543e-02 5.749700985094407e+00
1.060244892837320e-02 5.793759901998513e+00
1.068787287506009e-02 5.837826423612910e+00
1.077338813542597e-02 5.881900551668565e+00
1.085899485596336e-02 5.925982287896588e+00
1.094469318347832e-02 5.970071634027946e+00
1.103048326509127e-02 6.014168591793776e+00
1.111636524823780e-02 6.058273162925204e+00
1.120233928066960e-02 6.102385349153138e+00
1.128840551045521e-02 6.146505152208732e+00
1.137456408598094e-02 6.190632573823123e+00
1.146081515595167e-02 6.234767615727179e+00
1.154715886939176e-02 6.278910279652209e+00
1.163359537564587e-02 6.323060567328966e+00
1.172012482437981e-02 6.367218480488674e+00
1.180674736558147e-02 6.411384020862172e+00
1.189346314956159e-02 6.455557190180699e+00
1.198027232695473e-02 6.499737990175092e+00
1.206717504872006e-02 6.543926422576291e+00
1.215417146614228e-02 6.588122489115392e+00
1.224126173083249e-02 6.632326191523234e+00
1.232844599472905e-02 6.676537531530727e+00
1.241572441009850e-02 6.720756510868782e+00
1.250309712953642e-02 6.764983131268167e+00
1.259056430596833e-02 6.809217394459935e+00
1.267812609265057e-02 6.853459302174656e+00
1.276578264317122e-02 6.897708856143225e+00
1.285353411145095e-02 6.941966058096384e+00
1.294138065174399e-02 6.986230909764885e+00
1.302932241863897e-02 7.030503412879241e+00
1.311735956705986e-02 7.074783569170236e+00
1.320549225226689e-02 7.119071380368453e+00
1.329372062985743e-02 7.163366848204404e+00
1.338204485576691e-02 7.207669974408603e+00
1.347046508626977e-02 7.251980760711533e+00
1.355898147798035e-02 7.296299208843578e+00
1.364759418785384e-02 7.340625320535125e+00
1.373630337318719e-02 7.384959097516571e+00
1.382510919162002e-02 7.429300541518117e+00
1.391401180113562e-02 7.473649654269963e+00
1.400301136006181e-02 7.518006437502322e+00
1.409210802707193e-02 7.562370892945296e+00
1.418130196118578e-02 7.606743022328843e+00
1.427059332177053e-02 7.651122827383105e+00
1.435998226854171e-02 7.695510309837857e+00
1.444946896156415e-02 7.739905471422958e+00
1.453905356125292e-02 7.784308313868323e+00
1.462873622837429e-02 7.828718838903541e+00
1.471851712404673e-02 7.873137048258386e+00
1.480839640974182e-02 7.917562943662276e+00
1.489837424728526e-02 7.961996526844899e+00
1.498845079885782e-02 8.006437799535504e+00
1.507862622699633e-02 8.050886763463538e+00
1.516890069459462e-02 8.095343420358262e+00
1.525927436490456e-02 8.139807771948867e+00
1.534974740153700e-02 8.184279819964431e+00
1.544031996846276e-02 8.228759566133974e+00
1.553099223001364e-02 8.273247012186374e+00
1.562176435088342e-02 8.317742159850567e+00
1.571263649612880e-02 8.362245010855318e+00
1.580360883117049e-02 8.406755566929078e+00
1.589468152179414e-02 8.451273829800627e+00
1.598585473415136e-02 8.495799801198331e+00
1.607712863476077e-02 8.540333482850585e+00
1.616850339050898e-02 8.584874876485543e+00
1.625997916865161e-02 8.629423983831472e+00
1.635155613681430e-02 8.673980806616413e+00
1.644323446299378e-02 8.718545346568249e+00
1.653501431555883e-02 8.763117605414806e+00
1.662689586325138e-02 8.807697584883911e+00
1.671887927518749e-02 8.852285286703022e+00
1.681096472085842e-02 8.896880712599696e+00
1.690315237013165e-02 8.941483864301304e+00
1.699544239325193e-02 8.986094743535119e+00
1.708783496084235e-02 9.030713352028243e+00
1.718033024390535e-02 9.075339691507637e+00
1.727292841382381e-02 9.119973763700258e+00
1.736562964236211e-02 9.164615570332799e+00
1.745843410166716e-02 9.209265113131934e+00
1.755134196426947e-02 9.253922393824070e+00
1.764435340308428e-02 9.298587414135611e+00
1.773746859141255e-02 9.343260175792750e+00
1.783068770294207e-02 9.387940680521595e+00
1.792401091174857e-02 9.432628930047969e+00
1.801743839229675e-02 9.477324926097793e+00
1.811097031944141e-02 9.522028670396651e+00
1.820460686842851e-02 9.566740164670051e+00
1.829834821489629e-02 9.611459410643292e+00
1.839219453487636e-02 9.656186410041627e+00
1.848614600479477e-02 9.700921164590127e+00
1.858020280147319e-02 9.745663676013550e+00
1.867436510212993e-02 9.790413946036665e+00
1.876863308438112e-02 9.835171976384089e+00
1.886300692624180e-02 9.879937768780223e+00
1.895748680612705e-02 9.924711324949229e+00
1.905207290285309e-02 9.969492646615194e+00
1.914676539563843e-02 1.001428173550198e+01
1.924156446410503e-02 1.005907859333337e+01
1.933647028827935e-02 1.010388322183293e+01
1.943148304859360e-02 1.014869562272399e+01
1.952660292588677e-02 1.019351579772970e+01
1.962183010140588e-02 1.023834374857310e+01
1.971716475680706e-02 1.028317947697708e+01
1.981260707415675e-02 1.032802298466423e+01
1.990815723593283e-02 1.037287427335698e+01
2.000381542502578e-02 1.041773334477757e+01
2.009958182473988e-02 1.046260020064810e+01
2.019545661879434e-02 1.050747484269046e+01
2.029143999132452e-02 1.055235727262628e+01
2.038753212688305e-02 1.059724749217703e+01
2.048373321044109e-02 1.064214550306407e+01
2.058004342738944e-02 1.068705130700836e+01
2.067646296353978e-02 1.073196490573083e+01
2.077299200512583e-02 1.077688630095209e+01
2.086963073880459e-02 1.082181549439251e+01
2.096637935165752e-02 1.086675248777240e+01
2.106323803119173e-02 1.091169728281180e+01
2.116020696534125e-02 1.095664988123033e+01
2.125728634246814e-02 1.100161028474771e+01
2.135447635136385e-02 1.104657849508325e+01
2.145177718125031e-02 1.109155451395600e+01
2.154918902178126e-02 1.113653834308485e+01
2.164671206304341e-02 1.118152998418839e+01
2.174434649555770e-02 1.122652943898517e+01
2.184209251028059e-02 1.127153670919327e+01
2.193995029860522e-02 1.131655179653065e+01
2.203792005236272e-02 1.136157470271502e+01
2.213600196382343e-02 1.140660542946384e+01
2.223419622569818e-02 1.145164397849426e+01
2.233250303113955e-02 1.149669035152323e+01
2.243092257374313e-02 1.154174455026745e+01
2.252945504754877e-02 1.158680657644338e+01
2.262810064704191e-02 1.163187643176730e+01
2.272685956715480e-02 1.167695411795495e+01
2.282573200326781e-02 1.172203963672210e+01
2.292471815121075e-02 1.176713298978419e+01
2.302381820726409e-02 1.181223417885623e+01
2.312303236816032e-02 1.185734320565318e+01
2.322236083108525e-02 1.190246007188965e+01
2.332180379367924e-02 1.194758477927981e+01
2.342136145403862e-02 1.199271732953770e+01
2.352103401071695e-02 1.203785772437722e+01
2.362082166272631e-02 1.208300596551179e+01
2.372072460953869e-02 1.212816205465445e+01
2.382074305108726e-02 1.217332599351820e+01
2.392087718776776e-02 1.221849778381569e+01
2.402112722043979e-02 1.226367742725913e+01
2.412149335042817e-02 1.230886492556050e+01
2.422197577952430e-02 1.235406028043160e+01
2.432257470998750e-02 1.239926349358373e+01
2.442329034454637e-02 1.244447456672806e+01
2.452412288640014e-02 1.248969350157539e+01
2.462507253922005e-02 1.253492029983605e+01
2.472613950715074e-02 1.258015496322031e+01
2.482732399481158e-02 1.262539749343804e+01
2.492862620729809e-02 1.267064789219867e+01
2.503004635018331e-02 1.271590616121149e+01
2.513158462951917e-02 1.276117230218532e+01
2.523324125183794e-02 1.280644631682867e+01
2.533501642415359e-02 1.285172820684988e+01
2.543691035396319e-02 1.289701797395664e+01
2.553892324924834e-02 1.294231561985657e+01
2.564105531847657e-02 1.298762114625701e+01
2.574330677060280e-02 1.303293455486462e+01
2.584567781507069e-02 1.307825584738595e+01
2.594816866181415e-02 1.312358502552723e+01
2.605077952125871e-02 1.316892209099429e+01
2.615351060432301e-02 1.321426704549245e+01
2.625636212242020e-02 1.325961989072688e+01
2.635933428745945e-02 1.330498062840238e+01
2.646242731184734e-02 1.335034926022318e+01
2.656564140848935e-02 1.339572578789345e+01
2.666897679079134e-02 1.344111021311670e+01
2.677243367266099e-02 1.348650253759624e+01
2.687601226850932e-02 1.353190276303492e+01
2.697971279325211e-02 1.357731089113535e+01
2.708353546231145e-02 1.362272692359946e+01
2.718748049161717e-02 1.366815086212922e+01
2.729154809760839e-02 1.371358270842579e+01
2.739573849723500e-02 1.375902246419022e+01
2.750005190795916e-02 1.380447013112313e+01
2.760448854775683e-02 1.384992571092447e+01
2.770904863511928e-02 1.389538920529429e+01
2.781373238905459e-02 1.394086061593178e+01
2.791854002908924e-02 1.398633994453587e+01
2.802347177526957e-02 1.403182719280517e+01
2.812852784816339e-02 1.407732236243787e+01
2.823370846886147e-02 1.412282545513158e+01
2.833901385897912e-02 1.416833647258365e+01
2.844444424065774e-02 1.421385541649086e+01
2.854999983656638e-02 1.425938228854973e+01
2.865568086990332e-02 1.430491709045634e+01
2.876148756439761e-02 1.435045982390616e+01
2.886742014431069e-02 1.439601049059442e+01
2.897347883443796e-02 1.444156909221570e+01
2.907966386011035e-02 1.448713563046439e+01
2.918597544719593e-02 1.453271010703423e+01
2.929241382210153e-02 1.457829252361871e+01
2.939897921177432e-02 1.462388288191060e+01
2.950567184370343e-02 1.466948118360237e+01
2.961249194592160e-02 1.471508743038606e+01
2.971943974700672e-02 1.476070162395328e+01
2.982651547608358e-02 1.480632376599490e+01
2.993371936282540e-02 1.485195385820174e+01
3.004105163745553e-02 1.489759190226383e+01
3.014851253074909e-02 1.494323789987075e+01
3.025610227403461e-02 1.498889185271180e+01
3.036382109919569e-02 1.503455376247561e+01
3.047166923867270e-02 1.508022363085036e+01
3.057964692546439e-02 1.512590145952372e+01
3.068775439312963e-02 1.517158725018302e+01
3.079599187578906e-02 1.521728100451485e+01
3.090435960812678e-02 1.526298272420557e+01
3.101285782539205e-02 1.530869241094075e+01
3.112148676340102e-02 1.535441006640569e+01
3.123024665853839e-02 1.540013569228502e+01
3.133913774775916e-02 1.544586929026303e+01
3.144816026859034e-02 1.549161086202318e+01
3.155731445913266e-02 1.553736040924875e+01
3.166660055806234e-02 1.558311793362238e+01
3.177601880463281e-02 1.562888343682602e+01
3.188556943867644e-02 1.567465692054130e+01
3.199525270060634e-02 1.572043838644917e+01
3.210506883141803e-02 1.576622783623016e+01
3.221501807269130e-02 1.581202527156420e+01
3.232510066659196e-02 1.585783069413063e+01
3.243531685587357e-02 1.590364410560827e+01
3.254566688387926e-02 1.594946550767541e+01
3.265615099454353e-02 1.599529490200976e+01
3.276676943239400e-02 1.604113229028842e+01
3.287752244255331e-02 1.608697767418799e+01
3.298841027074080e-02 1.613283105538447e+01
3.309943316327444e-02 1.617869243555337e+01
3.321059136707259e-02 1.622456181636943e+01
3.332188512965586e-02 1.627043919950704e+01
3.343331469914895e-02 1.631632458663974e+01
3.354488032428243e-02 1.636221797944080e+01
3.365658225439469e-02 1.640811937958256e+01
3.376842073943374e-02 1.645402878873698e+01
3.388039602995908e-02 1.649994620857544e+01
3.399250837714357e-02 1.654587164076851e+01
3.410475803277532e-02 1.659180508698638e+01
3.421714524925955e-02 1.663774654889853e+01
3.432967027962053e-02 1.668369602817367e+01
3.444233337750343e-02 1.672965352648022e+01
3.455513479717623e-02 1.677561904548564e+01
3.466807479353168e-02 1.682159258685701e+01
3.478115362208917e-02 1.686757415226060e+01
3.489437153899666e-02 1.691356374336220e+01
3.500772880103265e-02 1.695956136182677e+01
3.512122566560811e-02 1.700556700931888e+01
3.523486239076837e-02 1.705158068750212e+01
3.534863923519516e-02 1.709760239803977e+01
3.546255645820854e-02 1.714363214259417e+01
3.557661431976886e-02 1.718966992282716e+01
3.569081308047872e-02 1.723571574039987e+01
3.580515300158501e-02 1.728176959697277e+01
3.591963434498086e-02 1.732783149420564e+01
3.603425737320763e-02 1.737390143375752e+01
3.614902234945698e-02 1.741997941728690e+01
3.626392953757281e-02 1.746606544645155e+01
3.637897920205333e-02 1.751215952290836e+01
3.649417160805305e-02 1.755826164831383e+01
3.660950702138487e-02 1.760437182432355e+01
3.672498570852206e-02 1.765049005259237e+01
3.684060793660038e-02 1.769661633477469e+01
3.695637397342009e-02 1.774275067252385e+01
3.707228408744804e-02 1.778889306749274e+01
3.718833854781974e-02 1.783504352133347e+01
3.730453762434142e-02 1.788120203569726e+01
3.742088158749220e-02 1.792736861223483e+01
3.753737070842606e-02 1.797354325259607e+01
3.765400525897408e-02 1.801972595843002e+01
3.777078551164646e-02 1.806591673138514e+01
3.788771173963467e-02 1.811211557310908e+01
3.800478421681361e-02 1.815832248524873e+01
3.812200321774372e-02 1.820453746945026e+01
3.823936901767311e-02 1.825076052735892e+01
3.835688189253976e-02 1.829699166061948e+01
3.847454211897364e-02 1.834323087087562e+01
3.859234997429890e-02 1.838947815977045e+01
3.871030573653605e-02 1.843573352894626e+01
3.882840968440417e-02 1.848199698004451e+01
3.894666209732303e-02 1.852826851470591e+01
3.906506325541537e-02 1.857454813457034e+01
3.918361343950907e-02 1.862083584127696e+01
3.930231293113944e-02 1.866713163646401e+01
3.942116201255130e-02 1.871343552176904e+01
3.954016096670140e-02 1.875974749882863e+01
3.965931007726051e-02 1.880606756927871e+01
3.977860962861579e-02 1.885239573475421e+01
3.989805990587297e-02 1.889873199688951e+01
4.001766119485867e-02 1.894507635731780e+01
4.013741378212264e-02 1.899142881767169e+01
4.025731795494012e-02 1.903778937958283e+01
4.037737400131405e-02 1.908415804468208e+01
4.049758220997743e-02 1.913053481459946e+01
4.061794287039562e-02 1.917691969096404e+01
4.073845627276865e-02 1.922331267540405e+01
4.085912270803357e-02 1.926971376954700e+01
4.097994246786682e-02 1.931612297501934e+01
4.110091584468650e-02 1.936254029344673e+01
4.122204313165481e-02 1.940896572645396e+01
4.134332462268037e-02 1.945539927566476e+01
4.146476061242061e-02 1.950184094270230e+01
4.158635139628417e-02 1.954829072918854e+01
4.170809727043326e-02 1.959474863674474e+01
4.182999853178611e-02 1.964121466699109e+01
4.195205547801938e-02 1.968768882154697e+01
4.207426840757051e-02 1.973417110203088e+01
4.219663761964024e-02 1.978066151006030e+01
4.231916341419503e-02 1.982716004725172e+01
4.244184609196948e-02 1.987366671522089e+01
4.256468595446882e-02 1.992018151558253e+01
4.268768330397136e-02 1.996670444995036e+01
4.281083844353099e-02 2.001323551993713e+01
4.293415167697966e-02 2.005977472715483e+01
4.305762330892987e-02 2.010632207321434e+01
4.318125364477719e-02 2.015287755972550e+01
4.330504299070277e-02 2.019944118829731e+01
4.342899165367586e-02 2.024601296053773e+01
4.355309994145640e-02 2.029259287805385e+01
4.367736816259749e-02 2.033918094245158e+01
4.380179662644796e-02 2.038577715533593e+01
4.392638564315502e-02 2.043238151831096e+01
4.405113552366673e-02 2.047899403297977e+01
4.417604657973467e-02 2.052561470094416e+01
4.430111912391646e-02 2.057224352380527e+01
4.442635346957843e-02 2.061888050316307e+01
4.455174993089822e-02 2.066552564061638e+01
4.467730882286740e-02 2.071217893776317e+01
4.480303046129408e-02 2.075884039620031e+01
4.492891516280562e-02 2.080551001752370e+01
4.505496324485123e-02 2.085218780332794e+01
4.518117502570471e-02 2.089887375520685e+01
4.530755082446702e-02 2.094556787475311e+01
4.543409096106907e-02 2.099227016355820e+01
4.556079575627438e-02 2.103898062321281e+01
4.568766553168178e-02 2.108569925530620e+01
4.581470060972816e-02 2.113242606142677e+01
4.594190131369114e-02 2.117916104316181e+01
4.606926796769192e-02 2.122590420209750e+01
4.619680089669792e-02 2.127265553981893e+01
4.632450042652561e-02 2.131941505790991e+01
4.645236688384328e-02 2.136618275795344e+01
4.658040059617378e-02 2.141295864153112e+01
4.670860189189738e-02 2.145974271022362e+01
4.683697110025455e-02 2.150653496561038e+01
4.696550855134875e-02 2.155333540926968e+01
4.709421457614930e-02 2.160014404277877e+01
4.722308950649421e-02 2.164696086771362e+01
4.735213367509302e-02 2.169378588564916e+01
4.748134741552968e-02 2.174061909815900e+01
4.761073106226540e-02 2.178746050681576e+01
4.774028495064156e-02 2.183431011319074e+01
4.787000941688260e-02 2.188116791885425e+01
4.799990479809892e-02 2.192803392537509e+01
4.812997143228982e-02 2.197490813432118e+01
4.826020965834640e-02 2.202179054725909e+01
4.839061981605455e-02 2.206868116575424e+01
4.852120224609785e-02 2.211557999137072e+01
4.865195729006057e-02 2.216248702567162e+01
4.878288529043064e-02 2.220940227021856e+01
4.891398659060266e-02 2.225632572657207e+01
4.904526153488088e-02 2.230325739629147e+01
4.917671046848220e-02 2.235019728093465e+01
4.930833373753921e-02 2.239714538205844e+01
4.944013168910327e-02 2.244410170121837e+01
4.957210467114748e-02 2.249106623996865e+01
4.970425303256984e-02 2.253803899986221e+01
4.983657712319622e-02 2.258501998245080e+01
4.996907729378350e-02 2.263200918928479e+01
5.010175389602269e-02 2.267900662191322e+01
5.023460728254203e-02 2.272601228188404e+01
5.036763780691006e-02 2.277302617074365e+01
5.050084582363883e-02 2.282004829003726e+01
5.063423168818697e-02 2.286707864130875e+01
5.076779575696298e-02 2.291411722610073e+01
5.090153838732826e-02 2.296116404595429e+01
5.103545993760039e-02 2.300821910240933e+01
5.116956076705627e-02 2.305528239700449e+01
5.130384123593541e-02 2.310235393127678e+01
5.143830170544307e-02 2.314943370676212e+01
5.157294253775356e-02 2.319652172499498e+01
5.170776409601346e-02 2.324361798750834e+01
5.184276674434489e-02 2.329072249583388e+01
5.197795084784883e-02 2.333783525150197e+01
5.211331677260830e-02 2.338495625604149e+01
5.224886488569182e-02 2.343208551097990e+01
5.238459555515659e-02 2.347922301784334e+01
5.252050915005191e-02 2.352636877815648e+01
5.265660604042247e-02 2.357352279344248e+01
5.279288659731176e-02 2.362068506522324e+01
5.292935119276537e-02 2.366785559501911e+01
5.306600019983446e-02 2.371503438434895e+01
5.320283399257911e-02 2.376222143473035e+01
5.333985294607172e-02 2.380941674767921e+01
5.347705743640048e-02 2.385662032471016e+01
5.361444784067276e-02 2.390383216733615e+01
5.375202453701864e-02 2.395105227706891e+01
5.388978790459430e-02 2.399828065541838e+01
5.402773832358554e-02 2.404551730389318e+01
5.416587617521127e-02 2.409276222400045e+01
5.430420184172704e-02 2.414001541724573e+01
5.444271570642856e-02 2.418727688513303e+01
5.458141815365519e-02 2.423454662916490e+01
5.472030956879358e-02 2.428182465084228e+01
5.485939033828115e-02 2.432911095166463e+01
5.499866084960980e-02 2.437640553312977e+01
5.513812149132933e-02 2.442370839673411e+01
5.527777265305120e-02 2.447101954397226e+01
5.541761472545213e-02 2.451833897633752e+01
5.555764810027766e-02 2.456566669532141e+01
5.569787317034596e-02 2.461300270241389e+01
5.583829032955134e-02 2.466034699910344e+01
5.597889997286801e-02 2.470769958687670e+01
5.611970249635386e-02 2.475506046721901e+01
5.626069829715404e-02 2.480242964161373e+01
5.640188777350476e-02 2.484980711154284e+01
5.654327132473706e-02 2.489719287848665e+01
5.668484935128055e-02 2.494458694392370e+01
5.682662225466718e-02 2.499198930933095e+01
5.696859043753507e-02 2.503939997618367e+01
5.711075430363226e-02 2.508681894595560e+01
5.725311425782063e-02 2.513424622011853e+01
5.739567070607964e-02 2.518168180014271e+01
5.753842405551029e-02 2.522912568749678e+01
5.768137471433891e-02 2.527657788364743e+01
5.782452309192108e-02 2.532403839005988e+01
5.796786959874559e-02 2.537150720819746e+01
5.811141464643828e-02 2.541898433952191e+01
5.825515864776604e-02 2.546646978549299e+01
5.839910201664069e-02 2.551396354756901e+01
5.854324516812309e-02 2.556146562720632e+01
5.868758851842699e-02 2.560897602585948e+01
5.883213248492312e-02 2.565649474498147e+01
5.897687748614316e-02 2.570402178602325e+01
5.912182394178382e-02 2.575155715043414e+01
5.926697227271090e-02 2.579910083966161e+01
5.941232290096331e-02 2.584665285515128e+01
5.955787624975722e-02 2.589421319834707e+01
5.970363274349012e-02 2.594178187069090e+01
5.984959280774500e-02 2.598935887362298e+01
5.999575686929443e-02 2.603694420858162e+01
6.014212535610478e-02 2.608453787700326e+01
6.028869869734033e-02 2.613213988032251e+01
6.043547732336751e-02 2.617975021997205e+01
6.058246166575915e-02 2.622736889738272e+01
6.072965215729861e-02 2.627499591398347e+01
6.087704923198408e-02 2.632263127120135e+01
6.102465332503287e-02 2.637027497046147e+01
6.117246487288566e-02 2.641792701318695e+01
6.132048431321083e-02 2.646558740079917e+01
6.146871208490873e-02 2.651325613471735e+01
6.161714862811606e-02 2.656093321635895e+01
6.176579438421020e-02 2.660861864713927e+01
6.191464979581367e-02 2.665631242847182e+01
6.206371530679836e-02 2.670401456176809e+01
6.221299136229010e-02 2.675172504843744e+01
6.236247840867298e-02 2.679944388988746e+01
6.251217689359390e-02 2.684717108752349e+01
6.266208726596692e-02 2.689490664274909e+01
6.281220997597788e-02 2.694265055696556e+01
6.296254547508877e-02 2.699040283157237e+01
6.311309421604237e-02 2.703816346796681e+01
6.326385665286675e-02 2.708593246754414e+01
6.341483324087979e-02 2.713370983169756e+01
6.356602443669385e-02 2.718149556181818e+01
6.371743069822029e-02 2.722928965929503e+01
6.386905248467419e-02 2.727709212551504e+01
6.402089025657887e-02 2.732490296186307e+01
6.417294447577065e-02 2.737272216972180e+01
6.432521560540351e-02 2.742054975047182e+01
6.447770410995375e-02 2.746838570549151e+01
6.463041045522479e-02 2.751623003615722e+01
6.478333510835184e-02 2.756408274384300e+01
6.493647853780667e-02 2.761194382992088e+01
6.508984121340243e-02 2.765981329576057e+01
6.524342360629849e-02 2.770769114272967e+01
6.539722618900516e-02 2.775557737219360e+01
6.555124943538859e-02 2.780347198551544e+01
6.570549382067564e-02 2.785137498405616e+01
6.585995982145883e-02 2.789928636917449e+01
6.601464791570107e-02 2.794720614222686e+01
6.616955858274078e-02 2.799513430456747e+01
6.632469230329674e-02 2.804307085754829e+01
6.648004955947311e-02 2.809101580251887e+01
6.663563083476437e-02 2.813896914082672e+01
6.679143661406037e-02 2.818693087381679e+01
6.694746738365139e-02 2.823490100283183e+01
6.710372363123313e-02 2.828287952921238e+01
6.726020584591190e-02 2.833086645429643e+01
6.741691451820959e-02 2.837886177941978e+01
6.757385014006889e-02 2.842686550591577e+01
6.773101320485843e-02 2.847487763511548e+01
6.788840420737791e-02 2.852289816834754e+01
6.804602364386331e-02 2.857092710693823e+01
6.820387201199211e-02 2.861896445221136e+01
6.836194981088854e-02 2.866701020548841e+01
6.852025754112881e-02 2.871506436808835e+01
6.867879570474644e-02 2.876312694132783e+01
6.883756480523752e-02 2.881119792652096e+01
6.899656534756604e-02 2.885927732497930e+01
6.915579783816929e-02 2.890736513801222e+01
6.931526278496321e-02 2.895546136692633e+01
6.947496069734778e-02 2.900356601302583e+01
6.963489208621242e-02 2.905167907761250e+01
6.979505746394153e-02 2.909980056198552e+01
6.995545734441991e-02 2.914793046744153e+01
7.011609224303816e-02 2.919606879527461e+01
7.027696267669838e-02 2.924421554677635e+01
7.043806916381957e-02 2.929237072323575e+01
7.059941222434329e-02 2.934053432593923e+01
7.076099237973921e-02 2.938870635617060e+01
7.092281015301072e-02 2.943688681521107e+01
7.108486606870056e-02 2.948507570433918e+01
7.124716065289657e-02 2.953327302483096e+01
7.140969443323732e-02 2.958147877795973e+01
7.157246793891781e-02 2.962969296499612e+01
7.173548170069523e-02 2.967791558720813e+01
7.189873625089478e-02 2.972614664586106e+01
7.206223212341541e-02 2.977438614221759e+01
7.222596985373561e-02 2.982263407753764e+01
7.238994997891934e-02 2.987089045307832e+01
7.255417303762188e-02 2.991915527009417e+01
7.271863957009564e-02 2.996742852983684e+01
7.288335011819623e-02 3.001571023355535e+01
7.304830522538829e-02 3.006400038249589e+01
7.321350543675149e-02 3.011229897790179e+01
7.337895129898661e-02 3.016060602101378e+01
7.354464336042150e-02 3.020892151306950e+01
7.371058217101713e-02 3.025724545530406e+01
7.387676828237369e-02 3.030557784894948e+01
7.404320224773676e-02 3.035391869523508e+01
7.420988462200334e-02 3.040226799538729e+01
7.437681596172814e-02 3.045062575062967e+01
7.454399682512966e-02 3.049899196218277e+01
7.471142777209647e-02 3.054736663126437e+01
7.487910936419347e-02 3.059574975908932e+01
7.504704216466813e-02 3.064414134686945e+01
7.521522673845688e-02 3.069254139581372e+01
7.538366365219126e-02 3.074094990712808e+01
7.555235347420454e-02 3.078936688201557e+01
7.572129677453791e-02 3.083779232167615e+01
7.589049412494696e-02 3.088622622730682e+01
7.605994609890818e-02 3.093466860010156e+01
7.622965327162534e-02 3.098311944125130e+01
7.639961622003612e-02 3.103157875194396e+01
7.656983552281858e-02 3.108004653336442e+01
7.674031176039769e-02 3.112852278669438e+01
7.691104551495198e-02 3.117700751311250e+01
7.708203737042019e-02 3.122550071379440e+01
7.725328791250788e-02 3.127400238991248e+01
7.742479772869412e-02 3.132251254263608e+01
7.759656740823820e-02 3.137103117313134e+01
7.776859754218643e-02 3.141955828256129e+01
7.794088872337891e-02 3.146809387208563e+01
7.811344154645627e-02 3.151663794286114e+01
7.828625660786658e-02 3.156519049604110e+01
7.845933450587217e-02 3.161375153277572e+01
7.863267584055661e-02 3.166232105421194e+01
7.880628121383160e-02 3.171089906149346e+01
7.898015122944389e-02 3.175948555576071e+01
7.915428649298235e-02 3.180808053815077e+01
7.932868761188501e-02 3.185668400979750e+01
7.950335519544605e-02 3.190529597183142e+01
7.967828985482292e-02 3.195391642537965e+01
7.985349220304351e-02 3.200254537156604e+01
8.002896285501328e-02 3.205118281151100e+01
8.020470242752249e-02 3.209982874633168e+01
8.038071153925334e-02 3.214848317714168e+01
8.055699081078731e-02 3.219714610505133e+01
8.073354086461240e-02 3.224581753116738e+01
8.091036232513053e-02 3.229449745659330e+01
8.108745581866487e-02 3.234318588242896e+01
8.126482197346717e-02 3.239188280977083e+01
8.144246141972522e-02 3.244058823971185e+01
8.162037478957040e-02 3.248930217334143e+01
8.179856271708512e-02 3.253802461174551e+01
8.197702583831029e-02 3.258675555600647e+01
8.215576479125294e-02 3.263549500720303e+01
8.233478021589388e-02 3.268424296641049e+01
8.251407275419528e-02 3.273299943470046e+01
8.269364305010829e-02 3.278176441314096e+01
8.287349174958086e-02 3.283053790279632e+01
8.305361950056539e-02 3.287931990472735e+01
8.323402695302662e-02 3.292811041999104e+01
8.341471475894933e-02 3.297690944964090e+01
8.359568357234627e-02 3.302571699472646e+01
8.377693404926598e-02 3.307453305629384e+01
8.395846684780083e-02 3.312335763538520e+01
8.414028262809491e-02 3.317219073303907e+01
8.432238205235201e-02 3.322103235029010e+01
8.450476578484369e-02 3.326988248816930e+01
8.468743449191739e-02 3.331874114770377e+01
8.487038884200450e-02 3.336760832991680e+01
8.505362950562852e-02 3.341648403582786e+01
8.523715715541327e-02 3.346536826645256e+01
8.542097246609111e-02 3.351426102280258e+01
8.560507611451117e-02 3.356316230588579e+01
8.578946877964776e-02 3.361207211670611e+01
8.597415114260860e-02 3.366099045626350e+01
8.615912388664326e-02 3.370991732555392e+01
8.634438769715162e-02 3.375885272556955e+01
8.652994326169230e-02 3.380779665729838e+01
8.671579126999111e-02 3.385674912172450e+01
8.690193241394971e-02 3.390571011982793e+01
8.708836738765408e-02 3.395467965258461e+01
8.727509688738325e-02 3.400365772096652e+01
8.746212161161795e-02 3.405264432594149e+01
8.764944226104922e-02 3.410163946847319e+01
8.783705953858725e-02 3.415064314952136e+01
8.802497414937019e-02 3.419965537004128e+01
8.821318680077295e-02 3.424867613098439e+01
8.840169820241603e-02 3.429770543329777e+01
8.859050906617448e-02 3.434674327792435e+01
8.877962010618694e-02 3.439578966580278e+01
8.896903203886450e-02 3.444484459786755e+01
8.915874558289982e-02 3.449390807504883e+01
8.934876145927624e-02 3.454298009827255e+01
8.953908039127685e-02 3.459206066846030e+01
8.972970310449374e-02 3.464114978652937e+01
8.992063032683718e-02 3.469024745339267e+01
9.011186278854490e-02 3.473935366995881e+01
9.030340122219131e-02 3.478846843713198e+01
9.049524636269707e-02 3.483759175581194e+01
9.068739894733825e-02 3.488672362689405e+01
9.087985971575593e-02 3.493586405126927e+01
9.107262940996559e-02 3.498501302982397e+01
9.126570877436675e-02 3.503417056344010e+01
9.145909855575250e-02 3.508333665299518e+01
9.165279950331909e-02 3.513251129936206e+01
9.184681236867563e-02 3.518169450340907e+01
9.204113790585385e-02 3.523088626600003e+01
9.223577687131783e-02 3.528008658799416e+01
9.243073002397385e-02 3.532929547024591e+01
9.262599812518021e-02 3.537851291360529e+01
9.282158193875716e-02 3.542773891891754e+01
9.301748223099683e-02 3.547697348702322e+01
9.321369977067334e-02 3.552621661875821e+01
9.341023532905275e-02 3.557546831495364e+01
9.360708967990314e-02 3.562472857643584e+01
9.380426359950493e-02 3.567399740402651e+01
9.400175786666090e-02 3.572327479854240e+01
9.419957326270657e-02 3.577256076079549e+01
9.439771057152041e-02 3.582185529159295e+01
9.459617057953426e-02 3.587115839173710e+01
9.479495407574373e-02 3.592047006202527e+01
9.499406185171864e-02 3.596979030324994e+01
9.519349470161352e-02 3.601911911619867e+01
9.539325342217814e-02 3.606845650165406e+01
9.559333881276821e-02 3.611780246039364e+01
9.579375167535600e-02 3.616715699319012e+01
9.599449281454099e-02 3.621652010081095e+01
9.619556303756069e-02 3.626589178401868e+01
9.639696315430150e-02 3.631527204357074e+01
9.659869397730954e-02 3.636466088021944e+01
9.680075632180159e-02 3.641405829471200e+01
9.700315100567601e-02 3.646346428779044e+01
9.720587884952388e-02 3.651287886019164e+01
9.740894067664004e-02 3.656230201264724e+01
9.761233731303422e-02 3.661173374588375e+01
9.781606958744225e-02 3.666117406062231e+01
9.802013833133731e-02 3.671062295757882e+01
9.822454437894132e-02 3.676008043746396e+01
9.842928856723614e-02 3.680954650098299e+01
9.863437173597517e-02 3.685902114883579e+01
9.883979472769470e-02 3.690850438171703e+01
9.904555838772552e-02 3.695799620031578e+01
9.925166356420453e-02 3.700749660531577e+01
9.945811110808636e-02 3.705700559739530e+01
9.966490187315501e-02 3.710652317722720e+01
9.987203671603574e-02 3.715604934547867e+01
1.000795164962069e-01 3.720558410281153e+01
1.002873420760116e-01 3.725512744988199e+01
1.004955143206701e-01 3.730467938734057e+01
1.007040340982913e-01 3.735423991583236e+01
1.009129022798851e-01 3.740380903599664e+01
1.011221197393745e-01 3.745338674846715e+01
1.013316873536079e-01 3.750297305387186e+01
1.015416060023710e-01 3.755256795283307e+01
1.017518765683994e-01 3.760217144596725e+01
1.019624999373909e-01 3.765178353388522e+01
1.021734769980180e-01 3.770140421719187e+01
1.023848086419403e-01 3.775103349648632e+01
1.025964957638170e-01 3.780067137236181e+01
1.028085392613198e-01 3.785031784540577e+01
1.030209400351453e-01 3.789997291619959e+01
1.032336989890278e-01 3.794963658531879e+01
1.034468170297522e-01 3.799930885333292e+01
1.036602950671671e-01 3.804898972080550e+01
1.038741340141973e-01 3.809867918829400e+01
1.040883347868569e-01 3.814837725634992e+01
1.043028983042628e-01 3.819808392551855e+01
1.045178254886474e-01 3.824779919633919e+01
1.047331172653718e-01 3.829752306934488e+01
1.049487745629396e-01 3.834725554506256e+01
1.051647983130097e-01 3.839699662401291e+01
1.053811894504098e-01 3.844674630671043e+01
1.055979489131501e-01 3.849650459366327e+01
1.058150776424368e-01 3.854627148537340e+01
1.060325765826857e-01 3.859604698233634e+01
1.062504466815357e-01 3.864583108504137e+01
1.064686888898628e-01 3.869562379397124e+01
1.066873041617939e-01 3.874542510960246e+01
1.069062934547206e-01 3.879523503240495e+01
1.071256577293132e-01 3.884505356284220e+01
1.073453979495350e-01 3.889488070137117e+01
1.075655150826559e-01 3.894471644844230e+01
1.077860100992672e-01 3.899456080449944e+01
1.080068839732954e-01 3.904441376997984e+01
1.082281376820166e-01 3.909427534531412e+01
1.084497722060713e-01 3.914414553092621e+01
1.086717885294783e-01 3.919402432723329e+01
1.088941876396498e-01 3.924391173464593e+01
1.091169705274058e-01 3.929380775356783e+01
1.093401381869886e-01 3.934371238439596e+01
1.095636916160780e-01 3.939362562752034e+01
1.097876318158060e-01 3.944354748332425e+01
1.100119597907717e-01 3.949347795218399e+01
1.102366765490561e-01 3.954341703446899e+01
1.104617831022379e-01 3.959336473054162e+01
1.106872804654078e-01 3.964332104075734e+01
1.109131696571844e-01 3.969328596546458e+01
1.111394516997294e-01 3.974325950500457e+01
1.113661276187626e-01 3.979324165971160e+01
1.115931984435782e-01 3.984323242991270e+01
1.118206652070595e-01 3.989323181592783e+01
1.120485289456953e-01 3.994323981806966e+01
1.122767906995950e-01 3.999325643664360e+01
1.125054515125050e-01 4.004328167194791e+01
1.127345124318243e-01 4.009331552427341e+01
1.129639745086206e-01 4.014335799390362e+01
1.131938387976461e-01 4.019340908111464e+01
1.134241063573541e-01 4.024346878617524e+01
1.136547782499150e-01 4.029353710934664e+01
1.138858555412326e-01 4.034361405088261e+01
1.141173393009606e-01 4.039369961102935e+01
1.143492306025191e-01 4.044379379002553e+01
1.145815305231112e-01 4.049389658810222e+01
1.148142401437396e-01 4.054400800548285e+01
1.150473605492235e-01 4.059412804238315e+01
1.152808928282153e-01 4.064425669901115e+01
1.155148380732177e-01 4.069439397556707e+01
1.157491973806006e-01 4.074453987224346e+01
1.159839718506184e-01 4.079469438922492e+01
1.162191625874270e-01 4.084485752668827e+01
1.164547706991013e-01 4.089502928480237e+01
1.166907972976525e-01 4.094520966372814e+01
1.169272434990455e-01 4.099539866361852e+01
1.171641104232168e-01 4.104559628461847e+01
1.174013991940918e-01 4.109580252686481e+01
1.176391109396031e-01 4.114601739048635e+01
1.178772467917075e-01 4.119624087560364e+01
1.181158078864051e-01 4.124647298232917e+01
1.183547953637562e-01 4.129671371076711e+01
1.185942103679004e-01 4.134696306101346e+01
1.188340540470744e-01 4.139722103315581e+01
1.190743275536305e-01 4.144748762727350e+01
1.193150320440548e-01 4.149776284343746e+01
1.195561686789862e-01 4.154804668171014e+01
1.197977386232346e-01 4.159833914214560e+01
1.200397430458000e-01 4.164864022478930e+01
1.202821831198912e-01 4.169894992967830e+01
1.205250600229447e-01 4.174926825684087e+01
1.207683749366439e-01 4.179959520629677e+01
1.210121290469383e-01 4.184993077805710e+01
1.212563235440624e-01 4.190027497212413e+01
1.215009596225557e-01 4.195062778849143e+01
1.217460384812815e-01 4.200098922714378e+01
1.219915613234471e-01 4.205135928805712e+01
1.222375293566229e-01 4.210173797119838e+01
1.224839437927628e-01 4.215212527652568e+01
1.227308058482235e-01 4.220252120398809e+01
1.229781167437851e-01 4.225292575352567e+01
1.232258777046707e-01 4.230333892506941e+01
1.234740899605670e-01 4.235376071854118e+01
1.237227547456446e-01 4.240419113385365e+01
1.239718732985781e-01 4.245463017091034e+01
1.242214468625672e-01 4.250507782960546e+01
1.244714766853570e-01 4.255553410982399e+01
1.247219640192590e-01 4.260599901144148e+01
1.249729101211717e-01 4.265647253432413e+01
1.252243162526022e-01 4.270695467832870e+01
1.254761836796867e-01 4.275744544330246e+01
1.257285136732122e-01 4.280794482908311e+01
1.259813075086374e-01 4.285845283549884e+01
1.262345664661150e-01 4.290896946236815e+01
1.264882918305125e-01 4.295949470949987e+01
1.267424848914341e-01 4.301002857669314e+01
1.269971469432431e-01 4.306057106373725e+01
1.272522792850831e-01 4.311112217041178e+01
1.275078832209007e-01 4.316168189648630e+01
1.277639600594672e-01 4.321225024172055e+01
1.280205111144014e-01 4.326282720586429e+01
1.282775377041918e-01 4.331341278865725e+01
1.285350411522194e-01 4.336400698982904e+01
1.287930227867800e-01 4.341460980909921e+01
1.290514839411073e-01 4.346522124617707e+01
1.293104259533962e-01 4.351584130076181e+01
1.295698501668254e-01 4.356646997254224e+01
1.298297579295806e-01 4.361710726119691e+01
1.300901505948783e-01 4.366775316639394e+01
1.303510295209888e-01 4.371840768779102e+01
1.306123960712602e-01 4.376907082503539e+01
1.308742516141422e-01 4.381974257776377e+01
1.311365975232092e-01 4.387042294560219e+01
1.313994351771855e-01 4.392111192816617e+01
1.316627659599685e-01 4.397180952506042e+01
1.319265912606535e-01 4.402251573587895e+01
1.321909124735577e-01 4.407323056020494e+01
1.324557309982455e-01 4.412395399761073e+01
1.327210482395522e-01 4.417468604765778e+01
1.329868656076097e-01 4.422542670989647e+01
1.332531845178712e-01 4.427617598386630e+01
1.335200063911359e-01 4.432693386909551e+01
1.337873326535751e-01 4.437770036510139e+01
1.340551647367568e-01 4.442847547138987e+01
1.343235040776718e-01 4.447925918745580e+01
1.345923521187592e-01 4.453005151278252e+01
1.348617103079321e-01 4.458085244684216e+01
1.351315800986039e-01 4.463166198909537e+01
1.354019629497143e-01 4.468248013899132e+01
1.356728603257554e-01 4.473330689596762e+01
1.359442736967985e-01 4.478414225945033e+01
1.362162045385204e-01 4.483498622885383e+01
1.364886543322303e-01 4.488583880358070e+01
1.367616245648967e-01 4.493669998302192e+01
1.370351167291744e-01 4.498756976655647e+01
1.373091323234315e-01 4.503844815355149e+01
1.375836728517771e-01 4.508933514336216e+01
1.378587398240891e-01 4.514023073533168e+01
1.381343347560406e-01 4.519113492879109e+01
1.384104591691296e-01 4.524204772305933e+01
1.386871145907051e-01 4.529296911744313e+01
1.389643025539970e-01 4.534389911123696e+01
1.392420245981429e-01 4.539483770372298e+01
1.395202822682178e-01 4.544578489417086e+01
1.397990771152619e-01 4.549674068183793e+01
1.400784106963100e-01 4.554770506596893e+01
1.403582845744201e-01 4.559867804579603e+01
1.406387003187027e-01 4.564965962053874e+01
1.409196595043501e-01 4.570064978940387e+01
1.412011637126661e-01 4.575164855158544e+01
1.414832145310954e-01 4.580265590626462e+01
1.417658135532535e-01 4.585367185260967e+01
1.420489623789565e-01 4.590469638977588e+01
1.423326626142520e-01 4.595572951690544e+01
1.426169158714486e-01 4.600677123312749e+01
1.429017237691471e-01 4.605782153755799e+01
1.431870879322708e-01 4.610888042929958e+01
1.434730099920966e-01 4.615994790744163e+01
1.437594915862860e-01 4.621102397106009e+01
1.440465343589165e-01 4.626210861921755e+01
1.443341399605130e-01 4.631320185096293e+01
1.446223100480793e-01 4.636430366533163e+01
1.449110462851299e-01 4.641541406134540e+01
1.452003503417225e-01 4.646653303801220e+01
1.454902238944894e-01 4.651766059432619e+01
1.457806686266707e-01 4.656879672926765e+01
1.460716862281462e-01 4.661994144180296e+01
1.463632783954686e-01 4.667109473088438e+01
1.466554468318965e-01 4.672225659545014e+01
1.469481932474271e-01 4.677342703442422e+01
1.472415193588300e-01 4.682460604671647e+01
1.475354268896806e-01 4.687579363122230e+01
1.478299175703941e-01 4.692698978682277e+01
1.481249931382589e-01 4.697819451238448e+01
1.484206553374714e-01 4.702940780675947e+01
1.487169059191698e-01 4.708062966878514e+01
1.490137466414693e-01 4.713186009728422e+01
1.493111792694962e-01 4.718309909106464e+01
1.496092055754233e-01 4.723434664891941e+01
1.499078273385052e-01 4.728560276962675e+01
1.502070463451132e-01 4.733686745194977e+01
1.505068643887715e-01 4.738814069463648e+01
1.508072832701925e-01 4.743942249641977e+01
1.511083047973136e-01 4.749071285601723e+01
1.514099307853325e-01 4.754201177213115e+01
1.517121630567444e-01 4.759331924344841e+01
1.520150034413784e-01 4.764463526864038e+01
1.523184537764347e-01 4.769595984636286e+01
1.526225159065214e-01 4.774729297525599e+01
1.529271916836919e-01 4.779863465394416e+01
1.532324829674830e-01 4.784998488103598e+01
1.535383916249521e-01 4.790134365512407e+01
1.538449195307157e-01 4.795271097478516e+01
1.541520685669875e-01 4.800408683857980e+01
1.544598406236168e-01 4.805547124505247e+01
1.547682375981275e-01 4.810686419273134e+01
1.550772613957573e-01 4.815826568012824e+01
1.553869139294961e-01 4.820967570573867e+01
1.556971971201264e-01 4.826109426804154e+01
1.560081128962627e-01 4.831252136549912e+01
1.563196631943909e-01 4.836395699655711e+01
1.566318499589097e-01 4.841540115964436e+01
1.569446751421698e-01 4.846685385317288e+01
1.572581407045155e-01 4.851831507553771e+01
1.575722486143249e-01 4.856978482511688e+01
1.578870008480519e-01 4.862126310027128e+01
1.582023993902670e-01 4.867274989934452e+01
1.585184462336995e-01 4.872424522066293e+01
1.588351433792789e-01 4.877574906253544e+01
1.591524928361777e-01 4.882726142325346e+01
1.594704966218537e-01 4.887878230109077e+01
1.597891567620924e-01 4.893031169430353e+01
1.601084752910507e-01 4.898184960113007e+01
1.604284542512995e-01 4.903339601979074e+01
1.607490956938676e-01 4.908495094848811e+01
1.610704016782855e-01 4.913651438540649e+01
1.613923742726298e-01 4.918808632871214e+01
1.617150155535665e-01 4.923966677655294e+01
1.620383276063972e-01 4.929125572705848e+01
1.623623125251025e-01 4.934285317833982e+01
1.626869724123886e-01 4.939445912848951e+01
1.630123093797315e-01 4.944607357558139e+01
1.633383255474238e-01 4.949769651767046e+01
1.636650230446202e-01 4.954932795279301e+01
1.639924040093839e-01 4.960096787896620e+01
1.643204705887336e-01 4.965261629418820e+01
1.646492249386897e-01 4.970427319643790e+01
1.649786692243227e-01 4.975593858367503e+01
1.653088056197994e-01 4.980761245383982e+01
1.656396363084317e-01 4.985929480485306e+01
1.659711634827242e-01 4.991098563461587e+01
1.663033893444231e-01 4.996268494100974e+01
1.666363161045643e-01 5.001439272189631e+01
1.669699459835232e-01 5.006610897511727e+01
1.673042812110634e-01 5.011783369849424e+01
1.676393240263868e-01 5.016956688982881e+01
1.679750766781833e-01 5.022130854690219e+01
1.683115414246813e-01 5.027305866747526e+01
1.686487205336985e-01 5.032481724928849e+01
1.689866162826923e-01 5.037658429006161e+01
1.693252309588117e-01 5.042835978749383e+01
1.696645668589483e-01 5.048014373926337e+01
1.700046262897889e-01 5.053193614302761e+01
1.703454115678671e-01 5.058373699642287e+01
1.706869250196164e-01 5.063554629706427e+01
1.710291689814229e-01 5.068736404254568e+01
1.713721457996787e-01 5.073919023043957e+01
1.717158578308355e-01 5.079102485829685e+01
1.720603074414581e-01 5.084286792364683e+01
1.724054970082798e-01 5.089471942399710e+01
1.727514289182558e-01 5.094657935683328e+01
1.730981055686194e-01 5.099844771961907e+01
1.734455293669363e-01 5.105032450979600e+01
1.737937027311612e-01 5.110220972478340e+01
1.741426280896932e-01 5.115410336197819e+01
1.744923078814329e-01 5.120600541875481e+01
1.748427445558386e-01 5.125791589246512e+01
1.751939405729842e-01 5.130983478043818e+01
1.755458984036159e-01 5.136176207998021e+01
1.758986205292111e-01 5.141369778837444e+01
1.762521094420358e-01 5.146564190288098e+01
1.766063676452039e-01 5.151759442073663e+01
1.769613976527363e-01 5.156955533915490e+01
1.773172019896198e-01 5.162152465532568e+01
1.776737831918678e-01 5.167350236641528e+01
1.780311438065796e-01 5.172548846956620e+01
1.783892863920020e-01 5.177748296189706e+01
1.787482135175897e-01 5.182948584050238e+01
1.791079277640667e-01 5.188149710245255e+01
1.794684317234889e-01 5.193351674479361e+01
1.798297279993053e-01 5.198554476454713e+01
1.801918192064217e-01 5.203758115871013e+01
1.805547079712631e-01 5.208962592425485e+01
1.809183969318372e-01 5.214167905812869e+01
1.812828887377989e-01 5.219374055725401e+01
1.816481860505142e-01 5.224581041852806e+01
1.820142915431248e-01 5.229788863882274e+01
1.823812079006139e-01 5.234997521498453e+01
1.827489378198712e-01 5.240207014383433e+01
1.831174840097595e-01 5.245417342216732e+01
1.834868491911809e-01 5.250628504675274e+01
1.838570360971438e-01 5.255840501433394e+01
1.842280474728305e-01 5.261053332162794e+01
1.845998860756648e-01 5.266266996532556e+01
1.849725546753804e-01 5.271481494209110e+01
1.853460560540897e-01 5.276696824856218e+01
1.857203930063533e-01 5.281912988134980e+01
1.860955683392489e-01 5.287129983703785e+01
1.864715848724426e-01 5.292347811218329e+01
1.868484454382585e-01 5.297566470331578e+01
1.872261528817503e-01 5.302785960693755e+01
1.876047100607731e-01 5.308006281952336e+01
1.879841198460549e-01 5.313227433752021e+01
1.883643851212697e-01 5.318449415734725e+01
1.887455087831103e-01 5.323672227539559e+01
1.891274937413619e-01 5.328895868802816e+01
1.895103429189759e-01 5.334120339157955e+01
1.898940592521453e-01 5.339345638235581e+01
1.902786456903784e-01 5.344571765663436e+01
1.906641051965758e-01 5.349798721066369e+01
1.910504407471054e-01 5.355026504066337e+01
1.914376553318797e-01 5.360255114282372e+01
1.918257519544325e-01 5.365484551330577e+01
1.922147336319968e-01 5.370714814824096e+01
1.926046033955830e-01 5.375945904373114e+01
1.929953642900574e-01 5.381177819584818e+01
1.933870193742216e-01 5.386410560063401e+01
1.937795717208926e-01 5.391644125410030e+01
1.941730244169825e-01 5.396878515222834e+01
1.945673805635800e-01 5.402113729096884e+01
1.949626432760319e-01 5.407349766624183e+01
1.953588156840244e-01 5.412586627393635e+01
1.957559009316667e-01 5.417824310991033e+01
1.961539021775735e-01 5.423062816999047e+01
1.965528225949488e-01 5.428302144997198e+01
1.969526653716707e-01 5.433542294561840e+01
1.973534337103758e-01 5.438783265266144e+01
1.977551308285448e-01 5.444025056680078e+01
1.981577599585889e-01 5.449267668370391e+01
1.985613243479363e-01 5.454511099900588e+01
1.989658272591194e-01 5.459755350830915e+01
1.993712719698628e-01 5.465000420718342e+01
1.997776617731721e-01 5.470246309116540e+01
2.001849999774226e-01 5.475493015575857e+01
2.005932899064494e-01 5.480740539643314e+01
2.010025348996376e-01 5.485988880862565e+01
2.014127383120136e-01 5.491238038773893e+01
2.018239035143366e-01 5.496488012914182e+01
2.022360338931909e-01 5.501738802816899e+01
2.026491328510789e-01 5.506990408012076e+01
2.030632038065148e-01 5.512242828026281e+01
2.034782501941191e-01 5.517496062382612e+01
2.038942754647130e-01 5.522750110600663e+01
2.043112830854145e-01 5.528004972196505e+01
2.047292765397348e-01 5.533260646682673e+01
2.051482593276747e-01 5.538517133568137e+01
2.055682349658230e-01 5.543774432358286e+01
2.059892069874545e-01 5.549032542554902e+01
2.064111789426290e-01 5.554291463656139e+01
2.068341543982914e-01 5.559551195156507e+01
2.072581369383721e-01 5.564811736546841e+01
2.076831301638880e-01 5.570073087314285e+01
2.081091376930448e-01 5.575335246942272e+01
2.085361631613394e-01 5.580598214910492e+01
2.089642102216634e-01 5.585861990694878e+01
2.093932825444073e-01 5.591126573767581e+01
2.098233838175654e-01 5.596391963596948e+01
2.102545177468416e-01 5.601658159647497e+01
2.106866880557555e-01 5.606925161379892e+01
2.111198984857498e-01 5.612192968250925e+01
2.115541527962982e-01 5.617461579713493e+01
2.119894547650145e-01 5.622730995216563e+01
2.124258081877615e-01 5.628001214205163e+01
2.128632168787618e-01 5.633272236120347e+01
2.133016846707089e-01 5.638544060399180e+01
2.137412154148788e-01 5.643816686474704e+01
2.141818129812433e-01 5.649090113775921e+01
2.146234812585833e-01 5.654364341727763e+01
2.150662241546028e-01 5.659639369751072e+01
2.155100455960451e-01 5.664915197262571e+01
2.159549495288079e-01 5.670191823674840e+01
2.164009399180611e-01 5.675469248396293e+01
2.168480207483637e-01 5.680747470831150e+01
2.172961960237833e-01 5.686026490379408e+01
2.177454697680153e-01 5.691306306436822e+01
2.181958460245030e-01 5.696586918394873e+01
2.186473288565596e-01 5.701868325640748e+01
2.190999223474895e-01 5.707150527557302e+01
2.195536306007124e-01 5.712433523523050e+01
2.200084577398866e-01 5.717717312912117e+01
2.204644079090339e-01 5.723001895094228e+01
2.209214852726662e-01 5.728287269434675e+01
2.213796940159115e-01 5.733573435294292e+01
2.218390383446419e-01 5.738860392029424e+01
2.222995224856023e-01 5.744148138991895e+01
2.227611506865403e-01 5.749436675528995e+01
2.232239272163364e-01 5.754726000983428e+01
2.236878563651357e-01 5.760016114693315e+01
2.241529424444806e-01 5.765307015992132e+01
2.246191897874444e-01 5.770598704208704e+01
2.250866027487655e-01 5.775891178667166e+01
2.255551857049836e-01 5.781184438686938e+01
2.260249430545757e-01 5.786478483582691e+01
2.264958792180940e-01 5.791773312664322e+01
2.269679986383046e-01 5.797068925236920e+01
2.274413057803269e-01 5.802365320600737e+01
2.279158051317751e-01 5.807662498051163e+01
2.283915012028990e-01 5.812960456878681e+01
2.288683985267278e-01 5.818259196368850e+01
2.293465016592135e-01 5.823558715802272e+01
2.298258151793765e-01 5.828859014454554e+01
2.303063436894510e-01 5.834160091596281e+01
2.307880918150335e-01 5.839461946492982e+01
2.312710642052298e-01 5.844764578405103e+01
2.317552655328058e-01 5.850067986587967e+01
2.322407004943375e-01 5.855372170291744e+01
2.327273738103627e-01 5.860677128761425e+01
2.332152902255350e-01 5.865982861236782e+01
2.337044545087767e-01 5.871289366952329e+01
2.341948714534352e-01 5.876596645137307e+01
2.346865458774389e-01 5.881904695015628e+01
2.351794826234556e-01 5.887213515805861e+01
2.356736865590505e-01 5.892523106721179e+01
2.361691625768479e-01 5.897833466969342e+01
2.366659155946911e-01 5.903144595752649e+01
2.371639505558062e-01 5.908456492267910e+01
2.376632724289656e-01 5.913769155706407e+01
2.381638862086531e-01 5.919082585253863e+01
2.386657969152310e-01 5.924396780090400e+01
2.391690095951074e-01 5.929711739390505e+01
2.396735293209057e-01 5.935027462322996e+01
2.401793611916343e-01 5.940343948050986e+01
2.406865103328598e-01 5.945661195731841e+01
2.411949818968785e-01 5.950979204517143e+01
2.417047810628921e-01 5.956297973552661e+01
2.422159130371827e-01 5.961617501978299e+01
2.427283830532910e-01 5.966937788928073e+01
2.432421963721937e-01 5.972258833530063e+01
2.437573582824846e-01 5.977580634906374e+01
2.442738741005556e-01 5.982903192173104e+01
2.447917491707793e-01 5.988226504440295e+01
2.453109888656941e-01 5.993550570811905e+01
2.458315985861890e-01 5.998875390385754e+01
2.463535837616919e-01 6.004200962253501e+01
2.468769498503575e-01 6.009527285500583e+01
2.474017023392580e-01 6.014854359206197e+01
2.479278467445746e-01 6.020182182443236e+01
2.484553886117912e-01 6.025510754278265e+01
2.489843335158886e-01 6.030840073771468e+01
2.495146870615416e-01 6.036170139976617e+01
2.500464548833163e-01 6.041500951941013e+01
2.505796426458701e-01 6.046832508705464e+01
2.511142560441528e-01 6.052164809304223e+01
2.516503008036087e-01 6.057497852764956e+01
2.521877826803824e-01 6.062831638108693e+01
2.527267074615231e-01 6.068166164349786e+01
2.532670809651939e-01 6.073501430495867e+01
2.538089090408798e-01 6.078837435547794e+01
2.543521975696000e-01 6.084174178499617e+01
2.548969524641197e-01 6.089511658338525e+01
2.554431796691651e-01 6.094849874044803e+01
2.559908851616396e-01 6.100188824591786e+01
2.565400749508417e-01 6.105528508945810e+01
2.570907550786848e-01 6.110868926066167e+01
2.576429316199187e-01 6.116210074905056e+01
2.581966106823533e-01 6.121551954407539e+01
2.587517984070833e-01 6.126894563511487e+01
2.593085009687158e-01 6.132237901147536e+01
2.598667245755986e-01 6.137581966239037e+01
2.604264754700515e-01 6.142926757702008e+01
2.609877599285988e-01 6.148272274445077e+01
2.615505842622040e-01 6.153618515369445e+01
2.621149548165057e-01 6.158965479368821e+01
2.626808779720573e-01 6.164313165329382e+01
2.632483601445663e-01 6.169661572129720e+01
2.638174077851375e-01 6.175010698640782e+01
2.643880273805168e-01 6.180360543725830e+01
2.649602254533384e-01 6.185711106240377e+01
2.655340085623728e-01 6.191062385032146e+01
2.661093833027776e-01 6.196414378941001e+01
2.666863563063502e-01 6.201767086798912e+01
2.672649342417825e-01 6.207120507429885e+01
2.678451238149180e-01 6.212474639649913e+01
2.684269317690106e-01 6.217829482266924e+01
2.690103648849862e-01 6.223185034080721e+01
2.695954299817057e-01 6.228541293882925e+01
2.701821339162312e-01 6.233898260456925e+01
2.707704835840934e-01 6.239255932577816e+01
2.713604859195619e-01 6.244614309012338e+01
2.719521478959179e-01 6.249973388518828e+01
2.725454765257283e-01 6.255333169847151e+01
2.731404788611236e-01 6.260693651738653e+01
2.737371619940764e-01 6.266054832926088e+01
2.743355330566840e-01 6.271416712133568e+01
2.749355992214519e-01 6.276779288076499e+01
2.755373677015810e-01 6.282142559461525e+01
2.761408457512557e-01 6.287506524986453e+01
2.767460406659368e-01 6.292871183340213e+01
2.773529597826539e-01 6.298236533202773e+01
2.779616104803032e-01 6.303602573245091e+01
2.785720001799458e-01 6.308969302129047e+01
2.791841363451095e-01 6.314336718507377e+01
2.797980264820932e-01 6.319704821023615e+01
2.804136781402733e-01 6.325073608312019e+01
2.810310989124139e-01 6.330443078997513e+01
2.816502964349777e-01 6.335813231695616e+01
2.822712783884424e-01 6.341184065012382e+01
2.828940524976168e-01 6.346555577544322e+01
2.835186265319625e-01 6.351927767878348e+01
2.841450083059153e-01 6.357300634591697e+01
2.847732056792130e-01 6.362674176251863e+01
2.854032265572228e-01 6.368048391416531e+01
2.860350788912733e-01 6.373423278633503e+01
2.866687706789892e-01 6.378798836440635e+01
2.873043099646282e-01 6.384175063365747e+01
2.879417048394227e-01 6.389551957926582e+01
2.885809634419210e-01 6.394929518630699e+01
2.892220939583360e-01 6.400307743975426e+01
2.898651046228929e-01 6.405686632447777e+01
2.905100037181828e-01 6.411066182524371e+01
2.911567995755176e-01 6.416446392671369e+01
2.918055005752894e-01 6.421827261344396e+01
2.924561151473318e-01 6.427208786988452e+01
2.931086517712858e-01 6.432590968037852e+01
2.937631189769674e-01 6.437973802916142e+01
2.944195253447399e-01 6.443357290036016e+01
2.950778795058887e-01 6.448741427799244e+01
2.957381901429991e-01 6.454126214596587e+01
2.964004659903393e-01 6.459511648807727e+01
2.970647158342435e-01 6.464897728801166e+01
2.977309485135029e-01 6.470284452934169e+01
2.983991729197555e-01 6.475671819552662e+01
2.990693979978831e-01 6.481059826991158e+01
2.997416327464099e-01 6.486448473572673e+01
3.004158862179053e-01 6.491837757608641e+01
3.010921675193902e-01 6.497227677398826e+01
3.017704858127468e-01 6.502618231231237e+01
3.024508503151334e-01 6.508009417382044e+01
3.031332702994001e-01 6.513401234115489e+01
3.038177550945120e-01 6.518793679683796e+01
3.045043140859726e-01 6.524186752327084e+01
3.051929567162540e-01 6.529580450273278e+01
3.058836924852293e-01 6.534974771738015e+01
3.065765309506094e-01 6.540369714924555e+01
3.072714817283839e-01 6.545765278023688e+01
3.079685544932662e-01 6.551161459213644e+01
3.086677589791419e-01 6.556558256659993e+01
3.093691049795227e-01 6.561955668515557e+01
3.100726023480029e-01 6.567353692920308e+01
3.107782609987210e-01 6.572752328001278e+01
3.114860909068260e-01 6.578151571872456e+01
3.121961021089466e-01 6.583551422634696e+01
3.129083047036665e-01 6.588951878375613e+01
3.136227088520021e-01 6.594352937169484e+01
3.143393247778868e-01 6.599754597077148e+01
3.150581627686579e-01 6.605156856145908e+01
3.157792331755495e-01 6.610559712409423e+01
3.165025464141887e-01 6.615963163887605e+01
3.172281129650978e-01 6.621367208586517e+01
3.179559433742001e-01 6.626771844498268e+01
3.186860482533310e-01 6.632177069600907e+01
3.194184382807533e-01 6.637582881858310e+01
3.201531242016784e-01 6.642989279220080e+01
3.208901168287918e-01 6.648396259621433e+01
3.216294270427827e-01 6.653803820983084e+01
3.223710657928808e-01 6.659211961211152e+01
3.231150440973956e-01 6.664620678197024e+01
3.238613730442627e-01 6.670029969817263e+01
3.246100637915946e-01 6.675439833933481e+01
3.253611275682366e-01 6.680850268392228e+01
3.261145756743282e-01 6.686261271024877e+01
3.268704194818701e-01 6.691672839647504e+01
3.276286704352959e-01 6.697084972060770e+01
3.283893400520498e-01 6.702497666049804e+01
3.291524399231706e-01 6.707910919384079e+01
3.299179817138788e-01 6.713324729817290e+01
3.306859771641728e-01 6.718739095087237e+01
3.314564380894274e-01 6.724154012915693e+01
3.322293763810013e-01 6.729569481008284e+01
3.330048040068474e-01 6.734985497054362e+01
3.337827330121318e-01 6.740402058726872e+01
3.345631755198566e-01 6.745819163682236e+01
3.353461437314899e-01 6.751236809560208e+01
3.361316499276016e-01 6.756654993983756e+01
3.369197064685061e-01 6.762073714558917e+01
3.377103257949093e-01 6.767492968874676e+01
3.385035204285647e-01 6.772912754502822e+01
3.392993029729335e-01 6.778333068997817e+01
3.400976861138525e-01 6.783753909896657e+01
3.408986826202082e-01 6.789175274718733e+01
3.417023053446175e-01 6.794597160965688e+01
3.425085672241153e-01 6.800019566121287e+01
3.433174812808482e-01 6.805442487651260e+01
3.441290606227763e-01 6.810865923003166e+01
3.449433184443806e-01 6.816289869606247e+01
3.457602680273788e-01 6.821714324871282e+01
3.465799227414466e-01 6.827139286190436e+01
3.474022960449473e-01 6.832564750937108e+01
3.482274014856689e-01 6.837990716465796e+01
3.490552527015677e-01 6.843417180111919e+01
3.498858634215195e-01 6.848844139191687e+01
3.507192474660787e-01 6.854271591001930e+01
3.515554187482453e-01 6.859699532819951e+01
3.523943912742381e-01 6.865127961903363e+01
3.532361791442780e-01 6.870556875489926e+01
3.540807965533767e-01 6.875986270797395e+01
3.549282577921358e-01 6.881416145023348e+01
3.557785772475516e-01 6.886846495345031e+01
3.566317694038305e-01 6.892277318919179e+01
3.574878488432101e-01 6.897708612881857e+01
3.583468302467909e-01 6.903140374348295e+01
3.592087283953755e-01 6.908572600412707e+01
3.600735581703157e-01 6.914005288148122e+01
3.609413345543699e-01 6.919438434606217e+01
3.618120726325676e-01 6.924872036817126e+01
3.626857875930840e-01 6.930306091789276e+01
3.635624947281226e-01 6.935740596509204e+01
3.644422094348080e-01 6.941175547941370e+01
3.653249472160869e-01 6.946610943027981e+01
3.662107236816388e-01 6.952046778688806e+01
3.670995545487958e-01 6.957483051820981e+01
3.679914556434734e-01 6.962919759298831e+01
3.688864429011083e-01 6.968356897973678e+01
3.697845323676084e-01 6.973794464673637e+01
3.706857402003118e-01 6.979232456203442e+01
3.715900826689549e-01 6.984670869344234e+01
3.724975761566526e-01 6.990109700853367e+01
3.734082371608866e-01 6.995548947464212e+01
3.743220822945063e-01 7.000988605885952e+01
3.752391282867373e-01 7.006428672803375e+01
3.761593919842045e-01 7.011869144876680e+01
3.770828903519614e-01 7.017310018741250e+01
3.780096404745344e-01 7.022751291007459e+01
3.789396595569755e-01 7.028192958260455e+01
3.798729649259268e-01 7.033635017059936e+01
3.808095740306974e-01 7.039077463939950e+01
3.817495044443502e-01 7.044520295408660e+01
3.826927738648012e-01 7.049963507948137e+01
3.836394001159297e-01 7.055407098014125e+01
3.845894011487024e-01 7.060851062035826e+01
3.855427950423062e-01 7.066295396415666e+01
3.864996000052970e-01 7.071740097529064e+01
3.874598343767571e-01 7.077185161724205e+01
3.884235166274686e-01 7.082630585321800e+01
3.893906653610961e-01 7.088076364614852e+01
3.903612993153856e-01 7.093522495868416e+01
3.913354373633728e-01 7.098968975319357e+01
3.923130985146076e-01 7.104415799176100e+01
3.932943019163904e-01 7.109862963618396e+01
3.942790668550217e-01 7.115310464797057e+01
3.952674127570663e-01 7.120758298833718e+01
3.962593591906302e-01 7.126206461820567e+01
3.972549258666523e-01 7.131654949820104e+01
3.982541326402101e-01 7.137103758864869e+01
3.992569995118397e-01 7.142552884957183e+01
4.002635466288695e-01 7.148002324068884e+01
4.012737942867711e-01 7.153452072141053e+01
4.022877629305212e-01 7.158902125083755e+01
4.033054731559824e-01 7.164352478775749e+01
4.043269457112975e-01 7.169803129064226e+01
4.053522014982989e-01 7.175254071764519e+01
4.063812615739349e-01 7.180705302659824e+01
4.074141471517108e-01 7.186156817500917e+01
4.084508796031470e-01 7.191608612005859e+01
4.094914804592526e-01 7.197060681859715e+01
4.105359714120167e-01 7.202513022714245e+01
4.115843743159145e-01 7.207965630187616e+01
4.126367111894332e-01 7.213418499864098e+01
4.136930042166116e-01 7.218871627293764e+01
4.147532757486005e-01 7.224325007992174e+01
4.158175483052385e-01 7.229778637440072e+01
4.168858445766463e-01 7.235232511083063e+01
4.179581874248398e-01 7.240686624331313e+01
4.190345998853603e-01 7.246140972559203e+01
4.201151051689247e-01 7.251595551105031e+01
4.211997266630930e-01 7.257050355270658e+01
4.222884879339568e-01 7.262505380321203e+01
4.233814127278448e-01 7.267960621484686e+01
4.244785249730506e-01 7.273416073951702e+01
4.255798487815774e-01 7.278871732875078e+01
4.266854084509065e-01 7.284327593369518e+01
4.277952284657819e-01 7.289783650511268e+01
4.289093335000200e-01 7.295239899337750e+01
4.300277484183363e-01 7.300696334847207e+01
4.311504982781963e-01 7.306152951998347e+01
4.322776083316871e-01 7.311609745709976e+01
4.334091040274092e-01 7.317066710860624e+01
4.345450110123935e-01 7.322523842288180e+01
4.356853551340377e-01 7.327981134789505e+01
4.368301624420682e-01 7.333438583120059e+01
4.379794591905221e-01 7.338896181993510e+01
4.391332718397560e-01 7.344353926081348e+01
4.402916270584749e-01 7.349811810012484e+01
4.414545517257886e-01 7.355269828372865e+01
4.426220729332892e-01 7.360727975705053e+01
4.437942179871560e-01 7.366186246507831e+01
4.449710144102844e-01 7.371644635235785e+01
4.461524899444389e-01 7.377103136298889e+01
4.473386725524349e-01 7.382561744062086e+01
4.485295904203428e-01 7.388020452844852e+01
4.497252719597226e-01 7.393479256920781e+01
4.509257458098812e-01 7.398938150517137e+01
4.521310408401612e-01 7.404397127814414e+01
4.533411861522529e-01 7.409856182945902e+01
4.545562110825389e-01 7.415315309997217e+01
4.557761452044620e-01 7.420774503005867e+01
4.570010183309277e-01 7.426233755960774e+01
4.582308605167298e-01 7.431693062801818e+01
4.594657020610106e-01 7.437152417419357e+01
4.607055735097491e-01 7.442611813653761e+01
4.619505056582780e-01 7.448071245294921e+01
4.632005295538359e-01 7.453530706081766e+01
4.644556764981459e-01 7.458990189701764e+01
4.657159780500303e-01 7.464449689790435e+01
4.669814660280538e-01 7.469909199930828e+01
4.682521725132036e-01 7.475368713653033e+01
4.695281298515974e-01 7.480828224433641e+01
4.708093706572313e-01 7.486287725695242e+01
4.720959278147557e-01 7.491747210805880e+01
4.733878344822904e-01 7.497206673078534e+01
4.746851240942734e-01 7.502666105770564e+01
4.759878303643438e-01 7.508125502083169e+01
4.772959872882641e-01 7.513584855160840e+01
4.786096291468756e-01 7.519044158090787e+01
4.799287905090950e-01 7.524503403902388e+01
4.812535062349445e-01 7.529962585566598e+01
4.825838114786249e-01 7.535421695995386e+01
4.839197416916229e-01 7.540880728041137e+01
4.852613326258627e-01 7.546339674496069e+01
4.866086203368930e-01 7.551798528091616e+01
4.879616411871195e-01 7.557257281497843e+01
4.893204318490740e-01 7.562715927322809e+01
4.906850293087289e-01 7.568174458111959e+01
4.920554708688538e-01 7.573632866347491e+01
4.934317941524123e-01 7.579091144447713e+01
4.948140371060079e-01 7.584549284766413e+01
4.962022380033688e-01 7.590007279592187e+01
4.975964354488826e-01 7.595465121147798e+01
4.989966683811733e-01 7.600922801589492e+01
5.004029760767280e-01 7.606380313006336e+01
5.018153981535676e-01 7.611837647419522e+01
5.032339745749687e-01 7.617294796781681e+01
5.046587456532315e-01 7.622751752976181e+01
5.060897520535003e-01 7.628208507816419e+01
5.075270347976297e-01 7.633665053045101e+01
5.089706352681068e-01 7.639121380333511e+01
5.104205952120223e-01 7.644577481280790e+01
5.118769567450939e-01 7.650033347413174e+01
5.133397623557459e-01 7.655488970183254e+01
5.148090549092385e-01 7.660944340969205e+01
5.162848776518580e-01 7.666399451074020e+01
5.177672742151570e-01 7.671854291724721e+01
5.192562886202569e-01 7.677308854071579e+01
5.207519652822025e-01 7.682763129187299e+01
5.222543490143813e-01 7.688217108066225e+01
5.237634850329969e-01 7.693670781623503e+01
5.252794189616059e-01 7.699124140694261e+01
5.268021968357169e-01 7.704577176032770e+01
5.283318651074480e-01 7.710029878311576e+01
5.298684706502530e-01 7.715482238120660e+01
5.314120607637068e-01 7.720934245966546e+01
5.329626831783612e-01 7.726385892271429e+01
5.345203860606621e-01 7.731837167372274e+01
5.360852180179394e-01 7.737288061519908e+01
5.376572281034609e-01 7.742738564878110e+01
5.392364658215598e-01 7.748188667522675e+01
5.408229811328295e-01 7.753638359440475e+01
5.424168244593938e-01 7.759087630528509e+01
5.440180466902479e-01 7.764536470592932e+01
5.456266991866739e-01 7.769984869348079e+01
5.472428337877350e-01 7.775432816415486e+01
5.488665028158403e-01 7.780880301322867e+01
5.504977590823950e-01 7.786327313503124e+01
5.521366558935232e-01 7.791773842293296e+01
5.537832470558779e-01 7.797219876933534e+01
5.554375868825258e-01 7.802665406566037e+01
5.570997301989221e-01 7.808110420233990e+01
5.587697323489655e-01 7.813554906880478e+01
5.604476492011421e-01 7.818998855347391e+01
5.621335371547542e-01 7.824442254374318e+01
5.638274531462404e-01 7.829885092597416e+01
5.655294546555859e-01 7.835327358548277e+01
5.672395997128228e-01 7.840769040652768e+01
5.689579469046271e-01 7.846210127229872e+01
5.706845553810069e-01 7.851650606490493e+01
5.724194848620927e-01 7.857090466536265e+01
5.741627956450192e-01 7.862529695358330e+01
5.759145486109140e-01 7.867968280836114e+01
5.776748052319828e-01 7.873406210736071e+01
5.794436275787017e-01 7.878843472710432e+01
5.812210783271119e-01 7.884280054295908e+01
5.830072207662235e-01 7.889715942912407e+01
5.848021188055269e-01 7.895151125861713e+01
5.866058369826151e-01 7.900585590326153e+01
5.884184404709211e-01 7.906019323367252e+01
5.902399950875639e-01 7.911452311924360e+01
5.920705673013191e-01 7.916884542813271e+01
5.939102242407006e-01 7.922316002724816e+01
5.957590337021690e-01 7.927746678223436e+01
5.976170641584573e-01 7.933176555745749e+01
5.994843847670273e-01 7.938605621599081e+01
6.013610653786474e-01 7.944033861959983e+01
6.032471765461052e-01 7.949461262872740e+01
6.051427895330461e-01 7.954887810247834e+01
6.070479763229516e-01 7.960313489860418e+01
6.089628096282491e-01 7.965738287348739e+01
6.108873628995630e-01 7.971162188212558e+01
6.128217103351079e-01 7.976585177811552e+01
6.147659268902215e-01 7.982007241363668e+01
6.167200882870495e-01 7.987428363943496e+01
6.186842710243738e-01 7.992848530480572e+01
6.206585523875973e-01 7.998267725757700e+01
6.226430104588783e-01 8.003685934409225e+01
6.246377241274272e-01 8.009103140919289e+01
6.266427730999580e-01 8.014519329620070e+01
6.286582379113073e-01 8.019934484689983e+01
6.306841999352159e-01 8.025348590151872e+01
6.327207413952801e-01 8.030761629871155e+01
6.347679453760782e-01 8.036173587553976e+01
6.368258958344652e-01 8.041584446745297e+01
6.388946776110548e-01 8.046994190826982e+01
6.409743764418740e-01 8.052402803015852e+01
6.430650789702111e-01 8.057810266361713e+01
6.451668727586453e-01 8.063216563745347e+01
6.472798463012733e-01 8.068621677876493e+01
6.494040890361286e-01 8.074025591291780e+01
6.515396913578015e-01 8.079428286352645e+01
6.536867446302606e-01 8.084829745243208e+01
6.558453411998837e-01 8.090229949968140e+01
6.580155744086963e-01 8.095628882350471e+01
6.601975386078263e-01 8.101026524029383e+01
6.623913291711797e-01 8.106422856457986e+01
6.645970425093335e-01 8.111817860901022e+01
6.668147760836629e-01 8.117211518432580e+01
6.690446284206932e-01 8.122603809933747e+01
6.712866991266938e-01 8.127994716090245e+01
6.735410889025074e-01 8.133384217390018e+01
6.758078995586287e-01 8.138772294120801e+01
6.780872340305294e-01 8.144158926367631e+01
6.803791963942416e-01 8.149544094010356e+01
6.826838918821966e-01 8.154927776721065e+01
6.850014268993320e-01 8.160309953961523e+01
6.873319090394686e-01 8.165690604980537e+01
6.896754471019585e-01 8.171069708811297e+01
6.920321511086200e-01 8.176447244268684e+01
6.944021323209526e-01 8.181823189946519e+01
6.967855032576489e-01 8.187197524214801e+01
6.991823777123999e-01 8.192570225216866e+01
7.015928707720076e-01 8.197941270866546e+01
7.040170988348038e-01 8.203310638845250e+01
7.064551796293876e-01 8.208678306599026e+01
7.089072322336822e-01 8.214044251335568e+01
7.113733770943237e-01 8.219408450021183e+01
7.138537360463810e-01 8.224770879377711e+01
7.163484323334209e-01 8.230131515879394e+01
7.188575906279223e-01 8.235490335749715e+01
7.213813370520425e-01 8.240847314958167e+01
7.239197991987527e-01 8.246202429216993e+01
7.264731061533380e-01 8.251555653977866e+01
7.290413885152820e-01 8.256906964428524e+01
7.316247784205311e-01 8.262256335489347e+01
7.342234095641597e-01 8.267603741809900e+01
7.368374172234307e-01 8.272949157765396e+01
7.394669382812733e-01 8.278292557453133e+01
7.421121112501742e-01 8.283633914688865e+01
7.447730762965018e-01 8.288973203003107e+01
7.474499752652625e-01 8.294310395637410e+01
7.501429517053065e-01 8.299645465540549e+01
7.528521508949899e-01 8.304978385364679e+01
7.555777198682962e-01 8.310309127461416e+01
7.583198074414412e-01 8.315637663877862e+01
7.610785642399546e-01 8.320963966352572e+01
7.638541427262641e-01 8.326288006311455e+01
7.666466972277799e-01 8.331609754863612e+01
7.694563839655019e-01 8.336929182797115e+01
7.722833610831477e-01 8.342246260574711e+01
7.751277886768289e-01 8.347560958329476e+01
7.779898288252699e-01 8.352873245860374e+01
7.808696456205949e-01 8.358183092627776e+01
7.837674051996919e-01 8.363490467748898e+01
7.866832757761578e-01 8.368795339993154e+01
7.896174276728530e-01 8.374097677777465e+01
7.925700333550614e-01 8.379397449161463e+01
7.955412674642872e-01 8.384694621842650e+01
7.985313068526849e-01 8.389989163151448e+01
8.015403306181526e-01 8.395281040046211e+01
8.045685201400874e-01 8.400570219108116e+01
8.076160591158371e-01 8.405856666536006e+01
8.106831335978412e-01 8.411140348141136e+01
8.137699320314984e-01 8.416421229341837e+01
8.168766452937599e-01 8.421699275158102e+01
8.200034667324756e-01 8.426974450206070e+01
8.231505922065083e-01 8.432246718692451e+01
8.263182201266253e-01 8.437516044408827e+01
8.295065514972011e-01 8.442782390725887e+01
8.327157899587309e-01 8.448045720587561e+01
8.359461418311925e-01 8.453305996505064e+01
8.391978161582572e-01 8.458563180550831e+01
8.424710247523890e-01 8.463817234352382e+01
8.457659822408335e-01 8.469068119086049e+01
8.490829061125349e-01 8.474315795470642e+01
8.524220167659867e-01 8.479560223760986e+01
8.557835375580517e-01 8.484801363741360e+01
8.591676948537679e-01 8.490039174718841e+01
8.625747180771568e-01 8.495273615516516e+01
8.660048397630780e-01 8.500504644466614e+01
8.694582956101271e-01 8.505732219403492e+01
8.729353245346314e-01 8.510956297656548e+01
8.764361687257410e-01 8.516176836042973e+01
8.799610737016699e-01 8.521393790860421e+01
8.835102883670874e-01 8.526607117879536e+01
8.870840650717126e-01 8.531816772336376e+01
8.906826596701192e-01 8.537022708924690e+01
8.943063315828010e-01 8.542224881788090e+01
8.979553438585087e-01 8.547423244512078e+01
9.016299632379049e-01 8.552617750115954e+01
9.053304602185650e-01 8.557808351044577e+01
9.090571091213492e-01 8.562994999160003e+01
9.128101881581967e-01 8.568177645732980e+01
9.165899795013552e-01 8.573356241434296e+01
9.203967693541085e-01 8.578530736325996e+01
9.242308480230101e-01 8.583701079852437e+01
9.280925099916885e-01 8.588867220831219e+01
9.319820539962410e-01 8.594029107443929e+01
9.358997831022766e-01 8.599186687226772e+01
9.398460047836282e-01 8.604339907061012e+01
9.438210310028006e-01 8.609488713163277e+01
9.478251782931756e-01 8.614633051075684e+01
9.518587678430378e-01 8.619772865655811e+01
9.559221255814609e-01 8.624908101066502e+01
9.600155822660936e-01 8.630038700765490e+01
9.641394735729177e-01 8.635164607494860e+01
9.682941401880011e-01 8.640285763270323e+01
9.724799279013253e-01 8.645402109370316e+01
9.766971877027188e-01 8.650513586324924e+01
9.809462758799729e-01 8.655620133904608e+01
9.852275541191751e-01 8.660721691108742e+01
9.895413896073453e-01 8.665818196153967e+01
9.938881551374099e-01 8.670909586462339e+01
9.982682292155968e-01 8.675995798649286e+01
1.002681996171309e+00 8.681076768511356e+01
1.007129846269536e+00 8.686152431013757e+01
1.011612175825889e+00 8.691222720277696e+01
1.016129387324314e+00 8.696287569567497e+01
1.020681889537572e+00 8.701346911277503e+01
1.025270097650540e+00 8.706400676918756e+01
1.029894433386446e+00 8.711448797105459e+01
1.034555325136074e+00 8.716491201541199e+01
1.039253208090064e+00 8.721527819004952e+01
1.043988524374365e+00 8.726558577336831e+01
1.048761723188941e+00 8.731583403423622e+01
1.053573260949819e+00 8.736602223184042e+01
1.058423601434573e+00 8.741614961553779e+01
1.063313215931351e+00 8.746621542470267e+01
1.068242583391517e+00 8.751621888857198e+01
1.073212190586052e+00 8.756615922608795e+01
1.078222532265787e+00 8.761603564573784e+01
1.083274111325604e+00 8.766584734539143e+01
1.088367438972691e+00 8.771559351213531e+01
1.093503034899007e+00 8.776527332210487e+01
1.098681427458042e+00 8.781488594031296e+01
1.103903153846024e+00 8.786443052047615e+01
1.109168760287686e+00 8.791390620483776e+01
1.114478802226745e+00 8.796331212398809e+01
1.119833844521221e+00 8.801264739668169e+01
1.125234461643735e+00 8.806191112965135e+01
1.130681237886954e+00 8.811110241741936e+01
1.136174767574320e+00 8.816022034210528e+01
1.141715655276234e+00 8.820926397323082e+01
1.147304516031842e+00 8.825823236752127e+01
1.152941975576631e+00 8.830712456870384e+01
1.158628670575959e+00 8.835593960730255e+01
1.164365248864755e+00 8.840467650042986e+01
1.170152369693540e+00 8.845333425157479e+01
1.175990703980987e+00 8.850191185038770e+01
1.181880934573212e+00 8.855040827246148e+01
1.187823756510009e+00 8.859882247910924e+01
1.193819877298259e+00 8.864715341713848e+01
1.199870017192707e+00 8.869540001862143e+01
1.205974909484392e+00 8.874356120066196e+01
1.212135300796909e+00 8.879163586515861e+01
1.218351951390820e+00 8.883962289856395e+01
1.224625635476417e+00 8.888752117164007e+01
1.230957141535155e+00 8.893532953921034e+01
1.237347272649991e+00 8.898304683990713e+01
1.243796846844966e+00 8.903067189591583e+01
1.250306697434286e+00 8.907820351271468e+01
1.256877673381252e+00 8.912564047881082e+01
1.263510639667341e+00 8.917298156547227e+01
1.270206477671780e+00 8.922022552645574e+01
1.276966085561977e+00 8.926737109773053e+01
1.283790378695141e+00 8.931441699719825e+01
1.290680290031510e+00 8.936136192440838e+01
1.297636770559534e+00 8.940820456026978e+01
1.304660789733461e+00 8.945494356675792e+01
1.311753335923719e+00 8.950157758661800e+01
1.318915416880549e+00 8.954810524306383e+01
1.326148060211337e+00 8.959452513947257e+01
1.333452313872134e+00 8.964083585907520e+01
1.340829246673834e+00 8.968703596464279e+01
1.348279948803550e+00 8.973312399816858e+01
1.355805532361706e+00 8.977909848054587e+01
1.363407131915399e+00 8.982495791124173e+01
1.371085905068622e+00 8.987070076796650e+01
1.378843033049938e+00 8.991632550633925e+01
1.386679721318244e+00 8.996183055954906e+01
1.394597200187252e+00 9.000721433801225e+01
1.402596725469412e+00 9.005247522902563e+01
1.410679579139926e+00 9.009761159641579e+01
1.418847070021652e+00 9.014262178018448e+01
1.427100534491604e+00 9.018750409615015e+01
1.435441337209918e+00 9.023225683558580e+01
1.443870871872043e+00 9.027687826485320e+01
1.452390561985099e+00 9.032136662503349e+01
1.461001861669264e+00 9.036572013155447e+01
1.469706256485148e+00 9.040993697381455e+01
1.478505264288163e+00 9.045401531480357e+01
1.487400436110882e+00 9.049795329072057e+01
1.496393357074511e+00 9.054174901058893e+01
1.505485647330554e+00 9.058540055586865e+01
1.514678963033889e+00 9.062890598006646e+01
1.523974997348432e+00 9.067226330834356e+01
1.533375481486735e+00 9.071547053712155e+01
1.542882185784794e+00 9.075852563368660e+01
1.552496920813511e+00 9.080142653579237e+01
1.562221538528272e+00 9.084417115126175e+01
1.572057933458143e+00 9.088675735758784e+01
1.582008043936338e+00 9.092918300153487e+01
1.592073853373580e+00 9.097144589873874e+01
1.602257391576172e+00 9.101354383330838e+01
1.612560736110557e+00 9.105547455742781e+01
1.622986013716358e+00 9.109723579095984e+01
1.633535401769844e+00 9.113882522105142e+01
1.644211129800020e+00 9.118024050174181e+01
1.655015481059474e+00 9.122147925357366e+01
1.665950794152378e+00 9.126253906320800e+01
1.677019464722024e+00 9.130341748304355e+01
1.688223947200499e+00 9.134411203084140e+01
1.699566756623154e+00 9.138462018935560e+01
1.711050470510685e+00 9.142493940597063e+01
1.722677730821812e+00 9.146506709234663e+01
1.734451245979618e+00 9.150500062407330e+01
1.746373792974866e+00 9.154473734033380e+01
1.758448219549670e+00 9.158427454357903e+01
1.770677446465178e+00 9.162360949921454e+01
1.783064469857014e+00 9.166273943530013e+01
1.795612363682512e+00 9.170166154226447e+01
1.808324282263899e+00 9.174037297263550e+01
1.821203462931880e+00 9.177887084078830e+01
1.834253228774274e+00 9.181715222271225e+01
1.847476991494565e+00 9.185521415579871e+01
1.860878254385600e+00 9.189305363865139e+01
1.874460615423808e+00 9.193066763092121e+01
1.888227770489751e+00 9.196805305316751e+01
1.902183516720977e+00 9.200520678674795e+01
1.916331756003671e+00 9.204212567373932e+01
1.930676498609733e+00 9.207880651689145e+01
1.945221866986512e+00 9.211524607961714e+01
1.959972099706623e+00 9.215144108602037e+01
1.974931555585888e+00 9.218738822096603e+01
1.990104717977713e+00 9.222308413019381e+01
2.005496199252871e+00 9.225852542047967e+01
2.021110745474049e+00 9.229370865984822e+01
2.036953241275095e+00 9.232863037783937e+01
2.053028714955572e+00 9.236328706583325e+01
2.069342343801682e+00 9.239767517743704e+01
2.085899459645498e+00 9.243179112893826e+01
2.102705554674932e+00 9.246563129982837e+01
2.119766287507846e+00 9.249919203340194e+01
2.137087489544312e+00 9.253246963743551e+01
2.154675171612113e+00 9.256546038495208e+01
2.172535530921270e+00 9.259816051507570e+01
2.190674958344637e+00 9.263056623398275e+01
2.209100046042388e+00 9.266267371595490e+01
2.227817595449623e+00 9.269447910454076e+01
2.246834625647378e+00 9.272597851383239e+01
2.266158382138641e+00 9.275716802986331e+01
2.285796346052530e+00 9.278804371213572e+01
2.305756243801069e+00 9.281860159528392e+01
2.326046057214878e+00 9.284883769088208e+01
2.346674034185578e+00 9.287874798940419e+01
2.367648699844866e+00 9.290832846234539e+01
2.388978868311935e+00 9.293757506451267e+01
2.410673655043402e+00 9.296648373649504e+01
2.432742489821964e+00 9.299505040732220e+01
2.455195130422756e+00 9.302327099732216e+01
2.478041676999006e+00 9.305114142118779e+01
2.501292587231468e+00 9.307865759126329e+01
2.524958692289515e+00 9.310581542106161e+01
2.549051213654908e+00 9.313261082902413e+01
2.573581780863315e+00 9.315903974253467e+01
2.598562450222329e+00 9.318509810219959e+01
2.624005724569477e+00 9.321078186640658e+01
2.649924574138062e+00 9.323608701617485e+01
2.676332458604175e+00 9.326100956030949e+01
2.703243350393444e+00 9.328554554087313e+01
2.730671759332513e+00 9.330969103898842e+01
2.758632758736419e+00 9.333344218098422e+01
2.787142013030592e+00 9.335679514489946e+01
2.816215807013764e+00 9.337974616735761e+01
2.845871076876592e+00 9.340229155082517e+01
2.876125443100294e+00 9.342442767126735e+01
2.906997245369369e+00 9.344615098621321e+01
2.938505579644000e+00 9.346745804324297e+01
2.970670337549345e+00 9.348834548890872e+01
3.003512248252705e+00 9.350881007809963e+01
3.037052923013575e+00 9.352884868386131e+01
3.071314902608020e+00 9.354845830767832e+01
3.106321707845822e+00 9.356763609022677e+01
3.142097893418514e+00 9.358637932260324e+01
3.178669105337273e+00 9.360468545803313e+01
3.216062142242963e+00 9.362255212406052e+01
3.254305020896517e+00 9.363997713521812e+01
3.293427046185777e+00 9.365695850617335e+01
3.333458886016656e+00 9.367349446534331e+01
3.374432651490606e+00 9.368958346896707e+01
3.416381982809183e+00 9.370522421562005e+01
3.459342141388439e+00 9.372041566114980e+01
3.503350108713540e+00 9.373515703400768e+01
3.548444692515794e+00 9.374944785094432e+01
3.594666640913115e+00 9.376328793303047e+01
3.642058765219228e+00 9.377667742195734e+01
3.690666072199847e+00 9.378961679656258e+01
3.740535906634519e+00 9.380210688951887e+01
3.791718105133250e+00 9.381414890411286e+01
3.844265162258625e+00 9.382574443103147e+01
3.898232410117107e+00 9.383689546506145e+01
3.953678212711449e+00 9.384760442159583e+01
4.010664176488956e+00 9.385787415282827e+01
4.069255378682742e+00 9.386770796350223e+01
4.129520615224910e+00 9.387710962606789e+01
4.191532670217589e+00 9.388608339508440e+01
4.255368609180626e+00 9.389463402068944e+01
4.321110098560485e+00 9.390276676094221e+01
4.388843754285189e+00 9.391048739282958e+01
4.458661522493713e+00 9.391780222170891e+01
4.530661095958771e+00 9.392471808894527e+01
4.604946370168734e+00 9.393124237748546e+01
4.681627943546778e+00 9.393738301509683e+01
4.760823666871626e+00 9.394314847498667e+01
4.842659247640651e+00 9.394854777350737e+01
4.927268915893356e+00 9.395359046464448e+01
5.014796158913414e+00 9.395828663098166e+01
5.105394533267488e+00 9.396264687083610e+01
5.199228563848515e+00 9.396668228126427e+01
5.296474740996126e+00 9.397040443665057e+01
5.397322628408440e+00 9.397382536261055e+01
5.501976096477844e+00 9.397695750497049e+01
5.610654697934510e+00 9.397981369362297e+01
5.723595205330680e+00 9.398240710110977e+01
5.841053333022669e+00 9.398475119584509e+01
5.963305670008235e+00 9.398685968997044e+01
6.090651854368171e+00 9.398874648192320e+01
6.223417025296646e+00 9.399042559390790e+01
6.361954594961110e+00 9.399191110458268e+01
6.506649389944026e+00 9.399321707741039e+01
6.657921221062497e+00 9.399435748527678e+01
6.816228951302791e+00 9.399534613214242e+01
6.982075144887862e+00 9.399619657266918e+01
7.156011396696556e+00 9.399692203094014e+01
7.338644461095726e+00 9.399753531956972e+01
7.530643323669169e+00 9.399804876066875e+01
7.732747389535996e+00 9.399847411027943e+01
7.945775999503685e+00 9.399882248801468e+01
8.170639532247407e+00 9.399910431371411e+01
8.408352409719289e+00 9.399932925294779e+01
8.660048397630748e+00 9.399950617314727e+01
8.926998687839813e+00 9.399964311200354e+01
9.210633371187006e+00 9.399974725953302e+01
9.512567066363051e+00 9.399982495486523e+01
9.834629674550763e+00 9.399988169834705e+01
1.017890349709632e+01 9.399992217899410e+01
1.054776830696649e+01 9.399995031666656e+01
1.094395643608637e+01 9.399996931763620e+01
1.137062057513847e+01 9.399998174148851e+01
1.183141784531483e+01 9.399998957663006e+01
1.233061488800578e+01 9.399999432111723e+01
1.287322036919172e+01 9.399999706516742e+01
1.346515362139442e+01 9.399999857162577e+01
1.411346146904514e+01 9.399999935089372e+01
1.482660010146078e+01 9.399999972739300e+01
1.561480595834140e+01 9.399999989550457e+01
1.649059024376431e+01 9.399999996399303e+01
1.746940797453088e+01 9.399999998905442e+01
1.857057792164350e+01 9.399999999713286e+01
1.981857052837087e+01 9.399999999937182e+01
2.124484779320247e+01 9.399999999988920e+01
2.289055232954624e+01 9.399999999998504e+01
2.481054095528106e+01 9.399999999999855e+01
2.707961842205806e+01 9.399999999999991e+01
2.980251138219106e+01 9.400000000000000e+01
3.313049166679730e+01 9.400000000000000e+01
3.729046702255599e+01 9.400000000000000e+01
4.263900676567307e+01 9.400000000000000e+01
