0.000000000000000e+00 0.000000000000000e+00
1.263319197704046e-04 3.449634974467841e-02
2.527896681461583e-04 6.898768016054646e-02
3.793734332118728e-04 1.034739921183245e-01
5.060834034272042e-04 1.379552864882854e-01
6.329197676277880e-04 1.724315641399059e-01
7.598827150261764e-04 2.069028259421657e-01
8.869724352127810e-04 2.413690727632627e-01
1.014189118156815e-03 2.758303054709401e-01
1.141532954207239e-03 3.102865249320530e-01
1.269004134093715e-03 3.447377320130371e-01
1.396602848927550e-03 3.791839275795965e-01
1.524329290202660e-03 4.136251124967458e-01
1.652183649796524e-03 4.480612876289740e-01
1.780166119971143e-03 4.824924538401163e-01
1.908276893374007e-03 5.169186119932192e-01
2.036516163039060e-03 5.513397629507821e-01
2.164884122387672e-03 5.857559075746650e-01
2.293380965229605e-03 6.201670467261451e-01
2.422006885763996e-03 6.545731812656754e-01
2.550762078580331e-03 6.889743120532046e-01
2.679646738659428e-03 7.233704399480914e-01
2.808661061374419e-03 7.577615658087637e-01
2.937805242491740e-03 7.921476904932589e-01
3.067079478172120e-03 8.265288148589178e-01
3.196483964971574e-03 8.609049397623778e-01
3.326018899842397e-03 8.952760660596795e-01
3.455684480134170e-03 9.296421946060747e-01
3.585480903594754e-03 9.640033262563534e-01
3.715408368371300e-03 9.983594618645029e-01
3.845467073011257e-03 1.032710602283977e+00
3.975657216463382e-03 1.067056748367428e+00
4.105978998078753e-03 1.101397900966909e+00
4.236432617611794e-03 1.135734060933956e+00
4.367018275221284e-03 1.170065229119217e+00
4.497736171471394e-03 1.204391406372800e+00
4.628586507332698e-03 1.238712593544179e+00
4.759569484183217e-03 1.273028791482048e+00
4.890685303809448e-03 1.307340001034568e+00
5.021934168407395e-03 1.341646223049239e+00
5.153316280583613e-03 1.375947458372778e+00
5.284831843356252e-03 1.410243707851265e+00
5.416481060156099e-03 1.444534972330239e+00
5.548264134827628e-03 1.478821252654406e+00
5.680181271630056e-03 1.513102549667963e+00
5.812232675238387e-03 1.547378864214288e+00
5.944418550744488e-03 1.581650197136135e+00
6.076739103658134e-03 1.615916549275703e+00
6.209194539908084e-03 1.650177921474388e+00
6.341785065843143e-03 1.684434314572961e+00
6.474510888233238e-03 1.718685729411455e+00
6.607372214270490e-03 1.752932166829368e+00
6.740369251570292e-03 1.787173627665481e+00
6.873502208172394e-03 1.821410112757746e+00
7.006771292541982e-03 1.855641622943637e+00
7.140176713570773e-03 1.889868159059851e+00
7.273718680578098e-03 1.924089721942430e+00
7.407397403312006e-03 1.958306312426679e+00
7.541213091950354e-03 1.992517931347400e+00
7.675165957101914e-03 2.026724579538495e+00
7.809256209807475e-03 2.060926257833266e+00
7.943484061540954e-03 2.095122967064469e+00
8.077849724210504e-03 2.129314708063923e+00
8.212353410159632e-03 2.163501481662955e+00
8.346995332168318e-03 2.197683288692183e+00
8.481775703454134e-03 2.231860129981506e+00
8.616694737673371e-03 2.266032006360028e+00
8.751752648922169e-03 2.300198918656349e+00
8.886949651737650e-03 2.334360867698329e+00
9.022285961099054e-03 2.368517854313126e+00
9.157761792428869e-03 2.402669879327078e+00
9.293377361593991e-03 2.436816943566029e+00
9.429132884906859e-03 2.470959047855033e+00
9.565028579126606e-03 2.505096193018503e+00
9.701064661460215e-03 2.539228379880122e+00
9.837241349563678e-03 2.573355609262826e+00
9.973558861543155e-03 2.607477881988878e+00
1.011001741595613e-02 2.641595198879948e+00
1.024661723181260e-02 2.675707560756912e+00
1.038335852857622e-02 2.709814968440014e+00
1.052024152616551e-02 2.743917422748602e+00
1.065726644495499e-02 2.778014924501626e+00
1.079443350577641e-02 2.812107474517120e+00
1.093174292991991e-02 2.846195073612449e+00
1.106919493913520e-02 2.880277722604355e+00
1.120678975563280e-02 2.914355422308802e+00
1.134452760208518e-02 2.948428173541004e+00
1.148240870162799e-02 2.982495977115647e+00
1.162043327786128e-02 3.016558833846496e+00
1.175860155485066e-02 3.050616744546723e+00
1.189691375712858e-02 3.084669710028798e+00
1.203537010969547e-02 3.118717731104411e+00
1.217397083802104e-02 3.152760808584645e+00
1.231271616804543e-02 3.186798943279747e+00
1.245160632618050e-02 3.220832135999387e+00
1.259064153931101e-02 3.254860387552377e+00
1.272982203479588e-02 3.288883698746858e+00
1.286914804046945e-02 3.322902070390334e+00
1.300861978464268e-02 3.356915503289528e+00
1.314823749610442e-02 3.390923998250443e+00
1.328800140412267e-02 3.424927556078330e+00
1.342791173844580e-02 3.458926177577816e+00
1.356796872930387e-02 3.492919863552721e+00
1.370817260740982e-02 3.526908614806139e+00
1.384852360396079e-02 3.560892432140520e+00
1.398902195063937e-02 3.594871316357562e+00
1.412966787961489e-02 3.628845268258111e+00
1.427046162354466e-02 3.662814288642494e+00
1.441140341557531e-02 3.696778378310107e+00
1.455249348934402e-02 3.730737538059806e+00
1.469373207897985e-02 3.764691768689573e+00
1.483511941910504e-02 3.798641070996723e+00
1.497665574483625e-02 3.832585445777781e+00
1.511834129178595e-02 3.866524893828682e+00
1.526017629606366e-02 3.900459415944418e+00
1.540216099427728e-02 3.934389012919425e+00
1.554429562353441e-02 3.968313685547329e+00
1.568658042144370e-02 4.002233434620969e+00
1.582901562611610e-02 4.036148260932535e+00
1.597160147616626e-02 4.070058165273487e+00
1.611433821071383e-02 4.103963148434374e+00
1.625722606938480e-02 4.137863211205243e+00
1.640026529231284e-02 4.171758354375150e+00
1.654345612014064e-02 4.205648578732678e+00
1.668679879402128e-02 4.239533885065427e+00
1.683029355561956e-02 4.273414274160388e+00
1.697394064711338e-02 4.307289746803747e+00
1.711774031119509e-02 4.341160303780946e+00
1.726169279107284e-02 4.375025945876644e+00
1.740579833047200e-02 4.408886673874896e+00
1.755005717363648e-02 4.442742488558785e+00
1.769446956533014e-02 4.476593390710846e+00
1.783903575083816e-02 4.510439381112739e+00
1.798375597596847e-02 4.544280460545366e+00
1.812863048705306e-02 4.578116629788902e+00
1.827365953094949e-02 4.611947889622805e+00
1.841884335504217e-02 4.645774240825681e+00
1.856418220724388e-02 4.679595684175474e+00
1.870967633599708e-02 4.713412220449293e+00
1.885532599027540e-02 4.747223850423531e+00
1.900113141958503e-02 4.781030574873782e+00
1.914709287396616e-02 4.814832394574871e+00
1.929321060399438e-02 4.848629310300929e+00
1.943948486078213e-02 4.882421322825181e+00
1.958591589598016e-02 4.916208432920207e+00
1.973250396177894e-02 4.949990641357807e+00
1.987924931091012e-02 4.983767948908962e+00
2.002615219664799e-02 5.017540356343915e+00
2.017321287281093e-02 5.051307864432061e+00
2.032043159376287e-02 5.085070473942118e+00
2.046780861441475e-02 5.118828185642030e+00
2.061534419022603e-02 5.152581000298774e+00
2.076303857720609e-02 5.186328918678889e+00
2.091089203191581e-02 5.220071941547808e+00
2.105890481146897e-02 5.253810069670322e+00
2.120707717353378e-02 5.287543303810509e+00
2.135540937633436e-02 5.321271644731517e+00
2.150390167865226e-02 5.354995093195818e+00
2.165255433982796e-02 5.388713649965020e+00
2.180136761976236e-02 5.422427315800057e+00
2.195034177891831e-02 5.456136091460934e+00
2.209947707832213e-02 5.489839977706986e+00
2.224877377956513e-02 5.523538975296646e+00
2.239823214480514e-02 5.557233084987629e+00
2.254785243676806e-02 5.590922307536850e+00
2.269763491874937e-02 5.624606643700396e+00
2.284757985461569e-02 5.658286094233624e+00
2.299768750880633e-02 5.691960659891066e+00
2.314795814633486e-02 5.725630341426367e+00
2.329839203279063e-02 5.759295139592524e+00
2.344898943434038e-02 5.792955055141512e+00
2.359975061772977e-02 5.826610088824850e+00
2.375067585028497e-02 5.860260241392858e+00
2.390176539991428e-02 5.893905513595364e+00
2.405301953510963e-02 5.927545906181173e+00
2.420443852494824e-02 5.961181419898445e+00
2.435602263909420e-02 5.994812055494457e+00
2.450777214780005e-02 6.028437813715570e+00
2.465968732190843e-02 6.062058695307591e+00
2.481176843285362e-02 6.095674701015305e+00
2.496401575266324e-02 6.129285831582649e+00
2.511642955395980e-02 6.162892087752986e+00
2.526901010996237e-02 6.196493470268607e+00
2.542175769448821e-02 6.230089979871117e+00
2.557467258195438e-02 6.263681617301280e+00
2.572775504737942e-02 6.297268383298977e+00
2.588100536638497e-02 6.330850278603378e+00
2.603442381519744e-02 6.364427303952745e+00
2.618801067064966e-02 6.397999460084542e+00
2.634176621018255e-02 6.431566747735403e+00
2.649569071184679e-02 6.465129167641095e+00
2.664978445430451e-02 6.498686720536682e+00
2.680404771683094e-02 6.532239407156183e+00
2.695848077931612e-02 6.565787228232999e+00
2.711308392226659e-02 6.599330184499578e+00
2.726785742680709e-02 6.632868276687518e+00
2.742280157468226e-02 6.666401505527723e+00
2.757791664825833e-02 6.699929871750022e+00
2.773320293052489e-02 6.733453376083617e+00
2.788866070509654e-02 6.766972019256777e+00
2.804429025621469e-02 6.800485801996956e+00
2.820009186874921e-02 6.833994725030713e+00
2.835606582820026e-02 6.867498789083783e+00
2.851221242069995e-02 6.900997994881131e+00
2.866853193301415e-02 6.934492343146708e+00
2.882502465254421e-02 6.967981834603847e+00
2.898169086732874e-02 7.001466469974801e+00
2.913853086604536e-02 7.034946249981076e+00
2.929554493801250e-02 7.068421175343282e+00
2.945273337319116e-02 7.101891246781314e+00
2.961009646218667e-02 7.135356465013977e+00
2.976763449625056e-02 7.168816830759376e+00
2.992534776728226e-02 7.202272344734766e+00
3.008323656783097e-02 7.235723007656439e+00
3.024130119109743e-02 7.269168820239848e+00
3.039954193093578e-02 7.302609783199685e+00
3.055795908185534e-02 7.336045897249669e+00
3.071655293902243e-02 7.369477163102630e+00
3.087532379826225e-02 7.402903581470632e+00
3.103427195606069e-02 7.436325153064736e+00
3.119339770956617e-02 7.469741878595258e+00
3.135270135659150e-02 7.503153758771653e+00
3.151218319561573e-02 7.536560794302289e+00
3.167184352578605e-02 7.569962985894911e+00
3.183168264691961e-02 7.603360334256216e+00
3.199170085950541e-02 7.636752840092051e+00
3.215189846470622e-02 7.670140504107486e+00
3.231227576436043e-02 7.703523327006579e+00
3.247283306098394e-02 7.736901309492580e+00
3.263357065777211e-02 7.770274452267756e+00
3.279448885860162e-02 7.803642756033589e+00
3.295558796803238e-02 7.837006221490675e+00
3.311686829130954e-02 7.870364849338571e+00
3.327833013436528e-02 7.903718640276118e+00
3.343997380382086e-02 7.937067595001160e+00
3.360179960698850e-02 7.970411714210663e+00
3.376380785187336e-02 8.003750998600701e+00
3.392599884717545e-02 8.037085448866463e+00
3.408837290229166e-02 8.070415065702193e+00
3.425093032731765e-02 8.103739849801293e+00
3.441367143304989e-02 8.137059801856161e+00
3.457659653098759e-02 8.170374922558409e+00
3.473970593333472e-02 8.203685212598629e+00
3.490299995300200e-02 8.236990672666629e+00
3.506647890360887e-02 8.270291303451096e+00
3.523014309948556e-02 8.303587105640069e+00
3.539399285567504e-02 8.336878079920460e+00
3.555802848793506e-02 8.370164226978389e+00
3.572225031274021e-02 8.403445547498933e+00
3.588665864728393e-02 8.436722042166394e+00
3.605125380948053e-02 8.469993711664053e+00
3.621603611796730e-02 8.503260556674277e+00
3.638100589210649e-02 8.536522577878536e+00
3.654616345198746e-02 8.569779775957350e+00
3.671150911842864e-02 8.603032151590355e+00
3.687704321297974e-02 8.636279705456147e+00
3.704276605792371e-02 8.669522438232519e+00
3.720867797627891e-02 8.702760350596272e+00
3.737477929180119e-02 8.735993443223244e+00
3.754107032898596e-02 8.769221716788309e+00
3.770755141307038e-02 8.802445171965523e+00
3.787422287003539e-02 8.835663809427892e+00
3.804108502660793e-02 8.868877629847496e+00
3.820813821026296e-02 8.902086633895543e+00
3.837538274922574e-02 8.935290822242159e+00
3.854281897247386e-02 8.968490195556640e+00
3.871044720973946e-02 9.001684754507266e+00
3.887826779151140e-02 9.034874499761365e+00
3.904628104903737e-02 9.068059431985326e+00
3.921448731432616e-02 9.101239551844635e+00
3.938288692014976e-02 9.134414860003758e+00
3.955148020004563e-02 9.167585357126114e+00
3.972026748831880e-02 9.200751043874391e+00
3.988924912004423e-02 9.233911920910046e+00
4.005842543106887e-02 9.267067988893778e+00
4.022779675801401e-02 9.300219248485213e+00
4.039736343827743e-02 9.333365700343023e+00
4.056712581003565e-02 9.366507345124916e+00
4.073708421224627e-02 9.399644183487609e+00
4.090723898465007e-02 9.432776216086907e+00
4.107759046777343e-02 9.465903443577552e+00
4.124813900293046e-02 9.499025866613344e+00
4.141888493222540e-02 9.532143485847094e+00
4.158982859855486e-02 9.565256301930646e+00
4.176097034561008e-02 9.598364315514864e+00
4.193231051787927e-02 9.631467527249576e+00
4.210384946064993e-02 9.664565937783642e+00
4.227558752001116e-02 9.697659547764950e+00
4.244752504285595e-02 9.730748357840412e+00
4.261966237688362e-02 9.763832368655876e+00
4.279199987060200e-02 9.796911580856211e+00
4.296453787332995e-02 9.829985995085366e+00
4.313727673519961e-02 9.863055611986212e+00
4.331021680715881e-02 9.896120432200590e+00
4.348335844097344e-02 9.929180456369409e+00
4.365670198922983e-02 9.962235685132491e+00
4.383024780533717e-02 9.995286119128799e+00
4.400399624352986e-02 1.002833175899607e+01
4.417794765886997e-02 1.006137260537117e+01
4.435210240724964e-02 1.009440865888993e+01
4.452646084539350e-02 1.012743992018715e+01
4.470102333086110e-02 1.016046638989656e+01
4.487579022204939e-02 1.019348806865095e+01
4.505076187819515e-02 1.022650495708207e+01
4.522593865937740e-02 1.025951705582056e+01
4.540132092651999e-02 1.029252436549615e+01
4.557690904139398e-02 1.032552688673742e+01
4.575270336662013e-02 1.035852462017204e+01
4.592870426567146e-02 1.039151756642658e+01
4.610491210287570e-02 1.042450572612654e+01
4.628132724341782e-02 1.045748909989638e+01
4.645795005334259e-02 1.049046768835963e+01
4.663478089955701e-02 1.052344149213870e+01
4.681182014983296e-02 1.055641051185487e+01
4.698906817280972e-02 1.058937474812855e+01
4.716652533799648e-02 1.062233420157892e+01
4.734419201577495e-02 1.065528887282424e+01
4.752206857740195e-02 1.068823876248166e+01
4.770015539501197e-02 1.072118387116727e+01
4.787845284161975e-02 1.075412419949610e+01
4.805696129112292e-02 1.078705974808214e+01
4.823568111830461e-02 1.081999051753833e+01
4.841461269883603e-02 1.085291650847643e+01
4.859375640927917e-02 1.088583772150731e+01
4.877311262708939e-02 1.091875415724061e+01
4.895268173061808e-02 1.095166581628504e+01
4.913246409911531e-02 1.098457269924807e+01
4.931246011273258e-02 1.101747480673622e+01
4.949267015252538e-02 1.105037213935491e+01
4.967309460045593e-02 1.108326469770844e+01
4.985373383939594e-02 1.111615248240004e+01
5.003458825312919e-02 1.114903549403184e+01
5.021565822635438e-02 1.118191373320494e+01
5.039694414468777e-02 1.121478720051928e+01
5.057844639466596e-02 1.124765589657370e+01
5.076016536374858e-02 1.128051982196599e+01
5.094210144032116e-02 1.131337897729290e+01
5.112425501369777e-02 1.134623336314986e+01
5.130662647412387e-02 1.137908298013149e+01
5.148921621277909e-02 1.141192782883109e+01
5.167202462177999e-02 1.144476790984087e+01
5.185505209418294e-02 1.147760322375201e+01
5.203829902398686e-02 1.151043377115461e+01
5.222176580613607e-02 1.154325955263747e+01
5.240545283652314e-02 1.157608056878845e+01
5.258936051199177e-02 1.160889682019421e+01
5.277348923033958e-02 1.164170830744032e+01
5.295783939032099e-02 1.167451503111122e+01
5.314241139165015e-02 1.170731699179015e+01
5.332720563500378e-02 1.174011419005932e+01
5.351222252202411e-02 1.177290662649976e+01
5.369746245532174e-02 1.180569430169140e+01
5.388292583847860e-02 1.183847721621296e+01
5.406861307605085e-02 1.187125537064206e+01
5.425452457357186e-02 1.190402876555520e+01
5.444066073755513e-02 1.193679740152771e+01
5.462702197549727e-02 1.196956127913374e+01
5.481360869588096e-02 1.200232039894637e+01
5.500042130817794e-02 1.203507476153747e+01
5.518746022285204e-02 1.206782436747771e+01
5.537472585136209e-02 1.210056921733672e+01
5.556221860616507e-02 1.213330931168289e+01
5.574993890071902e-02 1.216604465108343e+01
5.593788714948614e-02 1.219877523610442e+01
5.612606376793586e-02 1.223150106731080e+01
5.631446917254783e-02 1.226422214526626e+01
5.650310378081504e-02 1.229693847053334e+01
5.669196801124689e-02 1.232965004367346e+01
5.688106228337235e-02 1.236235686524680e+01
5.707038701774293e-02 1.239505893581241e+01
5.725994263593590e-02 1.242775625592807e+01
5.744972956055743e-02 1.246044882615045e+01
5.763974821524565e-02 1.249313664703497e+01
5.782999902467387e-02 1.252581971913596e+01
5.802048241455370e-02 1.255849804300641e+01
5.821119881163829e-02 1.259117161919823e+01
5.840214864372542e-02 1.262384044826203e+01
5.859333233966080e-02 1.265650453074734e+01
5.878475032934120e-02 1.268916386720234e+01
5.897640304371770e-02 1.272181845817411e+01
5.916829091479896e-02 1.275446830420849e+01
5.936041437565442e-02 1.278711340585004e+01
5.955277386041757e-02 1.281975376364216e+01
5.974536980428921e-02 1.285238937812708e+01
5.993820264354076e-02 1.288502024984571e+01
6.013127281551755e-02 1.291764637933775e+01
6.032458075864210e-02 1.295026776714171e+01
6.051812691241745e-02 1.298288441379482e+01
6.071191171743049e-02 1.301549631983313e+01
6.090593561535534e-02 1.304810348579147e+01
6.110019904895663e-02 1.308070591220329e+01
6.129470246209295e-02 1.311330359960090e+01
6.148944629972017e-02 1.314589654851539e+01
6.168443100789484e-02 1.317848475947656e+01
6.187965703377767e-02 1.321106823301292e+01
6.207512482563681e-02 1.324364696965175e+01
6.227083483285143e-02 1.327622096991913e+01
6.246678750591503e-02 1.330879023433984e+01
6.266298329643900e-02 1.334135476343727e+01
6.285942265715606e-02 1.337391455773378e+01
6.305610604192372e-02 1.340646961775024e+01
6.325303390572773e-02 1.343901994400642e+01
6.345020670468572e-02 1.347156553702067e+01
6.364762489605065e-02 1.350410639731010e+01
6.384528893821428e-02 1.353664252539064e+01
6.404319929071084e-02 1.356917392177679e+01
6.424135641422048e-02 1.360170058698185e+01
6.443976077057291e-02 1.363422252151774e+01
6.463841282275101e-02 1.366673972589523e+01
6.483731303489434e-02 1.369925220062363e+01
6.503646187230287e-02 1.373175994621101e+01
6.523585980144048e-02 1.376426296316424e+01
6.543550728993873e-02 1.379676125198871e+01
6.563540480660039e-02 1.382925481318854e+01
6.583555282140324e-02 1.386174364726669e+01
6.603595180550365e-02 1.389422775472456e+01
6.623660223124031e-02 1.392670713606240e+01
6.643750457213797e-02 1.395918179177910e+01
6.663865930291114e-02 1.399165172237216e+01
6.684006689946781e-02 1.402411692833787e+01
6.704172783891321e-02 1.405657741017104e+01
6.724364259955366e-02 1.408903316836524e+01
6.744581166090020e-02 1.412148420341269e+01
6.764823550367251e-02 1.415393051580423e+01
6.785091460980265e-02 1.418637210602940e+01
6.805384946243895e-02 1.421880897457631e+01
6.825704054594980e-02 1.425124112193179e+01
6.846048834592749e-02 1.428366854858130e+01
6.866419334919216e-02 1.431609125500893e+01
6.886815604379551e-02 1.434850924169738e+01
6.907237691902497e-02 1.438092250912803e+01
6.927685646540735e-02 1.441333105778081e+01
6.948159517471289e-02 1.444573488813443e+01
6.968659353995922e-02 1.447813400066605e+01
6.989185205541525e-02 1.451052839585153e+01
7.009737121660518e-02 1.454291807416534e+01
7.030315152031252e-02 1.457530303608053e+01
7.050919346458402e-02 1.460768328206885e+01
7.071549754873370e-02 1.464005881260051e+01
7.092206427334700e-02 1.467242962814449e+01
7.112889414028464e-02 1.470479572916820e+01
7.133598765268682e-02 1.473715711613779e+01
7.154334531497729e-02 1.476951378951787e+01
7.175096763286733e-02 1.480186574977174e+01
7.195885511336006e-02 1.483421299736120e+01
7.216700826475438e-02 1.486655553274673e+01
7.237542759664921e-02 1.489889335638730e+01
7.258411361994760e-02 1.493122646874051e+01
7.279306684686097e-02 1.496355487026244e+01
7.300228779091325e-02 1.499587856140785e+01
7.321177696694507e-02 1.502819754262998e+01
7.342153489111806e-02 1.506051181438065e+01
7.363156208091899e-02 1.509282137711024e+01
7.384185905516413e-02 1.512512623126772e+01
7.405242633400340e-02 1.515742637730052e+01
7.426326443892478e-02 1.518972181565470e+01
7.447437389275854e-02 1.522201254677476e+01
7.468575521968160e-02 1.525429857110382e+01
7.489740894522182e-02 1.528657988908355e+01
7.510933559626241e-02 1.531885650115407e+01
7.532153570104629e-02 1.535112840775403e+01
7.553400978918043e-02 1.538339560932063e+01
7.574675839164033e-02 1.541565810628961e+01
7.595978204077437e-02 1.544791589909521e+01
7.617308127030836e-02 1.548016898817013e+01
7.638665661534981e-02 1.551241737394562e+01
7.660050861239262e-02 1.554466105685144e+01
7.681463779932142e-02 1.557690003731580e+01
7.702904471541613e-02 1.560913431576543e+01
7.724372990135654e-02 1.564136389262556e+01
7.745869389922673e-02 1.567358876831988e+01
7.767393725251977e-02 1.570580894327060e+01
7.788946050614218e-02 1.573802441789838e+01
7.810526420641861e-02 1.577023519262232e+01
7.832134890109645e-02 1.580244126786006e+01
7.853771513935041e-02 1.583464264402767e+01
7.875436347178724e-02 1.586683932153965e+01
7.897129445045034e-02 1.589903130080897e+01
7.918850862882450e-02 1.593121858224713e+01
7.940600656184053e-02 1.596340116626398e+01
7.962378880588014e-02 1.599557905326787e+01
7.984185591878049e-02 1.602775224366555e+01
8.006020845983906e-02 1.605992073786226e+01
8.027884698981848e-02 1.609208453626162e+01
8.049777207095123e-02 1.612424363926566e+01
8.071698426694447e-02 1.615639804727493e+01
8.093648414298495e-02 1.618854776068834e+01
8.115627226574380e-02 1.622069277990317e+01
8.137634920338142e-02 1.625283310531518e+01
8.159671552555246e-02 1.628496873731854e+01
8.181737180341055e-02 1.631709967630576e+01
8.203831860961341e-02 1.634922592266781e+01
8.225955651832774e-02 1.638134747679399e+01
8.248108610523418e-02 1.641346433907205e+01
8.270290794753232e-02 1.644557650988809e+01
8.292502262394570e-02 1.647768398962663e+01
8.314743071472688e-02 1.650978677867053e+01
8.337013280166242e-02 1.654188487740101e+01
8.359312946807804e-02 1.657397828619768e+01
8.381642129884363e-02 1.660606700543848e+01
8.404000888037845e-02 1.663815103549982e+01
8.426389280065620e-02 1.667023037675632e+01
8.448807364921017e-02 1.670230502958099e+01
8.471255201713850e-02 1.673437499434529e+01
8.493732849710918e-02 1.676644027141884e+01
8.516240368336557e-02 1.679850086116975e+01
8.538777817173133e-02 1.683055676396440e+01
8.561345255961587e-02 1.686260798016747e+01
8.583942744601956e-02 1.689465451014203e+01
8.606570343153908e-02 1.692669635424936e+01
8.629228111837260e-02 1.695873351284921e+01
8.651916111032532e-02 1.699076598629949e+01
8.674634401281468e-02 1.702279377495646e+01
8.697383043287582e-02 1.705481687917472e+01
8.720162097916703e-02 1.708683529930717e+01
8.742971626197499e-02 1.711884903570489e+01
8.765811689322045e-02 1.715085808871734e+01
8.788682348646355e-02 1.718286245869225e+01
8.811583665690940e-02 1.721486214597561e+01
8.834515702141355e-02 1.724685715091168e+01
8.857478519848745e-02 1.727884747384296e+01
8.880472180830427e-02 1.731083311511028e+01
8.903496747270416e-02 1.734281407505265e+01
8.926552281520010e-02 1.737479035400736e+01
8.949638846098339e-02 1.740676195230999e+01
8.972756503692932e-02 1.743872887029425e+01
8.995905317160294e-02 1.747069110829221e+01
9.019085349526468e-02 1.750264866663408e+01
9.042296663987602e-02 1.753460154564834e+01
9.065539323910533e-02 1.756654974566166e+01
9.088813392833361e-02 1.759849326699896e+01
9.112118934466024e-02 1.763043210998340e+01
9.135456012690883e-02 1.766236627493621e+01
9.158824691563303e-02 1.769429576217698e+01
9.182225035312244e-02 1.772622057202339e+01
9.205657108340846e-02 1.775814070479137e+01
9.229120975227015e-02 1.779005616079498e+01
9.252616700724030e-02 1.782196694034653e+01
9.276144349761119e-02 1.785387304375639e+01
9.299703987444080e-02 1.788577447133325e+01
9.323295679055862e-02 1.791767122338388e+01
9.346919490057176e-02 1.794956330021315e+01
9.370575486087103e-02 1.798145070212421e+01
9.394263732963695e-02 1.801333342941824e+01
9.417984296684594e-02 1.804521148239466e+01
9.441737243427638e-02 1.807708486135098e+01
9.465522639551478e-02 1.810895356658286e+01
9.489340551596198e-02 1.814081759838405e+01
9.513191046283935e-02 1.817267695704643e+01
9.537074190519497e-02 1.820453164286003e+01
9.560990051391001e-02 1.823638165611300e+01
9.584938696170482e-02 1.826822699709148e+01
9.608920192314548e-02 1.830006766607986e+01
9.632934607464987e-02 1.833190366336057e+01
9.656982009449420e-02 1.836373498921405e+01
9.681062466281948e-02 1.839556164391892e+01
9.705176046163760e-02 1.842738362775184e+01
9.729322817483813e-02 1.845920094098755e+01
9.753502848819459e-02 1.849101358389885e+01
9.777716208937097e-02 1.852282155675658e+01
9.801962966792832e-02 1.855462485982968e+01
9.826243191533110e-02 1.858642349338508e+01
9.850556952495410e-02 1.861821745768780e+01
9.874904319208863e-02 1.865000675300085e+01
9.899285361394952e-02 1.868179137958535e+01
9.923700148968150e-02 1.871357133770037e+01
9.948148752036599e-02 1.874534662760302e+01
9.972631240902788e-02 1.877711724954843e+01
9.997147686064216e-02 1.880888320378975e+01
1.002169815821407e-01 1.884064449057807e+01
1.004628272824191e-01 1.887240111016257e+01
1.007090146723434e-01 1.890415306279036e+01
1.009555444647573e-01 1.893590034870653e+01
1.012024173744883e-01 1.896764296815416e+01
1.014496341183555e-01 1.899938092137431e+01
1.016971954151757e-01 1.903111420860602e+01
1.019451019857712e-01 1.906284283008625e+01
1.021933545529760e-01 1.909456678604992e+01
1.024419538416435e-01 1.912628607672990e+01
1.026909005786528e-01 1.915800070235703e+01
1.029401954929167e-01 1.918971066316008e+01
1.031898393153881e-01 1.922141595936568e+01
1.034398327790675e-01 1.925311659119846e+01
1.036901766190099e-01 1.928481255888097e+01
1.039408715723323e-01 1.931650386263357e+01
1.041919183782208e-01 1.934819050267464e+01
1.044433177779377e-01 1.937987247922041e+01
1.046950705148293e-01 1.941154979248495e+01
1.049471773343325e-01 1.944322244268031e+01
1.051996389839828e-01 1.947489043001635e+01
1.054524562134214e-01 1.950655375470082e+01
1.057056297744025e-01 1.953821241693936e+01
1.059591604208010e-01 1.956986641693539e+01
1.062130489086200e-01 1.960151575489028e+01
1.064672959959981e-01 1.963316043100318e+01
1.067219024432170e-01 1.966480044547108e+01
1.069768690127092e-01 1.969643579848887e+01
1.072321964690655e-01 1.972806649024915e+01
1.074878855790427e-01 1.975969252094243e+01
1.077439371115712e-01 1.979131389075703e+01
1.080003518377629e-01 1.982293059987901e+01
1.082571305309187e-01 1.985454264849226e+01
1.085142739665364e-01 1.988615003677849e+01
1.087717829223184e-01 1.991775276491717e+01
1.090296581781798e-01 1.994935083308553e+01
1.092879005162559e-01 1.998094424145860e+01
1.095465107209104e-01 2.001253299020915e+01
1.098054895787434e-01 2.004411707950774e+01
1.100648378785989e-01 2.007569650952262e+01
1.103245564115735e-01 2.010727128041986e+01
1.105846459710237e-01 2.013884139236319e+01
1.108451073525746e-01 2.017040684551414e+01
1.111059413541278e-01 2.020196764003192e+01
1.113671487758693e-01 2.023352377607342e+01
1.116287304202781e-01 2.026507525379331e+01
1.118906870921340e-01 2.029662207334393e+01
1.121530195985263e-01 2.032816423487530e+01
1.124157287488617e-01 2.035970173853512e+01
1.126788153548729e-01 2.039123458446880e+01
1.129422802306268e-01 2.042276277281938e+01
1.132061241925328e-01 2.045428630372761e+01
1.134703480593516e-01 2.048580517733185e+01
1.137349526522032e-01 2.051731939376816e+01
1.139999387945760e-01 2.054882895317019e+01
1.142653073123345e-01 2.058033385566925e+01
1.145310590337288e-01 2.061183410139424e+01
1.147971947894025e-01 2.064332969047177e+01
1.150637154124019e-01 2.067482062302593e+01
1.153306217381842e-01 2.070630689917854e+01
1.155979146046266e-01 2.073778851904892e+01
1.158655948520348e-01 2.076926548275405e+01
1.161336633231521e-01 2.080073779040842e+01
1.164021208631680e-01 2.083220544212416e+01
1.166709683197271e-01 2.086366843801092e+01
1.169402065429382e-01 2.089512677817594e+01
1.172098363853831e-01 2.092658046272393e+01
1.174798587021255e-01 2.095802949175726e+01
1.177502743507205e-01 2.098947386537574e+01
1.180210841912230e-01 2.102091358367677e+01
1.182922890861975e-01 2.105234864675521e+01
1.185638899007266e-01 2.108377905470345e+01
1.188358875024209e-01 2.111520480761142e+01
1.191082827614276e-01 2.114662590556647e+01
1.193810765504402e-01 2.117804234865351e+01
1.196542697447075e-01 2.120945413695486e+01
1.199278632220434e-01 2.124086127055033e+01
1.202018578628357e-01 2.127226374951726e+01
1.204762545500562e-01 2.130366157393031e+01
1.207510541692698e-01 2.133505474386168e+01
1.210262576086438e-01 2.136644325938100e+01
1.213018657589580e-01 2.139782712055529e+01
1.215778795136142e-01 2.142920632744901e+01
1.218542997686453e-01 2.146058088012401e+01
1.221311274227260e-01 2.149195077863961e+01
1.224083633771813e-01 2.152331602305239e+01
1.226860085359975e-01 2.155467661341645e+01
1.229640638058311e-01 2.158603254978318e+01
1.232425300960193e-01 2.161738383220141e+01
1.235214083185894e-01 2.164873046071725e+01
1.238006993882691e-01 2.168007243537419e+01
1.240804042224966e-01 2.171140975621310e+01
1.243605237414300e-01 2.174274242327213e+01
1.246410588679583e-01 2.177407043658678e+01
1.249220105277109e-01 2.180539379618983e+01
1.252033796490678e-01 2.183671250211142e+01
1.254851671631703e-01 2.186802655437895e+01
1.257673740039306e-01 2.189933595301714e+01
1.260500011080428e-01 2.193064069804792e+01
1.263330494149928e-01 2.196194078949055e+01
1.266165198670686e-01 2.199323622736155e+01
1.269004134093714e-01 2.202452701167468e+01
1.271847309898256e-01 2.205581314244092e+01
1.274694735591893e-01 2.208709461966849e+01
1.277546420710651e-01 2.211837144336290e+01
1.280402374819107e-01 2.214964361352677e+01
1.283262607510498e-01 2.218091113015996e+01
1.286127128406823e-01 2.221217399325957e+01
1.288995947158957e-01 2.224343220281985e+01
1.291869073446755e-01 2.227468575883223e+01
1.294746516979162e-01 2.230593466128529e+01
1.297628287494325e-01 2.233717891016482e+01
1.300514394759699e-01 2.236841850545371e+01
1.303404848572159e-01 2.239965344713195e+01
1.306299658758112e-01 2.243088373517678e+01
1.309198835173606e-01 2.246210936956247e+01
1.312102387704445e-01 2.249333035026039e+01
1.315010326266296e-01 2.252454667723903e+01
1.317922660804810e-01 2.255575835046402e+01
1.320839401295727e-01 2.258696536989799e+01
1.323760557744995e-01 2.261816773550068e+01
1.326686140188884e-01 2.264936544722889e+01
1.329616158694097e-01 2.268055850503642e+01
1.332550623357892e-01 2.271174690887420e+01
1.335489544308192e-01 2.274293065869011e+01
1.338432931703705e-01 2.277410975442908e+01
1.341380795734040e-01 2.280528419603306e+01
1.344333146619826e-01 2.283645398344098e+01
1.347289994612824e-01 2.286761911658871e+01
1.350251349996056e-01 2.289877959540922e+01
1.353217223083915e-01 2.292993541983233e+01
1.356187624222290e-01 2.296108658978488e+01
1.359162563788684e-01 2.299223310519064e+01
1.362142052192336e-01 2.302337496597028e+01
1.365126099874340e-01 2.305451217204145e+01
1.368114717307772e-01 2.308564472331869e+01
1.371107914997807e-01 2.311677261971344e+01
1.374105703481844e-01 2.314789586113405e+01
1.377108093329634e-01 2.317901444748571e+01
1.380115095143395e-01 2.321012837867053e+01
1.383126719557946e-01 2.324123765458744e+01
1.386142977240827e-01 2.327234227513223e+01
1.389163878892427e-01 2.330344224019758e+01
1.392189435246109e-01 2.333453754967290e+01
1.395219657068340e-01 2.336562820344450e+01
1.398254555158815e-01 2.339671420139547e+01
1.401294140350588e-01 2.342779554340562e+01
1.404338423510200e-01 2.345887222935166e+01
1.407387415537809e-01 2.348994425910702e+01
1.410441127367317e-01 2.352101163254186e+01
1.413499569966508e-01 2.355207434952312e+01
1.416562754337170e-01 2.358313240991448e+01
1.419630691515234e-01 2.361418581357634e+01
1.422703392570903e-01 2.364523456036578e+01
1.425780868608789e-01 2.367627865013664e+01
1.428863130768039e-01 2.370731808273940e+01
1.431950190222480e-01 2.373835285802124e+01
1.435042058180743e-01 2.376938297582599e+01
1.438138745886408e-01 2.380040843599417e+01
1.441240264618135e-01 2.383142923836293e+01
1.444346625689801e-01 2.386244538276600e+01
1.447457840450643e-01 2.389345686903378e+01
1.450573920285388e-01 2.392446369699329e+01
1.453694876614396e-01 2.395546586646810e+01
1.456820720893802e-01 2.398646337727838e+01
1.459951464615653e-01 2.401745622924088e+01
1.463087119308048e-01 2.404844442216889e+01
1.466227696535281e-01 2.407942795587223e+01
1.469373207897985e-01 2.411040683015732e+01
1.472523665033272e-01 2.414138104482703e+01
1.475679079614878e-01 2.417235059968079e+01
1.478839463353305e-01 2.420331549451446e+01
1.482004827995969e-01 2.423427572912043e+01
1.485175185327344e-01 2.426523130328754e+01
1.488350547169108e-01 2.429618221680114e+01
1.491530925380290e-01 2.432712846944294e+01
1.494716331857419e-01 2.435807006099114e+01
1.497906778534669e-01 2.438900699122030e+01
1.501102277384014e-01 2.441993925990147e+01
1.504302840415370e-01 2.445086686680205e+01
1.507508479676752e-01 2.448178981168577e+01
1.510719207254422e-01 2.451270809431281e+01
1.513935035273042e-01 2.454362171443965e+01
1.517155975895824e-01 2.457453067181911e+01
1.520382041324689e-01 2.460543496620035e+01
1.523613243800415e-01 2.463633459732885e+01
1.526849595602796e-01 2.466722956494638e+01
1.530091109050795e-01 2.469811986879098e+01
1.533337796502701e-01 2.472900550859698e+01
1.536589670356287e-01 2.475988648409495e+01
1.539846743048968e-01 2.479076279501172e+01
1.543109027057957e-01 2.482163444107035e+01
1.546376534900427e-01 2.485250142199011e+01
1.549649279133671e-01 2.488336373748646e+01
1.552927272355259e-01 2.491422138727109e+01
1.556210527203207e-01 2.494507437105181e+01
1.559499056356131e-01 2.497592268853261e+01
1.562792872533417e-01 2.500676633941364e+01
1.566091988495381e-01 2.503760532339115e+01
1.569396417043434e-01 2.506843964015757e+01
1.572706171020253e-01 2.509926928940136e+01
1.576021263309936e-01 2.513009427080710e+01
1.579341706838183e-01 2.516091458405544e+01
1.582667514572452e-01 2.519173022882308e+01
1.585998699522136e-01 2.522254120478278e+01
1.589335274738730e-01 2.525334751160331e+01
1.592677253315998e-01 2.528414914894949e+01
1.596024648390150e-01 2.531494611648209e+01
1.599377473140010e-01 2.534573841385792e+01
1.602735740787191e-01 2.537652604072968e+01
1.606099464596269e-01 2.540730899674610e+01
1.609468657874955e-01 2.543808728155180e+01
1.612843333974274e-01 2.546886089478736e+01
1.616223506288738e-01 2.549962983608924e+01
1.619609188256526e-01 2.553039410508982e+01
1.623000393359661e-01 2.556115370141731e+01
1.626397135124190e-01 2.559190862469582e+01
1.629799427120359e-01 2.562265887454529e+01
1.633207282962802e-01 2.565340445058152e+01
1.636620716310715e-01 2.568414535241607e+01
1.640039740868044e-01 2.571488157965635e+01
1.643464370383663e-01 2.574561313190551e+01
1.646894618651564e-01 2.577634000876249e+01
1.650330499511038e-01 2.580706220982197e+01
1.653772026846862e-01 2.583777973467437e+01
1.657219214589489e-01 2.586849258290583e+01
1.660672076715231e-01 2.589920075409818e+01
1.664130627246453e-01 2.592990424782894e+01
1.667594880251757e-01 2.596060306367130e+01
1.671064849846179e-01 2.599129720119410e+01
1.674540550191376e-01 2.602198665996182e+01
1.678021995495821e-01 2.605267143953453e+01
1.681509200014996e-01 2.608335153946793e+01
1.685002178051588e-01 2.611402695931330e+01
1.688500943955680e-01 2.614469769861747e+01
1.692005512124952e-01 2.617536375692283e+01
1.695515897004880e-01 2.620602513376733e+01
1.699032113088927e-01 2.623668182868437e+01
1.702554174918749e-01 2.626733384120291e+01
1.706082097084395e-01 2.629798117084738e+01
1.709615894224505e-01 2.632862381713763e+01
1.713155581026515e-01 2.635926177958898e+01
1.716701172226860e-01 2.638989505771221e+01
1.720252682611179e-01 2.642052365101346e+01
1.723810127014519e-01 2.645114755899429e+01
1.727373520321545e-01 2.648176678115161e+01
1.730942877466740e-01 2.651238131697772e+01
1.734518213434625e-01 2.654299116596025e+01
1.738099543259958e-01 2.657359632758210e+01
1.741686882027950e-01 2.660419680132153e+01
1.745280244874479e-01 2.663479258665206e+01
1.748879646986296e-01 2.666538368304246e+01
1.752485103601244e-01 2.669597008995677e+01
1.756096630008473e-01 2.672655180685426e+01
1.759714241548656e-01 2.675712883318939e+01
1.763337953614200e-01 2.678770116841177e+01
1.766967781649476e-01 2.681826881196625e+01
1.770603741151027e-01 2.684883176329280e+01
1.774245847667797e-01 2.687939002182655e+01
1.777894116801347e-01 2.690994358699766e+01
1.781548564206078e-01 2.694049245823147e+01
1.785209205589463e-01 2.697103663494837e+01
1.788876056712259e-01 2.700157611656376e+01
1.792549133388744e-01 2.703211090248813e+01
1.796228451486940e-01 2.706264099212697e+01
1.799914026928840e-01 2.709316638488075e+01
1.803605875690641e-01 2.712368708014490e+01
1.807304013802973e-01 2.715420307730984e+01
1.811008457351132e-01 2.718471437576091e+01
1.814719222475312e-01 2.721522097487835e+01
1.818436325370840e-01 2.724572287403732e+01
1.822159782288411e-01 2.727622007260784e+01
1.825889609534327e-01 2.730671256995477e+01
1.829625823470732e-01 2.733720036543781e+01
1.833368440515855e-01 2.736768345841148e+01
1.837117477144246e-01 2.739816184822508e+01
1.840872949887019e-01 2.742863553422267e+01
1.844634875332101e-01 2.745910451574309e+01
1.848403270124465e-01 2.748956879211988e+01
1.852178150966386e-01 2.752002836268128e+01
1.855959534617681e-01 2.755048322675023e+01
1.859747437895961e-01 2.758093338364431e+01
1.863541877676879e-01 2.761137883267580e+01
1.867342870894378e-01 2.764181957315149e+01
1.871150434540949e-01 2.767225560437289e+01
1.874964585667876e-01 2.770268692563598e+01
1.878785341385500e-01 2.773311353623140e+01
1.882612718863466e-01 2.776353543544418e+01
1.886446735330986e-01 2.779395262255402e+01
1.890287408077096e-01 2.782436509683496e+01
1.894134754450914e-01 2.785477285755560e+01
1.897988791861904e-01 2.788517590397891e+01
1.901849537780136e-01 2.791557423536237e+01
1.905717009736554e-01 2.794596785095775e+01
1.909591225323235e-01 2.797635675001127e+01
1.913472202193664e-01 2.800674093176346e+01
1.917359958062992e-01 2.803712039544918e+01
1.921254510708316e-01 2.806749514029760e+01
1.925155877968942e-01 2.809786516553217e+01
1.929064077746662e-01 2.812823047037056e+01
1.932979128006027e-01 2.815859105402475e+01
1.936901046774617e-01 2.818894691570083e+01
1.940829852143328e-01 2.821929805459914e+01
1.944765562266642e-01 2.824964446991416e+01
1.948708195362907e-01 2.827998616083449e+01
1.952657769714624e-01 2.831032312654287e+01
1.956614303668723e-01 2.834065536621611e+01
1.960577815636850e-01 2.837098287902505e+01
1.964548324095653e-01 2.840130566413464e+01
1.968525847587070e-01 2.843162372070377e+01
1.972510404718612e-01 2.846193704788536e+01
1.976502014163662e-01 2.849224564482626e+01
1.980500694661758e-01 2.852254951066726e+01
1.984506465018894e-01 2.855284864454311e+01
1.988519344107808e-01 2.858314304558237e+01
1.992539350868284e-01 2.861343271290752e+01
1.996566504307445e-01 2.864371764563485e+01
2.000600823500055e-01 2.867399784287444e+01
2.004642327588824e-01 2.870427330373017e+01
2.008691035784703e-01 2.873454402729969e+01
2.012746967367194e-01 2.876481001267435e+01
2.016810141684654e-01 2.879507125893922e+01
2.020880578154602e-01 2.882532776517304e+01
2.024958296264031e-01 2.885557953044817e+01
2.029043315569717e-01 2.888582655383068e+01
2.033135655698532e-01 2.891606883438012e+01
2.037235336347757e-01 2.894630637114971e+01
2.041342377285401e-01 2.897653916318612e+01
2.045456798350515e-01 2.900676720952960e+01
2.049578619453518e-01 2.903699050921386e+01
2.053707860576507e-01 2.906720906126606e+01
2.057844541773591e-01 2.909742286470682e+01
2.061988683171211e-01 2.912763191855012e+01
2.066140304968467e-01 2.915783622180333e+01
2.070299427437443e-01 2.918803577346718e+01
2.074466070923540e-01 2.921823057253569e+01
2.078640255845813e-01 2.924842061799619e+01
2.082822002697292e-01 2.927860590882925e+01
2.087011332045330e-01 2.930878644400870e+01
2.091208264531929e-01 2.933896222250151e+01
2.095412820874090e-01 2.936913324326790e+01
2.099625021864146e-01 2.939929950526118e+01
2.103844888370107e-01 2.942946100742776e+01
2.108072441336007e-01 2.945961774870720e+01
2.112307701782245e-01 2.948976972803201e+01
2.116550690805940e-01 2.951991694432784e+01
2.120801429581277e-01 2.955005939651323e+01
2.125059939359858e-01 2.958019708349973e+01
2.129326241471063e-01 2.961033000419183e+01
2.133600357322399e-01 2.964045815748689e+01
2.137882308399860e-01 2.967058154227516e+01
2.142172116268289e-01 2.970070015743972e+01
2.146469802571738e-01 2.973081400185646e+01
2.150775389033832e-01 2.976092307439401e+01
2.155088897458139e-01 2.979102737391383e+01
2.159410349728531e-01 2.982112689927000e+01
2.163739767809560e-01 2.985122164930934e+01
2.168077173746826e-01 2.988131162287127e+01
2.172422589667356e-01 2.991139681878788e+01
2.176776037779977e-01 2.994147723588379e+01
2.181137540375691e-01 2.997155287297621e+01
2.185507119828064e-01 3.000162372887486e+01
2.189884798593602e-01 3.003168980238192e+01
2.194270599212137e-01 3.006175109229204e+01
2.198664544307216e-01 3.009180759739229e+01
2.203066656586486e-01 3.012185931646213e+01
2.207476958842090e-01 3.015190624827333e+01
2.211895473951055e-01 3.018194839159005e+01
2.216322224875696e-01 3.021198574516865e+01
2.220757234664000e-01 3.024201830775781e+01
2.225200526450043e-01 3.027204607809837e+01
2.229652123454377e-01 3.030206905492339e+01
2.234112048984444e-01 3.033208723695805e+01
2.238580326434980e-01 3.036210062291964e+01
2.243056979288421e-01 3.039210921151753e+01
2.247542031115322e-01 3.042211300145314e+01
2.252035505574761e-01 3.045211199141986e+01
2.256537426414763e-01 3.048210618010308e+01
2.261047817472714e-01 3.051209556618011e+01
2.265566702675784e-01 3.054208014832014e+01
2.270094106041348e-01 3.057205992518426e+01
2.274630051677413e-01 3.060203489542533e+01
2.279174563783045e-01 3.063200505768802e+01
2.283727666648802e-01 3.066197041060875e+01
2.288289384657162e-01 3.069193095281564e+01
2.292859742282961e-01 3.072188668292850e+01
2.297438764093834e-01 3.075183759955877e+01
2.302026474750647e-01 3.078178370130946e+01
2.306622899007948e-01 3.081172498677519e+01
2.311228061714408e-01 3.084166145454206e+01
2.315841987813268e-01 3.087159310318764e+01
2.320464702342793e-01 3.090151993128102e+01
2.325096230436720e-01 3.093144193738260e+01
2.329736597324721e-01 3.096135912004423e+01
2.334385828332850e-01 3.099127147780902e+01
2.339043948884017e-01 3.102117900921140e+01
2.343710984498439e-01 3.105108171277703e+01
2.348386960794115e-01 3.108097958702280e+01
2.353071903487290e-01 3.111087263045675e+01
2.357765838392928e-01 3.114076084157806e+01
2.362468791425187e-01 3.117064421887698e+01
2.367180788597890e-01 3.120052276083478e+01
2.371901856025018e-01 3.123039646592381e+01
2.376632019921177e-01 3.126026533260731e+01
2.381371306602091e-01 3.129012935933945e+01
2.386119742485093e-01 3.131998854456532e+01
2.390877354089607e-01 3.134984288672081e+01
2.395644168037651e-01 3.137969238423260e+01
2.400420211054325e-01 3.140953703551815e+01
2.405205509968320e-01 3.143937683898560e+01
2.410000091712408e-01 3.146921179303375e+01
2.414803983323962e-01 3.149904189605208e+01
2.419617211945450e-01 3.152886714642056e+01
2.424439804824957e-01 3.155868754250978e+01
2.429271789316692e-01 3.158850308268075e+01
2.434113192881511e-01 3.161831376528495e+01
2.438964043087432e-01 3.164811958866430e+01
2.443824367610161e-01 3.167792055115102e+01
2.448694194233620e-01 3.170771665106767e+01
2.453573550850469e-01 3.173750788672706e+01
2.458462465462652e-01 3.176729425643224e+01
2.463360966181916e-01 3.179707575847642e+01
2.468269081230365e-01 3.182685239114295e+01
2.473186838940992e-01 3.185662415270524e+01
2.478114267758227e-01 3.188639104142674e+01
2.483051396238489e-01 3.191615305556093e+01
2.487998253050731e-01 3.194591019335114e+01
2.492954866977002e-01 3.197566245303072e+01
2.497921266912998e-01 3.200540983282274e+01
2.502897481868631e-01 3.203515233094014e+01
2.507883540968587e-01 3.206488994558558e+01
2.512879473452900e-01 3.209462267495144e+01
2.517885308677519e-01 3.212435051721975e+01
2.522901076114885e-01 3.215407347056214e+01
2.527926805354510e-01 3.218379153313976e+01
2.532962526103557e-01 3.221350470310330e+01
2.538008268187429e-01 3.224321297859290e+01
2.543064061550352e-01 3.227291635773810e+01
2.548129936255973e-01 3.230261483865775e+01
2.553205922487953e-01 3.233230841946008e+01
2.558292050550566e-01 3.236199709824251e+01
2.563388350869303e-01 3.239168087309167e+01
2.568494853991482e-01 3.242135974208335e+01
2.573611590586852e-01 3.245103370328243e+01
2.578738591448210e-01 3.248070275474281e+01
2.583875887492021e-01 3.251036689450740e+01
2.589023509759036e-01 3.254002612060805e+01
2.594181489414917e-01 3.256968043106546e+01
2.599349857750871e-01 3.259932982388920e+01
2.604528646184277e-01 3.262897429707760e+01
2.609717886259324e-01 3.265861384861770e+01
2.614917609647655e-01 3.268824847648521e+01
2.620127848149004e-01 3.271787817864446e+01
2.625348633691855e-01 3.274750295304833e+01
2.630579998334083e-01 3.277712279763817e+01
2.635821974263618e-01 3.280673771034383e+01
2.641074593799101e-01 3.283634768908351e+01
2.646337889390551e-01 3.286595273176374e+01
2.651611893620030e-01 3.289555283627934e+01
2.656896639202319e-01 3.292514800051333e+01
2.662192158985591e-01 3.295473822233693e+01
2.667498485952094e-01 3.298432349960938e+01
2.672815653218835e-01 3.301390383017803e+01
2.678143694038269e-01 3.304347921187821e+01
2.683482641798991e-01 3.307304964253314e+01
2.688832530026436e-01 3.310261511995392e+01
2.694193392383579e-01 3.313217564193948e+01
2.699565262671639e-01 3.316173120627646e+01
2.704948174830796e-01 3.319128181073920e+01
2.710342162940897e-01 3.322082745308965e+01
2.715747261222182e-01 3.325036813107737e+01
2.721163504036007e-01 3.327990384243934e+01
2.726590925885566e-01 3.330943458490006e+01
2.732029561416633e-01 3.333896035617136e+01
2.737479445418292e-01 3.336848115395242e+01
2.742940612823681e-01 3.339799697592960e+01
2.748413098710740e-01 3.342750781977653e+01
2.753896938302958e-01 3.345701368315390e+01
2.759392166970133e-01 3.348651456370953e+01
2.764898820229133e-01 3.351601045907816e+01
2.770416933744654e-01 3.354550136688150e+01
2.775946543330001e-01 3.357498728472811e+01
2.781487684947850e-01 3.360446821021338e+01
2.787040394711038e-01 3.363394414091938e+01
2.792604708883347e-01 3.366341507441489e+01
2.798180663880283e-01 3.369288100825526e+01
2.803768296269883e-01 3.372234193998237e+01
2.809367642773506e-01 3.375179786712461e+01
2.814978740266645e-01 3.378124878719670e+01
2.820601625779727e-01 3.381069469769974e+01
2.826236336498935e-01 3.384013559612106e+01
2.831882909767026e-01 3.386957147993416e+01
2.837541383084154e-01 3.389900234659871e+01
2.843211794108702e-01 3.392842819356036e+01
2.848894180658118e-01 3.395784901825081e+01
2.854588580709752e-01 3.398726481808760e+01
2.860295032401706e-01 3.401667559047416e+01
2.866013574033686e-01 3.404608133279963e+01
2.871744244067855e-01 3.407548204243886e+01
2.877487081129697e-01 3.410487771675233e+01
2.883242124008886e-01 3.413426835308604e+01
2.889009411660159e-01 3.416365394877146e+01
2.894788983204193e-01 3.419303450112548e+01
2.900580877928490e-01 3.422241000745027e+01
2.906385135288272e-01 3.425178046503328e+01
2.912201794907371e-01 3.428114587114709e+01
2.918030896579130e-01 3.431050622304942e+01
2.923872480267317e-01 3.433986151798294e+01
2.929726586107032e-01 3.436921175317531e+01
2.935593254405631e-01 3.439855692583903e+01
2.941472525643648e-01 3.442789703317140e+01
2.947364440475724e-01 3.445723207235440e+01
2.953269039731551e-01 3.448656204055460e+01
2.959186364416808e-01 3.451588693492322e+01
2.965116455714116e-01 3.454520675259582e+01
2.971059354983988e-01 3.457452149069241e+01
2.977015103765795e-01 3.460383114631731e+01
2.982983743778732e-01 3.463313571655903e+01
2.988965316922791e-01 3.466243519849023e+01
2.994959865279743e-01 3.469172958916761e+01
3.000967431114127e-01 3.472101888563188e+01
3.006988056874237e-01 3.475030308490757e+01
3.013021785193129e-01 3.477958218400309e+01
3.019068658889622e-01 3.480885617991051e+01
3.025128720969313e-01 3.483812506960556e+01
3.031202014625597e-01 3.486738885004751e+01
3.037288583240694e-01 3.489664751817911e+01
3.043388470386677e-01 3.492590107092643e+01
3.049501719826517e-01 3.495514950519890e+01
3.055628375515128e-01 3.498439281788907e+01
3.061768481600422e-01 3.501363100587265e+01
3.067922082424365e-01 3.504286406600838e+01
3.074089222524047e-01 3.507209199513786e+01
3.080269946632760e-01 3.510131479008561e+01
3.086464299681074e-01 3.513053244765884e+01
3.092672326797927e-01 3.515974496464746e+01
3.098894073311723e-01 3.518895233782389e+01
3.105129584751434e-01 3.521815456394307e+01
3.111378906847712e-01 3.524735163974231e+01
3.117642085534004e-01 3.527654356194116e+01
3.123919166947679e-01 3.530573032724142e+01
3.130210197431162e-01 3.533491193232696e+01
3.136515223533073e-01 3.536408837386362e+01
3.142834292009378e-01 3.539325964849920e+01
3.149167449824536e-01 3.542242575286321e+01
3.155514744152674e-01 3.545158668356698e+01
3.161876222378752e-01 3.548074243720338e+01
3.168251932099744e-01 3.550989301034679e+01
3.174641921125821e-01 3.553903839955303e+01
3.181046237481553e-01 3.556817860135919e+01
3.187464929407108e-01 3.559731361228359e+01
3.193898045359462e-01 3.562644342882569e+01
3.200345634013620e-01 3.565556804746587e+01
3.206807744263847e-01 3.568468746466550e+01
3.213284425224897e-01 3.571380167686668e+01
3.219775726233262e-01 3.574291068049224e+01
3.226281696848426e-01 3.577201447194561e+01
3.232802386854123e-01 3.580111304761066e+01
3.239337846259607e-01 3.583020640385165e+01
3.245888125300929e-01 3.585929453701313e+01
3.252453274442234e-01 3.588837744341980e+01
3.259033344377040e-01 3.591745511937640e+01
3.265628386029559e-01 3.594652756116763e+01
3.272238450556002e-01 3.597559476505801e+01
3.278863589345903e-01 3.600465672729179e+01
3.285503854023452e-01 3.603371344409284e+01
3.292159296448836e-01 3.606276491166451e+01
3.298829968719587e-01 3.609181112618955e+01
3.305515923171944e-01 3.612085208382997e+01
3.312217212382219e-01 3.614988778072697e+01
3.318933889168177e-01 3.617891821300076e+01
3.325666006590425e-01 3.620794337675046e+01
3.332413617953805e-01 3.623696326805405e+01
3.339176776808807e-01 3.626597788296817e+01
3.345955536952978e-01 3.629498721752805e+01
3.352749952432354e-01 3.632399126774737e+01
3.359560077542898e-01 3.635299002961815e+01
3.366385966831938e-01 3.638198349911060e+01
3.373227675099630e-01 3.641097167217304e+01
3.380085257400428e-01 3.643995454473179e+01
3.386958769044549e-01 3.646893211269096e+01
3.393848265599469e-01 3.649790437193244e+01
3.400753802891421e-01 3.652687131831566e+01
3.407675437006897e-01 3.655583294767759e+01
3.414613224294172e-01 3.658478925583250e+01
3.421567221364828e-01 3.661374023857191e+01
3.428537485095299e-01 3.664268589166439e+01
3.435524072628418e-01 3.667162621085548e+01
3.442527041374977e-01 3.670056119186759e+01
3.449546449015308e-01 3.672949083039983e+01
3.456582353500858e-01 3.675841512212782e+01
3.463634813055785e-01 3.678733406270368e+01
3.470703886178569e-01 3.681624764775580e+01
3.477789631643624e-01 3.684515587288875e+01
3.484892108502929e-01 3.687405873368311e+01
3.492011376087669e-01 3.690295622569540e+01
3.499147494009888e-01 3.693184834445787e+01
3.506300522164150e-01 3.696073508547839e+01
3.513470520729217e-01 3.698961644424034e+01
3.520657550169735e-01 3.701849241620241e+01
3.527861671237936e-01 3.704736299679850e+01
3.535082944975348e-01 3.707622818143759e+01
3.542321432714517e-01 3.710508796550353e+01
3.549577196080748e-01 3.713394234435498e+01
3.556850296993852e-01 3.716279131332524e+01
3.564140797669906e-01 3.719163486772205e+01
3.571448760623029e-01 3.722047300282750e+01
3.578774248667166e-01 3.724930571389789e+01
3.586117324917891e-01 3.727813299616351e+01
3.593478052794220e-01 3.730695484482857e+01
3.600856496020433e-01 3.733577125507102e+01
3.608252718627911e-01 3.736458222204237e+01
3.615666784957001e-01 3.739338774086757e+01
3.623098759658867e-01 3.742218780664486e+01
3.630548707697374e-01 3.745098241444556e+01
3.638016694350988e-01 3.747977155931400e+01
3.645502785214670e-01 3.750855523626730e+01
3.653007046201809e-01 3.753733344029521e+01
3.660529543546147e-01 3.756610616636000e+01
3.668070343803730e-01 3.759487340939623e+01
3.675629513854877e-01 3.762363516431064e+01
3.683207120906147e-01 3.765239142598200e+01
3.690803232492342e-01 3.768114218926085e+01
3.698417916478503e-01 3.770988744896948e+01
3.706051241061937e-01 3.773862719990161e+01
3.713703274774253e-01 3.776736143682237e+01
3.721374086483409e-01 3.779609015446799e+01
3.729063745395780e-01 3.782481334754574e+01
3.736772321058244e-01 3.785353101073370e+01
3.744499883360271e-01 3.788224313868060e+01
3.752246502536039e-01 3.791094972600567e+01
3.760012249166561e-01 3.793965076729840e+01
3.767797194181832e-01 3.796834625711847e+01
3.775601408862982e-01 3.799703618999544e+01
3.783424964844458e-01 3.802572056042870e+01
3.791267934116210e-01 3.805439936288720e+01
3.799130389025904e-01 3.808307259180928e+01
3.807012402281144e-01 3.811174024160256e+01
3.814914046951715e-01 3.814040230664367e+01
3.822835396471838e-01 3.816905878127808e+01
3.830776524642449e-01 3.819770965981996e+01
3.838737505633486e-01 3.822635493655194e+01
3.846718413986203e-01 3.825499460572495e+01
3.854719324615495e-01 3.828362866155803e+01
3.862740312812236e-01 3.831225709823809e+01
3.870781454245652e-01 3.834087990991981e+01
3.878842824965694e-01 3.836949709072535e+01
3.886924501405433e-01 3.839810863474422e+01
3.895026560383482e-01 3.842671453603302e+01
3.903149079106425e-01 3.845531478861530e+01
3.911292135171271e-01 3.848390938648133e+01
3.919455806567929e-01 3.851249832358792e+01
3.927640171681687e-01 3.854108159385815e+01
3.935845309295734e-01 3.856965919118127e+01
3.944071298593679e-01 3.859823110941240e+01
3.952318219162103e-01 3.862679734237237e+01
3.960586150993122e-01 3.865535788384750e+01
3.968875174486974e-01 3.868391272758939e+01
3.977185370454630e-01 3.871246186731467e+01
3.985516820120414e-01 3.874100529670488e+01
3.993869605124649e-01 3.876954300940616e+01
4.002243807526331e-01 3.879807499902905e+01
4.010639509805810e-01 3.882660125914833e+01
4.019056794867497e-01 3.885512178330269e+01
4.027495746042600e-01 3.888363656499465e+01
4.035956447091865e-01 3.891214559769021e+01
4.044438982208355e-01 3.894064887481868e+01
4.052943436020235e-01 3.896914638977244e+01
4.061469893593597e-01 3.899763813590675e+01
4.070018440435282e-01 3.902612410653946e+01
4.078589162495752e-01 3.905460429495080e+01
4.087182146171964e-01 3.908307869438315e+01
4.095797478310272e-01 3.911154729804080e+01
4.104435246209358e-01 3.914001009908974e+01
4.113095537623173e-01 3.916846709065735e+01
4.121778440763919e-01 3.919691826583225e+01
4.130484044305032e-01 3.922536361766397e+01
4.139212437384210e-01 3.925380313916278e+01
4.147963709606454e-01 3.928223682329937e+01
4.156737951047129e-01 3.931066466300467e+01
4.165535252255058e-01 3.933908665116955e+01
4.174355704255640e-01 3.936750278064460e+01
4.183199398553984e-01 3.939591304423985e+01
4.192066427138075e-01 3.942431743472452e+01
4.200956882481967e-01 3.945271594482679e+01
4.209870857548990e-01 3.948110856723348e+01
4.218808445794998e-01 3.950949529458984e+01
4.227769741171633e-01 3.953787611949929e+01
4.236754838129613e-01 3.956625103452311e+01
4.245763831622055e-01 3.959462003218017e+01
4.254796817107820e-01 3.962298310494675e+01
4.263853890554881e-01 3.965134024525615e+01
4.272935148443722e-01 3.967969144549846e+01
4.282040687770770e-01 3.970803669802034e+01
4.291170606051838e-01 3.973637599512463e+01
4.300325001325618e-01 3.976470932907018e+01
4.309503972157178e-01 3.979303669207150e+01
4.318707617641512e-01 3.982135807629847e+01
4.327936037407096e-01 3.984967347387609e+01
4.337189331619487e-01 3.987798287688420e+01
4.346467600984948e-01 3.990628627735713e+01
4.355770946754102e-01 3.993458366728344e+01
4.365099470725606e-01 3.996287503860564e+01
4.374453275249878e-01 3.999116038321985e+01
4.383832463232832e-01 4.001943969297555e+01
4.393237138139653e-01 4.004771295967521e+01
4.402667403998601e-01 4.007598017507405e+01
4.412123365404849e-01 4.010424133087971e+01
4.421605127524347e-01 4.013249641875191e+01
4.431112796097725e-01 4.016074543030218e+01
4.440646477444216e-01 4.018898835709350e+01
4.450206278465629e-01 4.021722519064004e+01
4.459792306650338e-01 4.024545592240676e+01
4.469404670077313e-01 4.027368054380921e+01
4.479043477420181e-01 4.030189904621304e+01
4.488708837951321e-01 4.033011142093380e+01
4.498400861545994e-01 4.035831765923659e+01
4.508119658686510e-01 4.038651775233567e+01
4.517865340466420e-01 4.041471169139417e+01
4.527638018594749e-01 4.044289946752376e+01
4.537437805400272e-01 4.047108107178425e+01
4.547264813835811e-01 4.049925649518333e+01
4.557119157482574e-01 4.052742572867614e+01
4.567000950554538e-01 4.055558876316499e+01
4.576910307902853e-01 4.058374558949896e+01
4.586847345020297e-01 4.061189619847357e+01
4.596812178045764e-01 4.064004058083041e+01
4.606804923768779e-01 4.066817872725677e+01
4.616825699634076e-01 4.069631062838532e+01
4.626874623746184e-01 4.072443627479368e+01
4.636951814874079e-01 4.075255565700412e+01
4.647057392455856e-01 4.078066876548311e+01
4.657191476603448e-01 4.080877559064102e+01
4.667354188107390e-01 4.083687612283170e+01
4.677545648441613e-01 4.086497035235207e+01
4.687765979768282e-01 4.089305826944182e+01
4.698015304942688e-01 4.092113986428295e+01
4.708293747518157e-01 4.094921512699941e+01
4.718601431751023e-01 4.097728404765667e+01
4.728938482605637e-01 4.100534661626138e+01
4.739305025759407e-01 4.103340282276095e+01
4.749701187607903e-01 4.106145265704310e+01
4.760127095269984e-01 4.108949610893551e+01
4.770582876592990e-01 4.111753316820541e+01
4.781068660157955e-01 4.114556382455910e+01
4.791584575284887e-01 4.117358806764159e+01
4.802130752038085e-01 4.120160588703620e+01
4.812707321231494e-01 4.122961727226408e+01
4.823314414434118e-01 4.125762221278380e+01
4.833952163975478e-01 4.128562069799093e+01
4.844620702951112e-01 4.131361271721761e+01
4.855320165228126e-01 4.134159825973211e+01
4.866050685450790e-01 4.136957731473833e+01
4.876812399046194e-01 4.139754987137547e+01
4.887605442229940e-01 4.142551591871749e+01
4.898429952011889e-01 4.145347544577267e+01
4.909286066201961e-01 4.148142844148320e+01
4.920173923415981e-01 4.150937489472464e+01
4.931093663081578e-01 4.153731479430554e+01
4.942045425444144e-01 4.156524812896695e+01
4.953029351572825e-01 4.159317488738186e+01
4.964045583366589e-01 4.162109505815488e+01
4.975094263560336e-01 4.164900862982162e+01
4.986175535731056e-01 4.167691559084828e+01
4.997289544304052e-01 4.170481592963118e+01
5.008436434559216e-01 4.173270963449617e+01
5.019616352637359e-01 4.176059669369825e+01
5.030829445546595e-01 4.178847709542100e+01
5.042075861168785e-01 4.181635082777608e+01
5.053355748266042e-01 4.184421787880274e+01
5.064669256487284e-01 4.187207823646730e+01
5.076016536374858e-01 4.189993188866265e+01
5.087397739371214e-01 4.192777882320770e+01
5.098813017825643e-01 4.195561902784685e+01
5.110262525001075e-01 4.198345249024949e+01
5.121746415080937e-01 4.201127919800946e+01
5.133264843176079e-01 4.203909913864448e+01
5.144817965331747e-01 4.206691229959563e+01
5.156405938534641e-01 4.209471866822679e+01
5.168028920720021e-01 4.212251823182412e+01
5.179687070778883e-01 4.215031097759545e+01
5.191380548565195e-01 4.217809689266974e+01
5.203109514903211e-01 4.220587596409651e+01
5.214874131594839e-01 4.223364817884530e+01
5.226674561427080e-01 4.226141352380503e+01
5.238510968179542e-01 4.228917198578344e+01
5.250383516632010e-01 4.231692355150657e+01
5.262292372572102e-01 4.234466820761804e+01
5.274237702802973e-01 4.237240594067857e+01
5.286219675151117e-01 4.240013673716528e+01
5.298238458474218e-01 4.242786058347119e+01
5.310294222669081e-01 4.245557746590449e+01
5.322387138679646e-01 4.248328737068800e+01
5.334517378505060e-01 4.251099028395852e+01
5.346685115207830e-01 4.253868619176619e+01
5.358890522922064e-01 4.256637508007388e+01
5.371133776861768e-01 4.259405693475654e+01
5.383415053329236e-01 4.262173174160052e+01
5.395734529723507e-01 4.264939948630297e+01
5.408092384548914e-01 4.267706015447116e+01
5.420488797423697e-01 4.270471373162179e+01
5.432923949088716e-01 4.273236020318039e+01
5.445398021416221e-01 4.275999955448054e+01
5.457911197418736e-01 4.278763177076330e+01
5.470463661257990e-01 4.281525683717642e+01
5.483055598253974e-01 4.284287473877376e+01
5.495687194894039e-01 4.287048546051445e+01
5.508358638842116e-01 4.289808898726233e+01
5.521070118948008e-01 4.292568530378513e+01
5.533821825256768e-01 4.295327439475382e+01
5.546613949018169e-01 4.298085624474179e+01
5.559446682696273e-01 4.300843083822428e+01
5.572320219979078e-01 4.303599815957746e+01
5.585234755788260e-01 4.306355819307781e+01
5.598190486289017e-01 4.309111092290134e+01
5.611187608900002e-01 4.311865633312280e+01
5.624226322303342e-01 4.314619440771494e+01
5.637306826454769e-01 4.317372513054774e+01
5.650429322593843e-01 4.320124848538764e+01
5.663594013254264e-01 4.322876445589672e+01
5.676801102274297e-01 4.325627302563192e+01
5.690050794807300e-01 4.328377417804428e+01
5.703343297332333e-01 4.331126789647810e+01
5.716678817664889e-01 4.333875416417008e+01
5.730057564967728e-01 4.336623296424861e+01
5.743479749761811e-01 4.339370427973283e+01
5.756945583937340e-01 4.342116809353185e+01
5.770455280764905e-01 4.344862438844391e+01
5.784009054906751e-01 4.347607314715548e+01
5.797607122428147e-01 4.350351435224047e+01
5.811249700808859e-01 4.353094798615930e+01
5.824937008954755e-01 4.355837403125805e+01
5.838669267209503e-01 4.358579246976758e+01
5.852446697366406e-01 4.361320328380263e+01
5.866269522680335e-01 4.364060645536092e+01
5.880137967879787e-01 4.366800196632227e+01
5.894052259179071e-01 4.369538979844760e+01
5.908012624290605e-01 4.372276993337811e+01
5.922019292437334e-01 4.375014235263428e+01
5.936072494365282e-01 4.377750703761496e+01
5.950172462356218e-01 4.380486396959637e+01
5.964319430240457e-01 4.383221312973119e+01
5.978513633409785e-01 4.385955449904759e+01
5.992755308830519e-01 4.388688805844822e+01
6.007044695056679e-01 4.391421378870923e+01
6.021382032243330e-01 4.394153167047931e+01
6.035767562160019e-01 4.396884168427860e+01
6.050201528204375e-01 4.399614381049781e+01
6.064684175415829e-01 4.402343802939705e+01
6.079215750489483e-01 4.405072432110489e+01
6.093796501790120e-01 4.407800266561726e+01
6.108426679366356e-01 4.410527304279648e+01
6.123106534964918e-01 4.413253543237007e+01
6.137836322045109e-01 4.415978981392978e+01
6.152616295793375e-01 4.418703616693047e+01
6.167446713138053e-01 4.421427447068901e+01
6.182327832764249e-01 4.424150470438316e+01
6.197259915128892e-01 4.426872684705052e+01
6.212243222475918e-01 4.429594087758732e+01
6.227278018851631e-01 4.432314677474734e+01
6.242364570120200e-01 4.435034451714074e+01
6.257503143979352e-01 4.437753408323289e+01
6.272694009976185e-01 4.440471545134324e+01
6.287937439523180e-01 4.443188859964410e+01
6.303233705914359e-01 4.445905350615946e+01
6.318583084341619e-01 4.448621014876380e+01
6.333985851911235e-01 4.451335850518085e+01
6.349442287660535e-01 4.454049855298237e+01
6.364952672574757e-01 4.456763026958696e+01
6.380517289604061e-01 4.459475363225870e+01
6.396136423680754e-01 4.462186861810599e+01
6.411810361736663e-01 4.464897520408025e+01
6.427539392720713e-01 4.467607336697458e+01
6.443323807616677e-01 4.470316308342252e+01
6.459163899461128e-01 4.473024432989671e+01
6.475059963361567e-01 4.475731708270759e+01
6.491012296514752e-01 4.478438131800201e+01
6.507021198225218e-01 4.481143701176193e+01
6.523086969923997e-01 4.483848413980302e+01
6.539209915187539e-01 4.486552267777330e+01
6.555390339756835e-01 4.489255260115175e+01
6.571628551556735e-01 4.491957388524689e+01
6.587924860715489e-01 4.494658650519537e+01
6.604279579584491e-01 4.497359043596052e+01
6.620693022758232e-01 4.500058565233096e+01
6.637165507094465e-01 4.502757212891904e+01
6.653697351734611e-01 4.505454984015943e+01
6.670288878124362e-01 4.508151876030765e+01
6.686940410034510e-01 4.510847886343849e+01
6.703652273582013e-01 4.513543012344455e+01
6.720424797251285e-01 4.516237251403467e+01
6.737258311915719e-01 4.518930600873239e+01
6.754153150859440e-01 4.521623058087440e+01
6.771109649799310e-01 4.524314620360892e+01
6.788128146907146e-01 4.527005284989413e+01
6.805208982832228e-01 4.529695049249653e+01
6.822352500724006e-01 4.532383910398936e+01
6.839559046255093e-01 4.535071865675089e+01
6.856828967644490e-01 4.537758912296278e+01
6.874162615681079e-01 4.540445047460842e+01
6.891560343747379e-01 4.543130268347120e+01
6.909022507843557e-01 4.545814572113282e+01
6.926549466611703e-01 4.548497955897153e+01
6.944141581360400e-01 4.551180416816040e+01
6.961799216089540e-01 4.553861951966557e+01
6.979522737515429e-01 4.556542558424440e+01
6.997312515096181e-01 4.559222233244375e+01
7.015168921057386e-01 4.561900973459808e+01
7.033092330418071e-01 4.564578776082765e+01
7.051083121016956e-01 4.567255638103668e+01
7.069141673538998e-01 4.569931556491139e+01
7.087268371542256e-01 4.572606528191819e+01
7.105463601485033e-01 4.575280550130172e+01
7.123727752753352e-01 4.577953619208292e+01
7.142061217688723e-01 4.580625732305705e+01
7.160464391616242e-01 4.583296886279174e+01
7.178937672873011e-01 4.585967077962499e+01
7.197481462836868e-01 4.588636304166312e+01
7.216096165955462e-01 4.591304561677878e+01
7.234782189775660e-01 4.593971847260882e+01
7.253539944973286e-01 4.596638157655227e+01
7.272369845383210e-01 4.599303489576819e+01
7.291272308029780e-01 4.601967839717359e+01
7.310247753157613e-01 4.604631204744123e+01
7.329296604262729e-01 4.607293581299746e+01
7.348419288124065e-01 4.609954966002007e+01
7.367616234835354e-01 4.612615355443601e+01
7.386887877837343e-01 4.615274746191916e+01
7.406234653950451e-01 4.617933134788812e+01
7.425657003407751e-01 4.620590517750385e+01
7.445155369888368e-01 4.623246891566741e+01
7.464730200551262e-01 4.625902252701756e+01
7.484381946069411e-01 4.628556597592848e+01
7.504111060664405e-01 4.631209922650733e+01
7.523918002141433e-01 4.633862224259183e+01
7.543803231924691e-01 4.636513498774784e+01
7.563767215093229e-01 4.639163742526689e+01
7.583810420417199e-01 4.641812951816370e+01
7.603933320394543e-01 4.644461122917366e+01
7.624136391288132e-01 4.647108252075027e+01
7.644420113163333e-01 4.649754335506255e+01
7.664784969926033e-01 4.652399369399249e+01
7.685231449361131e-01 4.655043349913240e+01
7.705760043171472e-01 4.657686273178226e+01
7.726371247017265e-01 4.660328135294696e+01
7.747065560555982e-01 4.662968932333374e+01
7.767843487482737e-01 4.665608660334929e+01
7.788705535571138e-01 4.668247315309708e+01
7.809652216714663e-01 4.670884893237451e+01
7.830684046968529e-01 4.673521390067007e+01
7.851801546592064e-01 4.676156801716051e+01
7.873005240091617e-01 4.678791124070793e+01
7.894295656263967e-01 4.681424352985681e+01
7.915673328240301e-01 4.684056484283113e+01
7.937138793530706e-01 4.686687513753129e+01
7.958692594069221e-01 4.689317437153117e+01
7.980335276259440e-01 4.691946250207499e+01
8.002067391020694e-01 4.694573948607429e+01
8.023889493834788e-01 4.697200528010475e+01
8.045802144793345e-01 4.699825984040304e+01
8.067805908645695e-01 4.702450312286365e+01
8.089901354847430e-01 4.705073508303563e+01
8.112089057609506e-01 4.707695567611933e+01
8.134369595947993e-01 4.710316485696310e+01
8.156743553734440e-01 4.712936258005996e+01
8.179211519746881e-01 4.715554879954419e+01
8.201774087721480e-01 4.718172346918794e+01
8.224431856404830e-01 4.720788654239777e+01
8.247185429606931e-01 4.723403797221116e+01
8.270035416254801e-01 4.726017771129297e+01
8.292982430446822e-01 4.728630571193186e+01
8.316027091507745e-01 4.731242192603671e+01
8.339170024044409e-01 4.733852630513295e+01
8.362411858002169e-01 4.736461880035884e+01
8.385753228722059e-01 4.739069936246179e+01
8.409194776998690e-01 4.741676794179450e+01
8.432737149138878e-01 4.744282448831126e+01
8.456380997021046e-01 4.746886895156395e+01
8.480126978155406e-01 4.749490128069823e+01
8.503975755744891e-01 4.752092142444955e+01
8.527927998746914e-01 4.754692933113914e+01
8.551984381935900e-01 4.757292494867001e+01
8.576145585966670e-01 4.759890822452279e+01
8.600412297438622e-01 4.762487910575169e+01
8.624785208960782e-01 4.765083753898022e+01
8.649265019217687e-01 4.767678347039701e+01
8.673852433036159e-01 4.770271684575150e+01
8.698548161452949e-01 4.772863761034967e+01
8.723352921783282e-01 4.775454570904957e+01
8.748267437690296e-01 4.778044108625696e+01
8.773292439255433e-01 4.780632368592079e+01
8.798428663049751e-01 4.783219345152869e+01
8.823676852206186e-01 4.785805032610237e+01
8.849037756492778e-01 4.788389425219295e+01
8.874512132386916e-01 4.790972517187633e+01
8.900100743150535e-01 4.793554302674838e+01
8.925804358906351e-01 4.796134775792019e+01
8.951623756715119e-01 4.798713930601313e+01
8.977559720653951e-01 4.801291761115402e+01
9.003613041895674e-01 4.803868261297011e+01
9.029784518789284e-01 4.806443425058401e+01
9.056074956941509e-01 4.809017246260869e+01
9.082485169299434e-01 4.811589718714222e+01
9.109015976234334e-01 4.814160836176265e+01
9.135668205626603e-01 4.816730592352265e+01
9.162442692951864e-01 4.819298980894422e+01
9.189340281368276e-01 4.821865995401329e+01
9.216361821805039e-01 4.824431629417424e+01
9.243508173052134e-01 4.826995876432434e+01
9.270780201851305e-01 4.829558729880822e+01
9.298178782988284e-01 4.832120183141213e+01
9.325704799386367e-01 4.834680229535825e+01
9.353359142201224e-01 4.837238862329890e+01
9.381142710917084e-01 4.839796074731064e+01
9.409056413444261e-01 4.842351859888834e+01
9.437101166218044e-01 4.844906210893917e+01
9.465277894298998e-01 4.847459120777651e+01
9.493587531474676e-01 4.850010582511381e+01
9.522031020362767e-01 4.852560589005831e+01
9.550609312515729e-01 4.855109133110479e+01
9.579323368526899e-01 4.857656207612916e+01
9.608174158138123e-01 4.860201805238199e+01
9.637162660348924e-01 4.862745918648199e+01
9.666289863527239e-01 4.865288540440936e+01
9.695556765521758e-01 4.867829663149912e+01
9.724964373775866e-01 4.870369279243432e+01
9.754513705443252e-01 4.872907381123915e+01
9.784205787505161e-01 4.875443961127204e+01
9.814041656889405e-01 4.877979011521857e+01
9.844022360591047e-01 4.880512524508440e+01
9.874148955794886e-01 4.883044492218801e+01
9.904422509999721e-01 4.885574906715348e+01
9.934844101144432e-01 4.888103759990302e+01
9.965414817735930e-01 4.890631043964952e+01
9.996135758978990e-01 4.893156750488901e+01
1.002700803490797e+00 4.895680871339298e+01
1.005803276652055e+00 4.898203398220059e+01
1.008921108591339e+00 4.900724322761087e+01
1.012054413641985e+00 4.903243636517472e+01
1.015203307274971e+00 4.905761330968688e+01
1.018367906113110e+00 4.908277397517777e+01
1.021548327945440e+00 4.910791827490527e+01
1.024744691741842e+00 4.913304612134630e+01
1.027957117667873e+00 4.915815742618842e+01
1.031185727099829e+00 4.918325210032123e+01
1.034430642640028e+00 4.920833005382770e+01
1.037691988132328e+00 4.923339119597539e+01
1.040969888677890e+00 4.925843543520757e+01
1.044264470651163e+00 4.928346267913419e+01
1.047575861716137e+00 4.930847283452276e+01
1.050904190842825e+00 4.933346580728915e+01
1.054249588324009e+00 4.935844150248822e+01
1.057612185792242e+00 4.938339982430431e+01
1.060992116237116e+00 4.940834067604172e+01
1.064389514022790e+00 4.943326396011495e+01
1.067804514905799e+00 4.945816957803889e+01
1.071237256053135e+00 4.948305743041886e+01
1.074687876060614e+00 4.950792741694049e+01
1.078156514971526e+00 4.953277943635955e+01
1.081643314295585e+00 4.955761338649157e+01
1.085148417028168e+00 4.958242916420138e+01
1.088671967669871e+00 4.960722666539250e+01
1.092214112246358e+00 4.963200578499639e+01
1.095774998328541e+00 4.965676641696155e+01
1.099354775053069e+00 4.968150845424250e+01
1.102953593143154e+00 4.970623178878863e+01
1.106571604929719e+00 4.973093631153284e+01
1.110208964372897e+00 4.975562191238017e+01
1.113865827083866e+00 4.978028848019611e+01
1.117542350347045e+00 4.980493590279485e+01
1.121238693142640e+00 4.982956406692746e+01
1.124955016169563e+00 4.985417285826972e+01
1.128691481868718e+00 4.987876216140996e+01
1.132448254446673e+00 4.990333185983668e+01
1.136225499899712e+00 4.992788183592600e+01
1.140023386038287e+00 4.995241197092896e+01
1.143842082511869e+00 4.997692214495866e+01
1.147681760834206e+00 5.000141223697722e+01
1.151542594409007e+00 5.002588212478258e+01
1.155424758556045e+00 5.005033168499512e+01
1.159328430537692e+00 5.007476079304413e+01
1.163253789585905e+00 5.009916932315403e+01
1.167201016929650e+00 5.012355714833052e+01
1.171170295822802e+00 5.014792414034645e+01
1.175161811572499e+00 5.017227016972758e+01
1.179175751567980e+00 5.019659510573803e+01
1.183212305309914e+00 5.022089881636574e+01
1.187271664440221e+00 5.024518116830757e+01
1.191354022772399e+00 5.026944202695423e+01
1.195459576322374e+00 5.029368125637508e+01
1.199588523339870e+00 5.031789871930268e+01
1.203741064340323e+00 5.034209427711711e+01
1.207917402137341e+00 5.036626778983018e+01
1.212117741875721e+00 5.039041911606928e+01
1.216342291065042e+00 5.041454811306121e+01
1.220591259613838e+00 5.043865463661558e+01
1.224864859864368e+00 5.046273854110818e+01
1.229163306627981e+00 5.048679967946401e+01
1.233486817221120e+00 5.051083790314011e+01
1.237835611501938e+00 5.053485306210823e+01
1.242209911907571e+00 5.055884500483715e+01
1.246609943492061e+00 5.058281357827484e+01
1.251035933964954e+00 5.060675862783044e+01
1.255488113730586e+00 5.063067999735580e+01
1.259966715928062e+00 5.065457752912705e+01
1.264471976471951e+00 5.067845106382565e+01
1.269004134093714e+00 5.070230044051941e+01
1.273563430383871e+00 5.072612549664311e+01
1.278150109834930e+00 5.074992606797891e+01
1.282764419885092e+00 5.077370198863656e+01
1.287406610962747e+00 5.079745309103318e+01
1.292076936531782e+00 5.082117920587299e+01
1.296775653137710e+00 5.084488016212656e+01
1.301503020454651e+00 5.086855578700996e+01
1.306259301333163e+00 5.089220590596346e+01
1.311044761848966e+00 5.091583034263011e+01
1.315859671352559e+00 5.093942891883390e+01
1.320704302519755e+00 5.096300145455771e+01
1.325578931403156e+00 5.098654776792092e+01
1.330483837484590e+00 5.101006767515674e+01
1.335419303728526e+00 5.103356099058925e+01
1.340385616636486e+00 5.105702752661009e+01
1.345383066302489e+00 5.108046709365487e+01
1.350411946469537e+00 5.110387950017927e+01
1.355472554587166e+00 5.112726455263476e+01
1.360565191870096e+00 5.115062205544410e+01
1.365690163357998e+00 5.117395181097643e+01
1.370847777976395e+00 5.119725361952199e+01
1.376038348598743e+00 5.122052727926664e+01
1.381262192109697e+00 5.124377258626595e+01
1.386519629469595e+00 5.126698933441888e+01
1.391810985780202e+00 5.129017731544126e+01
1.397136590351720e+00 5.131333631883876e+01
1.402496776771105e+00 5.133646613187965e+01
1.407891882971724e+00 5.135956653956707e+01
1.413322251304372e+00 5.138263732461096e+01
1.418788228609694e+00 5.140567826739970e+01
1.424290166292024e+00 5.142868914597125e+01
1.429828420394700e+00 5.145166973598396e+01
1.435403351676863e+00 5.147461981068707e+01
1.441015325691799e+00 5.149753914089061e+01
1.446664712866834e+00 5.152042749493517e+01
1.452351888584847e+00 5.154328463866103e+01
1.458077233267409e+00 5.156611033537700e+01
1.463841132459618e+00 5.158890434582891e+01
1.469643976916639e+00 5.161166642816747e+01
1.475486162692013e+00 5.163439633791594e+01
1.481368091227764e+00 5.165709382793723e+01
1.487290169446353e+00 5.167975864840064e+01
1.493252809844521e+00 5.170239054674808e+01
1.499256430589068e+00 5.172498926765996e+01
1.505301455614613e+00 5.174755455302054e+01
1.511388314723379e+00 5.177008614188286e+01
1.517517443687067e+00 5.179258377043325e+01
1.523689284350850e+00 5.181504717195528e+01
1.529904284739555e+00 5.183747607679339e+01
1.536162899166075e+00 5.185987021231591e+01
1.542465588342077e+00 5.188222930287766e+01
1.548812819491056e+00 5.190455306978209e+01
1.555205066463786e+00 5.192684123124290e+01
1.561642809856251e+00 5.194909350234518e+01
1.568126537130090e+00 5.197130959500608e+01
1.574656742735641e+00 5.199348921793493e+01
1.581233928237635e+00 5.201563207659289e+01
1.587858602443615e+00 5.203773787315210e+01
1.594531281535145e+00 5.205980630645426e+01
1.601252489201886e+00 5.208183707196878e+01
1.608022756778605e+00 5.210382986175033e+01
1.614842623385188e+00 5.212578436439590e+01
1.621712636069762e+00 5.214770026500133e+01
1.628633349954959e+00 5.216957724511730e+01
1.635605328387454e+00 5.219141498270477e+01
1.642629143090822e+00 5.221321315208991e+01
1.649705374321828e+00 5.223497142391845e+01
1.656834611030219e+00 5.225668946510950e+01
1.664017451022133e+00 5.227836693880880e+01
1.671254501127194e+00 5.230000350434147e+01
1.678546377369413e+00 5.232159881716412e+01
1.685893705141992e+00 5.234315252881646e+01
1.693297119386116e+00 5.236466428687235e+01
1.700757264773874e+00 5.238613373489023e+01
1.708274795895384e+00 5.240756051236304e+01
1.715850377450265e+00 5.242894425466755e+01
1.723484684443555e+00 5.245028459301310e+01
1.731178402386211e+00 5.247158115438985e+01
1.738932227500293e+00 5.249283356151633e+01
1.746746866928995e+00 5.251404143278653e+01
1.754623038951624e+00 5.253520438221636e+01
1.762561473203680e+00 5.255632201938960e+01
1.770562910902182e+00 5.257739394940317e+01
1.778628105076368e+00 5.259841977281196e+01
1.786757820803949e+00 5.261939908557302e+01
1.794952835453037e+00 5.264033147898918e+01
1.803213938929939e+00 5.266121653965212e+01
1.811541933932970e+00 5.268205384938496e+01
1.819937636212449e+00 5.270284298518416e+01
1.828401874837066e+00 5.272358351916096e+01
1.836935492466802e+00 5.274427501848226e+01
1.845539345632586e+00 5.276491704531095e+01
1.854214305022881e+00 5.278550915674575e+01
1.862961255777410e+00 5.280605090476043e+01
1.871781097788229e+00 5.282654183614266e+01
1.880674746008342e+00 5.284698149243222e+01
1.889643130768119e+00 5.286736940985877e+01
1.898687198099709e+00 5.288770511927920e+01
1.907807910069702e+00 5.290798814611436e+01
1.917006245120291e+00 5.292821801028546e+01
1.926283198419176e+00 5.294839422614999e+01
1.935639782218480e+00 5.296851630243719e+01
1.945077026222952e+00 5.298858374218315e+01
1.954595977967721e+00 5.300859604266542e+01
1.964197703205923e+00 5.302855269533740e+01
1.973883286306467e+00 5.304845318576226e+01
1.983653830662279e+00 5.306829699354651e+01
1.993510459109332e+00 5.308808359227343e+01
2.003454314356801e+00 5.310781244943599e+01
2.013486559428692e+00 5.312748302636972e+01
2.023608378117299e+00 5.314709477818521e+01
2.033820975448850e+00 5.316664715370050e+01
2.044125578161767e+00 5.318613959537330e+01
2.054523435197877e+00 5.320557153923306e+01
2.065015818207044e+00 5.322494241481296e+01
2.075604022065609e+00 5.324425164508189e+01
2.086289365409114e+00 5.326349864637637e+01
2.097073191179750e+00 5.328268282833255e+01
2.107956867189002e+00 5.330180359381832e+01
2.118941786696016e+00 5.332086033886549e+01
2.130029369002160e+00 5.333985245260223e+01
2.141221060062352e+00 5.335877931718572e+01
2.152518333113677e+00 5.337764030773516e+01
2.163922689321887e+00 5.339643479226510e+01
2.175435658446367e+00 5.341516213161921e+01
2.187058799524189e+00 5.343382167940465e+01
2.198793701573915e+00 5.345241278192688e+01
2.210641984319775e+00 5.347093477812530e+01
2.222605298936952e+00 5.348938699950948e+01
2.234685328818687e+00 5.350776877009637e+01
2.246883790365929e+00 5.352607940634831e+01
2.259202433800336e+00 5.354431821711216e+01
2.271643044001420e+00 5.356248450355954e+01
2.284207441368684e+00 5.358057755912822e+01
2.296897482709621e+00 5.359859666946498e+01
2.309715062154489e+00 5.361654111236991e+01
2.322662112098798e+00 5.363441015774217e+01
2.335740604174522e+00 5.365220306752769e+01
2.348952550251018e+00 5.366991909566855e+01
2.362300003466760e+00 5.368755748805449e+01
2.375785059292973e+00 5.370511748247648e+01
2.389409856630340e+00 5.372259830858267e+01
2.403176578939969e+00 5.373999918783683e+01
2.417087455409910e+00 5.375731933347943e+01
2.431144762158485e+00 5.377455795049158e+01
2.445350823475824e+00 5.379171423556199e+01
2.459708013105050e+00 5.380878737705721e+01
2.474218755564535e+00 5.382577655499531e+01
2.488885527512832e+00 5.384268094102324e+01
2.503710859157867e+00 5.385949969839809e+01
2.518697335712087e+00 5.387623198197255e+01
2.533847598895316e+00 5.389287693818475e+01
2.549164348487154e+00 5.390943370505279e+01
2.564650343930833e+00 5.392590141217423e+01
2.580308405990552e+00 5.394227918073086e+01
2.596141418464347e+00 5.395856612349898e+01
2.612152329954700e+00 5.397476134486566e+01
2.628344155699183e+00 5.399086394085111e+01
2.644719979463489e+00 5.400687299913766e+01
2.661282955499387e+00 5.402278759910571e+01
2.678036310570184e+00 5.403860681187700e+01
2.694983346046420e+00 5.405432970036547e+01
2.712127440074705e+00 5.406995531933645e+01
2.729472049822620e+00 5.408548271547425e+01
2.747020713802863e+00 5.410091092745885e+01
2.764777054279913e+00 5.411623898605207e+01
2.782744779762643e+00 5.413146591419375e+01
2.800927687586483e+00 5.414659072710830e+01
2.819329666588923e+00 5.416161243242252e+01
2.837954699882307e+00 5.417653003029474e+01
2.856806867728045e+00 5.419134251355632e+01
2.875890350516674e+00 5.420604886786587e+01
2.895209431858251e+00 5.422064807187679e+01
2.914768501787921e+00 5.423513909741899e+01
2.934572060091712e+00 5.424952090969526e+01
2.954624719757815e+00 5.426379246749301e+01
2.974931210558932e+00 5.427795272341236e+01
2.995496382771532e+00 5.429200062411094e+01
3.016325211038136e+00 5.430593511056653e+01
3.037422798379148e+00 5.431975511835819e+01
3.058794380360952e+00 5.433345957796671e+01
3.080445329427485e+00 5.434704741509540e+01
3.102381159402789e+00 5.436051755101192e+01
3.124607530172467e+00 5.437386890291226e+01
3.147130252552408e+00 5.438710038430778e+01
3.169955293353561e+00 5.440021090543623e+01
3.193088780652022e+00 5.441319937369796e+01
3.216537009274271e+00 5.442606469411818e+01
3.240306446507784e+00 5.443880576983653e+01
3.264403738047967e+00 5.445142150262496e+01
3.288835714192874e+00 5.446391079343525e+01
3.313609396297849e+00 5.447627254297714e+01
3.338732003502895e+00 5.448850565232848e+01
3.364210959746310e+00 5.450060902357854e+01
3.390053901078923e+00 5.451258156050588e+01
3.416268683294013e+00 5.452442216929192e+01
3.442863389889033e+00 5.453612975927175e+01
3.469846340375950e+00 5.454770324372341e+01
3.497226098958263e+00 5.455914154069701e+01
3.525011483593647e+00 5.457044357388529e+01
3.553211575462396e+00 5.458160827353677e+01
3.581835728863005e+00 5.459263457741325e+01
3.610893581557569e+00 5.460352143179283e+01
3.640395065590976e+00 5.461426779252008e+01
3.670350418609511e+00 5.462487262610490e+01
3.700770195705853e+00 5.463533491087127e+01
3.731665281819326e+00 5.464565363815774e+01
3.763046904721987e+00 5.465582781357074e+01
3.794926648623103e+00 5.466585645829243e+01
3.827316468426637e+00 5.467573861044436e+01
3.860228704678622e+00 5.468547332650834e+01
3.893676099243640e+00 5.469505968280586e+01
3.927671811752347e+00 5.470449677703738e+01
3.962229436864504e+00 5.471378372988264e+01
3.997363022395197e+00 5.472291968666310e+01
4.033087088354977e+00 5.473190381906769e+01
4.069416646958143e+00 5.474073532694264e+01
4.106367223657090e+00 5.474941344014633e+01
4.143954879264647e+00 5.475793742046972e+01
4.182196233230589e+00 5.476630656362295e+01
4.221108488143301e+00 5.477452020128850e+01
4.260709455532345e+00 5.478257770324076e+01
4.301017583053335e+00 5.479047847953236e+01
4.342051983142272e+00 5.479822198274645e+01
4.383832463232825e+00 5.480580771031457e+01
4.426379557636968e+00 5.481323520689914e+01
4.469714561196741e+00 5.482050406683912e+01
4.513859564823062e+00 5.482761393665739e+01
4.558837493046097e+00 5.483456451762761e+01
4.604672143711475e+00 5.484135556839806e+01
4.651388229966572e+00 5.484798690766948e+01
4.699011424692642e+00 5.485445841692329e+01
4.747568407550595e+00 5.486077004319604e+01
4.797086914821578e+00 5.486692180189539e+01
4.847595792237979e+00 5.487291377965201e+01
4.899125051016340e+00 5.487874613720135e+01
4.951705927320779e+00 5.488441911228828e+01
5.005370945404689e+00 5.488993302258667e+01
5.060153984698682e+00 5.489528826862538e+01
5.116090351135706e+00 5.490048533671084e+01
5.173216853028837e+00 5.490552480183564e+01
5.231571881844401e+00 5.491040733056138e+01
5.291195498242912e+00 5.491513368386283e+01
5.352129523793050e+00 5.491970471991954e+01
5.414417638799847e+00 5.492412139683943e+01
5.478105486728144e+00 5.492838477529793e+01
5.543240785745721e+00 5.493249602107478e+01
5.609873447959103e+00 5.493645640746929e+01
5.678055706968147e+00 5.494026731757329e+01
5.747842254424461e+00 5.494393024637998e+01
5.819290386344020e+00 5.494744680270500e+01
5.892460159996582e+00 5.495081871089492e+01
5.967414562274832e+00 5.495404781229700e+01
6.044219690535244e+00 5.495713606646241e+01
6.122944947002167e+00 5.496008555205411e+01
6.203663247936607e+00 5.496289846742920e+01
6.286451248895006e+00 5.496557713086455e+01
6.371389587540637e+00 5.496812398039354e+01
6.458563145624311e+00 5.497054157322086e+01
6.548061331923549e+00 5.497283258468205e+01
6.639978388122786e+00 5.497499980671395e+01
6.734413719834311e+00 5.497704614580218e+01
6.831472255204490e+00 5.497897462037260e+01
6.931264833824533e+00 5.498078835759415e+01
7.033908628976577e+00 5.498249058956180e+01
7.139527606596796e+00 5.498408464883056e+01
7.248253024735257e+00 5.498557396327362e+01
7.360223977743522e+00 5.498696205024104e+01
7.475587989933882e+00 5.498825250999941e+01
7.594501664037764e+00 5.498944901843757e+01
7.717131390457395e+00 5.499055531902913e+01
7.843654124064948e+00 5.499157521404940e+01
7.974258236175973e+00 5.499251255505155e+01
8.109144450323422e+00 5.499337123261589e+01
8.248526871609121e+00 5.499415516539585e+01
8.392634120735014e+00 5.499486828849489e+01
8.541710585348005e+00 5.499551454122054e+01
8.696017803105345e+00 5.499609785427504e+01
8.855835992925414e+00 5.499662213645528e+01
9.021465753284394e+00 5.499709126094989e+01
9.193229949212224e+00 5.499750905133621e+01
9.371475812910917e+00 5.499787926739560e+01
9.556577286751867e+00 5.499820559088113e+01
9.748937641919913e+00 5.499849161138676e+01
9.948992411294679e+00 5.499874081248185e+01
1.015721268146030e+01 5.499895655828751e+01
1.037410879621611e+01 5.499914208068263e+01
1.060023453287642e+01 5.499930046733570e+01
1.083619182330457e+01 5.499943465076328e+01
1.108263610441841e+01 5.499954739861690e+01
1.134028239831015e+01 5.499964130539541e+01
1.160991224075500e+01 5.499971878576957e+01
1.189238159950675e+01 5.499978206968886e+01
1.218862995136841e+01 5.499983319941582e+01
1.249969072082308e+01 5.499987402860189e+01
1.282670332460876e+01 5.499990622347891e+01
1.317092711806736e+01 5.499993126619316e+01
1.353375760306428e+01 5.499995046025565e+01
1.391674533722768e+01 5.499996493802261e+01
1.432161808477185e+01 5.499997567005777e+01
1.475030687628921e+01 5.499998347616471e+01
1.520497680668640e+01 5.499998903781609e+01
1.568806360773353e+01 5.499999291165215e+01
1.620231729917069e+01 5.499999554367609e+01
1.675085457003699e+01 5.499999728374441e+01
1.733722199751475e+01 5.499999839993902e+01
1.796547281266950e+01 5.499999909241830e+01
1.864026072524311e+01 5.499999950637842e+01
1.936695540032239e+01 5.499999974381302e+01
2.015178564940801e+01 5.499999987383671e+01
2.100201841925096e+01 5.499999994143022e+01
2.192618447342787e+01 5.499999997456480e+01
2.293436562343905e+01 5.499999998976080e+01
2.403856402583225e+01 5.499999999622026e+01
2.525318226846476e+01 5.499999999873707e+01
2.659565506295331e+01 5.499999999962401e+01
2.808729150127393e+01 5.499999999990216e+01
2.975441457939696e+01 5.499999999997827e+01
3.162992804228580e+01 5.499999999999600e+01
3.375550996689272e+01 5.499999999999941e+01
3.618474645215774e+01 5.499999999999994e+01
3.898771162746353e+01 5.499999999999999e+01
4.225783766532027e+01 5.500000000000000e+01
4.612253207369638e+01 5.500000000000000e+01
