0.000000000000000e+00 0.000000000000000e+00
1.768588787904986e-03 8.219639246675570e-03
3.538822774682442e-03 1.641878859993762e-02
5.310704257026932e-03 2.459750719406406e-02
7.084235535909917e-03 3.275585392345493e-02
8.859418916589720e-03 4.089388744385536e-02
1.063625670862151e-02 4.901166617357866e-02
1.241475122586731e-02 5.710924829471109e-02
1.419490478650607e-02 6.518669175431624e-02
1.597671971304369e-02 7.324405426563629e-02
1.776019833232318e-02 8.128139330927242e-02
1.954534297553474e-02 8.929876613437182e-02
2.133215597822594e-02 9.729622975980279e-02
2.312063968031189e-02 1.052738409753164e-01
2.491079642608548e-02 1.132316563427156e-01
2.670262856422760e-02 1.211697321970018e-01
2.849613844781742e-02 1.290881246475237e-01
3.029132843434269e-02 1.369868895791182e-01
3.208820088571006e-02 1.448660826532455e-01
3.388675816825545e-02 1.527257593091087e-01
3.568700265275446e-02 1.605659747647814e-01
3.748893671443272e-02 1.683867840183138e-01
3.929256273297641e-02 1.761882418488452e-01
4.109788309254270e-02 1.839704028177001e-01
4.290490018177022e-02 1.917333212694832e-01
4.471361639378968e-02 1.994770513331652e-01
4.652403412623438e-02 2.072016469231648e-01
4.833615578125077e-02 2.149071617404226e-01
5.014998376550919e-02 2.225936492734668e-01
5.196552049021438e-02 2.302611627994779e-01
5.378276837111629e-02 2.379097553853420e-01
5.560172982852069e-02 2.455394798886998e-01
5.742240728730001e-02 2.531503889589937e-01
5.924480317690404e-02 2.607425350384980e-01
6.106891993137076e-02 2.683159703633535e-01
6.289475998933723e-02 2.758707469645931e-01
6.472232579405034e-02 2.834069166691591e-01
6.655161979337786e-02 2.909245311009152e-01
6.838264443981919e-02 2.984236416816568e-01
7.021540219051652e-02 3.059042996321071e-01
7.204989550726563e-02 3.133665559729177e-01
7.388612685652708e-02 3.208104615256562e-01
7.572409870943710e-02 3.282360669137847e-01
7.756381354181882e-02 3.356434225636491e-01
7.940527383419332e-02 3.430325787054405e-01
8.124848207179076e-02 3.504035853741683e-01
8.309344074456163e-02 3.577564924106191e-01
8.494015234718784e-02 3.650913494623125e-01
8.678861937909413e-02 3.724082059844527e-01
8.863884434445918e-02 3.797071112408714e-01
9.049082975222707e-02 3.869881143049674e-01
9.234457811611847e-02 3.942512640606406e-01
9.420009195464217e-02 4.014966092032224e-01
9.605737379110632e-02 4.087241982403951e-01
9.791642615363001e-02 4.159340794931126e-01
9.977725157515470e-02 4.231263010965121e-01
1.016398525934556e-01 4.303009110008214e-01
1.035042317511535e-01 4.374579569722603e-01
1.053703915957260e-01 4.445974865939410e-01
1.072383346795193e-01 4.517195472667557e-01
1.091080635597598e-01 4.588241862102671e-01
1.109795807985658e-01 4.659114504635853e-01
1.128528889629592e-01 4.729813868862522e-01
1.147279906248772e-01 4.800340421591058e-01
1.166048883611839e-01 4.870694627851524e-01
1.184835847536826e-01 4.940876950904238e-01
1.203640823891272e-01 5.010887852248413e-01
1.222463838592340e-01 5.080727791630602e-01
1.241304917606941e-01 5.150397227053221e-01
1.260164086951849e-01 5.219896614782962e-01
1.279041372693822e-01 5.289226409359182e-01
1.297936800949724e-01 5.358387063602210e-01
1.316850397886640e-01 5.427379028621662e-01
1.335782189722004e-01 5.496202753824662e-01
1.354732202723717e-01 5.564858686924046e-01
1.373700463210264e-01 5.633347273946487e-01
1.392686997550845e-01 5.701668959240616e-01
1.411691832165490e-01 5.769824185485088e-01
1.430714993525183e-01 5.837813393696552e-01
1.449756508151985e-01 5.905637023237658e-01
1.468816402619161e-01 5.973295511824959e-01
1.487894703551297e-01 6.040789295536784e-01
1.506991437624431e-01 6.108118808821090e-01
1.526106631566172e-01 6.175284484503236e-01
1.545240312155825e-01 6.242286753793724e-01
1.564392506224520e-01 6.309126046295930e-01
1.583563240655333e-01 6.375802790013743e-01
1.602752542383416e-01 6.442317411359180e-01
1.621960438396119e-01 6.508670335159987e-01
1.641186955733120e-01 6.574861984667137e-01
1.660432121486548e-01 6.640892781562355e-01
1.679695962801116e-01 6.706763145965571e-01
1.698978506874241e-01 6.772473496442295e-01
1.718279780956179e-01 6.838024250011028e-01
1.737599812350150e-01 6.903415822150554e-01
1.756938628412467e-01 6.968648626807261e-01
1.776296256552666e-01 7.033723076402389e-01
1.795672724233633e-01 7.098639581839210e-01
1.815068058971740e-01 7.163398552510207e-01
1.834482288336965e-01 7.228000396304237e-01
1.853915439953034e-01 7.292445519613588e-01
1.873367541497543e-01 7.356734327341043e-01
1.892838620702097e-01 7.420867222906899e-01
1.912328705352433e-01 7.484844608255932e-01
1.931837823288560e-01 7.548666883864343e-01
1.951366002404889e-01 7.612334448746667e-01
1.970913270650363e-01 7.675847700462617e-01
1.990479656028596e-01 7.739207035123932e-01
2.010065186598002e-01 7.802412847401134e-01
2.029669890471930e-01 7.865465530530336e-01
2.049293795818799e-01 7.928365476319885e-01
2.068936930862237e-01 7.991113075157092e-01
2.088599323881206e-01 8.053708716014882e-01
2.108281003210151e-01 8.116152786458355e-01
2.127981997239123e-01 8.178445672651398e-01
2.147702334413927e-01 8.240587759363209e-01
2.167442043236250e-01 8.302579429974797e-01
2.187201152263804e-01 8.364421066485441e-01
2.206979690110461e-01 8.426113049519151e-01
2.226777685446392e-01 8.487655758331027e-01
2.246595166998204e-01 8.549049570813656e-01
2.266432163549083e-01 8.610294863503407e-01
2.286288703938928e-01 8.671392011586767e-01
2.306164817064495e-01 8.732341388906568e-01
2.326060531879534e-01 8.793143367968224e-01
2.345975877394935e-01 8.853798319945954e-01
2.365910882678859e-01 8.914306614688896e-01
2.385865576856891e-01 8.974668620727275e-01
2.405839989112174e-01 9.034884705278485e-01
2.425834148685555e-01 9.094955234253153e-01
2.445848084875724e-01 9.154880572261188e-01
2.465881827039361e-01 9.214661082617739e-01
2.485935404591280e-01 9.274297127349223e-01
2.506008847004568e-01 9.333789067199221e-01
2.526102183810733e-01 9.393137261634390e-01
2.546215444599849e-01 9.452342068850346e-01
2.566348659020700e-01 9.511403845777515e-01
2.586501856780927e-01 9.570322948086925e-01
2.606675067647171e-01 9.629099730196002e-01
2.626868321445226e-01 9.687734545274327e-01
2.647081648060177e-01 9.746227745249350e-01
2.667315077436555e-01 9.804579680812067e-01
2.687568639578482e-01 9.862790701422735e-01
2.707842364549818e-01 9.920861155316434e-01
2.728136282474313e-01 9.978791389508728e-01
2.748450423535753e-01 1.003658174980120e+00
2.768784817978112e-01 1.009423258078703e+00
2.789139496105700e-01 1.015174422585649e+00
2.809514488283316e-01 1.020911702720242e+00
2.829909824936397e-01 1.026635132582574e+00
2.850325536551168e-01 1.032344746154081e+00
2.870761653674800e-01 1.038040577298088e+00
2.891218206915556e-01 1.043722659760345e+00
2.911695226942945e-01 1.049391027169561e+00
2.932192744487880e-01 1.055045713037939e+00
2.952710790342824e-01 1.060686750761701e+00
2.973249395361952e-01 1.066314173621616e+00
2.993808590461300e-01 1.071928014783525e+00
3.014388406618921e-01 1.077528307298862e+00
3.034988874875045e-01 1.083115084105168e+00
3.055610026332229e-01 1.088688378026612e+00
3.076251892155519e-01 1.094248221774504e+00
3.096914503572600e-01 1.099794647947800e+00
3.117597891873962e-01 1.105327689033615e+00
3.138302088413051e-01 1.110847377407727e+00
3.159027124606433e-01 1.116353745335078e+00
3.179773031933947e-01 1.121846824970274e+00
3.200539841938869e-01 1.127326648358086e+00
3.221327586228070e-01 1.132793247433941e+00
3.242136296472177e-01 1.138246654024416e+00
3.262966004405733e-01 1.143686899847727e+00
3.283816741827360e-01 1.149114016514218e+00
3.304688540599917e-01 1.154528035526847e+00
3.325581432650668e-01 1.159928988281664e+00
3.346495449971440e-01 1.165316906068294e+00
3.367430624618789e-01 1.170691820070416e+00
3.388386988714161e-01 1.176053761366235e+00
3.409364574444060e-01 1.181402760928956e+00
3.430363414060210e-01 1.186738849627257e+00
3.451383539879722e-01 1.192062058225751e+00
3.472424984285257e-01 1.197372417385462e+00
3.493487779725196e-01 1.202669957664274e+00
3.514571958713806e-01 1.207954709517406e+00
3.535677553831404e-01 1.213226703297861e+00
3.556804597724528e-01 1.218485969256887e+00
3.577953123106105e-01 1.223732537544432e+00
3.599123162755618e-01 1.228966438209590e+00
3.620314749519277e-01 1.234187701201058e+00
3.641527916310192e-01 1.239396356367577e+00
3.662762696108534e-01 1.244592433458383e+00
3.684019121961717e-01 1.249775962123645e+00
3.705297226984561e-01 1.254946971914908e+00
3.726597044359470e-01 1.260105492285531e+00
3.747918607336599e-01 1.265251552591122e+00
3.769261949234031e-01 1.270385182089976e+00
3.790627103437951e-01 1.275506409943502e+00
3.812014103402815e-01 1.280615265216657e+00
3.833422982651531e-01 1.285711776878372e+00
3.854853774775629e-01 1.290795973801975e+00
3.876306513435441e-01 1.295867884765622e+00
3.897781232360272e-01 1.300927538452708e+00
3.919277965348584e-01 1.305974963452296e+00
3.940796746268166e-01 1.311010188259528e+00
3.962337609056316e-01 1.316033241276044e+00
3.983900587720019e-01 1.321044150810392e+00
4.005485716336123e-01 1.326042945078441e+00
4.027093029051526e-01 1.331029652203791e+00
4.048722560083345e-01 1.336004300218176e+00
4.070374343719106e-01 1.340966917061876e+00
4.092048414316921e-01 1.345917530584114e+00
4.113744806305671e-01 1.350856168543459e+00
4.135463554185188e-01 1.355782858608226e+00
4.157204692526437e-01 1.360697628356874e+00
4.178968255971698e-01 1.365600505278399e+00
4.200754279234757e-01 1.370491516772730e+00
4.222562797101082e-01 1.375370690151117e+00
4.244393844428012e-01 1.380238052636524e+00
4.266247456144944e-01 1.385093631364015e+00
4.288123667253518e-01 1.389937453381142e+00
4.310022512827801e-01 1.394769545648326e+00
4.331944028014481e-01 1.399589935039238e+00
4.353888248033047e-01 1.404398648341187e+00
4.375855208175984e-01 1.409195712255487e+00
4.397844943808961e-01 1.413981153397844e+00
4.419857490371017e-01 1.418754998298727e+00
4.441892883374757e-01 1.423517273403735e+00
4.463951158406539e-01 1.428268005073980e+00
4.486032351126665e-01 1.433007219586444e+00
4.508136497269577e-01 1.437734943134359e+00
4.530263632644048e-01 1.442451201827562e+00
4.552413793133371e-01 1.447156021692864e+00
4.574587014695563e-01 1.451849428674414e+00
4.596783333363548e-01 1.456531448634056e+00
4.619002785245361e-01 1.461202107351691e+00
4.641245406524340e-01 1.465861430525631e+00
4.663511233459322e-01 1.470509443772957e+00
4.685800302384842e-01 1.475146172629874e+00
4.708112649711328e-01 1.479771642552057e+00
4.730448311925302e-01 1.484385878915011e+00
4.752807325589579e-01 1.488988907014409e+00
4.775189727343463e-01 1.493580752066451e+00
4.797595553902950e-01 1.498161439208197e+00
4.820024842060929e-01 1.502730993497920e+00
4.842477628687381e-01 1.507289439915445e+00
4.864953950729584e-01 1.511836803362489e+00
4.887453845212315e-01 1.516373108663004e+00
4.909977349238047e-01 1.520898380563506e+00
4.932524499987169e-01 1.525412643733421e+00
4.955095334718168e-01 1.529915922765412e+00
4.977689890767855e-01 1.534408242175713e+00
5.000308205551559e-01 1.538889626404464e+00
5.022950316563336e-01 1.543360099816038e+00
5.045616261376178e-01 1.547819686699364e+00
5.068306077642218e-01 1.552268411268263e+00
5.091019803092944e-01 1.556706297661766e+00
5.113757475539402e-01 1.561133369944441e+00
5.136519132872406e-01 1.565549652106713e+00
5.159304813062754e-01 1.569955168065184e+00
5.182114554161433e-01 1.574349941662953e+00
5.204948394299836e-01 1.578733996669936e+00
5.227806371689971e-01 1.583107356783176e+00
5.250688524624676e-01 1.587470045627163e+00
5.273594891477830e-01 1.591822086754145e+00
5.296525510704572e-01 1.596163503644437e+00
5.319480420841510e-01 1.600494319706737e+00
5.342459660506947e-01 1.604814558278429e+00
5.365463268401085e-01 1.609124242625894e+00
5.388491283306249e-01 1.613423395944813e+00
5.411543744087111e-01 1.617712041360476e+00
5.434620689690893e-01 1.621990201928080e+00
5.457722159147603e-01 1.626257900633032e+00
5.480848191570242e-01 1.630515160391251e+00
5.503998826155033e-01 1.634762004049467e+00
5.527174102181638e-01 1.638998454385517e+00
5.550374059013383e-01 1.643224534108639e+00
5.573598736097479e-01 1.647440265859774e+00
5.596848172965249e-01 1.651645672211851e+00
5.620122409232343e-01 1.655840775670085e+00
5.643421484598975e-01 1.660025598672265e+00
5.666745438850141e-01 1.664200163589046e+00
5.690094311855850e-01 1.668364492724232e+00
5.713468143571346e-01 1.672518608315070e+00
5.736866974037339e-01 1.676662532532530e+00
5.760290843380236e-01 1.680796287481590e+00
5.783739791812366e-01 1.684919895201523e+00
5.807213859632209e-01 1.689033377666170e+00
5.830713087224635e-01 1.693136756784231e+00
5.854237515061129e-01 1.697230054399539e+00
5.877787183700022e-01 1.701313292291334e+00
5.901362133786731e-01 1.705386492174548e+00
5.924962406053982e-01 1.709449675700072e+00
5.948588041322058e-01 1.713502864455036e+00
5.972239080499024e-01 1.717546079963078e+00
5.995915564580969e-01 1.721579343684621e+00
6.019617534652240e-01 1.725602677017135e+00
6.043345031885673e-01 1.729616101295414e+00
6.067098097542851e-01 1.733619637791841e+00
6.090876772974322e-01 1.737613307716653e+00
6.114681099619852e-01 1.741597132218210e+00
6.138511119008656e-01 1.745571132383256e+00
6.162366872759653e-01 1.749535329237187e+00
6.186248402581693e-01 1.753489743744306e+00
6.210155750273810e-01 1.757434396808090e+00
6.234088957725467e-01 1.761369309271450e+00
6.258048066916787e-01 1.765294501916980e+00
6.282033119918820e-01 1.769209995467230e+00
6.306044158893768e-01 1.773115810584947e+00
6.330081226095248e-01 1.777011967873342e+00
6.354144363868529e-01 1.780898487876336e+00
6.378233614650788e-01 1.784775391078815e+00
6.402349020971357e-01 1.788642697906885e+00
6.426490625451968e-01 1.792500428728118e+00
6.450658470807018e-01 1.796348603851805e+00
6.474852599843800e-01 1.800187243529202e+00
6.499073055462778e-01 1.804016367953780e+00
6.523319880657823e-01 1.807835997261467e+00
6.547593118516479e-01 1.811646151530898e+00
6.571892812220215e-01 1.815446850783655e+00
6.596219005044673e-01 1.819238114984514e+00
6.620571740359938e-01 1.823019964041682e+00
6.644951061630787e-01 1.826792417807042e+00
6.669357012416952e-01 1.830555496076392e+00
6.693789636373374e-01 1.834309218589681e+00
6.718248977250471e-01 1.838053605031252e+00
6.742735078894392e-01 1.841788675030072e+00
6.767247985247281e-01 1.845514448159973e+00
6.791787740347547e-01 1.849230943939886e+00
6.816354388330113e-01 1.852938181834069e+00
6.840947973426695e-01 1.856636181252349e+00
6.865568539966060e-01 1.860324961550345e+00
6.890216132374294e-01 1.864004542029703e+00
6.914890795175069e-01 1.867674941938325e+00
6.939592572989910e-01 1.871336180470596e+00
6.964321510538468e-01 1.874988276767613e+00
6.989077652638784e-01 1.878631249917412e+00
7.013861044207566e-01 1.882265118955193e+00
7.038671730260453e-01 1.885889902863541e+00
7.063509755912296e-01 1.889505620572658e+00
7.088375166377429e-01 1.893112290960577e+00
7.113268006969934e-01 1.896709932853390e+00
7.138188323103933e-01 1.900298565025463e+00
7.163136160293850e-01 1.903878206199662e+00
7.188111564154697e-01 1.907448875047566e+00
7.213114580402341e-01 1.911010590189693e+00
7.238145254853801e-01 1.914563370195705e+00
7.263203633427509e-01 1.918107233584636e+00
7.288289762143600e-01 1.921642198825098e+00
7.313403687124200e-01 1.925168284335504e+00
7.338545454593690e-01 1.928685508484270e+00
7.363715110879010e-01 1.932193889590040e+00
7.388912702409928e-01 1.935693445921888e+00
7.414138275719337e-01 1.939184195699531e+00
7.439391877443534e-01 1.942666157093543e+00
7.464673554322511e-01 1.946139348225556e+00
7.489983353200242e-01 1.949603787168478e+00
7.515321321024970e-01 1.953059491946686e+00
7.540687504849504e-01 1.956506480536248e+00
7.566081951831500e-01 1.959944770865115e+00
7.591504709233768e-01 1.963374380813336e+00
7.616955824424549e-01 1.966795328213252e+00
7.642435344877819e-01 1.970207630849704e+00
7.667943318173583e-01 1.973611306460235e+00
7.693479791998170e-01 1.977006372735290e+00
7.719044814144529e-01 1.980392847318415e+00
7.744638432512526e-01 1.983770747806455e+00
7.770260695109253e-01 1.987140091749759e+00
7.795911650049312e-01 1.990500896652369e+00
7.821591345555129e-01 1.993853179972223e+00
7.847299829957255e-01 1.997196959121347e+00
7.873037151694660e-01 2.000532251466055e+00
7.898803359315048e-01 2.003859074327135e+00
7.924598501475154e-01 2.007177444980051e+00
7.950422626941062e-01 2.010487380655131e+00
7.976275784588490e-01 2.013788898537759e+00
8.002158023403126e-01 2.017082015768569e+00
8.028069392480921e-01 2.020366749443631e+00
8.054009941028396e-01 2.023643116614643e+00
8.079979718362968e-01 2.026911134289120e+00
8.105978773913249e-01 2.030170819430579e+00
8.132007157219370e-01 2.033422188958730e+00
8.158064917933283e-01 2.036665259749660e+00
8.184152105819092e-01 2.039900048636016e+00
8.210268770753362e-01 2.043126572407198e+00
8.236414962725430e-01 2.046344847809531e+00
8.262590731837740e-01 2.049554891546459e+00
8.288796128306145e-01 2.052756720278721e+00
8.315031202460247e-01 2.055950350624536e+00
8.341296004743700e-01 2.059135799159781e+00
8.367590585714550e-01 2.062313082418175e+00
8.393914996045549e-01 2.065482216891455e+00
8.420269286524484e-01 2.068643219029555e+00
8.446653508054502e-01 2.071796105240786e+00
8.473067711654440e-01 2.074940891892011e+00
8.499511948459153e-01 2.078077595308824e+00
8.525986269719844e-01 2.081206231775722e+00
8.552490726804394e-01 2.084326817536285e+00
8.579025371197698e-01 2.087439368793344e+00
8.605590254501990e-01 2.090543901709162e+00
8.632185428437189e-01 2.093640432405600e+00
8.658810944841223e-01 2.096728976964294e+00
8.685466855670378e-01 2.099809551426822e+00
8.712153212999623e-01 2.102882171794880e+00
8.738870069022958e-01 2.105946854030447e+00
8.765617476053752e-01 2.109003614055959e+00
8.792395486525084e-01 2.112052467754472e+00
8.819204152990089e-01 2.115093430969838e+00
8.846043528122290e-01 2.118126519506862e+00
8.872913664715963e-01 2.121151749131477e+00
8.899814615686464e-01 2.124169135570908e+00
8.926746434070586e-01 2.127178694513832e+00
8.953709173026904e-01 2.130180441610551e+00
8.980702885836129e-01 2.133174392473150e+00
9.007727625901459e-01 2.136160562675661e+00
9.034783446748921e-01 2.139138967754227e+00
9.061870402027740e-01 2.142109623207262e+00
9.088988545510677e-01 2.145072544495615e+00
9.116137931094402e-01 2.148027747042728e+00
9.143318612799838e-01 2.150975246234798e+00
9.170530644772522e-01 2.153915057420932e+00
9.197774081282973e-01 2.156847195913311e+00
9.225048976727037e-01 2.159771676987345e+00
9.252355385626265e-01 2.162688515881833e+00
9.279693362628266e-01 2.165597727799113e+00
9.307062962507078e-01 2.168499327905227e+00
9.334464240163526e-01 2.171393331330069e+00
9.361897250625598e-01 2.174279753167545e+00
9.389362049048811e-01 2.177158608475723e+00
9.416858690716570e-01 2.180029912276990e+00
9.444387231040556e-01 2.182893679558203e+00
9.471947725561087e-01 2.185749925270842e+00
9.499540229947498e-01 2.188598664331160e+00
9.527164799998504e-01 2.191439911620336e+00
9.554821491642594e-01 2.194273681984625e+00
9.582510360938394e-01 2.197099990235509e+00
9.610231464075049e-01 2.199918851149842e+00
9.637984857372610e-01 2.202730279470005e+00
9.665770597282405e-01 2.205534289904047e+00
9.693588740387432e-01 2.208330897125840e+00
9.721439343402731e-01 2.211120115775216e+00
9.749322463175782e-01 2.213901960458126e+00
9.777238156686888e-01 2.216676445746775e+00
9.805186481049555e-01 2.219443586179771e+00
9.833167493510893e-01 2.222203396262269e+00
9.861181251451996e-01 2.224955890466117e+00
9.889227812388349e-01 2.227701083229997e+00
9.917307233970202e-01 2.230438988959567e+00
9.945419573982985e-01 2.233169622027605e+00
9.973564890347688e-01 2.235892996774152e+00
1.000174324112127e+00 2.238609127506649e+00
1.002995468449705e+00 2.241318028500082e+00
1.005819927880512e+00 2.244019713997115e+00
1.008647708251273e+00 2.246714198208241e+00
1.011478815422470e+00 2.249401495311907e+00
1.014313255268383e+00 2.252081619454663e+00
1.017151033677129e+00 2.254754584751294e+00
1.019992156550707e+00 2.257420405284960e+00
1.022836629805032e+00 2.260079095107331e+00
1.025684459369981e+00 2.262730668238722e+00
1.028535651189434e+00 2.265375138668231e+00
1.031390211221314e+00 2.268012520353874e+00
1.034248145437629e+00 2.270642827222718e+00
1.037109459824513e+00 2.273266073171014e+00
1.039974160382269e+00 2.275882272064331e+00
1.042842253125411e+00 2.278491437737691e+00
1.045713744082703e+00 2.281093583995700e+00
1.048588639297206e+00 2.283688724612678e+00
1.051466944826317e+00 2.286276873332791e+00
1.054348666741812e+00 2.288858043870185e+00
1.057233811129891e+00 2.291432249909111e+00
1.060122384091218e+00 2.293999505104058e+00
1.063014391740966e+00 2.296559823079880e+00
1.065909840208856e+00 2.299113217431930e+00
1.068808735639209e+00 2.301659701726179e+00
1.071711084190980e+00 2.304199289499352e+00
1.074616892037806e+00 2.306731994259049e+00
1.077526165368051e+00 2.309257829483877e+00
1.080438910384848e+00 2.311776808623572e+00
1.083355133306143e+00 2.314288945099126e+00
1.086274840364739e+00 2.316794252302913e+00
1.089198037808342e+00 2.319292743598810e+00
1.092124731899605e+00 2.321784432322328e+00
1.095054928916172e+00 2.324269331780727e+00
1.097988635150723e+00 2.326747455253145e+00
1.100925856911019e+00 2.329218815990720e+00
1.103866600519949e+00 2.331683427216710e+00
1.106810872315572e+00 2.334141302126617e+00
1.109758678651166e+00 2.336592453888304e+00
1.112710025895271e+00 2.339036895642121e+00
1.115664920431736e+00 2.341474640501024e+00
1.118623368659767e+00 2.343905701550688e+00
1.121585376993969e+00 2.346330091849638e+00
1.124550951864395e+00 2.348747824429358e+00
1.127520099716593e+00 2.351158912294411e+00
1.130492827011650e+00 2.353563368422564e+00
1.133469140226243e+00 2.355961205764893e+00
1.136449045852682e+00 2.358352437245912e+00
1.139432550398960e+00 2.360737075763682e+00
1.142419660388799e+00 2.363115134189928e+00
1.145410382361696e+00 2.365486625370156e+00
1.148404722872976e+00 2.367851562123770e+00
1.151402688493834e+00 2.370209957244180e+00
1.154404285811385e+00 2.372561823498923e+00
1.157409521428715e+00 2.374907173629770e+00
1.160418401964926e+00 2.377246020352850e+00
1.163430934055186e+00 2.379578376358746e+00
1.166447124350778e+00 2.381904254312627e+00
1.169466979519146e+00 2.384223666854341e+00
1.172490506243950e+00 2.386536626598540e+00
1.175517711225111e+00 2.388843146134784e+00
1.178548601178859e+00 2.391143238027657e+00
1.181583182837789e+00 2.393436914816868e+00
1.184621462950904e+00 2.395724189017370e+00
1.187663448283669e+00 2.398005073119466e+00
1.190709145618060e+00 2.400279579588913e+00
1.193758561752615e+00 2.402547720867038e+00
1.196811703502485e+00 2.404809509370842e+00
1.199868577699481e+00 2.407064957493105e+00
1.202929191192131e+00 2.409314077602499e+00
1.205993550845727e+00 2.411556882043688e+00
1.209061663542377e+00 2.413793383137441e+00
1.212133536181057e+00 2.416023593180729e+00
1.215209175677664e+00 2.418247524446842e+00
1.218288588965063e+00 2.420465189185481e+00
1.221371782993147e+00 2.422676599622871e+00
1.224458764728882e+00 2.424881767961864e+00
1.227549541156363e+00 2.427080706382040e+00
1.230644119276868e+00 2.429273427039811e+00
1.233742506108905e+00 2.431459942068525e+00
1.236844708688272e+00 2.433640263578567e+00
1.239950734068107e+00 2.435814403657461e+00
1.243060589318941e+00 2.437982374369974e+00
1.246174281528751e+00 2.440144187758214e+00
1.249291817803018e+00 2.442299855841730e+00
1.252413205264776e+00 2.444449390617616e+00
1.255538451054670e+00 2.446592804060610e+00
1.258667562331008e+00 2.448730108123189e+00
1.261800546269817e+00 2.450861314735676e+00
1.264937410064896e+00 2.452986435806331e+00
1.268078160927875e+00 2.455105483221453e+00
1.271222806088267e+00 2.457218468845478e+00
1.274371352793522e+00 2.459325404521076e+00
1.277523808309089e+00 2.461426302069246e+00
1.280680179918463e+00 2.463521173289418e+00
1.283840474923249e+00 2.465610029959544e+00
1.287004700643217e+00 2.467692883836194e+00
1.290172864416351e+00 2.469769746654657e+00
1.293344973598916e+00 2.471840630129029e+00
1.296521035565510e+00 2.473905545952313e+00
1.299701057709119e+00 2.475964505796512e+00
1.302885047441179e+00 2.478017521312720e+00
1.306073012191632e+00 2.480064604131219e+00
1.309264959408981e+00 2.482105765861573e+00
1.312460896560351e+00 2.484141018092716e+00
1.315660831131548e+00 2.486170372393049e+00
1.318864770627114e+00 2.488193840310530e+00
1.322072722570390e+00 2.490211433372767e+00
1.325284694503569e+00 2.492223163087104e+00
1.328500693987761e+00 2.494229040940723e+00
1.331720728603051e+00 2.496229078400722e+00
1.334944805948554e+00 2.498223286914212e+00
1.338172933642481e+00 2.500211677908407e+00
1.341405119322196e+00 2.502194262790712e+00
1.344641370644275e+00 2.504171052948810e+00
1.347881695284570e+00 2.506142059750753e+00
1.351126100938265e+00 2.508107294545052e+00
1.354374595319942e+00 2.510066768660761e+00
1.357627186163639e+00 2.512020493407565e+00
1.360883881222912e+00 2.513968480075872e+00
1.364144688270896e+00 2.515910739936893e+00
1.367409615100369e+00 2.517847284242732e+00
1.370678669523810e+00 2.519778124226475e+00
1.373951859373466e+00 2.521703271102269e+00
1.377229192501414e+00 2.523622736065411e+00
1.380510676779618e+00 2.525536530292436e+00
1.383796320100001e+00 2.527444664941195e+00
1.387086130374499e+00 2.529347151150944e+00
1.390380115535132e+00 2.531244000042427e+00
1.393678283534065e+00 2.533135222717959e+00
1.396980642343669e+00 2.535020830261509e+00
1.400287199956592e+00 2.536900833738784e+00
1.403597964385816e+00 2.538775244197309e+00
1.406912943664727e+00 2.540644072666514e+00
1.410232145847178e+00 2.542507330157810e+00
1.413555579007555e+00 2.544365027664674e+00
1.416883251240840e+00 2.546217176162729e+00
1.420215170662681e+00 2.548063786609825e+00
1.423551345409453e+00 2.549904869946119e+00
1.426891783638331e+00 2.551740437094157e+00
1.430236493527348e+00 2.553570498958950e+00
1.433585483275468e+00 2.555395066428055e+00
1.436938761102650e+00 2.557214150371658e+00
1.440296335249919e+00 2.559027761642645e+00
1.443658213979427e+00 2.560835911076687e+00
1.447024405574528e+00 2.562638609492313e+00
1.450394918339842e+00 2.564435867690993e+00
1.453769760601321e+00 2.566227696457211e+00
1.457148940706325e+00 2.568014106558541e+00
1.460532467023681e+00 2.569795108745730e+00
1.463920347943763e+00 2.571570713752766e+00
1.467312591878552e+00 2.573340932296961e+00
1.470709207261711e+00 2.575105775079024e+00
1.474110202548652e+00 2.576865252783133e+00
1.477515586216608e+00 2.578619376077015e+00
1.480925366764704e+00 2.580368155612018e+00
1.484339552714024e+00 2.582111602023187e+00
1.487758152607688e+00 2.583849725929335e+00
1.491181175010917e+00 2.585582537933118e+00
1.494608628511107e+00 2.587310048621110e+00
1.498040521717904e+00 2.589032268563874e+00
1.501476863263272e+00 2.590749208316035e+00
1.504917661801564e+00 2.592460878416354e+00
1.508362926009601e+00 2.594167289387794e+00
1.511812664586740e+00 2.595868451737601e+00
1.515266886254946e+00 2.597564375957368e+00
1.518725599758873e+00 2.599255072523107e+00
1.522188813865927e+00 2.600940551895325e+00
1.525656537366350e+00 2.602620824519084e+00
1.529128779073288e+00 2.604295900824084e+00
1.532605547822869e+00 2.605965791224722e+00
1.536086852474276e+00 2.607630506120166e+00
1.539572701909822e+00 2.609290055894423e+00
1.543063105035030e+00 2.610944450916409e+00
1.546558070778703e+00 2.612593701540017e+00
1.550057608093001e+00 2.614237818104181e+00
1.553561725953523e+00 2.615876810932953e+00
1.557070433359375e+00 2.617510690335558e+00
1.560583739333257e+00 2.619139466606474e+00
1.564101652921530e+00 2.620763150025490e+00
1.567624183194303e+00 2.622381750857774e+00
1.571151339245503e+00 2.623995279353942e+00
1.574683130192959e+00 2.625603745750121e+00
1.578219565178480e+00 2.627207160268018e+00
1.581760653367928e+00 2.628805533114980e+00
1.585306403951307e+00 2.630398874484063e+00
1.588856826142832e+00 2.631987194554096e+00
1.592411929181017e+00 2.633570503489746e+00
1.595971722328751e+00 2.635148811441576e+00
1.599536214873379e+00 2.636722128546119e+00
1.603105416126785e+00 2.638290464925932e+00
1.606679335425470e+00 2.639853830689666e+00
1.610257982130635e+00 2.641412235932120e+00
1.613841365628262e+00 2.642965690734316e+00
1.617429495329197e+00 2.644514205163549e+00
1.621022380669232e+00 2.646057789273456e+00
1.624620031109188e+00 2.647596453104075e+00
1.628222456134996e+00 2.649130206681906e+00
1.631829665257784e+00 2.650659060019974e+00
1.635441668013957e+00 2.652183023117886e+00
1.639058473965286e+00 2.653702105961897e+00
1.642680092698984e+00 2.655216318524961e+00
1.646306533827800e+00 2.656725670766800e+00
1.649937806990100e+00 2.658230172633959e+00
1.653573921849949e+00 2.659729834059864e+00
1.657214888097203e+00 2.661224664964884e+00
1.660860715447591e+00 2.662714675256385e+00
1.664511413642802e+00 2.664199874828795e+00
1.668166992450574e+00 2.665680273563653e+00
1.671827461664777e+00 2.667155881329674e+00
1.675492831105506e+00 2.668626707982805e+00
1.679163110619162e+00 2.670092763366276e+00
1.682838310078548e+00 2.671554057310665e+00
1.686518439382949e+00 2.673010599633949e+00
1.690203508458229e+00 2.674462400141563e+00
1.693893527256913e+00 2.675909468626451e+00
1.697588505758284e+00 2.677351814869129e+00
1.701288453968468e+00 2.678789448637733e+00
1.704993381920521e+00 2.680222379688078e+00
1.708703299674531e+00 2.681650617763712e+00
1.712418217317697e+00 2.683074172595967e+00
1.716138144964427e+00 2.684493053904020e+00
1.719863092756430e+00 2.685907271394940e+00
1.723593070862804e+00 2.687316834763742e+00
1.727328089480133e+00 2.688721753693445e+00
1.731068158832576e+00 2.690122037855120e+00
1.734813289171965e+00 2.691517696907947e+00
1.738563490777893e+00 2.692908740499259e+00
1.742318773957813e+00 2.694295178264605e+00
1.746079149047129e+00 2.695677019827793e+00
1.749844626409293e+00 2.697054274800944e+00
1.753615216435901e+00 2.698426952784546e+00
1.757390929546784e+00 2.699795063367500e+00
1.761171776190108e+00 2.701158616127173e+00
1.764957766842471e+00 2.702517620629448e+00
1.768748912008997e+00 2.703872086428775e+00
1.772545222223433e+00 2.705222023068218e+00
1.776346708048250e+00 2.706567440079504e+00
1.780153380074739e+00 2.707908346983078e+00
1.783965248923106e+00 2.709244753288146e+00
1.787782325242578e+00 2.710576668492720e+00
1.791604619711495e+00 2.711904102083679e+00
1.795432143037416e+00 2.713227063536803e+00
1.799264905957211e+00 2.714545562316829e+00
1.803102919237170e+00 2.715859607877495e+00
1.806946193673100e+00 2.717169209661588e+00
1.810794740090423e+00 2.718474377100990e+00
1.814648569344283e+00 2.719775119616728e+00
1.818507692319645e+00 2.721071446619013e+00
1.822372119931400e+00 2.722363367507293e+00
1.826241863124464e+00 2.723650891670293e+00
1.830116932873885e+00 2.724934028486065e+00
1.833997340184943e+00 2.726212787322031e+00
1.837883096093261e+00 2.727487177535027e+00
1.841774211664900e+00 2.728757208471347e+00
1.845670697996473e+00 2.730022889466791e+00
1.849572566215243e+00 2.731284229846703e+00
1.853479827479237e+00 2.732541238926021e+00
1.857392492977344e+00 2.733793926009314e+00
1.861310573929428e+00 2.735042300390831e+00
1.865234081586431e+00 2.736286371354539e+00
1.869163027230486e+00 2.737526148174168e+00
1.873097422175017e+00 2.738761640113252e+00
1.877037277764856e+00 2.739992856425172e+00
1.880982605376349e+00 2.741219806353197e+00
1.884933416417460e+00 2.742442499130525e+00
1.888889722327892e+00 2.743660943980327e+00
1.892851534579187e+00 2.744875150115780e+00
1.896818864674844e+00 2.746085126740119e+00
1.900791724150425e+00 2.747290883046666e+00
1.904770124573670e+00 2.748492428218879e+00
1.908754077544610e+00 2.749689771430384e+00
1.912743594695677e+00 2.750882921845021e+00
1.916738687691820e+00 2.752071888616878e+00
1.920739368230614e+00 2.753256680890333e+00
1.924745648042380e+00 2.754437307800092e+00
1.928757538890297e+00 2.755613778471226e+00
1.932775052570517e+00 2.756786102019212e+00
1.936798200912281e+00 2.757954287549963e+00
1.940826995778032e+00 2.759118344159878e+00
1.944861449063539e+00 2.760278280935867e+00
1.948901572698006e+00 2.761434106955396e+00
1.952947378644196e+00 2.762585831286520e+00
1.956998878898544e+00 2.763733462987918e+00
1.961056085491278e+00 2.764877011108934e+00
1.965119010486538e+00 2.766016484689608e+00
1.969187665982497e+00 2.767151892760716e+00
1.973262064111479e+00 2.768283244343798e+00
1.977342217040077e+00 2.769410548451201e+00
1.981428136969281e+00 2.770533814086111e+00
1.985519836134594e+00 2.771653050242584e+00
1.989617326806156e+00 2.772768265905584e+00
1.993720621288869e+00 2.773879470051017e+00
1.997829731922513e+00 2.774986671645761e+00
2.001944671081879e+00 2.776089879647702e+00
2.006065451176887e+00 2.777189103005768e+00
2.010192084652711e+00 2.778284350659961e+00
2.014324583989909e+00 2.779375631541386e+00
2.018462961704541e+00 2.780462954572289e+00
2.022607230348305e+00 2.781546328666083e+00
2.026757402508655e+00 2.782625762727387e+00
2.030913490808935e+00 2.783701265652050e+00
2.035075507908502e+00 2.784772846327185e+00
2.039243466502857e+00 2.785840513631202e+00
2.043417379323776e+00 2.786904276433837e+00
2.047597259139436e+00 2.787964143596179e+00
2.051783118754545e+00 2.789020123970706e+00
2.055974971010478e+00 2.790072226401313e+00
2.060172828785402e+00 2.791120459723336e+00
2.064376704994412e+00 2.792164832763589e+00
2.068586612589661e+00 2.793205354340389e+00
2.072802564560496e+00 2.794242033263584e+00
2.077024573933588e+00 2.795274878334585e+00
2.081252653773069e+00 2.796303898346389e+00
2.085486817180664e+00 2.797329102083613e+00
2.089727077295829e+00 2.798350498322515e+00
2.093973447295886e+00 2.799368095831027e+00
2.098225940396160e+00 2.800381903368778e+00
2.102484569850114e+00 2.801391929687125e+00
2.106749348949488e+00 2.802398183529174e+00
2.111020291024440e+00 2.803400673629813e+00
2.115297409443679e+00 2.804399408715730e+00
2.119580717614610e+00 2.805394397505447e+00
2.123870228983472e+00 2.806385648709339e+00
2.128165957035478e+00 2.807373171029663e+00
2.132467915294955e+00 2.808356973160582e+00
2.136776117325490e+00 2.809337063788187e+00
2.141090576730072e+00 2.810313451590527e+00
2.145411307151230e+00 2.811286145237626e+00
2.149738322271183e+00 2.812255153391515e+00
2.154071635811980e+00 2.813220484706246e+00
2.158411261535647e+00 2.814182147827927e+00
2.162757213244335e+00 2.815140151394731e+00
2.167109504780461e+00 2.816094504036935e+00
2.171468150026858e+00 2.817045214376925e+00
2.175833162906924e+00 2.817992291029235e+00
2.180204557384768e+00 2.818935742600556e+00
2.184582347465359e+00 2.819875577689766e+00
2.188966547194678e+00 2.820811804887945e+00
2.193357170659863e+00 2.821744432778402e+00
2.197754231989367e+00 2.822673469936694e+00
2.202157745353104e+00 2.823598924930643e+00
2.206567724962602e+00 2.824520806320363e+00
2.210984185071160e+00 2.825439122658275e+00
2.215407139973994e+00 2.826353882489128e+00
2.219836604008400e+00 2.827265094350020e+00
2.224272591553901e+00 2.828172766770416e+00
2.228715117032412e+00 2.829076908272167e+00
2.233164194908382e+00 2.829977527369531e+00
2.237619839688966e+00 2.830874632569187e+00
2.242082065924175e+00 2.831768232370260e+00
2.246550888207034e+00 2.832658335264331e+00
2.251026321173743e+00 2.833544949735462e+00
2.255508379503837e+00 2.834428084260209e+00
2.259997077920347e+00 2.835307747307640e+00
2.264492431189957e+00 2.836183947339356e+00
2.268994454123172e+00 2.837056692809498e+00
2.273503161574476e+00 2.837925992164777e+00
2.278018568442498e+00 2.838791853844478e+00
2.282540689670175e+00 2.839654286280482e+00
2.287069540244917e+00 2.840513297897281e+00
2.291605135198774e+00 2.841368897111993e+00
2.296147489608597e+00 2.842221092334376e+00
2.300696618596212e+00 2.843069891966844e+00
2.305252537328585e+00 2.843915304404484e+00
2.309815261017989e+00 2.844757338035065e+00
2.314384804922176e+00 2.845596001239055e+00
2.318961184344543e+00 2.846431302389637e+00
2.323544414634310e+00 2.847263249852718e+00
2.328134511186683e+00 2.848091851986946e+00
2.332731489443033e+00 2.848917117143722e+00
2.337335364891065e+00 2.849739053667212e+00
2.341946153064995e+00 2.850557669894359e+00
2.346563869545723e+00 2.851372974154898e+00
2.351188529961008e+00 2.852184974771365e+00
2.355820149985647e+00 2.852993680059112e+00
2.360458745341647e+00 2.853799098326315e+00
2.365104331798411e+00 2.854601237873986e+00
2.369756925172907e+00 2.855400106995988e+00
2.374416541329855e+00 2.856195713979040e+00
2.379083196181905e+00 2.856988067102730e+00
2.383756905689815e+00 2.857777174639527e+00
2.388437685862639e+00 2.858563044854788e+00
2.393125552757905e+00 2.859345686006769e+00
2.397820522481800e+00 2.860125106346634e+00
2.402522611189355e+00 2.860901314118466e+00
2.407231835084631e+00 2.861674317559272e+00
2.411948210420901e+00 2.862444124898997e+00
2.416671753500844e+00 2.863210744360528e+00
2.421402480676726e+00 2.863974184159705e+00
2.426140408350593e+00 2.864734452505324e+00
2.430885552974457e+00 2.865491557599154e+00
2.435637931050492e+00 2.866245507635933e+00
2.440397559131220e+00 2.866996310803386e+00
2.445164453819705e+00 2.867743975282223e+00
2.449938631769745e+00 2.868488509246152e+00
2.454720109686070e+00 2.869229920861880e+00
2.459508904324532e+00 2.869968218289125e+00
2.464305032492303e+00 2.870703409680616e+00
2.469108511048069e+00 2.871435503182104e+00
2.473919356902235e+00 2.872164506932364e+00
2.478737587017112e+00 2.872890429063200e+00
2.483563218407129e+00 2.873613277699452e+00
2.488396268139020e+00 2.874333060958998e+00
2.493236753332038e+00 2.875049786952762e+00
2.498084691158147e+00 2.875763463784715e+00
2.502940098842231e+00 2.876474099551879e+00
2.507802993662298e+00 2.877181702344332e+00
2.512673392949679e+00 2.877886280245213e+00
2.517551314089241e+00 2.878587841330718e+00
2.522436774519591e+00 2.879286393670114e+00
2.527329791733282e+00 2.879981945325731e+00
2.532230383277027e+00 2.880674504352970e+00
2.537138566751899e+00 2.881364078800305e+00
2.542054359813554e+00 2.882050676709283e+00
2.546977780172435e+00 2.882734306114527e+00
2.551908845593985e+00 2.883414975043736e+00
2.556847573898863e+00 2.884092691517688e+00
2.561793982963157e+00 2.884767463550240e+00
2.566748090718602e+00 2.885439299148329e+00
2.571709915152793e+00 2.886108206311970e+00
2.576679474309408e+00 2.886774193034260e+00
2.581656786288420e+00 2.887437267301376e+00
2.586641869246322e+00 2.888097437092574e+00
2.591634741396345e+00 2.888754710380190e+00
2.596635421008683e+00 2.889409095129638e+00
2.601643926410711e+00 2.890060599299409e+00
2.606660275987215e+00 2.890709230841071e+00
2.611684488180608e+00 2.891354997699265e+00
2.616716581491168e+00 2.891997907811707e+00
2.621756574477255e+00 2.892637969109181e+00
2.626804485755544e+00 2.893275189515541e+00
2.631860334001250e+00 2.893909576947707e+00
2.636924137948367e+00 2.894541139315661e+00
2.641995916389888e+00 2.895169884522447e+00
2.647075688178047e+00 2.895795820464165e+00
2.652163472224546e+00 2.896418955029967e+00
2.657259287500796e+00 2.897039296102057e+00
2.662363153038145e+00 2.897656851555682e+00
2.667475087928123e+00 2.898271629259136e+00
2.672595111322674e+00 2.898883637073744e+00
2.677723242434397e+00 2.899492882853867e+00
2.682859500536788e+00 2.900099374446893e+00
2.688003904964481e+00 2.900703119693233e+00
2.693156475113488e+00 2.901304126426314e+00
2.698317230441444e+00 2.901902402472574e+00
2.703486190467855e+00 2.902497955651461e+00
2.708663374774340e+00 2.903090793775416e+00
2.713848803004880e+00 2.903680924649879e+00
2.719042494866066e+00 2.904268356073274e+00
2.724244470127349e+00 2.904853095837006e+00
2.729454748621293e+00 2.905435151725453e+00
2.734673350243820e+00 2.906014531515958e+00
2.739900294954473e+00 2.906591242978823e+00
2.745135602776664e+00 2.907165293877301e+00
2.750379293797929e+00 2.907736691967588e+00
2.755631388170190e+00 2.908305444998811e+00
2.760891906110009e+00 2.908871560713030e+00
2.766160867898849e+00 2.909435046845216e+00
2.771438293883332e+00 2.909995911123252e+00
2.776724204475508e+00 2.910554161267919e+00
2.782018620153110e+00 2.911109804992892e+00
2.787321561459823e+00 2.911662850004722e+00
2.792633049005547e+00 2.912213304002834e+00
2.797953103466667e+00 2.912761174679513e+00
2.803281745586320e+00 2.913306469719897e+00
2.808618996174664e+00 2.913849196801961e+00
2.813964876109149e+00 2.914389363596513e+00
2.819319406334791e+00 2.914926977767178e+00
2.824682607864441e+00 2.915462046970391e+00
2.830054501779066e+00 2.915994578855381e+00
2.835435109228023e+00 2.916524581064164e+00
2.840824451429331e+00 2.917052061231529e+00
2.846222549669958e+00 2.917577026985025e+00
2.851629425306100e+00 2.918099485944953e+00
2.857045099763455e+00 2.918619445724349e+00
2.862469594537516e+00 2.919136913928971e+00
2.867902931193850e+00 2.919651898157292e+00
2.873345131368383e+00 2.920164406000481e+00
2.878796216767690e+00 2.920674445042394e+00
2.884256209169285e+00 2.921182022859557e+00
2.889725130421904e+00 2.921687147021152e+00
2.895203002445804e+00 2.922189825089009e+00
2.900689847233052e+00 2.922690064617584e+00
2.906185686847819e+00 2.923187873153950e+00
2.911690543426680e+00 2.923683258237781e+00
2.917204439178905e+00 2.924176227401337e+00
2.922727396386763e+00 2.924666788169448e+00
2.928259437405817e+00 2.925154948059502e+00
2.933800584665232e+00 2.925640714581425e+00
2.939350860668073e+00 2.926124095237669e+00
2.944910287991611e+00 2.926605097523196e+00
2.950478889287630e+00 2.927083728925460e+00
2.956056687282735e+00 2.927559996924392e+00
2.961643704778657e+00 2.928033908992383e+00
2.967239964652572e+00 2.928505472594269e+00
2.972845489857403e+00 2.928974695187312e+00
2.978460303422143e+00 2.929441584221185e+00
2.984084428452164e+00 2.929906147137952e+00
2.989717888129538e+00 2.930368391372054e+00
2.995360705713353e+00 2.930828324350288e+00
3.001012904540034e+00 2.931285953491791e+00
3.006674508023664e+00 2.931741286208024e+00
3.012345539656310e+00 2.932194329902749e+00
3.018026023008343e+00 2.932645091972014e+00
3.023715981728770e+00 2.933093579804133e+00
3.029415439545558e+00 2.933539800779668e+00
3.035124420265967e+00 2.933983762271411e+00
3.040842947776877e+00 2.934425471644360e+00
3.046571046045129e+00 2.934864936255706e+00
3.052308739117850e+00 2.935302163454809e+00
3.058056051122797e+00 2.935737160583181e+00
3.063813006268692e+00 2.936169934974463e+00
3.069579628845562e+00 2.936600493954407e+00
3.075355943225082e+00 2.937028844840856e+00
3.081141973860918e+00 2.937454994943722e+00
3.086937745289070e+00 2.937878951564965e+00
3.092743282128222e+00 2.938300721998575e+00
3.098558609080087e+00 2.938720313530546e+00
3.104383750929760e+00 2.939137733438861e+00
3.110218732546072e+00 2.939552988993464e+00
3.116063578881938e+00 2.939966087456245e+00
3.121918314974718e+00 2.940377036081011e+00
3.127782965946571e+00 2.940785842113470e+00
3.133657557004817e+00 2.941192512791205e+00
3.139542113442297e+00 2.941597055343655e+00
3.145436660637734e+00 2.941999476992089e+00
3.151341224056104e+00 2.942399784949587e+00
3.157255829248995e+00 2.942797986421012e+00
3.163180501854981e+00 2.943194088602993e+00
3.169115267599988e+00 2.943588098683895e+00
3.175060152297672e+00 2.943980023843805e+00
3.181015181849789e+00 2.944369871254497e+00
3.186980382246573e+00 2.944757648079418e+00
3.192955779567112e+00 2.945143361473658e+00
3.198941399979730e+00 2.945527018583930e+00
3.204937269742369e+00 2.945908626548541e+00
3.210943415202975e+00 2.946288192497374e+00
3.216959862799876e+00 2.946665723551857e+00
3.222986639062179e+00 2.947041226824942e+00
3.229023770610156e+00 2.947414709421080e+00
3.235071284155637e+00 2.947786178436195e+00
3.241129206502400e+00 2.948155640957658e+00
3.247197564546574e+00 2.948523104064265e+00
3.253276385277031e+00 2.948888574826205e+00
3.259365695775789e+00 2.949252060305044e+00
3.265465523218414e+00 2.949613567553688e+00
3.271575894874423e+00 2.949973103616367e+00
3.277696838107691e+00 2.950330675528601e+00
3.283828380376861e+00 2.950686290317181e+00
3.289970549235752e+00 2.951039955000135e+00
3.296123372333775e+00 2.951391676586708e+00
3.302286877416342e+00 2.951741462077331e+00
3.308461092325291e+00 2.952089318463596e+00
3.314646044999298e+00 2.952435252728229e+00
3.320841763474305e+00 2.952779271845061e+00
3.327048275883937e+00 2.953121382779003e+00
3.333265610459934e+00 2.953461592486018e+00
3.339493795532572e+00 2.953799907913094e+00
3.345732859531101e+00 2.954136335998211e+00
3.351982830984173e+00 2.954470883670323e+00
3.358243738520278e+00 2.954803557849321e+00
3.364515610868180e+00 2.955134365446008e+00
3.370798476857357e+00 2.955463313362073e+00
3.377092365418446e+00 2.955790408490061e+00
3.383397305583681e+00 2.956115657713341e+00
3.389713326487343e+00 2.956439067906083e+00
3.396040457366209e+00 2.956760645933227e+00
3.402378727560003e+00 2.957080398650452e+00
3.408728166511847e+00 2.957398332904150e+00
3.415088803768723e+00 2.957714455531394e+00
3.421460668981920e+00 2.958028773359912e+00
3.427843791907507e+00 2.958341293208054e+00
3.434238202406792e+00 2.958652021884768e+00
3.440643930446784e+00 2.958960966189562e+00
3.447061006100664e+00 2.959268132912482e+00
3.453489459548256e+00 2.959573528834078e+00
3.459929321076500e+00 2.959877160725374e+00
3.466380621079928e+00 2.960179035347842e+00
3.472843390061141e+00 2.960479159453366e+00
3.479317658631287e+00 2.960777539784216e+00
3.485803457510552e+00 2.961074183073015e+00
3.492300817528640e+00 2.961369096042708e+00
3.498809769625262e+00 2.961662285406538e+00
3.505330344850627e+00 2.961953757868004e+00
3.511862574365939e+00 2.962243520120840e+00
3.518406489443890e+00 2.962531578848978e+00
3.524962121469160e+00 2.962817940726523e+00
3.531529501938922e+00 2.963102612417712e+00
3.538108662463336e+00 2.963385600576895e+00
3.544699634766072e+00 2.963666911848495e+00
3.551302450684804e+00 2.963946552866977e+00
3.557917142171736e+00 2.964224530256822e+00
3.564543741294108e+00 2.964500850632489e+00
3.571182280234719e+00 2.964775520598390e+00
3.577832791292445e+00 2.965048546748851e+00
3.584495306882766e+00 2.965319935668084e+00
3.591169859538291e+00 2.965589693930156e+00
3.597856481909288e+00 2.965857828098957e+00
3.604555206764213e+00 2.966124344728162e+00
3.611266066990253e+00 2.966389250361208e+00
3.617989095593856e+00 2.966652551531254e+00
3.624724325701277e+00 2.966914254761153e+00
3.631471790559119e+00 2.967174366563418e+00
3.638231523534885e+00 2.967432893440190e+00
3.645003558117523e+00 2.967689841883206e+00
3.651787927917980e+00 2.967945218373763e+00
3.658584666669759e+00 2.968199029382691e+00
3.665393808229479e+00 2.968451281370316e+00
3.672215386577436e+00 2.968701980786428e+00
3.679049435818168e+00 2.968951134070248e+00
3.685895990181025e+00 2.969198747650397e+00
3.692755084020736e+00 2.969444827944861e+00
3.699626751817990e+00 2.969689381360958e+00
3.706511028180009e+00 2.969932414295306e+00
3.713407947841133e+00 2.970173933133787e+00
3.720317545663398e+00 2.970413944251519e+00
3.727239856637131e+00 2.970652454012820e+00
3.734174915881532e+00 2.970889468771170e+00
3.741122758645280e+00 2.971124994869186e+00
3.748083420307114e+00 2.971359038638584e+00
3.755056936376450e+00 2.971591606400144e+00
3.762043342493973e+00 2.971822704463682e+00
3.769042674432250e+00 2.972052339128012e+00
3.776054968096340e+00 2.972280516680910e+00
3.783080259524403e+00 2.972507243399090e+00
3.790118584888325e+00 2.972732525548159e+00
3.797169980494334e+00 2.972956369382593e+00
3.804234482783626e+00 2.973178781145696e+00
3.811312128332990e+00 2.973399767069569e+00
3.818402953855446e+00 2.973619333375081e+00
3.825506996200868e+00 2.973837486271824e+00
3.832624292356638e+00 2.974054231958092e+00
3.839754879448272e+00 2.974269576620837e+00
3.846898794740077e+00 2.974483526435642e+00
3.854056075635797e+00 2.974696087566683e+00
3.861226759679261e+00 2.974907266166696e+00
3.868410884555046e+00 2.975117068376945e+00
3.875608488089135e+00 2.975325500327187e+00
3.882819608249579e+00 2.975532568135637e+00
3.890044283147166e+00 2.975738277908934e+00
3.897282551036094e+00 2.975942635742112e+00
3.904534450314643e+00 2.976145647718558e+00
3.911800019525857e+00 2.976347319909983e+00
3.919079297358226e+00 2.976547658376390e+00
3.926372322646368e+00 2.976746669166035e+00
3.933679134371726e+00 2.976944358315396e+00
3.940999771663264e+00 2.977140731849138e+00
3.948334273798157e+00 2.977335795780082e+00
3.955682680202500e+00 2.977529556109166e+00
3.963045030452012e+00 2.977722018825417e+00
3.970421364272748e+00 2.977913189905911e+00
3.977811721541813e+00 2.978103075315744e+00
3.985216142288080e+00 2.978291681007997e+00
3.992634666692910e+00 2.978479012923701e+00
4.000067335090886e+00 2.978665076991803e+00
4.007514187970536e+00 2.978849879129135e+00
4.014975265975077e+00 2.979033425240377e+00
4.022450609903145e+00 2.979215721218025e+00
4.029940260709544e+00 2.979396772942357e+00
4.037444259505993e+00 2.979576586281400e+00
4.044962647561880e+00 2.979755167090896e+00
4.052495466305015e+00 2.979932521214267e+00
4.060042757322391e+00 2.980108654482585e+00
4.067604562360954e+00 2.980283572714532e+00
4.075180923328369e+00 2.980457281716376e+00
4.082771882293795e+00 2.980629787281930e+00
4.090377481488662e+00 2.980801095192519e+00
4.097997763307458e+00 2.980971211216954e+00
4.105632770308511e+00 2.981140141111488e+00
4.113282545214790e+00 2.981307890619792e+00
4.120947130914693e+00 2.981474465472917e+00
4.128626570462850e+00 2.981639871389262e+00
4.136320907080935e+00 2.981804114074542e+00
4.144030184158473e+00 2.981967199221752e+00
4.151754445253656e+00 2.982129132511139e+00
4.159493734094159e+00 2.982289919610165e+00
4.167248094577974e+00 2.982449566173476e+00
4.175017570774232e+00 2.982608077842868e+00
4.182802206924045e+00 2.982765460247258e+00
4.190602047441338e+00 2.982921719002645e+00
4.198417136913698e+00 2.983076859712085e+00
4.206247520103227e+00 2.983230887965653e+00
4.214093241947386e+00 2.983383809340413e+00
4.221954347559866e+00 2.983535629400386e+00
4.229830882231450e+00 2.983686353696517e+00
4.237722891430875e+00 2.983835987766643e+00
4.245630420805718e+00 2.983984537135461e+00
4.253553516183266e+00 2.984132007314497e+00
4.261492223571412e+00 2.984278403802075e+00
4.269446589159533e+00 2.984423732083281e+00
4.277416659319397e+00 2.984567997629937e+00
4.285402480606060e+00 2.984711205900565e+00
4.293404099758771e+00 2.984853362340360e+00
4.301421563701881e+00 2.984994472381154e+00
4.309454919545772e+00 2.985134541441387e+00
4.317504214587765e+00 2.985273574926079e+00
4.325569496313059e+00 2.985411578226792e+00
4.333650812395661e+00 2.985548556721606e+00
4.341748210699322e+00 2.985684515775086e+00
4.349861739278489e+00 2.985819460738250e+00
4.357991446379248e+00 2.985953396948537e+00
4.366137380440288e+00 2.986086329729783e+00
4.374299590093859e+00 2.986218264392186e+00
4.382478124166736e+00 2.986349206232276e+00
4.390673031681201e+00 2.986479160532886e+00
4.398884361856016e+00 2.986608132563122e+00
4.407112164107410e+00 2.986736127578332e+00
4.415356488050072e+00 2.986863150820080e+00
4.423617383498145e+00 2.986989207516114e+00
4.431894900466236e+00 2.987114302880334e+00
4.440189089170415e+00 2.987238442112770e+00
4.448500000029239e+00 2.987361630399546e+00
4.456827683664772e+00 2.987483872912854e+00
4.465172190903608e+00 2.987605174810926e+00
4.473533572777913e+00 2.987725541238004e+00
4.481911880526458e+00 2.987844977324313e+00
4.490307165595667e+00 2.987963488186031e+00
4.498719479640677e+00 2.988081078925263e+00
4.507148874526386e+00 2.988197754630010e+00
4.515595402328531e+00 2.988313520374144e+00
4.524059115334749e+00 2.988428381217382e+00
4.532540066045663e+00 2.988542342205251e+00
4.541038307175969e+00 2.988655408369069e+00
4.549553891655519e+00 2.988767584725914e+00
4.558086872630432e+00 2.988878876278597e+00
4.566637303464189e+00 2.988989288015638e+00
4.575205237738751e+00 2.989098824911235e+00
4.583790729255680e+00 2.989207491925240e+00
4.592393832037259e+00 2.989315294003132e+00
4.601014600327629e+00 2.989422236075996e+00
4.609653088593930e+00 2.989528323060487e+00
4.618309351527446e+00 2.989633559858814e+00
4.626983444044759e+00 2.989737951358707e+00
4.635675421288914e+00 2.989841502433400e+00
4.644385338630577e+00 2.989944217941596e+00
4.653113251669228e+00 2.990046102727450e+00
4.661859216234329e+00 2.990147161620542e+00
4.670623288386522e+00 2.990247399435851e+00
4.679405524418822e+00 2.990346820973731e+00
4.688205980857829e+00 2.990445431019889e+00
4.697024714464933e+00 2.990543234345359e+00
4.705861782237540e+00 2.990640235706479e+00
4.714717241410300e+00 2.990736439844868e+00
4.723591149456336e+00 2.990831851487401e+00
4.732483564088493e+00 2.990926475346188e+00
4.741394543260594e+00 2.991020316118551e+00
4.750324145168685e+00 2.991113378486999e+00
4.759272428252318e+00 2.991205667119210e+00
4.768239451195811e+00 2.991297186668005e+00
4.777225272929542e+00 2.991387941771325e+00
4.786229952631235e+00 2.991477937052214e+00
4.795253549727259e+00 2.991567177118795e+00
4.804296123893938e+00 2.991655666564249e+00
4.813357735058862e+00 2.991743409966791e+00
4.822438443402215e+00 2.991830411889655e+00
4.831538309358106e+00 2.991916676881069e+00
4.840657393615913e+00 2.992002209474237e+00
4.849795757121619e+00 2.992087014187318e+00
4.858953461079191e+00 2.992171095523404e+00
4.868130566951927e+00 2.992254457970506e+00
4.877327136463843e+00 2.992337106001529e+00
4.886543231601048e+00 2.992419044074255e+00
4.895778914613146e+00 2.992500276631326e+00
4.905034248014633e+00 2.992580808100224e+00
4.914309294586301e+00 2.992660642893251e+00
4.923604117376675e+00 2.992739785407511e+00
4.932918779703421e+00 2.992818240024897e+00
4.942253345154795e+00 2.992896011112069e+00
4.951607877591093e+00 2.992973103020438e+00
4.960982441146099e+00 2.993049520086146e+00
4.970377100228553e+00 2.993125266630056e+00
4.979791919523630e+00 2.993200346957729e+00
4.989226963994422e+00 2.993274765359411e+00
4.998682298883431e+00 2.993348526110017e+00
5.008157989714072e+00 2.993421633469114e+00
5.017654102292195e+00 2.993494091680907e+00
5.027170702707595e+00 2.993565904974222e+00
5.036707857335555e+00 2.993637077562493e+00
5.046265632838388e+00 2.993707613643748e+00
5.055844096166983e+00 2.993777517400593e+00
5.065443314562379e+00 2.993846793000198e+00
5.075063355557331e+00 2.993915444594283e+00
5.084704286977896e+00 2.993983476319109e+00
5.094366176945028e+00 2.994050892295458e+00
5.104049093876181e+00 2.994117696628626e+00
5.113753106486921e+00 2.994183893408406e+00
5.123478283792560e+00 2.994249486709079e+00
5.133224695109783e+00 2.994314480589402e+00
5.142992410058301e+00 2.994378879092594e+00
5.152781498562504e+00 2.994442686246325e+00
5.162592030853134e+00 2.994505906062708e+00
5.172424077468965e+00 2.994568542538286e+00
5.182277709258484e+00 2.994630599654021e+00
5.192152997381607e+00 2.994692081375284e+00
5.202050013311382e+00 2.994752991651849e+00
5.211968828835715e+00 2.994813334417877e+00
5.221909516059112e+00 2.994873113591913e+00
5.231872147404412e+00 2.994932333076871e+00
5.241856795614565e+00 2.994990996760034e+00
5.251863533754386e+00 2.995049108513036e+00
5.261892435212346e+00 2.995106672191860e+00
5.271943573702363e+00 2.995163691636830e+00
5.282017023265610e+00 2.995220170672604e+00
5.292112858272332e+00 2.995276113108163e+00
5.302231153423674e+00 2.995331522736810e+00
5.312371983753526e+00 2.995386403336159e+00
5.322535424630379e+00 2.995440758668132e+00
5.332721551759190e+00 2.995494592478953e+00
5.342930441183260e+00 2.995547908499141e+00
5.353162169286131e+00 2.995600710443508e+00
5.363416812793487e+00 2.995653002011150e+00
5.373694448775076e+00 2.995704786885447e+00
5.383995154646635e+00 2.995756068734058e+00
5.394319008171837e+00 2.995806851208914e+00
5.404666087464252e+00 2.995857137946219e+00
5.415036470989305e+00 2.995906932566447e+00
5.425430237566276e+00 2.995956238674334e+00
5.435847466370283e+00 2.996005059858883e+00
5.446288236934297e+00 2.996053399693356e+00
5.456752629151173e+00 2.996101261735276e+00
5.467240723275673e+00 2.996148649526428e+00
5.477752599926535e+00 2.996195566592848e+00
5.488288340088522e+00 2.996242016444835e+00
5.498848025114514e+00 2.996288002576944e+00
5.509431736727595e+00 2.996333528467985e+00
5.520039557023165e+00 2.996378597581029e+00
5.530671568471063e+00 2.996423213363403e+00
5.541327853917701e+00 2.996467379246696e+00
5.552008496588217e+00 2.996511098646758e+00
5.562713580088642e+00 2.996554374963701e+00
5.573443188408084e+00 2.996597211581904e+00
5.584197405920917e+00 2.996639611870015e+00
5.594976317389007e+00 2.996681579180951e+00
5.605780007963917e+00 2.996723116851906e+00
5.616608563189174e+00 2.996764228204352e+00
5.627462069002506e+00 2.996804916544042e+00
5.638340611738130e+00 2.996845185161018e+00
5.649244278129033e+00 2.996885037329611e+00
5.660173155309278e+00 2.996924476308453e+00
5.671127330816330e+00 2.996963505340475e+00
5.682106892593389e+00 2.997002127652917e+00
5.693111928991737e+00 2.997040346457336e+00
5.704142528773126e+00 2.997078164949606e+00
5.715198781112144e+00 2.997115586309934e+00
5.726280775598635e+00 2.997152613702859e+00
5.737388602240107e+00 2.997189250277265e+00
5.748522351464171e+00 2.997225499166388e+00
5.759682114121003e+00 2.997261363487822e+00
5.770867981485803e+00 2.997296846343531e+00
5.782080045261296e+00 2.997331950819858e+00
5.793318397580223e+00 2.997366679987532e+00
5.804583131007879e+00 2.997401036901681e+00
5.815874338544650e+00 2.997435024601839e+00
5.827192113628564e+00 2.997468646111960e+00
5.838536550137884e+00 2.997501904440428e+00
5.849907742393688e+00 2.997534802580068e+00
5.861305785162492e+00 2.997567343508156e+00
5.872730773658883e+00 2.997599530186437e+00
5.884182803548165e+00 2.997631365561131e+00
5.895661970949031e+00 2.997662852562949e+00
5.907168372436259e+00 2.997693994107106e+00
5.918702105043407e+00 2.997724793093337e+00
5.930263266265556e+00 2.997755252405906e+00
5.941851954062044e+00 2.997785374913625e+00
5.953468266859237e+00 2.997815163469865e+00
5.965112303553322e+00 2.997844620912578e+00
5.976784163513102e+00 2.997873750064304e+00
5.988483946582837e+00 2.997902553732191e+00
6.000211753085073e+00 2.997931034708013e+00
6.011967683823523e+00 2.997959195768185e+00
6.023751840085957e+00 2.997987039673777e+00
6.035564323647097e+00 2.998014569170541e+00
6.047405236771564e+00 2.998041786988916e+00
6.059274682216810e+00 2.998068695844055e+00
6.071172763236111e+00 2.998095298435842e+00
6.083099583581546e+00 2.998121597448910e+00
6.095055247507018e+00 2.998147595552660e+00
6.107039859771293e+00 2.998173295401283e+00
6.119053525641057e+00 2.998198699633775e+00
6.131096350893999e+00 2.998223810873965e+00
6.143168441821918e+00 2.998248631730529e+00
6.155269905233847e+00 2.998273164797016e+00
6.167400848459202e+00 2.998297412651866e+00
6.179561379350962e+00 2.998321377858436e+00
6.191751606288855e+00 2.998345062965016e+00
6.203971638182588e+00 2.998368470504861e+00
6.216221584475081e+00 2.998391602996204e+00
6.228501555145740e+00 2.998414462942288e+00
6.240811660713752e+00 2.998437052831384e+00
6.253152012241389e+00 2.998459375136819e+00
6.265522721337361e+00 2.998481432316998e+00
6.277923900160170e+00 2.998503226815431e+00
6.290355661421506e+00 2.998524761060756e+00
6.302818118389660e+00 2.998546037466769e+00
6.315311384892966e+00 2.998567058432442e+00
6.327835575323259e+00 2.998587826341960e+00
6.340390804639377e+00 2.998608343564740e+00
6.352977188370669e+00 2.998628612455460e+00
6.365594842620551e+00 2.998648635354089e+00
6.378243884070057e+00 2.998668414585911e+00
6.390924429981458e+00 2.998687952461558e+00
6.403636598201863e+00 2.998707251277034e+00
6.416380507166887e+00 2.998726313313746e+00
6.429156275904328e+00 2.998745140838535e+00
6.441964024037855e+00 2.998763736103702e+00
6.454803871790763e+00 2.998782101347042e+00
6.467675939989728e+00 2.998800238791873e+00
6.480580350068588e+00 2.998818150647064e+00
6.493517224072176e+00 2.998835839107071e+00
6.506486684660156e+00 2.998853306351965e+00
6.519488855110903e+00 2.998870554547465e+00
6.532523859325416e+00 2.998887585844971e+00
6.545591821831245e+00 2.998904402381595e+00
6.558692867786454e+00 2.998921006280196e+00
6.571827122983628e+00 2.998937399649410e+00
6.584994713853890e+00 2.998953584583687e+00
6.598195767470965e+00 2.998969563163325e+00
6.611430411555257e+00 2.998985337454500e+00
6.624698774477982e+00 2.999000909509304e+00
6.638000985265306e+00 2.999016281365783e+00
6.651337173602531e+00 2.999031455047964e+00
6.664707469838322e+00 2.999046432565900e+00
6.678112004988925e+00 2.999061215915699e+00
6.691550910742480e+00 2.999075807079563e+00
6.705024319463310e+00 2.999090208025827e+00
6.718532364196274e+00 2.999104420708990e+00
6.732075178671152e+00 2.999118447069761e+00
6.745652897307046e+00 2.999132289035087e+00
6.759265655216841e+00 2.999145948518198e+00
6.772913588211674e+00 2.999159427418644e+00
6.786596832805460e+00 2.999172727622331e+00
6.800315526219435e+00 2.999185851001562e+00
6.814069806386755e+00 2.999198799415077e+00
6.827859811957104e+00 2.999211574708093e+00
6.841685682301371e+00 2.999224178712337e+00
6.855547557516324e+00 2.999236613246100e+00
6.869445578429362e+00 2.999248880114264e+00
6.883379886603270e+00 2.999260981108349e+00
6.897350624341030e+00 2.999272918006555e+00
6.911357934690671e+00 2.999284692573802e+00
6.925401961450139e+00 2.999296306561771e+00
6.939482849172230e+00 2.999307761708948e+00
6.953600743169544e+00 2.999319059740666e+00
6.967755789519482e+00 2.999330202369143e+00
6.981948135069289e+00 2.999341191293536e+00
6.996177927441125e+00 2.999352028199971e+00
7.010445315037195e+00 2.999362714761599e+00
7.024750447044895e+00 2.999373252638628e+00
7.039093473442020e+00 2.999383643478378e+00
7.053474545002001e+00 2.999393888915319e+00
7.067893813299192e+00 2.999403990571115e+00
7.082351430714197e+00 2.999413950054676e+00
7.096847550439227e+00 2.999423768962196e+00
7.111382326483524e+00 2.999433448877201e+00
7.125955913678807e+00 2.999442991370596e+00
7.140568467684773e+00 2.999452398000710e+00
7.155220144994636e+00 2.999461670313345e+00
7.169911102940722e+00 2.999470809841815e+00
7.184641499700082e+00 2.999479818107003e+00
7.199411494300195e+00 2.999488696617401e+00
7.214221246624668e+00 2.999497446869164e+00
7.229070917419018e+00 2.999506070346148e+00
7.243960668296485e+00 2.999514568519968e+00
7.258890661743890e+00 2.999522942850037e+00
7.273861061127554e+00 2.999531194783626e+00
7.288872030699249e+00 2.999539325755900e+00
7.303923735602212e+00 2.999547337189977e+00
7.319016341877194e+00 2.999555230496969e+00
7.334150016468568e+00 2.999563007076040e+00
7.349324927230492e+00 2.999570668314447e+00
7.364541242933104e+00 2.999578215587598e+00
7.379799133268781e+00 2.999585650259095e+00
7.395098768858456e+00 2.999592973680789e+00
7.410440321257965e+00 2.999600187192829e+00
7.425823962964469e+00 2.999607292123713e+00
7.441249867422917e+00 2.999614289790337e+00
7.456718209032553e+00 2.999621181498050e+00
7.472229163153512e+00 2.999627968540704e+00
7.487782906113425e+00 2.999634652200703e+00
7.503379615214111e+00 2.999641233749058e+00
7.519019468738314e+00 2.999647714445437e+00
7.534702645956487e+00 2.999654095538221e+00
7.550429327133658e+00 2.999660378264550e+00
7.566199693536321e+00 2.999666563850381e+00
7.582013927439410e+00 2.999672653510538e+00
7.597872212133314e+00 2.999678648448769e+00
7.613774731930966e+00 2.999684549857792e+00
7.629721672174981e+00 2.999690358919353e+00
7.645713219244853e+00 2.999696076804283e+00
7.661749560564219e+00 2.999701704672542e+00
7.677830884608186e+00 2.999707243673285e+00
7.693957380910701e+00 2.999712694944903e+00
7.710129240072016e+00 2.999718059615089e+00
7.726346653766182e+00 2.999723338800882e+00
7.742609814748620e+00 2.999728533608732e+00
7.758918916863779e+00 2.999733645134546e+00
7.775274155052813e+00 2.999738674463747e+00
7.791675725361363e+00 2.999743622671327e+00
7.808123824947384e+00 2.999748490821903e+00
7.824618652089047e+00 2.999753279969775e+00
7.841160406192706e+00 2.999757991158975e+00
7.857749287800933e+00 2.999762625423330e+00
7.874385498600629e+00 2.999767183786508e+00
7.891069241431179e+00 2.999771667262086e+00
7.907800720292715e+00 2.999776076853595e+00
7.924580140354429e+00 2.999780413554582e+00
7.941407707962949e+00 2.999784678348663e+00
7.958283630650802e+00 2.999788872209583e+00
7.975208117144953e+00 2.999792996101267e+00
7.992181377375396e+00 2.999797050977882e+00
8.009203622483851e+00 2.999801037783889e+00
8.026275064832506e+00 2.999804957454101e+00
8.043395918012846e+00 2.999808810913742e+00
8.060566396854581e+00 2.999812599078500e+00
8.077786717434606e+00 2.999816322854586e+00
8.095057097086087e+00 2.999819983138792e+00
8.112377754407586e+00 2.999823580818544e+00
8.129748909272294e+00 2.999827116771966e+00
8.147170782837341e+00 2.999830591867927e+00
8.164643597553159e+00 2.999834006966110e+00
8.182167577172981e+00 2.999837362917059e+00
8.199742946762361e+00 2.999840660562243e+00
8.217369932708829e+00 2.999843900734110e+00
8.235048762731614e+00 2.999847084256146e+00
8.252779665891428e+00 2.999850211942932e+00
8.270562872600388e+00 2.999853284600202e+00
8.288398614631975e+00 2.999856303024899e+00
8.306287125131110e+00 2.999859268005235e+00
8.324228638624318e+00 2.999862180320746e+00
8.342223391029968e+00 2.999865040742352e+00
8.360271619668621e+00 2.999867850032414e+00
8.378373563273461e+00 2.999870608944790e+00
8.396529462000819e+00 2.999873318224896e+00
8.414739557440795e+00 2.999875978609761e+00
8.433004092627977e+00 2.999878590828083e+00
8.451323312052244e+00 2.999881155600295e+00
8.469697461669689e+00 2.999883673638611e+00
8.488126788913613e+00 2.999886145647095e+00
8.506611542705642e+00 2.999888572321711e+00
8.525151973466921e+00 2.999890954350383e+00
8.543748333129439e+00 2.999893292413054e+00
8.562400875147436e+00 2.999895587181742e+00
8.581109854508902e+00 2.999897839320599e+00
8.599875527747226e+00 2.999900049485968e+00
8.618698152952888e+00 2.999902218326440e+00
8.637577989785312e+00 2.999904346482913e+00
8.656515299484809e+00 2.999906434588649e+00
8.675510344884609e+00 2.999908483269330e+00
8.694563390423035e+00 2.999910493143117e+00
8.713674702155767e+00 2.999912464820709e+00
8.732844547768231e+00 2.999914398905395e+00
8.752073196588094e+00 2.999916295993120e+00
8.771360919597882e+00 2.999918156672531e+00
8.790707989447700e+00 2.999919981525045e+00
8.810114680468088e+00 2.999921771124900e+00
8.829581268682981e+00 2.999923526039212e+00
8.849108031822809e+00 2.999925246828034e+00
8.868695249337680e+00 2.999926934044413e+00
8.888343202410734e+00 2.999928588234445e+00
8.908052173971596e+00 2.999930209937335e+00
8.927822448709938e+00 2.999931799685449e+00
8.947654313089211e+00 2.999933358004372e+00
8.967548055360465e+00 2.999934885412971e+00
8.987503965576314e+00 2.999936382423438e+00
9.007522335605046e+00 2.999937849541360e+00
9.027603459144842e+00 2.999939287265766e+00
9.047747631738137e+00 2.999940696089188e+00
9.067955150786126e+00 2.999942076497713e+00
9.088226315563402e+00 2.999943428971042e+00
9.108561427232718e+00 2.999944753982545e+00
9.128960788859915e+00 2.999946051999314e+00
9.149424705428972e+00 2.999947323482223e+00
9.169953483857201e+00 2.999948568885979e+00
9.190547433010599e+00 2.999949788659179e+00
9.211206863719337e+00 2.999950983244365e+00
9.231932088793384e+00 2.999952153078079e+00
9.252723423038324e+00 2.999953298590918e+00
9.273581183271267e+00 2.999954420207586e+00
9.294505688336953e+00 2.999955518346952e+00
9.315497259124005e+00 2.999956593422102e+00
9.336556218581320e+00 2.999957645840394e+00
9.357682891734640e+00 2.999958676003511e+00
9.378877605703268e+00 2.999959684307518e+00
9.400140689716959e+00 2.999960671142910e+00
9.421472475132953e+00 2.999961636894669e+00
9.442873295453207e+00 2.999962581942318e+00
9.464343486341759e+00 2.999963506659973e+00
9.485883385642287e+00 2.999964411416394e+00
9.507493333395823e+00 2.999965296575039e+00
9.529173671858656e+00 2.999966162494121e+00
9.550924745520391e+00 2.999967009526651e+00
9.572746901122192e+00 2.999967838020499e+00
9.594640487675234e+00 2.999968648318441e+00
9.616605856479262e+00 2.999969440758212e+00
9.638643361141435e+00 2.999970215672558e+00
9.660753357595260e+00 2.999970973389287e+00
9.682936204119772e+00 2.999971714231319e+00
9.705192261358885e+00 2.999972438516739e+00
9.727521892340938e+00 2.999973146558848e+00
9.749925462498428e+00 2.999973838666207e+00
9.772403339687951e+00 2.999974515142699e+00
9.794955894210332e+00 2.999975176287568e+00
9.817583498830954e+00 2.999975822395474e+00
9.840286528800311e+00 2.999976453756544e+00
9.863065361874742e+00 2.999977070656415e+00
9.885920378337381e+00 2.999977673376292e+00
9.908851961019325e+00 2.999978262192987e+00
9.931860495321008e+00 2.999978837378979e+00
9.954946369233788e+00 2.999979399202449e+00
9.978109973361763e+00 2.999979947927343e+00
1.000135170094380e+01 2.999980483813405e+00
1.002467194787577e+01 2.999981007116236e+00
1.004807111273306e+01 2.999981518087338e+00
1.007154959679326e+01 2.999982016974158e+00
1.009510780405909e+01 2.999982504020138e+00
1.011874614128162e+01 2.999982979464762e+00
1.014246501798360e+01 2.999983443543600e+00
1.016626484648320e+01 2.999983896488358e+00
1.019014604191785e+01 2.999984338526918e+00
1.021410902226837e+01 2.999984769883389e+00
1.023815420838338e+01 2.999985190778152e+00
1.026228202400394e+01 2.999985601427900e+00
1.028649289578843e+01 2.999986002045688e+00
1.031078725333769e+01 2.999986392840975e+00
1.033516552922045e+01 2.999986774019669e+00
1.035962815899901e+01 2.999987145784172e+00
1.038417558125513e+01 2.999987508333422e+00
1.040880823761631e+01 2.999987861862937e+00
1.043352657278222e+01 2.999988206564856e+00
1.045833103455150e+01 2.999988542627988e+00
1.048322207384877e+01 2.999988870237847e+00
1.050820014475197e+01 2.999989189576699e+00
1.053326570451999e+01 2.999989500823604e+00
1.055841921362052e+01 2.999989804154454e+00
1.058366113575831e+01 2.999990099742018e+00
1.060899193790363e+01 2.999990387755982e+00
1.063441209032107e+01 2.999990668362990e+00
1.065992206659864e+01 2.999990941726683e+00
1.068552234367719e+01 2.999991208007741e+00
1.071121340188014e+01 2.999991467363924e+00
1.073699572494348e+01 2.999991719950106e+00
1.076286980004620e+01 2.999991965918323e+00
1.078883611784090e+01 2.999992205417803e+00
1.081489517248488e+01 2.999992438595013e+00
1.084104746167140e+01 2.999992665593688e+00
1.086729348666146e+01 2.999992886554880e+00
1.089363375231577e+01 2.999993101616989e+00
1.092006876712710e+01 2.999993310915797e+00
1.094659904325306e+01 2.999993514584517e+00
1.097322509654916e+01 2.999993712753818e+00
1.099994744660220e+01 2.999993905551867e+00
1.102676661676413e+01 2.999994093104367e+00
1.105368313418618e+01 2.999994275534588e+00
1.108069752985339e+01 2.999994452963407e+00
1.110781033861958e+01 2.999994625509339e+00
1.113502209924258e+01 2.999994793288578e+00
1.116233335441996e+01 2.999994956415025e+00
1.118974465082510e+01 2.999995115000329e+00
1.121725653914364e+01 2.999995269153913e+00
1.124486957411042e+01 2.999995418983016e+00
1.127258431454669e+01 2.999995564592723e+00
1.130040132339785e+01 2.999995706085997e+00
1.132832116777157e+01 2.999995843563712e+00
1.135634441897630e+01 2.999995977124687e+00
1.138447165256028e+01 2.999996106865718e+00
1.141270344835088e+01 2.999996232881610e+00
1.144104039049452e+01 2.999996355265207e+00
1.146948306749690e+01 2.999996474107424e+00
1.149803207226378e+01 2.999996589497278e+00
1.152668800214215e+01 2.999996701521920e+00
1.155545145896189e+01 2.999996810266663e+00
1.158432304907796e+01 2.999996915815014e+00
1.161330338341291e+01 2.999997018248703e+00
1.164239307750008e+01 2.999997117647710e+00
1.167159275152708e+01 2.999997214090298e+00
1.170090303037994e+01 2.999997307653040e+00
1.173032454368765e+01 2.999997398410848e+00
1.175985792586725e+01 2.999997486436997e+00
1.178950381616944e+01 2.999997571803161e+00
1.181926285872470e+01 2.999997654579432e+00
1.184913570258991e+01 2.999997734834353e+00
1.187912300179561e+01 2.999997812634944e+00
1.190922541539365e+01 2.999997888046725e+00
1.193944360750553e+01 2.999997961133745e+00
1.196977824737121e+01 2.999998031958610e+00
1.200023000939854e+01 2.999998100582504e+00
1.203079957321320e+01 2.999998167065217e+00
1.206148762370932e+01 2.999998231465172e+00
1.209229485110057e+01 2.999998293839445e+00
1.212322195097194e+01 2.999998354243793e+00
1.215426962433209e+01 2.999998412732677e+00
1.218543857766630e+01 2.999998469359285e+00
1.221672952299008e+01 2.999998524175560e+00
1.224814317790336e+01 2.999998577232215e+00
1.227968026564538e+01 2.999998628578764e+00
1.231134151515016e+01 2.999998678263540e+00
1.234312766110269e+01 2.999998726333720e+00
1.237503944399574e+01 2.999998772835343e+00
1.240707761018738e+01 2.999998817813339e+00
1.243924291195915e+01 2.999998861311542e+00
1.247153610757495e+01 2.999998903372718e+00
1.250395796134060e+01 2.999998944038580e+00
1.253650924366420e+01 2.999998983349817e+00
1.256919073111710e+01 2.999999021346105e+00
1.260200320649566e+01 2.999999058066131e+00
1.263494745888377e+01 2.999999093547617e+00
1.266802428371609e+01 2.999999127827332e+00
1.270123448284210e+01 2.999999160941115e+00
1.273457886459084e+01 2.999999192923895e+00
1.276805824383654e+01 2.999999223809708e+00
1.280167344206498e+01 2.999999253631717e+00
1.283542528744069e+01 2.999999282422227e+00
1.286931461487495e+01 2.999999310212704e+00
1.290334226609466e+01 2.999999337033797e+00
1.293750908971200e+01 2.999999362915349e+00
1.297181594129498e+01 2.999999387886417e+00
1.300626368343888e+01 2.999999411975289e+00
1.304085318583851e+01 2.999999435209500e+00
1.307558532536145e+01 2.999999457615851e+00
1.311046098612208e+01 2.999999479220417e+00
1.314548105955667e+01 2.999999500048572e+00
1.318064644449928e+01 2.999999520125002e+00
1.321595804725871e+01 2.999999539473715e+00
1.325141678169629e+01 2.999999558118064e+00
1.328702356930481e+01 2.999999576080754e+00
1.332277933928826e+01 2.999999593383864e+00
1.335868502864271e+01 2.999999610048855e+00
1.339474158223815e+01 2.999999626096589e+00
1.343094995290135e+01 2.999999641547339e+00
1.346731110149984e+01 2.999999656420804e+00
1.350382599702687e+01 2.999999670736123e+00
1.354049561668748e+01 2.999999684511888e+00
1.357732094598572e+01 2.999999697766156e+00
1.361430297881289e+01 2.999999710516462e+00
1.365144271753697e+01 2.999999722779831e+00
1.368874117309321e+01 2.999999734572794e+00
1.372619936507582e+01 2.999999745911391e+00
1.376381832183089e+01 2.999999756811194e+00
1.380159908055049e+01 2.999999767287310e+00
1.383954268736802e+01 2.999999777354397e+00
1.387765019745474e+01 2.999999787026673e+00
1.391592267511759e+01 2.999999796317926e+00
1.395436119389828e+01 2.999999805241530e+00
1.399296683667368e+01 2.999999813810448e+00
1.403174069575746e+01 2.999999822037247e+00
1.407068387300319e+01 2.999999829934109e+00
1.410979747990863e+01 2.999999837512838e+00
1.414908263772155e+01 2.999999844784868e+00
1.418854047754684e+01 2.999999851761281e+00
1.422817214045505e+01 2.999999858452806e+00
1.426797877759245e+01 2.999999864869833e+00
1.430796155029239e+01 2.999999871022426e+00
1.434812163018835e+01 2.999999876920324e+00
1.438846019932829e+01 2.999999882572952e+00
1.442897845029068e+01 2.999999887989435e+00
1.446967758630201e+01 2.999999893178597e+00
1.451055882135589e+01 2.999999898148977e+00
1.455162338033378e+01 2.999999902908834e+00
1.459287249912730e+01 2.999999907466153e+00
1.463430742476223e+01 2.999999911828653e+00
1.467592941552419e+01 2.999999916003800e+00
1.471773974108597e+01 2.999999919998805e+00
1.475973968263669e+01 2.999999923820637e+00
1.480193053301265e+01 2.999999927476031e+00
1.484431359682996e+01 2.999999930971491e+00
1.488689019061903e+01 2.999999934313296e+00
1.492966164296091e+01 2.999999937507512e+00
1.497262929462546e+01 2.999999940559994e+00
1.501579449871146e+01 2.999999943476391e+00
1.505915862078863e+01 2.999999946262156e+00
1.510272303904169e+01 2.999999948922551e+00
1.514648914441628e+01 2.999999951462648e+00
1.519045834076710e+01 2.999999953887342e+00
1.523463204500792e+01 2.999999956201350e+00
1.527901168726384e+01 2.999999958409222e+00
1.532359871102563e+01 2.999999960515340e+00
1.536839457330621e+01 2.999999962523930e+00
1.541340074479938e+01 2.999999964439059e+00
1.545861871004075e+01 2.999999966264649e+00
1.550404996757100e+01 2.999999968004474e+00
1.554969603010139e+01 2.999999969662167e+00
1.559555842468169e+01 2.999999971241227e+00
1.564163869287044e+01 2.999999972745020e+00
1.568793839090771e+01 2.999999974176784e+00
1.573445908989027e+01 2.999999975539636e+00
1.578120237594930e+01 2.999999976836572e+00
1.582816985043067e+01 2.999999978070473e+00
1.587536313007782e+01 2.999999979244108e+00
1.592278384721724e+01 2.999999980360138e+00
1.597043364994671e+01 2.999999981421122e+00
1.601831420232621e+01 2.999999982429514e+00
1.606642718457162e+01 2.999999983387677e+00
1.611477429325132e+01 2.999999984297873e+00
1.616335724148555e+01 2.999999985162279e+00
1.621217775914880e+01 2.999999985982980e+00
1.626123759307510e+01 2.999999986761980e+00
1.631053850726640e+01 2.999999987501199e+00
1.636008228310396e+01 2.999999988202479e+00
1.640987071956294e+01 2.999999988867587e+00
1.645990563343014e+01 2.999999989498216e+00
1.651018885952497e+01 2.999999990095987e+00
1.656072225092374e+01 2.999999990662456e+00
1.661150767918735e+01 2.999999991199110e+00
1.666254703459228e+01 2.999999991707377e+00
1.671384222636515e+01 2.999999992188619e+00
1.676539518292079e+01 2.999999992644144e+00
1.681720785210393e+01 2.999999993075201e+00
1.686928220143445e+01 2.999999993482986e+00
1.692162021835653e+01 2.999999993868641e+00
1.697422391049141e+01 2.999999994233262e+00
1.702709530589414e+01 2.999999994577890e+00
1.708023645331424e+01 2.999999994903526e+00
1.713364942246027e+01 2.999999995211123e+00
1.718733630426858e+01 2.999999995501590e+00
1.724129921117617e+01 2.999999995775799e+00
1.729554027739771e+01 2.999999996034579e+00
1.735006165920696e+01 2.999999996278722e+00
1.740486553522249e+01 2.999999996508982e+00
1.745995410669784e+01 2.999999996726082e+00
1.751532959781628e+01 2.999999996930707e+00
1.757099425599016e+01 2.999999997123512e+00
1.762695035216496e+01 2.999999997305121e+00
1.768320018112808e+01 2.999999997476129e+00
1.773974606182258e+01 2.999999997637100e+00
1.779659033766587e+01 2.999999997788574e+00
1.785373537687341e+01 2.999999997931063e+00
1.791118357278763e+01 2.999999998065054e+00
1.796893734421202e+01 2.999999998191013e+00
1.802699913575067e+01 2.999999998309379e+00
1.808537141815317e+01 2.999999998420572e+00
1.814405668866506e+01 2.999999998524990e+00
1.820305747138401e+01 2.999999998623010e+00
1.826237631762166e+01 2.999999998714994e+00
1.832201580627140e+01 2.999999998801281e+00
1.838197854418212e+01 2.999999998882195e+00
1.844226716653801e+01 2.999999998958043e+00
1.850288433724461e+01 2.999999999029117e+00
1.856383274932119e+01 2.999999999095691e+00
1.862511512529955e+01 2.999999999158028e+00
1.868673421762945e+01 2.999999999216376e+00
1.874869280909065e+01 2.999999999270969e+00
1.881099371321184e+01 2.999999999322029e+00
1.887363977469660e+01 2.999999999369766e+00
1.893663386985627e+01 2.999999999414380e+00
1.899997890705025e+01 2.999999999456058e+00
1.906367782713359e+01 2.999999999494978e+00
1.912773360391207e+01 2.999999999531309e+00
1.919214924460503e+01 2.999999999565208e+00
1.925692779031598e+01 2.999999999596826e+00
1.932207231651118e+01 2.999999999626304e+00
1.938758593350635e+01 2.999999999653776e+00
1.945347178696171e+01 2.999999999679368e+00
1.951973305838550e+01 2.999999999703197e+00
1.958637296564598e+01 2.999999999725377e+00
1.965339476349248e+01 2.999999999746013e+00
1.972080174408523e+01 2.999999999765203e+00
1.978859723753442e+01 2.999999999783041e+00
1.985678461244863e+01 2.999999999799616e+00
1.992536727649278e+01 2.999999999815010e+00
1.999434867695579e+01 2.999999999829301e+00
2.006373230132821e+01 2.999999999842561e+00
2.013352167788995e+01 2.999999999854860e+00
2.020372037630835e+01 2.999999999866263e+00
2.027433200824685e+01 2.999999999876828e+00
2.034536022798440e+01 2.999999999886614e+00
2.041680873304584e+01 2.999999999895674e+00
2.048868126484356e+01 2.999999999904057e+00
2.056098160933054e+01 2.999999999911810e+00
2.063371359766521e+01 2.999999999918978e+00
2.070688110688811e+01 2.999999999925601e+00
2.078048806061086e+01 2.999999999931717e+00
2.085453842971746e+01 2.999999999937363e+00
2.092903623307850e+01 2.999999999942572e+00
2.100398553827808e+01 2.999999999947376e+00
2.107939046235425e+01 2.999999999951803e+00
2.115525517255284e+01 2.999999999955882e+00
2.123158388709515e+01 2.999999999959638e+00
2.130838087595981e+01 2.999999999963093e+00
2.138565046167902e+01 2.999999999966271e+00
2.146339702014959e+01 2.999999999969194e+00
2.154162498145898e+01 2.999999999971878e+00
2.162033883072682e+01 2.999999999974343e+00
2.169954310896205e+01 2.999999999976605e+00
2.177924241393625e+01 2.999999999978681e+00
2.185944140107330e+01 2.999999999980584e+00
2.194014478435587e+01 2.999999999982326e+00
2.202135733724905e+01 2.999999999983922e+00
2.210308389364156e+01 2.999999999985383e+00
2.218532934880483e+01 2.999999999986719e+00
2.226809866037039e+01 2.999999999987940e+00
2.235139684932616e+01 2.999999999989056e+00
2.243522900103164e+01 2.999999999990075e+00
2.251960026625290e+01 2.999999999991005e+00
2.260451586221754e+01 2.999999999991852e+00
2.268998107369003e+01 2.999999999992625e+00
2.277600125406819e+01 2.999999999993328e+00
2.286258182650093e+01 2.999999999993968e+00
2.294972828502802e+01 2.999999999994551e+00
2.303744619574215e+01 2.999999999995080e+00
2.312574119797414e+01 2.999999999995562e+00
2.321461900550139e+01 2.999999999995999e+00
2.330408540778048e+01 2.999999999996395e+00
2.339414627120428e+01 2.999999999996754e+00
2.348480754038424e+01 2.999999999997080e+00
2.357607523945838e+01 2.999999999997374e+00
2.366795547342563e+01 2.999999999997641e+00
2.376045442950716e+01 2.999999999997882e+00
2.385357837853516e+01 2.999999999998100e+00
2.394733367637014e+01 2.999999999998296e+00
2.404172676534685e+01 2.999999999998474e+00
2.413676417575003e+01 2.999999999998634e+00
2.423245252732035e+01 2.999999999998778e+00
2.432879853079149e+01 2.999999999998908e+00
2.442580898945899e+01 2.999999999999025e+00
2.452349080078163e+01 2.999999999999130e+00
2.462185095801625e+01 2.999999999999224e+00
2.472089655188663e+01 2.999999999999309e+00
2.482063477228757e+01 2.999999999999384e+00
2.492107291002466e+01 2.999999999999452e+00
2.502221835859088e+01 2.999999999999513e+00
2.512407861598090e+01 2.999999999999567e+00
2.522666128654389e+01 2.999999999999616e+00
2.532997408287601e+01 2.999999999999660e+00
2.543402482775337e+01 2.999999999999699e+00
2.553882145610657e+01 2.999999999999734e+00
2.564437201703782e+01 2.999999999999765e+00
2.575068467588194e+01 2.999999999999792e+00
2.585776771631188e+01 2.999999999999816e+00
2.596562954249041e+01 2.999999999999838e+00
2.607427868126878e+01 2.999999999999857e+00
2.618372378443381e+01 2.999999999999874e+00
2.629397363100446e+01 2.999999999999889e+00
2.640503712957932e+01 2.999999999999903e+00
2.651692332073624e+01 2.999999999999915e+00
2.662964137948538e+01 2.999999999999925e+00
2.674320061777743e+01 2.999999999999934e+00
2.685761048706792e+01 2.999999999999943e+00
2.697288058093953e+01 2.999999999999950e+00
2.708902063778377e+01 2.999999999999956e+00
2.720604054354349e+01 2.999999999999962e+00
2.732395033451812e+01 2.999999999999967e+00
2.744276020023301e+01 2.999999999999971e+00
2.756248048637486e+01 2.999999999999975e+00
2.768312169779469e+01 2.999999999999978e+00
2.780469450158071e+01 2.999999999999981e+00
2.792720973020227e+01 2.999999999999984e+00
2.805067838472750e+01 2.999999999999986e+00
2.817511163811622e+01 2.999999999999988e+00
2.830052083859033e+01 2.999999999999989e+00
2.842691751308393e+01 2.999999999999991e+00
2.855431337077510e+01 2.999999999999992e+00
2.868272030670194e+01 2.999999999999993e+00
2.881215040546483e+01 2.999999999999994e+00
2.894261594501782e+01 2.999999999999995e+00
2.907412940055116e+01 2.999999999999996e+00
2.920670344846782e+01 2.999999999999996e+00
2.934035097045670e+01 2.999999999999997e+00
2.947508505766499e+01 2.999999999999997e+00
2.961091901497294e+01 2.999999999999998e+00
2.974786636537358e+01 2.999999999999998e+00
2.988594085446067e+01 2.999999999999998e+00
3.002515645502779e+01 2.999999999999999e+00
3.016552737178219e+01 2.999999999999999e+00
3.030706804617621e+01 2.999999999999999e+00
3.044979316136014e+01 2.999999999999999e+00
3.059371764725990e+01 2.999999999999999e+00
3.073885668578329e+01 2.999999999999999e+00
3.088522571615857e+01 3.000000000000000e+00
3.103284044040938e+01 3.000000000000000e+00
3.118171682897006e+01 3.000000000000000e+00
3.133187112644540e+01 3.000000000000000e+00
3.148331985751966e+01 3.000000000000000e+00
3.163607983301880e+01 3.000000000000000e+00
3.179016815613098e+01 3.000000000000000e+00
3.194560222878999e+01 3.000000000000000e+00
3.210239975822672e+01 3.000000000000000e+00
3.226057876369372e+01 3.000000000000000e+00
3.242015758336839e+01 3.000000000000000e+00
3.258115488144021e+01 3.000000000000000e+00
3.274358965538764e+01 3.000000000000000e+00
3.290748124345118e+01 3.000000000000000e+00
3.307284933230809e+01 3.000000000000000e+00
3.323971396495556e+01 3.000000000000000e+00
3.340809554880892e+01 3.000000000000000e+00
3.357801486402166e+01 3.000000000000000e+00
3.374949307203453e+01 3.000000000000000e+00
3.392255172436087e+01 3.000000000000000e+00
3.409721277161621e+01 3.000000000000000e+00
3.427349857279945e+01 3.000000000000000e+00
3.445143190483488e+01 3.000000000000000e+00
3.463103597238239e+01 3.000000000000000e+00
3.481233441792562e+01 3.000000000000000e+00
3.499535133214698e+01 3.000000000000000e+00
3.518011126459903e+01 3.000000000000000e+00
3.536663923468220e+01 3.000000000000000e+00
3.555496074293924e+01 3.000000000000000e+00
3.574510178267707e+01 3.000000000000000e+00
3.593708885192687e+01 3.000000000000000e+00
3.613094896575473e+01 3.000000000000000e+00
3.632670966893382e+01 3.000000000000000e+00
3.652439904899155e+01 3.000000000000000e+00
3.672404574964389e+01 3.000000000000000e+00
3.692567898463109e+01 3.000000000000000e+00
3.712932855196816e+01 3.000000000000000e+00
3.733502484862520e+01 3.000000000000000e+00
3.754279888565255e+01 3.000000000000000e+00
3.775268230376643e+01 3.000000000000000e+00
3.796470738941210e+01 3.000000000000000e+00
3.817890709132079e+01 3.000000000000000e+00
3.839531503757905e+01 3.000000000000000e+00
3.861396555322860e+01 3.000000000000000e+00
3.883489367841615e+01 3.000000000000000e+00
3.905813518711353e+01 3.000000000000000e+00
3.928372660642877e+01 3.000000000000000e+00
3.951170523653047e+01 3.000000000000000e+00
3.974210917120767e+01 3.000000000000000e+00
3.997497731908997e+01 3.000000000000000e+00
4.021034942555164e+01 3.000000000000000e+00
4.044826609532642e+01 3.000000000000000e+00
4.068876881585962e+01 3.000000000000000e+00
4.093189998142597e+01 3.000000000000000e+00
4.117770291804251e+01 3.000000000000000e+00
4.142622190920729e+01 3.000000000000000e+00
4.167750222249617e+01 3.000000000000000e+00
4.193159013705080e+01 3.000000000000000e+00
4.218853297199368e+01 3.000000000000000e+00
4.244837911580598e+01 3.000000000000000e+00
4.271117805670705e+01 3.000000000000000e+00
4.297698041407556e+01 3.000000000000000e+00
4.324583797095405e+01 3.000000000000000e+00
4.351780370768086e+01 3.000000000000000e+00
4.379293183669518e+01 3.000000000000000e+00
4.407127783856352e+01 3.000000000000000e+00
4.435289849927733e+01 3.000000000000000e+00
4.463785194887532e+01 3.000000000000000e+00
4.492619770144471e+01 3.000000000000000e+00
4.521799669655984e+01 3.000000000000000e+00
4.551331134221852e+01 3.000000000000000e+00
4.581220555933974e+01 3.000000000000000e+00
4.611474482788928e+01 3.000000000000000e+00
4.642099623470320e+01 3.000000000000000e+00
4.673102852308281e+01 3.000000000000000e+00
4.704491214423725e+01 3.000000000000000e+00
4.736271931065613e+01 3.000000000000000e+00
4.768452405149537e+01 3.000000000000000e+00
4.801040227006674e+01 3.000000000000000e+00
4.834043180352438e+01 3.000000000000000e+00
4.867469248484686e+01 3.000000000000000e+00
4.901326620721866e+01 3.000000000000000e+00
4.935623699091997e+01 3.000000000000000e+00
4.970369105283967e+01 3.000000000000000e+00
