0.000000000000000e+00 0.000000000000000e+00
4.161497621404004e-04 2.016380750438884e-02
8.327091205033799e-04 4.030613283787687e-02
1.249678680105515e-03 6.042700806433388e-02
1.667059047155535e-03 8.052646517973727e-02
2.084850829057255e-03 1.006045361123320e-01
2.503054634412527e-03 1.206612527228330e-01
2.921671073024192e-03 1.406966468045709e-01
3.340700755899048e-03 1.607107500836307e-01
3.760144295250818e-03 1.807035942190964e-01
4.180002304503132e-03 2.006752108031478e-01
4.600275398292522e-03 2.206256313612514e-01
5.020964192471418e-03 2.405548873523458e-01
5.442069304111154e-03 2.604630101689551e-01
5.863591351504987e-03 2.803500311374201e-01
6.285530954171129e-03 3.002159815180079e-01
6.707888732855770e-03 3.200608925051220e-01
7.130665309536132e-03 3.398847952274053e-01
7.553861307423518e-03 3.596877207479636e-01
7.977477350966374e-03 3.794697000645115e-01
8.401514065853365e-03 3.992307641095039e-01
8.825972079016449e-03 4.189709437503240e-01
9.250852018633968e-03 4.386902697894541e-01
9.676154514133756e-03 4.583887729646037e-01
1.010188019619623e-02 4.780664839489077e-01
1.052802969675752e-02 4.977234333510374e-01
1.095460364901259e-02 5.173596517154202e-01
1.138160268741839e-02 5.369751695223428e-01
1.180902744769698e-02 5.565700171881218e-01
1.223687856683870e-02 5.761442250653062e-01
1.266515668310530e-02 5.956978234427694e-01
1.309386243603318e-02 6.152308425458948e-01
1.352299646643651e-02 6.347433125367452e-01
1.395255941641045e-02 6.542352635142059e-01
1.438255192933438e-02 6.737067255141227e-01
1.481297464987503e-02 6.931577285094832e-01
1.524382822398980e-02 7.125883024105519e-01
1.567511329892992e-02 7.319984770650407e-01
1.610683052324373e-02 7.513882822582438e-01
1.653898054677991e-02 7.707577477132119e-01
1.697156402069075e-02 7.901069030908765e-01
1.740458159743542e-02 8.094357779902204e-01
1.783803393078325e-02 8.287444019484234e-01
1.827192167581700e-02 8.480328044410257e-01
1.870624548893623e-02 8.673010148820453e-01
1.914100602786050e-02 8.865490626241694e-01
1.957620395163278e-02 9.057769769588759e-01
2.001183992062275e-02 9.249847871165784e-01
2.044791459653013e-02 9.441725222667969e-01
2.088442864238804e-02 9.633402115183003e-01
2.132138272256638e-02 9.824878839192337e-01
2.175877750277515e-02 1.001615568457281e+00
2.219661365006789e-02 1.020723294059820e+00
2.263489183284503e-02 1.039811089594043e+00
2.307361272085729e-02 1.058878983867126e+00
2.351277698520913e-02 1.077927005626371e+00
2.395238529836213e-02 1.096955183559340e+00
2.439243833413846e-02 1.115963546293987e+00
2.483293676772428e-02 1.134952122398854e+00
2.527388127567322e-02 1.153920940383141e+00
2.571527253590985e-02 1.172870028696913e+00
2.615711122773313e-02 1.191799415731207e+00
2.659939803181993e-02 1.210709129818190e+00
2.704213363022848e-02 1.229599199231277e+00
2.748531870640192e-02 1.248469652185308e+00
2.792895394517177e-02 1.267320516836657e+00
2.837304003276150e-02 1.286151821283385e+00
2.881757765679007e-02 1.304963593565393e+00
2.926256750627543e-02 1.323755861664539e+00
2.970801027163814e-02 1.342528653504777e+00
3.015390664470487e-02 1.361281996952327e+00
3.060025731871208e-02 1.380015919815763e+00
3.104706298830951e-02 1.398730449846198e+00
3.149432434956384e-02 1.417425614737391e+00
3.194204209996231e-02 1.436101442125914e+00
3.239021693841631e-02 1.454757959591234e+00
3.283884956526506e-02 1.473395194655909e+00
3.328794068227921e-02 1.492013174785695e+00
3.373749099266454e-02 1.510611927389684e+00
3.418750120106562e-02 1.529191479820438e+00
3.463797201356945e-02 1.547751859374110e+00
3.508890413770924e-02 1.566293093290607e+00
3.554029828246803e-02 1.584815208753714e+00
3.599215515828243e-02 1.603318232891214e+00
3.644447547704639e-02 1.621802192775021e+00
3.689725995211487e-02 1.640267115421334e+00
3.735050929830766e-02 1.658713027790734e+00
3.780422423191307e-02 1.677139956788364e+00
3.825840547069177e-02 1.695547929264016e+00
3.871305373388052e-02 1.713936972012267e+00
3.916816974219602e-02 1.732307111772643e+00
3.962375421783865e-02 1.750658375229701e+00
4.007980788449636e-02 1.768990789013209e+00
4.053633146734846e-02 1.787304379698222e+00
4.099332569306948e-02 1.805599173805261e+00
4.145079128983303e-02 1.823875197800408e+00
4.190872898731562e-02 1.842132478095440e+00
4.236713951670062e-02 1.860371041047960e+00
4.282602361068209e-02 1.878590912961537e+00
4.328538200346872e-02 1.896792120085797e+00
4.374521543078769e-02 1.914974688616603e+00
4.420552462988869e-02 1.933138644696131e+00
4.466631033954776e-02 1.951284014413003e+00
4.512757330007131e-02 1.969410823802450e+00
4.558931425330007e-02 1.987519098846384e+00
4.605153394261305e-02 2.005608865473585e+00
4.651423311293153e-02 2.023680149559748e+00
4.697741251072311e-02 2.041732976927669e+00
4.744107288400564e-02 2.059767373347356e+00
4.790521498235132e-02 2.077783364536108e+00
4.836983955689072e-02 2.095780976158711e+00
4.883494736031678e-02 2.113760233827504e+00
4.930053914688897e-02 2.131721163102505e+00
4.976661567243729e-02 2.149663789491568e+00
5.023317769436639e-02 2.167588138450467e+00
5.070022597165966e-02 2.185494235383040e+00
5.116776126488339e-02 2.203382105641284e+00
5.163578433619081e-02 2.221251774525513e+00
5.210429594932631e-02 2.239103267284436e+00
5.257329686962958e-02 2.256936609115304e+00
5.304278786403975e-02 2.274751825164023e+00
5.351276970109959e-02 2.292548940525261e+00
5.398324315095970e-02 2.310327980242583e+00
5.445420898538272e-02 2.328088969308562e+00
5.492566797774755e-02 2.345831932664881e+00
5.539762090305356e-02 2.363556895202478e+00
5.587006853792489e-02 2.381263881761647e+00
5.634301166061464e-02 2.398952917132144e+00
5.681645105100920e-02 2.416624026053322e+00
5.729038749063254e-02 2.434277233214244e+00
5.776482176265043e-02 2.451912563253790e+00
5.823975465187486e-02 2.469530040760770e+00
5.871518694476829e-02 2.487129690274044e+00
5.919111942944803e-02 2.504711536282652e+00
5.966755289569060e-02 2.522275603225889e+00
6.014448813493606e-02 2.539821915493457e+00
6.062192594029242e-02 2.557350497425553e+00
6.109986710654004e-02 2.574861373313004e+00
6.157831243013601e-02 2.592354567397342e+00
6.205726270921863e-02 2.609830103870967e+00
6.253671874361180e-02 2.627288006877217e+00
6.301668133482947e-02 2.644728300510495e+00
6.349715128608015e-02 2.662151008816389e+00
6.397812940227132e-02 2.679556155791774e+00
6.445961649001401e-02 2.696943765384907e+00
6.494161335762728e-02 2.714313861495560e+00
6.542412081514266e-02 2.731666467975133e+00
6.590713967430885e-02 2.749001608626735e+00
6.639067074859610e-02 2.766319307205320e+00
6.687471485320089e-02 2.783619587417773e+00
6.735927280505048e-02 2.800902472923056e+00
6.784434542280750e-02 2.818167987332279e+00
6.832993352687458e-02 2.835416154208804e+00
6.881603793939893e-02 2.852646997068385e+00
6.930265948427704e-02 2.869860539379268e+00
6.978979898715927e-02 2.887056804562262e+00
7.027745727545458e-02 2.904235815990903e+00
7.076563517833519e-02 2.921397596991497e+00
7.125433352674124e-02 2.938542170843288e+00
7.174355315338561e-02 2.955669560778501e+00
7.223329489275851e-02 2.972779789982514e+00
7.272355958113234e-02 2.989872881593907e+00
7.321434805656640e-02 3.006948858704581e+00
7.370566115891168e-02 3.024007744359901e+00
7.419749972981560e-02 3.041049561558728e+00
7.468986461272692e-02 3.058074333253588e+00
7.518275665290045e-02 3.075082082350743e+00
7.567617669740198e-02 3.092072831710308e+00
7.617012559511302e-02 3.109046604146330e+00
7.666460419673585e-02 3.126003422426917e+00
7.715961335479816e-02 3.142943309274337e+00
7.765515392365820e-02 3.159866287365091e+00
7.815122675950947e-02 3.176772379330052e+00
7.864783272038586e-02 3.193661607754549e+00
7.914497266616639e-02 3.210533995178475e+00
7.964264745858039e-02 3.227389564096354e+00
8.014085796121224e-02 3.244228336957493e+00
8.063960503950662e-02 3.261050336166056e+00
8.113888956077329e-02 3.277855584081154e+00
8.163871239419228e-02 3.294644103016960e+00
8.213907441081884e-02 3.311415915242797e+00
8.263997648358853e-02 3.328171042983264e+00
8.314141948732236e-02 3.344909508418278e+00
8.364340429873172e-02 3.361631333683240e+00
8.414593179642371e-02 3.378336540869082e+00
8.464900286090604e-02 3.395025152022383e+00
8.515261837459238e-02 3.411697189145469e+00
8.565677922180734e-02 3.428352674196509e+00
8.616148628879176e-02 3.444991629089605e+00
8.666674046370787e-02 3.461614075694889e+00
8.717254263664451e-02 3.478220035838637e+00
8.767889369962228e-02 3.494809531303323e+00
8.818579454659899e-02 3.511382583827769e+00
8.869324607347460e-02 3.527939215107198e+00
8.920124917809684e-02 3.544479446793343e+00
8.970980476026623e-02 3.561003300494544e+00
9.021891372174159e-02 3.577510797775849e+00
9.072857696624523e-02 3.594001960159085e+00
9.123879539946837e-02 3.610476809122977e+00
9.174956992907649e-02 3.626935366103222e+00
9.226090146471472e-02 3.643377652492594e+00
9.277279091801321e-02 3.659803689641027e+00
9.328523920259262e-02 3.676213498855738e+00
9.379824723406940e-02 3.692607101401252e+00
9.431181593006149e-02 3.708984518499586e+00
9.482594621019354e-02 3.725345771330254e+00
9.534063899610253e-02 3.741690881030413e+00
9.585589521144328e-02 3.758019868694941e+00
9.637171578189391e-02 3.774332755376516e+00
9.688810163516148e-02 3.790629562085709e+00
9.740505370098747e-02 3.806910309791098e+00
9.792257291115336e-02 3.823175019419335e+00
9.844066019948627e-02 3.839423711855231e+00
9.895931650186460e-02 3.855656407941863e+00
9.947854275622355e-02 3.871873128480656e+00
9.999833990256092e-02 3.888073894231479e+00
1.005187088829426e-01 3.904258725912714e+00
1.010396506415086e-01 3.920427644201368e+00
1.015611661244783e-01 3.936580669733136e+00
1.020832562801565e-01 3.952717823102525e+00
1.026059220589391e-01 3.968839124862905e+00
1.031291644133188e-01 3.984944595526612e+00
1.036529842978909e-01 4.001034255565045e+00
1.041773826693593e-01 4.017108125408724e+00
1.047023604865421e-01 4.033166225447413e+00
1.052279187103774e-01 4.049208576030185e+00
1.057540583039292e-01 4.065235197465505e+00
1.062807802323938e-01 4.081246110021326e+00
1.068080854631046e-01 4.097241333925169e+00
1.073359749655393e-01 4.113220889364213e+00
1.078644497113247e-01 4.129184796485372e+00
1.083935106742436e-01 4.145133075395400e+00
1.089231588302401e-01 4.161065746160940e+00
1.094533951574259e-01 4.176982828808638e+00
1.099842206360864e-01 4.192884343325224e+00
1.105156362486865e-01 4.208770309657577e+00
1.110476429798768e-01 4.224640747712833e+00
1.115802418164996e-01 4.240495677358449e+00
1.121134337475954e-01 4.256335118422301e+00
1.126472197644082e-01 4.272159090692741e+00
1.131816008603925e-01 4.287967613918720e+00
1.137165780312189e-01 4.303760707809834e+00
1.142521522747807e-01 4.319538392036426e+00
1.147883245911996e-01 4.335300686229656e+00
1.153250959828323e-01 4.351047609981594e+00
1.158624674542769e-01 4.366779182845281e+00
1.164004400123785e-01 4.382495424334856e+00
1.169390146662363e-01 4.398196353925567e+00
1.174781924272092e-01 4.413881991053914e+00
1.180179743089227e-01 4.429552355117702e+00
1.185583613272749e-01 4.445207465476109e+00
1.190993545004430e-01 4.460847341449801e+00
1.196409548488896e-01 4.476472002320973e+00
1.201831633953693e-01 4.492081467333465e+00
1.207259811649350e-01 4.507675755692796e+00
1.212694091849442e-01 4.523254886566303e+00
1.218134484850659e-01 4.538818879083157e+00
1.223581000972867e-01 4.554367752334482e+00
1.229033650559178e-01 4.569901525373426e+00
1.234492443976008e-01 4.585420217215228e+00
1.239957391613150e-01 4.600923846837297e+00
1.245428503883837e-01 4.616412433179301e+00
1.250905791224806e-01 4.631885995143239e+00
1.256389264096370e-01 4.647344551593511e+00
1.261878932982478e-01 4.662788121357002e+00
1.267374808390786e-01 4.678216723223155e+00
1.272876900852723e-01 4.693630375944046e+00
1.278385220923559e-01 4.709029098234474e+00
1.283899779182471e-01 4.724412908772011e+00
1.289420586232611e-01 4.739781826197095e+00
1.294947652701174e-01 4.755135869113111e+00
1.300480989239470e-01 4.770475056086449e+00
1.306020606522985e-01 4.785799405646586e+00
1.311566515251456e-01 4.801108936286163e+00
1.317118726148937e-01 4.816403666461063e+00
1.322677249963868e-01 4.831683614590476e+00
1.328242097469146e-01 4.846948799056968e+00
1.333813279462192e-01 4.862199238206580e+00
1.339390806765026e-01 4.877434950348873e+00
1.344974690224331e-01 4.892655953757018e+00
1.350564940711525e-01 4.907862266667861e+00
1.356161569122835e-01 4.923053907282005e+00
1.361764586379363e-01 4.938230893763873e+00
1.367374003427161e-01 4.953393244241779e+00
1.372989831237299e-01 4.968540976808013e+00
1.378612080805939e-01 4.983674109518899e+00
1.384240763154406e-01 4.998792660394884e+00
1.389875889329259e-01 5.013896647420573e+00
1.395517470402365e-01 5.028986088544855e+00
1.401165517470971e-01 5.044061001680925e+00
1.406820041657774e-01 5.059121404706380e+00
1.412481054111000e-01 5.074167315463283e+00
1.418148566004470e-01 5.089198751758234e+00
1.423822588537680e-01 5.104215731362443e+00
1.429503132935871e-01 5.119218272011796e+00
1.435190210450104e-01 5.134206391406918e+00
1.440883832357333e-01 5.149180107213260e+00
1.446584009960483e-01 5.164139437061159e+00
1.452290754588521e-01 5.179084398545898e+00
1.458004077596534e-01 5.194015009227785e+00
1.463723990365803e-01 5.208931286632232e+00
1.469450504303876e-01 5.223833248249797e+00
1.475183630844648e-01 5.238720911536275e+00
1.480923381448437e-01 5.253594293912759e+00
1.486669767602057e-01 5.268453412765695e+00
1.492422800818897e-01 5.283298285446977e+00
1.498182492638997e-01 5.298128929273989e+00
1.503948854629127e-01 5.312945361529685e+00
1.509721898382860e-01 5.327747599462645e+00
1.515501635520656e-01 5.342535660287169e+00
1.521288077689933e-01 5.357309561183300e+00
1.527081236565153e-01 5.372069319296926e+00
1.532881123847894e-01 5.386814951739842e+00
1.538687751266931e-01 5.401546475589791e+00
1.544501130578316e-01 5.416263907890560e+00
1.550321273565455e-01 5.430967265652034e+00
1.556148192039192e-01 5.445656565850252e+00
1.561981897837883e-01 5.460331825427479e+00
1.567822402827483e-01 5.474993061292285e+00
1.573669718901617e-01 5.489640290319578e+00
1.579523857981674e-01 5.504273529350707e+00
1.585384832016873e-01 5.518892795193496e+00
1.591252652984356e-01 5.533498104622314e+00
1.597127332889265e-01 5.548089474378157e+00
1.603008883764822e-01 5.562666921168683e+00
1.608897317672417e-01 5.577230461668302e+00
1.614792646701683e-01 5.591780112518224e+00
1.620694882970585e-01 5.606315890326528e+00
1.626604038625500e-01 5.620837811668224e+00
1.632520125841301e-01 5.635345893085306e+00
1.638443156821439e-01 5.649840151086837e+00
1.644373143798031e-01 5.664320602148988e+00
1.650310099031939e-01 5.678787262715115e+00
1.656254034812860e-01 5.693240149195812e+00
1.662204963459406e-01 5.707679277968975e+00
1.668162897319190e-01 5.722104665379874e+00
1.674127848768915e-01 5.736516327741196e+00
1.680099830214456e-01 5.750914281333120e+00
1.686078854090947e-01 5.765298542403372e+00
1.692064932862868e-01 5.779669127167287e+00
1.698058079024130e-01 5.794026051807878e+00
1.704058305098163e-01 5.808369332475870e+00
1.710065623638005e-01 5.822698985289797e+00
1.716080047226386e-01 5.837015026336037e+00
1.722101588475818e-01 5.851317471668873e+00
1.728130260028684e-01 5.865606337310563e+00
1.734166074557323e-01 5.879881639251396e+00
1.740209044764123e-01 5.894143393449751e+00
1.746259183381607e-01 5.908391615832139e+00
1.752316503172525e-01 5.922626322293306e+00
1.758381016929940e-01 5.936847528696234e+00
1.764452737477323e-01 5.951055250872249e+00
1.770531677668637e-01 5.965249504621047e+00
1.776617850388437e-01 5.979430305710775e+00
1.782711268551950e-01 5.993597669878069e+00
1.788811945105176e-01 6.007751612828123e+00
1.794919893024973e-01 6.021892150234747e+00
1.801035125319153e-01 6.036019297740422e+00
1.807157655026572e-01 6.050133070956358e+00
1.813287495217223e-01 6.064233485462543e+00
1.819424658992331e-01 6.078320556807814e+00
1.825569159484445e-01 6.092394300509909e+00
1.831721009857530e-01 6.106454732055511e+00
1.837880223307065e-01 6.120501866900323e+00
1.844046813060132e-01 6.134535720469113e+00
1.850220792375515e-01 6.148556308155774e+00
1.856402174543794e-01 6.162563645323372e+00
1.862590972887440e-01 6.176557747304221e+00
1.868787200760910e-01 6.190538629399907e+00
1.874990871550745e-01 6.204506306881381e+00
1.881201998675665e-01 6.218460794988978e+00
1.887420595586663e-01 6.232402108932501e+00
1.893646675767109e-01 6.246330263891254e+00
1.899880252732841e-01 6.260245275014107e+00
1.906121340032267e-01 6.274147157419559e+00
1.912369951246460e-01 6.288035926195768e+00
1.918626099989259e-01 6.301911596400624e+00
1.924889799907366e-01 6.315774183061803e+00
1.931161064680447e-01 6.329623701176812e+00
1.937439908021230e-01 6.343460165713045e+00
1.943726343675604e-01 6.357283591607837e+00
1.950020385422724e-01 6.371093993768520e+00
1.956322047075107e-01 6.384891387072466e+00
1.962631342478735e-01 6.398675786367161e+00
1.968948285513155e-01 6.412447206470233e+00
1.975272890091583e-01 6.426205662169515e+00
1.981605170161004e-01 6.439951168223102e+00
1.987945139702277e-01 6.453683739359395e+00
1.994292812730233e-01 6.467403390277163e+00
2.000648203293786e-01 6.481110135645576e+00
2.007011325476029e-01 6.494803990104279e+00
2.013382193394344e-01 6.508484968263430e+00
2.019760821200500e-01 6.522153084703751e+00
2.026147223080765e-01 6.535808353976586e+00
2.032541413256006e-01 6.549450790603952e+00
2.038943405981796e-01 6.563080409078575e+00
2.045353215548522e-01 6.576697223863963e+00
2.051770856281487e-01 6.590301249394432e+00
2.058196342541019e-01 6.603892500075188e+00
2.064629688722582e-01 6.617470990282337e+00
2.071070909256876e-01 6.631036734362972e+00
2.077520018609951e-01 6.644589746635196e+00
2.083977031283311e-01 6.658130041388191e+00
2.090441961814027e-01 6.671657632882257e+00
2.096914824774843e-01 6.685172535348849e+00
2.103395634774283e-01 6.698674762990663e+00
2.109884406456770e-01 6.712164329981647e+00
2.116381154502726e-01 6.725641250467065e+00
2.122885893628690e-01 6.739105538563550e+00
2.129398638587425e-01 6.752557208359150e+00
2.135919404168029e-01 6.765996273913361e+00
2.142448205196053e-01 6.779422749257204e+00
2.148985056533605e-01 6.792836648393246e+00
2.155529973079471e-01 6.806237985295658e+00
2.162082969769220e-01 6.819626773910271e+00
2.168644061575325e-01 6.833003028154609e+00
2.175213263507272e-01 6.846366761917947e+00
2.181790590611676e-01 6.859717989061352e+00
2.188376057972398e-01 6.873056723417729e+00
2.194969680710655e-01 6.886382978791877e+00
2.201571473985144e-01 6.899696768960522e+00
2.208181452992150e-01 6.912998107672378e+00
2.214799632965665e-01 6.926287008648183e+00
2.221426029177508e-01 6.939563485580742e+00
2.228060656937441e-01 6.952827552134995e+00
2.234703531593284e-01 6.966079221948023e+00
2.241354668531038e-01 6.979318508629147e+00
2.248014083174998e-01 6.992545425759914e+00
2.254681790987881e-01 7.005759986894201e+00
2.261357807470936e-01 7.018962205558212e+00
2.268042148164069e-01 7.032152095250549e+00
2.274734828645964e-01 7.045329669442252e+00
2.281435864534204e-01 7.058494941576839e+00
2.288145271485390e-01 7.071647925070362e+00
2.294863065195265e-01 7.084788633311431e+00
2.301589261398835e-01 7.097917079661284e+00
2.308323875870496e-01 7.111033277453810e+00
2.315066924424150e-01 7.124137239995603e+00
2.321818422913334e-01 7.137228980566000e+00
2.328578387231345e-01 7.150308512417132e+00
2.335346833311361e-01 7.163375848773967e+00
2.342123777126568e-01 7.176431002834342e+00
2.348909234690288e-01 7.189473987769023e+00
2.355703222056098e-01 7.202504816721733e+00
2.362505755317966e-01 7.215523502809207e+00
2.369316850610372e-01 7.228530059121219e+00
2.376136524108435e-01 7.241524498720647e+00
2.382964792028047e-01 7.254506834643497e+00
2.389801670625993e-01 7.267477079898947e+00
2.396647176200087e-01 7.280435247469402e+00
2.403501325089301e-01 7.293381350310527e+00
2.410364133673890e-01 7.306315401351277e+00
2.417235618375525e-01 7.319237413493967e+00
2.424115795657429e-01 7.332147399614287e+00
2.431004682024500e-01 7.345045372561362e+00
2.437902294023448e-01 7.357931345157780e+00
2.444808648242927e-01 7.370805330199634e+00
2.451723761313667e-01 7.383667340456574e+00
2.458647649908609e-01 7.396517388671841e+00
2.465580330743036e-01 7.409355487562307e+00
2.472521820574712e-01 7.422181649818510e+00
2.479472136204012e-01 7.434995888104712e+00
2.486431294474062e-01 7.447798215058915e+00
2.493399312270872e-01 7.460588643292924e+00
2.500376206523474e-01 7.473367185392368e+00
2.507361994204058e-01 7.486133853916755e+00
2.514356692328114e-01 7.498888661399510e+00
2.521360317954561e-01 7.511631620347993e+00
2.528372888185895e-01 7.524362743243564e+00
2.535394420168323e-01 7.537082042541618e+00
2.542424931091905e-01 7.549789530671616e+00
2.549464438190693e-01 7.562485220037120e+00
2.556512958742874e-01 7.575169123015845e+00
2.563570510070905e-01 7.587841251959695e+00
2.570637109541665e-01 7.600501619194787e+00
2.577712774566588e-01 7.613150237021509e+00
2.584797522601814e-01 7.625787117714545e+00
2.591891371148324e-01 7.638412273522921e+00
2.598994337752091e-01 7.651025716670034e+00
2.606106440004224e-01 7.663627459353696e+00
2.613227695541109e-01 7.676217513746177e+00
2.620358122044557e-01 7.688795891994227e+00
2.627497737241953e-01 7.701362606219130e+00
2.634646558906399e-01 7.713917668516723e+00
2.641804604856865e-01 7.726461090957459e+00
2.648971892958331e-01 7.738992885586411e+00
2.656148441121944e-01 7.751513064423339e+00
2.663334267305161e-01 7.764021639462705e+00
2.670529389511900e-01 7.776518622673729e+00
2.677733825792694e-01 7.789004026000400e+00
2.684947594244836e-01 7.801477861361541e+00
2.692170713012534e-01 7.813940140650820e+00
2.699403200287066e-01 7.826390875736802e+00
2.706645074306924e-01 7.838830078462978e+00
2.713896353357976e-01 7.851257760647803e+00
2.721157055773618e-01 7.863673934084728e+00
2.728427199934924e-01 7.876078610542240e+00
2.735706804270805e-01 7.888471801763895e+00
2.742995887258164e-01 7.900853519468349e+00
2.750294467422056e-01 7.913223775349408e+00
2.757602563335834e-01 7.925582581076037e+00
2.764920193621320e-01 7.937929948292421e+00
2.772247376948954e-01 7.950265888617981e+00
2.779584132037957e-01 7.962590413647423e+00
2.786930477656488e-01 7.974903534950755e+00
2.794286432621806e-01 7.987205264073340e+00
2.801652015800429e-01 7.999495612535911e+00
2.809027246108298e-01 8.011774591834623e+00
2.816412142510933e-01 8.024042213441074e+00
2.823806724023606e-01 8.036298488802348e+00
2.831211009711492e-01 8.048543429341034e+00
2.838625018689841e-01 8.060777046455275e+00
2.846048770124141e-01 8.072999351518796e+00
2.853482283230280e-01 8.085210355880927e+00
2.860925577274718e-01 8.097410070866657e+00
2.868378671574645e-01 8.109598507776642e+00
2.875841585498155e-01 8.121775677887264e+00
2.883314338464413e-01 8.133941592450631e+00
2.890796949943818e-01 8.146096262694645e+00
2.898289439458179e-01 8.158239699823003e+00
2.905791826580883e-01 8.170371915015259e+00
2.913304130937059e-01 8.182492919426821e+00
2.920826372203760e-01 8.194602724189021e+00
2.928358570110125e-01 8.206701340409108e+00
2.935900744437559e-01 8.218788779170314e+00
2.943452915019900e-01 8.230865051531868e+00
2.951015101743596e-01 8.242930168529021e+00
2.958587324547881e-01 8.254984141173090e+00
2.966169603424948e-01 8.267026980451494e+00
2.973761958420124e-01 8.279058697327763e+00
2.981364409632049e-01 8.291079302741586e+00
2.988976977212850e-01 8.303088807608839e+00
2.996599681368328e-01 8.315087222821610e+00
3.004232542358123e-01 8.327074559248233e+00
3.011875580495905e-01 8.339050827733324e+00
3.019528816149548e-01 8.351016039097798e+00
3.027192269741312e-01 8.362970204138907e+00
3.034865961748029e-01 8.374913333630271e+00
3.042549912701280e-01 8.386845438321910e+00
3.050244143187578e-01 8.398766528940257e+00
3.057948673848556e-01 8.410676616188208e+00
3.065663525381150e-01 8.422575710745146e+00
3.073388718537783e-01 8.434463823266956e+00
3.081124274126550e-01 8.446340964386078e+00
3.088870213011410e-01 8.458207144711514e+00
3.096626556112367e-01 8.470062374828863e+00
3.104393324405665e-01 8.481906665300361e+00
3.112170538923971e-01 8.493740026664899e+00
3.119958220756567e-01 8.505562469438047e+00
3.127756391049544e-01 8.517374004112098e+00
3.135565071005989e-01 8.529174641156079e+00
3.143384281886178e-01 8.540964391015780e+00
3.151214045007770e-01 8.552743264113811e+00
3.159054381746003e-01 8.564511270849589e+00
3.166905313533881e-01 8.576268421599387e+00
3.174766861862379e-01 8.588014726716359e+00
3.182639048280631e-01 8.599750196530568e+00
3.190521894396132e-01 8.611474841349009e+00
3.198415421874933e-01 8.623188671455646e+00
3.206319652441841e-01 8.634891697111421e+00
3.214234607880617e-01 8.646583928554300e+00
3.222160310034178e-01 8.658265375999292e+00
3.230096780804795e-01 8.669936049638466e+00
3.238044042154299e-01 8.681595959640998e+00
3.246002116104277e-01 8.693245116153175e+00
3.253971024736285e-01 8.704883529298444e+00
3.261950790192041e-01 8.716511209177410e+00
3.269941434673641e-01 8.728128165867897e+00
3.277942980443755e-01 8.739734409424941e+00
3.285955449825843e-01 8.751329949880830e+00
3.293978865204354e-01 8.762914797245138e+00
3.302013249024941e-01 8.774488961504733e+00
3.310058623794667e-01 8.786052452623819e+00
3.318115012082216e-01 8.797605280543941e+00
3.326182436518104e-01 8.809147455184039e+00
3.334260919794891e-01 8.820678986440434e+00
3.342350484667393e-01 8.832199884186895e+00
3.350451153952899e-01 8.843710158274636e+00
3.358562950531379e-01 8.855209818532343e+00
3.366685897345706e-01 8.866698874766211e+00
3.374820017401868e-01 8.878177336759958e+00
3.382965333769188e-01 8.889645214274850e+00
3.391121869580541e-01 8.901102517049729e+00
3.399289648032571e-01 8.912549254801036e+00
3.407468692385914e-01 8.923985437222832e+00
3.415659025965416e-01 8.935411073986820e+00
3.423860672160361e-01 8.946826174742384e+00
3.432073654424684e-01 8.958230749116584e+00
3.440297996277201e-01 8.969624806714210e+00
3.448533721301832e-01 8.981008357117780e+00
3.456780853147826e-01 8.992381409887582e+00
3.465039415529990e-01 9.003743974561683e+00
3.473309432228911e-01 9.015096060655958e+00
3.481590927091189e-01 9.026437677664120e+00
3.489883924029665e-01 9.037768835057728e+00
3.498188447023650e-01 9.049089542286211e+00
3.506504520119156e-01 9.060399808776911e+00
3.514832167429131e-01 9.071699643935077e+00
3.523171413133687e-01 9.082989057143902e+00
3.531522281480341e-01 9.094268057764546e+00
3.539884796784242e-01 9.105536655136156e+00
3.548258983428415e-01 9.116794858575881e+00
3.556644865863989e-01 9.128042677378900e+00
3.565042468610445e-01 9.139280120818444e+00
3.573451816255847e-01 9.150507198145817e+00
3.581872933457086e-01 9.161723918590411e+00
3.590305844940119e-01 9.172930291359739e+00
3.598750575500214e-01 9.184126325639440e+00
3.607207150002187e-01 9.195312030593316e+00
3.615675593380654e-01 9.206487415363339e+00
3.624155930640272e-01 9.217652489069685e+00
3.632648186855981e-01 9.228807260810743e+00
3.641152387173260e-01 9.239951739663139e+00
3.649668556808368e-01 9.251085934681761e+00
3.658196721048594e-01 9.262209854899769e+00
3.666736905252515e-01 9.273323509328627e+00
3.675289134850235e-01 9.284426906958112e+00
3.683853435343646e-01 9.295520056756340e+00
3.692429832306682e-01 9.306602967669786e+00
3.701018351385566e-01 9.317675648623300e+00
3.709619018299075e-01 9.328738108520128e+00
3.718231858838786e-01 9.339790356241929e+00
3.726856898869348e-01 9.350832400648802e+00
3.735494164328727e-01 9.361864250579291e+00
3.744143681228473e-01 9.372885914850421e+00
3.752805475653984e-01 9.383897402257702e+00
3.761479573764757e-01 9.394898721575155e+00
3.770166001794663e-01 9.405889881555327e+00
3.778864786052210e-01 9.416870890929317e+00
3.787575952920797e-01 9.427841758406782e+00
3.796299528858998e-01 9.438802492675961e+00
3.805035540400819e-01 9.449753102403706e+00
3.813784014155965e-01 9.460693596235473e+00
3.822544976810119e-01 9.471623982795359e+00
3.831318455125208e-01 9.482544270686120e+00
3.840104475939675e-01 9.493454468489176e+00
3.848903066168756e-01 9.504354584764645e+00
3.857714252804749e-01 9.515244628051336e+00
3.866538062917298e-01 9.526124606866798e+00
3.875374523653666e-01 9.536994529707316e+00
3.884223662239008e-01 9.547854405047921e+00
3.893085505976663e-01 9.558704241342436e+00
3.901960082248424e-01 9.569544047023459e+00
3.910847418514824e-01 9.580373830502403e+00
3.919747542315422e-01 9.591193600169506e+00
3.928660481269078e-01 9.602003364393841e+00
3.937586263074253e-01 9.612803131523339e+00
3.946524915509285e-01 9.623592909884810e+00
3.955476466432679e-01 9.634372707783939e+00
3.964440943783399e-01 9.645142533505329e+00
3.973418375581157e-01 9.655902395312490e+00
3.982408789926706e-01 9.666652301447876e+00
3.991412215002135e-01 9.677392260132894e+00
4.000428679071154e-01 9.688122279567903e+00
4.009458210479404e-01 9.698842367932258e+00
4.018500837654744e-01 9.709552533384308e+00
4.027556589107552e-01 9.720252784061405e+00
4.036625493431025e-01 9.730943128079939e+00
4.045707579301480e-01 9.741623573535330e+00
4.054802875478654e-01 9.752294128502058e+00
4.063911410806015e-01 9.762954801033679e+00
4.073033214211055e-01 9.773605599162824e+00
4.082168314705606e-01 9.784246530901227e+00
4.091316741386147e-01 9.794877604239735e+00
4.100478523434103e-01 9.805498827148321e+00
4.109653690116170e-01 9.816110207576102e+00
4.118842270784613e-01 9.826711753451342e+00
4.128044294877589e-01 9.837303472681484e+00
4.137259791919458e-01 9.847885373153144e+00
4.146488791521094e-01 9.858457462732133e+00
4.155731323380211e-01 9.869019749263478e+00
4.164987417281674e-01 9.879572240571420e+00
4.174257103097824e-01 9.890114944459436e+00
4.183540410788796e-01 9.900647868710255e+00
4.192837370402842e-01 9.911171021085860e+00
4.202148012076658e-01 9.921684409327511e+00
4.211472366035710e-01 9.932188041155754e+00
4.220810462594552e-01 9.942681924270431e+00
4.230162332157170e-01 9.953166066350693e+00
4.239528005217297e-01 9.963640475055017e+00
4.248907512358752e-01 9.974105158021212e+00
4.258300884255777e-01 9.984560122866434e+00
4.267708151673358e-01 9.995005377187198e+00
4.277129345467575e-01 1.000544092855939e+01
4.286564496585933e-01 1.001586678453828e+01
4.296013636067697e-01 1.002628295265851e+01
4.305476795044242e-01 1.003668944043416e+01
4.314954004739385e-01 1.004708625535871e+01
4.324445296469737e-01 1.005747340490506e+01
4.333950701645041e-01 1.006785089652556e+01
4.343470251768523e-01 1.007821873765200e+01
4.353003978437236e-01 1.008857693569563e+01
4.362551913342417e-01 1.009892549804717e+01
4.372114088269826e-01 1.010926443207683e+01
4.381690535100113e-01 1.011959374513430e+01
4.391281285809160e-01 1.012991344454877e+01
4.400886372468445e-01 1.014022353762895e+01
4.410505827245397e-01 1.015052403166307e+01
4.420139682403749e-01 1.016081493391889e+01
4.429787970303913e-01 1.017109625164370e+01
4.439450723403327e-01 1.018136799206436e+01
4.449127974256828e-01 1.019163016238727e+01
4.458819755517018e-01 1.020188276979842e+01
4.468526099934622e-01 1.021212582146337e+01
4.478247040358869e-01 1.022235932452726e+01
4.487982609737856e-01 1.023258328611483e+01
4.497732841118919e-01 1.024279771333044e+01
4.507497767649012e-01 1.025300261325804e+01
4.517277422575077e-01 1.026319799296123e+01
4.527071839244428e-01 1.027338385948324e+01
4.536881051105122e-01 1.028356021984691e+01
4.546705091706346e-01 1.029372708105476e+01
4.556543994698797e-01 1.030388445008895e+01
4.566397793835067e-01 1.031403233391132e+01
4.576266522970029e-01 1.032417073946337e+01
4.586150216061223e-01 1.033429967366629e+01
4.596048907169247e-01 1.034441914342095e+01
4.605962630458149e-01 1.035452915560792e+01
4.615891420195818e-01 1.036462971708747e+01
4.625835310754380e-01 1.037472083469960e+01
4.635794336610597e-01 1.038480251526400e+01
4.645768532346261e-01 1.039487476558009e+01
4.655757932648593e-01 1.040493759242705e+01
4.665762572310655e-01 1.041499100256377e+01
4.675782486231742e-01 1.042503500272890e+01
4.685817709417797e-01 1.043506959964084e+01
4.695868276981813e-01 1.044509479999773e+01
4.705934224144243e-01 1.045511061047752e+01
4.716015586233415e-01 1.046511703773788e+01
4.726112398685942e-01 1.047511408841629e+01
4.736224697047138e-01 1.048510176913001e+01
4.746352516971437e-01 1.049508008647608e+01
4.756495894222808e-01 1.050504904703134e+01
4.766654864675181e-01 1.051500865735244e+01
4.776829464312866e-01 1.052495892397582e+01
4.787019729230977e-01 1.053489985341774e+01
4.797225695635867e-01 1.054483145217428e+01
4.807447399845542e-01 1.055475372672133e+01
4.817684878290110e-01 1.056466668351463e+01
4.827938167512199e-01 1.057457032898974e+01
4.838207304167397e-01 1.058446466956204e+01
4.848492325024691e-01 1.059434971162677e+01
4.858793266966905e-01 1.060422546155903e+01
4.869110166991135e-01 1.061409192571373e+01
4.879443062209201e-01 1.062394911042568e+01
4.889791989848086e-01 1.063379702200952e+01
4.900156987250386e-01 1.064363566675976e+01
4.910538091874757e-01 1.065346505095078e+01
4.920935341296365e-01 1.066328518083682e+01
4.931348773207347e-01 1.067309606265201e+01
4.941778425417254e-01 1.068289770261035e+01
4.952224335853522e-01 1.069269010690572e+01
4.962686542561922e-01 1.070247328171189e+01
4.973165083707023e-01 1.071224723318251e+01
4.983659997572666e-01 1.072201196745113e+01
4.994171322562413e-01 1.073176749063118e+01
5.004699097200032e-01 1.074151380881601e+01
5.015243360129957e-01 1.075125092807884e+01
5.025804150117766e-01 1.076097885447281e+01
5.036381506050654e-01 1.077069759403097e+01
5.046975466937912e-01 1.078040715276625e+01
5.057586071911401e-01 1.079010753667152e+01
5.068213360226044e-01 1.079979875171954e+01
5.078857371260300e-01 1.080948080386299e+01
5.089518144516658e-01 1.081915369903447e+01
5.100195719622120e-01 1.082881744314647e+01
5.110890136328694e-01 1.083847204209143e+01
5.121601434513889e-01 1.084811750174170e+01
5.132329654181211e-01 1.085775382794954e+01
5.143074835460654e-01 1.086738102654714e+01
5.153837018609210e-01 1.087699910334660e+01
5.164616244011366e-01 1.088660806413996e+01
5.175412552179611e-01 1.089620791469919e+01
5.186225983754945e-01 1.090579866077616e+01
5.197056579507381e-01 1.091538030810267e+01
5.207904380336468e-01 1.092495286239047e+01
5.218769427271803e-01 1.093451632933122e+01
5.229651761473542e-01 1.094407071459650e+01
5.240551424232929e-01 1.095361602383782e+01
5.251468456972807e-01 1.096315226268662e+01
5.262402901248154e-01 1.097267943675427e+01
5.273354798746609e-01 1.098219755163206e+01
5.284324191288989e-01 1.099170661289120e+01
5.295311120829839e-01 1.100120662608284e+01
5.306315629457954e-01 1.101069759673804e+01
5.317337759396923e-01 1.102017953036779e+01
5.328377553005667e-01 1.102965243246300e+01
5.339435052778978e-01 1.103911630849449e+01
5.350510301348073e-01 1.104857116391302e+01
5.361603341481136e-01 1.105801700414927e+01
5.372714216083865e-01 1.106745383461381e+01
5.383842968200033e-01 1.107688166069714e+01
5.394989641012043e-01 1.108630048776969e+01
5.406154277841476e-01 1.109571032118177e+01
5.417336922149667e-01 1.110511116626363e+01
5.428537617538257e-01 1.111450302832541e+01
5.439756407749768e-01 1.112388591265715e+01
5.450993336668173e-01 1.113325982452881e+01
5.462248448319453e-01 1.114262476919025e+01
5.473521786872193e-01 1.115198075187121e+01
5.484813396638146e-01 1.116132777778134e+01
5.496123322072819e-01 1.117066585211017e+01
5.507451607776056e-01 1.117999498002714e+01
5.518798298492620e-01 1.118931516668156e+01
5.530163439112787e-01 1.119862641720262e+01
5.541547074672940e-01 1.120792873669940e+01
5.552949250356154e-01 1.121722213026085e+01
5.564370011492805e-01 1.122650660295579e+01
5.575809403561164e-01 1.123578215983292e+01
5.587267472188000e-01 1.124504880592078e+01
5.598744263149196e-01 1.125430654622780e+01
5.610239822370342e-01 1.126355538574224e+01
5.621754195927368e-01 1.127279532943224e+01
5.633287430047140e-01 1.128202638224576e+01
5.644839571108092e-01 1.129124854911062e+01
5.656410665640843e-01 1.130046183493447e+01
5.668000760328820e-01 1.130966624460480e+01
5.679609902008887e-01 1.131886178298891e+01
5.691238137671982e-01 1.132804845493396e+01
5.702885514463740e-01 1.133722626526689e+01
5.714552079685140e-01 1.134639521879447e+01
5.726237880793136e-01 1.135555532030327e+01
5.737942965401309e-01 1.136470657455968e+01
5.749667381280514e-01 1.137384898630987e+01
5.761411176359518e-01 1.138298256027979e+01
5.773174398725666e-01 1.139210730117520e+01
5.784957096625534e-01 1.140122321368162e+01
5.796759318465583e-01 1.141033030246434e+01
5.808581112812831e-01 1.141942857216843e+01
5.820422528395508e-01 1.142851802741870e+01
5.832283614103738e-01 1.143759867281974e+01
5.844164418990205e-01 1.144667051295585e+01
5.856064992270824e-01 1.145573355239108e+01
5.867985383325433e-01 1.146478779566923e+01
5.879925641698466e-01 1.147383324731380e+01
5.891885817099646e-01 1.148286991182802e+01
5.903865959404666e-01 1.149189779369483e+01
5.915866118655893e-01 1.150091689737685e+01
5.927886345063058e-01 1.150992722731643e+01
5.939926689003960e-01 1.151892878793558e+01
5.951987201025164e-01 1.152792158363599e+01
5.964067931842716e-01 1.153690561879903e+01
5.976168932342848e-01 1.154588089778572e+01
5.988290253582693e-01 1.155484742493674e+01
6.000431946791011e-01 1.156380520457242e+01
6.012594063368896e-01 1.157275424099271e+01
6.024776654890514e-01 1.158169453847720e+01
6.036979773103830e-01 1.159062610128510e+01
6.049203469931331e-01 1.159954893365522e+01
6.061447797470780e-01 1.160846303980597e+01
6.073712807995937e-01 1.161736842393536e+01
6.085998553957315e-01 1.162626509022098e+01
6.098305087982926e-01 1.163515304281998e+01
6.110632462879028e-01 1.164403228586908e+01
6.122980731630886e-01 1.165290282348455e+01
6.135349947403530e-01 1.166176465976220e+01
6.147740163542509e-01 1.167061779877739e+01
6.160151433574673e-01 1.167946224458497e+01
6.172583811208933e-01 1.168829800121932e+01
6.185037350337037e-01 1.169712507269433e+01
6.197512105034355e-01 1.170594346300335e+01
6.210008129560654e-01 1.171475317611925e+01
6.222525478360887e-01 1.172355421599432e+01
6.235064206065991e-01 1.173234658656035e+01
6.247624367493666e-01 1.174113029172855e+01
6.260206017649190e-01 1.174990533538957e+01
6.272809211726214e-01 1.175867172141350e+01
6.285434005107567e-01 1.176742945364981e+01
6.298080453366077e-01 1.177617853592739e+01
6.310748612265374e-01 1.178491897205453e+01
6.323438537760717e-01 1.179365076581885e+01
6.336150285999820e-01 1.180237392098740e+01
6.348883913323670e-01 1.181108844130651e+01
6.361639476267372e-01 1.181979433050189e+01
6.374417031560977e-01 1.182849159227859e+01
6.387216636130326e-01 1.183718023032093e+01
6.400038347097895e-01 1.184586024829256e+01
6.412882221783645e-01 1.185453164983641e+01
6.425748317705875e-01 1.186319443857468e+01
6.438636692582083e-01 1.187184861810885e+01
6.451547404329826e-01 1.188049419201961e+01
6.464480511067592e-01 1.188913116386692e+01
6.477436071115666e-01 1.189775953718996e+01
6.490414142997013e-01 1.190637931550708e+01
6.503414785438153e-01 1.191499050231586e+01
6.516438057370052e-01 1.192359310109304e+01
6.529484017929011e-01 1.193218711529453e+01
6.542552726457558e-01 1.194077254835539e+01
6.555644242505353e-01 1.194934940368982e+01
6.568758625830087e-01 1.195791768469113e+01
6.581895936398394e-01 1.196647739473174e+01
6.595056234386768e-01 1.197502853716315e+01
6.608239580182479e-01 1.198357111531597e+01
6.621446034384493e-01 1.199210513249984e+01
6.634675657804404e-01 1.200063059200345e+01
6.647928511467370e-01 1.200914749709452e+01
6.661204656613048e-01 1.201765585101979e+01
6.674504154696538e-01 1.202615565700500e+01
6.687827067389329e-01 1.203464691825487e+01
6.701173456580257e-01 1.204312963795307e+01
6.714543384376460e-01 1.205160381926225e+01
6.727936913104342e-01 1.206006946532396e+01
6.741354105310543e-01 1.206852657925871e+01
6.754795023762907e-01 1.207697516416587e+01
6.768259731451471e-01 1.208541522312372e+01
6.781748291589439e-01 1.209384675918939e+01
6.795260767614176e-01 1.210226977539887e+01
6.808797223188205e-01 1.211068427476698e+01
6.822357722200196e-01 1.211909026028735e+01
6.835942328765986e-01 1.212748773493242e+01
6.849551107229581e-01 1.213587670165342e+01
6.863184122164171e-01 1.214425716338030e+01
6.876841438373154e-01 1.215262912302180e+01
6.890523120891163e-01 1.216099258346536e+01
6.904229234985095e-01 1.216934754757714e+01
6.917959846155158e-01 1.217769401820199e+01
6.931715020135900e-01 1.218603199816343e+01
6.945494822897269e-01 1.219436149026363e+01
6.959299320645668e-01 1.220268249728341e+01
6.973128579825003e-01 1.221099502198218e+01
6.986982667117767e-01 1.221929906709797e+01
7.000861649446098e-01 1.222759463534737e+01
7.014765593972860e-01 1.223588172942554e+01
7.028694568102732e-01 1.224416035200618e+01
7.042648639483288e-01 1.225243050574150e+01
7.056627876006099e-01 1.226069219326221e+01
7.070632345807834e-01 1.226894541717751e+01
7.084662117271358e-01 1.227719018007506e+01
7.098717259026861e-01 1.228542648452094e+01
7.112797839952961e-01 1.229365433305966e+01
7.126903929177840e-01 1.230187372821415e+01
7.141035596080374e-01 1.231008467248569e+01
7.155192910291258e-01 1.231828716835392e+01
7.169375941694168e-01 1.232648121827684e+01
7.183584760426904e-01 1.233466682469073e+01
7.197819436882537e-01 1.234284399001020e+01
7.212080041710586e-01 1.235101271662811e+01
7.226366645818174e-01 1.235917300691558e+01
7.240679320371214e-01 1.236732486322196e+01
7.255018136795585e-01 1.237546828787482e+01
7.269383166778317e-01 1.238360328317988e+01
7.283774482268796e-01 1.239172985142107e+01
7.298192155479952e-01 1.239984799486044e+01
7.312636258889479e-01 1.240795771573816e+01
7.327106865241042e-01 1.241605901627250e+01
7.341604047545500e-01 1.242415189865981e+01
7.356127879082137e-01 1.243223636507448e+01
7.370678433399890e-01 1.244031241766895e+01
7.385255784318595e-01 1.244838005857365e+01
7.399860005930239e-01 1.245643928989699e+01
7.414491172600207e-01 1.246449011372537e+01
7.429149358968549e-01 1.247253253212310e+01
7.443834639951250e-01 1.248056654713239e+01
7.458547090741505e-01 1.248859216077339e+01
7.473286786811001e-01 1.249660937504407e+01
7.488053803911210e-01 1.250461819192026e+01
7.502848218074684e-01 1.251261861335560e+01
7.517670105616364e-01 1.252061064128154e+01
7.532519543134887e-01 1.252859427760729e+01
7.547396607513909e-01 1.253656952421979e+01
7.562301375923433e-01 1.254453638298373e+01
7.577233925821137e-01 1.255249485574146e+01
7.592194334953726e-01 1.256044494431302e+01
7.607182681358271e-01 1.256838665049611e+01
7.622199043363572e-01 1.257631997606602e+01
7.637243499591524e-01 1.258424492277566e+01
7.652316128958476e-01 1.259216149235547e+01
7.667417010676633e-01 1.260006968651349e+01
7.682546224255423e-01 1.260796950693522e+01
7.697703849502908e-01 1.261586095528370e+01
7.712889966527171e-01 1.262374403319940e+01
7.728104655737748e-01 1.263161874230024e+01
7.743347997847023e-01 1.263948508418157e+01
7.758620073871682e-01 1.264734306041609e+01
7.773920965134120e-01 1.265519267255389e+01
7.789250753263911e-01 1.266303392212239e+01
7.804609520199240e-01 1.267086681062630e+01
7.819997348188372e-01 1.267869133954762e+01
7.835414319791122e-01 1.268650751034559e+01
7.850860517880320e-01 1.269431532445668e+01
7.866336025643313e-01 1.270211478329458e+01
7.881840926583444e-01 1.270990588825011e+01
7.897375304521560e-01 1.271768864069124e+01
7.912939243597521e-01 1.272546304196308e+01
7.928532828271725e-01 1.273322909338780e+01
7.944156143326621e-01 1.274098679626463e+01
7.959809273868264e-01 1.274873615186983e+01
7.975492305327845e-01 1.275647716145666e+01
7.991205323463257e-01 1.276420982625535e+01
8.006948414360654e-01 1.277193414747309e+01
8.022721664436013e-01 1.277965012629395e+01
8.038525160436731e-01 1.278735776387892e+01
8.054358989443211e-01 1.279505706136581e+01
8.070223238870451e-01 1.280274801986929e+01
8.086117996469668e-01 1.281043064048080e+01
8.102043350329903e-01 1.281810492426856e+01
8.117999388879655e-01 1.282577087227753e+01
8.133986200888522e-01 1.283342848552937e+01
8.150003875468833e-01 1.284107776502243e+01
8.166052502077319e-01 1.284871871173168e+01
8.182132170516769e-01 1.285635132660873e+01
8.198242970937709e-01 1.286397561058178e+01
8.214384993840085e-01 1.287159156455557e+01
8.230558330074960e-01 1.287919918941137e+01
8.246763070846211e-01 1.288679848600695e+01
8.262999307712257e-01 1.289438945517654e+01
8.279267132587769e-01 1.290197209773081e+01
8.295566637745414e-01 1.290954641445681e+01
8.311897915817599e-01 1.291711240611799e+01
8.328261059798214e-01 1.292467007345411e+01
8.344656163044418e-01 1.293221941718126e+01
8.361083319278395e-01 1.293976043799179e+01
8.377542622589151e-01 1.294729313655429e+01
8.394034167434307e-01 1.295481751351359e+01
8.410558048641903e-01 1.296233356949066e+01
8.427114361412223e-01 1.296984130508264e+01
8.443703201319617e-01 1.297734072086278e+01
8.460324664314339e-01 1.298483181738041e+01
8.476978846724408e-01 1.299231459516092e+01
8.493665845257450e-01 1.299978905470569e+01
8.510385757002591e-01 1.300725519649211e+01
8.527138679432322e-01 1.301471302097351e+01
8.543924710404402e-01 1.302216252857914e+01
8.560743948163769e-01 1.302960371971412e+01
8.577596491344440e-01 1.303703659475945e+01
8.594482438971455e-01 1.304446115407191e+01
8.611401890462811e-01 1.305187739798410e+01
8.628354945631407e-01 1.305928532680434e+01
8.645341704687020e-01 1.306668494081667e+01
8.662362268238266e-01 1.307407624028084e+01
8.679416737294593e-01 1.308145922543221e+01
8.696505213268281e-01 1.308883389648177e+01
8.713627797976446e-01 1.309620025361608e+01
8.730784593643069e-01 1.310355829699727e+01
8.747975702901027e-01 1.311090802676294e+01
8.765201228794136e-01 1.311824944302619e+01
8.782461274779215e-01 1.312558254587555e+01
8.799755944728155e-01 1.313290733537497e+01
8.817085342930003e-01 1.314022381156374e+01
8.834449574093066e-01 1.314753197445651e+01
8.851848743346996e-01 1.315483182404322e+01
8.869282956244943e-01 1.316212336028907e+01
8.886752318765668e-01 1.316940658313448e+01
8.904256937315698e-01 1.317668149249508e+01
8.921796918731486e-01 1.318394808826165e+01
8.939372370281583e-01 1.319120637030008e+01
8.956983399668824e-01 1.319845633845135e+01
8.974630115032537e-01 1.320569799253149e+01
8.992312624950740e-01 1.321293133233154e+01
9.010031038442379e-01 1.322015635761750e+01
9.027785464969571e-01 1.322737306813034e+01
9.045576014439849e-01 1.323458146358589e+01
9.063402797208439e-01 1.324178154367488e+01
9.081265924080530e-01 1.324897330806286e+01
9.099165506313586e-01 1.325615675639015e+01
9.117101655619642e-01 1.326333188827184e+01
9.135074484167630e-01 1.327049870329775e+01
9.153084104585729e-01 1.327765720103235e+01
9.171130629963702e-01 1.328480738101477e+01
9.189214173855268e-01 1.329194924275874e+01
9.207334850280494e-01 1.329908278575255e+01
9.225492773728176e-01 1.330620800945904e+01
9.243688059158260e-01 1.331332491331551e+01
9.261920822004267e-01 1.332043349673373e+01
9.280191178175730e-01 1.332753375909990e+01
9.298499244060653e-01 1.333462569977456e+01
9.316845136527981e-01 1.334170931809263e+01
9.335228972930093e-01 1.334878461336329e+01
9.353650871105297e-01 1.335585158487001e+01
9.372110949380342e-01 1.336291023187047e+01
9.390609326572971e-01 1.336996055359655e+01
9.409146121994454e-01 1.337700254925426e+01
9.427721455452154e-01 1.338403621802372e+01
9.446335447252120e-01 1.339106155905912e+01
9.464988218201668e-01 1.339807857148869e+01
9.483679889612007e-01 1.340508725441463e+01
9.502410583300865e-01 1.341208760691311e+01
9.521180421595136e-01 1.341907962803419e+01
9.539989527333536e-01 1.342606331680184e+01
9.558838023869292e-01 1.343303867221382e+01
9.577726035072838e-01 1.344000569324171e+01
9.596653685334525e-01 1.344696437883083e+01
9.615621099567349e-01 1.345391472790024e+01
9.634628403209705e-01 1.346085673934265e+01
9.653675722228152e-01 1.346779041202440e+01
9.672763183120188e-01 1.347471574478545e+01
9.691890912917061e-01 1.348163273643930e+01
9.711059039186577e-01 1.348854138577297e+01
9.730267690035943e-01 1.349544169154695e+01
9.749516994114622e-01 1.350233365249517e+01
9.768807080617193e-01 1.350921726732495e+01
9.788138079286262e-01 1.351609253471697e+01
9.807510120415350e-01 1.352295945332521e+01
9.826923334851831e-01 1.352981802177696e+01
9.846377853999880e-01 1.353666823867270e+01
9.865873809823431e-01 1.354351010258612e+01
9.885411334849166e-01 1.355034361206407e+01
9.904990562169511e-01 1.355716876562650e+01
9.924611625445668e-01 1.356398556176644e+01
9.944274658910652e-01 1.357079399894995e+01
9.963979797372350e-01 1.357759407561606e+01
9.983727176216600e-01 1.358438579017677e+01
1.000351693141030e+00 1.359116914101698e+01
1.002334919950453e+00 1.359794412649445e+01
1.004322411763767e+00 1.360471074493979e+01
1.006314182353858e+00 1.361146899465635e+01
1.008310245552981e+00 1.361821887392027e+01
1.010310615253072e+00 1.362496038098037e+01
1.012315305406079e+00 1.363169351405811e+01
1.014324330024281e+00 1.363841827134762e+01
1.016337703180619e+00 1.364513465101557e+01
1.018355439009017e+00 1.365184265120117e+01
1.020377551704723e+00 1.365854227001614e+01
1.022404055524632e+00 1.366523350554465e+01
1.024434964787628e+00 1.367191635584328e+01
1.026470293874918e+00 1.367859081894097e+01
1.028510057230371e+00 1.368525689283902e+01
1.030554269360864e+00 1.369191457551100e+01
1.032602944836619e+00 1.369856386490273e+01
1.034656098291557e+00 1.370520475893223e+01
1.036713744423639e+00 1.371183725548968e+01
1.038775897995222e+00 1.371846135243742e+01
1.040842573833409e+00 1.372507704760983e+01
1.042913786830407e+00 1.373168433881334e+01
1.044989551943881e+00 1.373828322382640e+01
1.047069884197319e+00 1.374487370039939e+01
1.049154798680391e+00 1.375145576625462e+01
1.051244310549312e+00 1.375802941908628e+01
1.053338435027216e+00 1.376459465656036e+01
1.055437187404518e+00 1.377115147631469e+01
1.057540583039293e+00 1.377769987595881e+01
1.059648637357643e+00 1.378423985307399e+01
1.061761365854083e+00 1.379077140521315e+01
1.063878784091914e+00 1.379729452990086e+01
1.066000907703607e+00 1.380380922463326e+01
1.068127752391188e+00 1.381031548687802e+01
1.070259333926625e+00 1.381681331407433e+01
1.072395668152219e+00 1.382330270363283e+01
1.074536770980995e+00 1.382978365293559e+01
1.076682658397099e+00 1.383625615933605e+01
1.078833346456191e+00 1.384272022015897e+01
1.080988851285852e+00 1.384917583270044e+01
1.083149189085984e+00 1.385562299422779e+01
1.085314376129213e+00 1.386206170197954e+01
1.087484428761304e+00 1.386849195316542e+01
1.089659363401566e+00 1.387491374496625e+01
1.091839196543270e+00 1.388132707453398e+01
1.094023944754064e+00 1.388773193899159e+01
1.096213624676395e+00 1.389412833543307e+01
1.098408253027930e+00 1.390051626092337e+01
1.100607846601979e+00 1.390689571249838e+01
1.102812422267928e+00 1.391326668716488e+01
1.105021996971669e+00 1.391962918190048e+01
1.107236587736031e+00 1.392598319365360e+01
1.109456211661221e+00 1.393232871934345e+01
1.111680885925263e+00 1.393866575585992e+01
1.113910627784439e+00 1.394499430006363e+01
1.116145454573739e+00 1.395131434878581e+01
1.118385383707307e+00 1.395762589882833e+01
1.120630432678894e+00 1.396392894696359e+01
1.122880619062315e+00 1.397022348993453e+01
1.125135960511907e+00 1.397650952445460e+01
1.127396474762989e+00 1.398278704720766e+01
1.129662179632328e+00 1.398905605484799e+01
1.131933093018608e+00 1.399531654400024e+01
1.134209232902901e+00 1.400156851125940e+01
1.136490617349138e+00 1.400781195319073e+01
1.138777264504595e+00 1.401404686632976e+01
1.141069192600364e+00 1.402027324718221e+01
1.143366419951845e+00 1.402649109222399e+01
1.145668964959234e+00 1.403270039790114e+01
1.147976846108006e+00 1.403890116062981e+01
1.150290081969421e+00 1.404509337679619e+01
1.152608691201013e+00 1.405127704275650e+01
1.154932692547097e+00 1.405745215483695e+01
1.157262104839272e+00 1.406361870933367e+01
1.159596946996931e+00 1.406977670251273e+01
1.161937238027769e+00 1.407592613061006e+01
1.164282997028305e+00 1.408206698983142e+01
1.166634243184399e+00 1.408819927635236e+01
1.168990995771771e+00 1.409432298631821e+01
1.171353274156534e+00 1.410043811584401e+01
1.173721097795722e+00 1.410654466101449e+01
1.176094486237822e+00 1.411264261788403e+01
1.178473459123315e+00 1.411873198247664e+01
1.180858036185217e+00 1.412481275078589e+01
1.183248237249624e+00 1.413088491877490e+01
1.185644082236260e+00 1.413694848237632e+01
1.188045591159035e+00 1.414300343749225e+01
1.190452784126598e+00 1.414904977999424e+01
1.192865681342899e+00 1.415508750572324e+01
1.195284303107755e+00 1.416111661048958e+01
1.197708669817422e+00 1.416713709007293e+01
1.200138801965162e+00 1.417314894022226e+01
1.202574720141824e+00 1.417915215665579e+01
1.205016445036429e+00 1.418514673506102e+01
1.207463997436748e+00 1.419113267109463e+01
1.209917398229900e+00 1.419710996038246e+01
1.212376668402940e+00 1.420307859851952e+01
1.214841829043460e+00 1.420903858106990e+01
1.217312901340193e+00 1.421498990356679e+01
1.219789906583616e+00 1.422093256151241e+01
1.222272866166567e+00 1.422686655037800e+01
1.224761801584856e+00 1.423279186560379e+01
1.227256734437888e+00 1.423870850259894e+01
1.229757686429286e+00 1.424461645674158e+01
1.232264679367523e+00 1.425051572337868e+01
1.234777735166555e+00 1.425640629782611e+01
1.237296875846455e+00 1.426228817536857e+01
1.239822123534065e+00 1.426816135125955e+01
1.242353500463635e+00 1.427402582072135e+01
1.244891028977481e+00 1.427988157894499e+01
1.247434731526640e+00 1.428572862109023e+01
1.249984630671534e+00 1.429156694228554e+01
1.252540749082635e+00 1.429739653762803e+01
1.255103109541138e+00 1.430321740218348e+01
1.257671734939638e+00 1.430902953098628e+01
1.260246648282809e+00 1.431483291903941e+01
1.262827872688096e+00 1.432062756131443e+01
1.265415431386402e+00 1.432641345275143e+01
1.268009347722788e+00 1.433219058825904e+01
1.270609645157172e+00 1.433795896271435e+01
1.273216347265040e+00 1.434371857096298e+01
1.275829477738155e+00 1.434946940781895e+01
1.278449060385278e+00 1.435521146806474e+01
1.281075119132888e+00 1.436094474645122e+01
1.283707678025914e+00 1.436666923769767e+01
1.286346761228463e+00 1.437238493649170e+01
1.288992393024567e+00 1.437809183748931e+01
1.291644597818922e+00 1.438378993531480e+01
1.294303400137642e+00 1.438947922456077e+01
1.296968824629010e+00 1.439515969978814e+01
1.299640896064248e+00 1.440083135552608e+01
1.302319639338275e+00 1.440649418627201e+01
1.305005079470487e+00 1.441214818649161e+01
1.307697241605533e+00 1.441779335061877e+01
1.310396151014101e+00 1.442342967305558e+01
1.313101833093706e+00 1.442905714817234e+01
1.315814313369492e+00 1.443467577030750e+01
1.318533617495027e+00 1.444028553376769e+01
1.321259771253122e+00 1.444588643282771e+01
1.323992800556633e+00 1.445147846173046e+01
1.326732731449294e+00 1.445706161468699e+01
1.329479590106539e+00 1.446263588587646e+01
1.332233402836334e+00 1.446820126944614e+01
1.334994196080020e+00 1.447375775951139e+01
1.337761996413156e+00 1.447930535015566e+01
1.340536830546376e+00 1.448484403543048e+01
1.343318725326246e+00 1.449037380935545e+01
1.346107707736129e+00 1.449589466591823e+01
1.348903804897057e+00 1.450140659907454e+01
1.351707044068613e+00 1.450690960274815e+01
1.354517452649815e+00 1.451240367083090e+01
1.357335058180009e+00 1.451788879718265e+01
1.360159888339767e+00 1.452336497563131e+01
1.362991970951797e+00 1.452883219997283e+01
1.365831333981852e+00 1.453429046397120e+01
1.368678005539656e+00 1.453973976135845e+01
1.371532013879825e+00 1.454518008583464e+01
1.374393387402807e+00 1.455061143106788e+01
1.377262154655823e+00 1.455603379069431e+01
1.380138344333814e+00 1.456144715831813e+01
1.383021985280401e+00 1.456685152751158e+01
1.385913106488847e+00 1.457224689181495e+01
1.388811737103029e+00 1.457763324473660e+01
1.391717906418419e+00 1.458301057975294e+01
1.394631643883067e+00 1.458837889030846e+01
1.397552979098601e+00 1.459373816981575e+01
1.400481941821225e+00 1.459908841165547e+01
1.403418561962732e+00 1.460442960917639e+01
1.406362869591520e+00 1.460976175569539e+01
1.409314894933621e+00 1.461508484449747e+01
1.412274668373733e+00 1.462039886883579e+01
1.415242220456262e+00 1.462570382193165e+01
1.418217581886378e+00 1.463099969697451e+01
1.421200783531065e+00 1.463628648712205e+01
1.424191856420197e+00 1.464156418550012e+01
1.427190831747611e+00 1.464683278520280e+01
1.430197740872186e+00 1.465209227929244e+01
1.433212615318946e+00 1.465734266079962e+01
1.436235486780153e+00 1.466258392272323e+01
1.439266387116424e+00 1.466781605803047e+01
1.442305348357844e+00 1.467303905965686e+01
1.445352402705100e+00 1.467825292050629e+01
1.448407582530615e+00 1.468345763345104e+01
1.451470920379697e+00 1.468865319133182e+01
1.454542448971690e+00 1.469383958695776e+01
1.457622201201145e+00 1.469901681310649e+01
1.460710210138991e+00 1.470418486252414e+01
1.463806509033716e+00 1.470934372792539e+01
1.466911131312567e+00 1.471449340199348e+01
1.470024110582748e+00 1.471963387738029e+01
1.473145480632632e+00 1.472476514670634e+01
1.476275275432988e+00 1.472988720256085e+01
1.479413529138210e+00 1.473500003750174e+01
1.482560276087560e+00 1.474010364405575e+01
1.485715550806421e+00 1.474519801471841e+01
1.488879388007558e+00 1.475028314195411e+01
1.492051822592394e+00 1.475535901819615e+01
1.495232889652290e+00 1.476042563584680e+01
1.498422624469842e+00 1.476548298727731e+01
1.501621062520185e+00 1.477053106482800e+01
1.504828239472305e+00 1.477556986080829e+01
1.508044191190367e+00 1.478059936749677e+01
1.511268953735055e+00 1.478561957714124e+01
1.514502563364913e+00 1.479063048195878e+01
1.517745056537710e+00 1.479563207413579e+01
1.520996469911808e+00 1.480062434582807e+01
1.524256840347542e+00 1.480560728916088e+01
1.527526204908617e+00 1.481058089622898e+01
1.530804600863507e+00 1.481554515909673e+01
1.534092065686874e+00 1.482050006979814e+01
1.537388637060999e+00 1.482544562033694e+01
1.540694352877216e+00 1.483038180268663e+01
1.544009251237367e+00 1.483530860879060e+01
1.547333370455265e+00 1.484022603056217e+01
1.550666749058172e+00 1.484513405988467e+01
1.554009425788283e+00 1.485003268861152e+01
1.557361439604232e+00 1.485492190856630e+01
1.560722829682604e+00 1.485980171154289e+01
1.564093635419458e+00 1.486467208930544e+01
1.567473896431871e+00 1.486953303358858e+01
1.570863652559488e+00 1.487438453609744e+01
1.574262943866086e+00 1.487922658850773e+01
1.577671810641153e+00 1.488405918246586e+01
1.581090293401481e+00 1.488888230958905e+01
1.584518432892771e+00 1.489369596146538e+01
1.587956270091249e+00 1.489850012965393e+01
1.591403846205304e+00 1.490329480568484e+01
1.594861202677129e+00 1.490807998105946e+01
1.598328381184386e+00 1.491285564725042e+01
1.601805423641876e+00 1.491762179570174e+01
1.605292372203234e+00 1.492237841782896e+01
1.608789269262627e+00 1.492712550501924e+01
1.612296157456475e+00 1.493186304863147e+01
1.615813079665185e+00 1.493659103999637e+01
1.619340079014894e+00 1.494130947041665e+01
1.622877198879236e+00 1.494601833116710e+01
1.626424482881119e+00 1.495071761349474e+01
1.629981974894518e+00 1.495540730861891e+01
1.633549719046285e+00 1.496008740773141e+01
1.637127759717970e+00 1.496475790199667e+01
1.640716141547665e+00 1.496941878255183e+01
1.644314909431861e+00 1.497407004050689e+01
1.647924108527315e+00 1.497871166694489e+01
1.651543784252945e+00 1.498334365292199e+01
1.655173982291730e+00 1.498796598946766e+01
1.658814748592637e+00 1.499257866758479e+01
1.662466129372556e+00 1.499718167824989e+01
1.666128171118255e+00 1.500177501241319e+01
1.669800920588357e+00 1.500635866099883e+01
1.673484424815326e+00 1.501093261490500e+01
1.677178731107476e+00 1.501549686500410e+01
1.680883887050999e+00 1.502005140214294e+01
1.684599940512002e+00 1.502459621714284e+01
1.688326939638576e+00 1.502913130079986e+01
1.692064932862869e+00 1.503365664388496e+01
1.695813968903185e+00 1.503817223714414e+01
1.699574096766106e+00 1.504267807129866e+01
1.703345365748621e+00 1.504717413704522e+01
1.707127825440282e+00 1.505166042505611e+01
1.710921525725381e+00 1.505613692597944e+01
1.714726516785139e+00 1.506060363043931e+01
1.718542849099917e+00 1.506506052903600e+01
1.722370573451457e+00 1.506950761234618e+01
1.726209740925124e+00 1.507394487092313e+01
1.730060402912184e+00 1.507837229529689e+01
1.733922611112100e+00 1.508278987597452e+01
1.737796417534838e+00 1.508719760344029e+01
1.741681874503208e+00 1.509159546815592e+01
1.745579034655218e+00 1.509598346056074e+01
1.749487950946450e+00 1.510036157107198e+01
1.753408676652458e+00 1.510472979008497e+01
1.757341265371193e+00 1.510908810797334e+01
1.761285771025440e+00 1.511343651508931e+01
1.765242247865284e+00 1.511777500176389e+01
1.769210750470598e+00 1.512210355830711e+01
1.773191333753554e+00 1.512642217500831e+01
1.777184052961153e+00 1.513073084213636e+01
1.781188963677782e+00 1.513502954993989e+01
1.785206121827797e+00 1.513931828864761e+01
1.789235583678117e+00 1.514359704846850e+01
1.793277405840861e+00 1.514786581959212e+01
1.797331645275996e+00 1.515212459218888e+01
1.801398359294007e+00 1.515637335641027e+01
1.805477605558608e+00 1.516061210238920e+01
1.809569442089456e+00 1.516484082024021e+01
1.813673927264914e+00 1.516905950005983e+01
1.817791119824815e+00 1.517326813192681e+01
1.821921078873274e+00 1.517746670590244e+01
1.826063863881511e+00 1.518165521203085e+01
1.830219534690707e+00 1.518583364033931e+01
1.834388151514885e+00 1.519000198083853e+01
1.838569774943819e+00 1.519416022352299e+01
1.842764465945968e+00 1.519830835837123e+01
1.846972285871441e+00 1.520244637534620e+01
1.851193296454988e+00 1.520657426439556e+01
1.855427559819016e+00 1.521069201545204e+01
1.859675138476643e+00 1.521479961843374e+01
1.863936095334766e+00 1.521889706324451e+01
1.868210493697173e+00 1.522298433977425e+01
1.872498397267676e+00 1.522706143789932e+01
1.876799870153276e+00 1.523112834748282e+01
1.881114976867357e+00 1.523518505837501e+01
1.885443782332910e+00 1.523923156041368e+01
1.889786351885795e+00 1.524326784342446e+01
1.894142751278020e+00 1.524729389722124e+01
1.898513046681065e+00 1.525130971160657e+01
1.902897304689232e+00 1.525531527637199e+01
1.907295592323025e+00 1.525931058129846e+01
1.911707977032567e+00 1.526329561615676e+01
1.916134526701049e+00 1.526727037070788e+01
1.920575309648207e+00 1.527123483470342e+01
1.925030394633843e+00 1.527518899788603e+01
1.929499850861368e+00 1.527913284998979e+01
1.933983747981388e+00 1.528306638074068e+01
1.938482156095325e+00 1.528698957985698e+01
1.942995145759064e+00 1.529090243704973e+01
1.947522787986645e+00 1.529480494202314e+01
1.952065154253992e+00 1.529869708447507e+01
1.956622316502665e+00 1.530257885409748e+01
1.961194347143666e+00 1.530645024057686e+01
1.965781319061274e+00 1.531031123359474e+01
1.970383305616908e+00 1.531416182282815e+01
1.975000380653053e+00 1.531800199795006e+01
1.979632618497198e+00 1.532183174862994e+01
1.984280093965831e+00 1.532565106453417e+01
1.988942882368462e+00 1.532945993532661e+01
1.993621059511696e+00 1.533325835066906e+01
1.998314701703338e+00 1.533704630022179e+01
2.003023885756541e+00 1.534082377364404e+01
2.007748688994000e+00 1.534459076059457e+01
2.012489189252182e+00 1.534834725073218e+01
2.017245464885599e+00 1.535209323371623e+01
2.022017594771127e+00 1.535582869920723e+01
2.026805658312367e+00 1.535955363686734e+01
2.031609735444046e+00 1.536326803636097e+01
2.036429906636467e+00 1.536697188735532e+01
2.041266252900003e+00 1.537066517952096e+01
2.046118855789636e+00 1.537434790253243e+01
2.050987797409537e+00 1.537802004606879e+01
2.055873160417701e+00 1.538168159981424e+01
2.060775028030622e+00 1.538533255345875e+01
2.065693484028019e+00 1.538897289669859e+01
2.070628612757611e+00 1.539260261923702e+01
2.075580499139936e+00 1.539622171078491e+01
2.080549228673221e+00 1.539983016106133e+01
2.085534887438305e+00 1.540342795979420e+01
2.090537562103612e+00 1.540701509672100e+01
2.095557339930167e+00 1.541059156158933e+01
2.100594308776677e+00 1.541415734415766e+01
2.105648557104650e+00 1.541771243419594e+01
2.110720173983578e+00 1.542125682148633e+01
2.115809249096168e+00 1.542479049582384e+01
2.120915872743629e+00 1.542831344701707e+01
2.126040135851013e+00 1.543182566488889e+01
2.131182129972609e+00 1.543532713927715e+01
2.136341947297399e+00 1.543881786003544e+01
2.141519680654567e+00 1.544229781703375e+01
2.146715423519065e+00 1.544576700015928e+01
2.151929270017237e+00 1.544922539931717e+01
2.157161314932505e+00 1.545267300443121e+01
2.162411653711113e+00 1.545610980544467e+01
2.167680382467930e+00 1.545953579232102e+01
2.172967597992315e+00 1.546295095504478e+01
2.178273397754044e+00 1.546635528362222e+01
2.183597879909299e+00 1.546974876808224e+01
2.188941143306726e+00 1.547313139847716e+01
2.194303287493542e+00 1.547650316488350e+01
2.199684412721728e+00 1.547986405740288e+01
2.205084619954270e+00 1.548321406616280e+01
2.210504010871474e+00 1.548655318131750e+01
2.215942687877351e+00 1.548988139304883e+01
2.221400754106065e+00 1.549319869156715e+01
2.226878313428453e+00 1.549650506711211e+01
2.232375470458614e+00 1.549980050995364e+01
2.237892330560567e+00 1.550308501039280e+01
2.243428999854987e+00 1.550635855876267e+01
2.248985585226006e+00 1.550962114542930e+01
2.254562194328092e+00 1.551287276079263e+01
2.260158935593001e+00 1.551611339528743e+01
2.265775918236807e+00 1.551934303938420e+01
2.271413252267002e+00 1.552256168359022e+01
2.277071048489685e+00 1.552576931845042e+01
2.282749418516815e+00 1.552896593454844e+01
2.288448474773551e+00 1.553215152250754e+01
2.294168330505677e+00 1.553532607299169e+01
2.299909099787098e+00 1.553848957670650e+01
2.305670897527424e+00 1.554164202440029e+01
2.311453839479643e+00 1.554478340686510e+01
2.317258042247862e+00 1.554791371493774e+01
2.323083623295154e+00 1.555103293950086e+01
2.328930700951475e+00 1.555414107148396e+01
2.334799394421684e+00 1.555723810186456e+01
2.340689823793634e+00 1.556032402166919e+01
2.346602110046371e+00 1.556339882197456e+01
2.352536375058411e+00 1.556646249390862e+01
2.358492741616121e+00 1.556951502865173e+01
2.364471333422181e+00 1.557255641743775e+01
2.370472275104149e+00 1.557558665155522e+01
2.376495692223130e+00 1.557860572234848e+01
2.382541711282519e+00 1.558161362121888e+01
2.388610459736868e+00 1.558461033962594e+01
2.394702066000839e+00 1.558759586908852e+01
2.400816659458258e+00 1.559057020118606e+01
2.406954370471282e+00 1.559353332755981e+01
2.413115330389658e+00 1.559648523991399e+01
2.419299671560097e+00 1.559942593001708e+01
2.425507527335747e+00 1.560235538970310e+01
2.431739032085780e+00 1.560527361087281e+01
2.437994321205087e+00 1.560818058549501e+01
2.444273531124086e+00 1.561107630560788e+01
2.450576799318636e+00 1.561396076332020e+01
2.456904264320076e+00 1.561683395081274e+01
2.463256065725368e+00 1.561969586033954e+01
2.469632344207365e+00 1.562254648422926e+01
2.476033241525200e+00 1.562538581488656e+01
2.482458900534789e+00 1.562821384479343e+01
2.488909465199452e+00 1.563103056651059e+01
2.495385080600677e+00 1.563383597267889e+01
2.501885892948988e+00 1.563663005602069e+01
2.508412049594954e+00 1.563941280934130e+01
2.514963699040318e+00 1.564218422553041e+01
2.521540990949264e+00 1.564494429756351e+01
2.528144076159815e+00 1.564769301850339e+01
2.534773106695357e+00 1.565043038150159e+01
2.541428235776316e+00 1.565315637979986e+01
2.548109617831953e+00 1.565587100673171e+01
2.554817408512315e+00 1.565857425572388e+01
2.561551764700323e+00 1.566126612029789e+01
2.568312844523997e+00 1.566394659407156e+01
2.575100807368838e+00 1.566661567076057e+01
2.581915813890353e+00 1.566927334418005e+01
2.588758026026723e+00 1.567191960824612e+01
2.595627607011640e+00 1.567455445697750e+01
2.602524721387277e+00 1.567717788449714e+01
2.609449535017435e+00 1.567978988503379e+01
2.616402215100834e+00 1.568239045292370e+01
2.623382930184568e+00 1.568497958261221e+01
2.630391850177732e+00 1.568755726865546e+01
2.637429146365200e+00 1.569012350572203e+01
2.644494991421582e+00 1.569267828859467e+01
2.651589559425348e+00 1.569522161217194e+01
2.658713025873122e+00 1.569775347147002e+01
2.665865567694151e+00 1.570027386162437e+01
2.673047363264960e+00 1.570278277789151e+01
2.680258592424175e+00 1.570528021565076e+01
2.687499436487534e+00 1.570776617040604e+01
2.694770078263087e+00 1.571024063778765e+01
2.702070702066581e+00 1.571270361355408e+01
2.709401493737031e+00 1.571515509359380e+01
2.716762640652493e+00 1.571759507392712e+01
2.724154331746028e+00 1.572002355070805e+01
2.731576757521865e+00 1.572244052022611e+01
2.739030110071767e+00 1.572484597890824e+01
2.746514583091607e+00 1.572723992332070e+01
2.754030371898142e+00 1.572962235017093e+01
2.761577673446002e+00 1.573199325630951e+01
2.769156686344905e+00 1.573435263873206e+01
2.776767610877065e+00 1.573670049458121e+01
2.784410649014846e+00 1.573903682114853e+01
2.792086004438623e+00 1.574136161587653e+01
2.799793882554873e+00 1.574367487636064e+01
2.807534490514504e+00 1.574597660035119e+01
2.815308037231410e+00 1.574826678575545e+01
2.823114733401268e+00 1.575054543063967e+01
2.830954791520568e+00 1.575281253323105e+01
2.838828425905905e+00 1.575506809191991e+01
2.846735852713496e+00 1.575731210526166e+01
2.854677289958969e+00 1.575954457197893e+01
2.862652957537395e+00 1.576176549096366e+01
2.870663077243591e+00 1.576397486127920e+01
2.878707872792672e+00 1.576617268216245e+01
2.886787569840880e+00 1.576835895302600e+01
2.894902396006689e+00 1.577053367346025e+01
2.903052580892177e+00 1.577269684323560e+01
2.911238356104673e+00 1.577484846230463e+01
2.919459955278713e+00 1.577698853080427e+01
2.927717614098253e+00 1.577911704905802e+01
2.936011570319196e+00 1.578123401757814e+01
2.944342063792216e+00 1.578333943706791e+01
2.952709336485866e+00 1.578543330842386e+01
2.961113632510019e+00 1.578751563273800e+01
2.969555198139601e+00 1.578958641130012e+01
2.978034281838649e+00 1.579164564560005e+01
2.986551134284685e+00 1.579369333732992e+01
2.995106008393426e+00 1.579572948838653e+01
3.003699159343817e+00 1.579775410087361e+01
3.012330844603403e+00 1.579976717710413e+01
3.021001323954042e+00 1.580176871960270e+01
3.029710859517973e+00 1.580375873110785e+01
3.038459715784225e+00 1.580573721457442e+01
3.047248159635391e+00 1.580770417317595e+01
3.056076460374772e+00 1.580965961030698e+01
3.064944889753878e+00 1.581160352958555e+01
3.073853722000313e+00 1.581353593485548e+01
3.082803233846048e+00 1.581545683018889e+01
3.091793704556065e+00 1.581736621988854e+01
3.100825415957412e+00 1.581926410849029e+01
3.109898652468651e+00 1.582115050076552e+01
3.119013701129711e+00 1.582302540172363e+01
3.128170851632162e+00 1.582488881661440e+01
3.137370396349901e+00 1.582674075093053e+01
3.146612630370277e+00 1.582858121041011e+01
3.155897851525630e+00 1.583041020103905e+01
3.165226360425296e+00 1.583222772905359e+01
3.174598460488045e+00 1.583403380094281e+01
3.184014457974976e+00 1.583582842345111e+01
3.193474662022878e+00 1.583761160358075e+01
3.202979384678065e+00 1.583938334859431e+01
3.212528940930681e+00 1.584114366601724e+01
3.222123648749504e+00 1.584289256364040e+01
3.231763829117231e+00 1.584463004952256e+01
3.241449806066279e+00 1.584635613199296e+01
3.251181906715083e+00 1.584807081965383e+01
3.260960461304931e+00 1.584977412138293e+01
3.270785803237315e+00 1.585146604633612e+01
3.280658269111821e+00 1.585314660394991e+01
3.290578198764568e+00 1.585481580394397e+01
3.300545935307209e+00 1.585647365632373e+01
3.310561825166481e+00 1.585812017138292e+01
3.320626218124345e+00 1.585975535970614e+01
3.330739467358704e+00 1.586137923217139e+01
3.340901929484716e+00 1.586299179995267e+01
3.351113964596705e+00 1.586459307452248e+01
3.361375936310711e+00 1.586618306765446e+01
3.371688211807628e+00 1.586776179142588e+01
3.382051161877011e+00 1.586932925822022e+01
3.392465160961514e+00 1.587088548072971e+01
3.402930587201991e+00 1.587243047195793e+01
3.413447822483261e+00 1.587396424522228e+01
3.424017252480568e+00 1.587548681415658e+01
3.434639266706719e+00 1.587699819271361e+01
3.445314258559931e+00 1.587849839516758e+01
3.456042625372409e+00 1.587998743611675e+01
3.466824768459637e+00 1.588146533048588e+01
3.477661093170418e+00 1.588293209352877e+01
3.488552008937677e+00 1.588438774083077e+01
3.499497929330023e+00 1.588583228831126e+01
3.510499272104102e+00 1.588726575222616e+01
3.521556459257746e+00 1.588868814917039e+01
3.532669917083926e+00 1.589009949608034e+01
3.543840076225549e+00 1.589149981023636e+01
3.555067371731066e+00 1.589288910926514e+01
3.566352243110969e+00 1.589426741114218e+01
3.577695134395140e+00 1.589563473419423e+01
3.589096494191085e+00 1.589699109710164e+01
3.600556775743080e+00 1.589833651890076e+01
3.612076436992237e+00 1.589967101898636e+01
3.623655940637493e+00 1.590099461711391e+01
3.635295754197568e+00 1.590230733340197e+01
3.646996350073886e+00 1.590360918833448e+01
3.658758205614475e+00 1.590490020276306e+01
3.670581803178900e+00 1.590618039790929e+01
3.682467630204190e+00 1.590744979536697e+01
3.694416179271830e+00 1.590870841710433e+01
3.706427948175807e+00 1.590995628546627e+01
3.718503439991741e+00 1.591119342317650e+01
3.730643163147121e+00 1.591241985333973e+01
3.742847631492664e+00 1.591363559944382e+01
3.755117364374814e+00 1.591484068536180e+01
3.767452886709417e+00 1.591603513535405e+01
3.779854729056570e+00 1.591721897407024e+01
3.792323427696699e+00 1.591839222655144e+01
3.804859524707856e+00 1.591955491823203e+01
3.817463568044277e+00 1.592070707494168e+01
3.830136111616221e+00 1.592184872290725e+01
3.842877715371119e+00 1.592297988875467e+01
3.855688945376044e+00 1.592410059951078e+01
3.868570373901544e+00 1.592521088260515e+01
3.881522579506856e+00 1.592631076587182e+01
3.894546147126520e+00 1.592740027755102e+01
3.907641668158448e+00 1.592847944629086e+01
3.920809740553433e+00 1.592954830114900e+01
3.934050968906169e+00 1.593060687159417e+01
3.947365964547778e+00 1.593165518750778e+01
3.960755345639898e+00 1.593269327918542e+01
3.974219737270350e+00 1.593372117733825e+01
3.987759771550411e+00 1.593473891309449e+01
4.001376087713740e+00 1.593574651800069e+01
4.015069332216977e+00 1.593674402402311e+01
4.028840158842043e+00 1.593773146354889e+01
4.042689228800206e+00 1.593870886938727e+01
4.056617210837903e+00 1.593967627477076e+01
4.070624781344386e+00 1.594063371335616e+01
4.084712624461223e+00 1.594158121922559e+01
4.098881432193672e+00 1.594251882688746e+01
4.113131904524003e+00 1.594344657127738e+01
4.127464749526765e+00 1.594436448775890e+01
4.141880683486064e+00 1.594527261212440e+01
4.156380431014896e+00 1.594617098059566e+01
4.170964725176547e+00 1.594705962982459e+01
4.185634307608148e+00 1.594793859689369e+01
4.200389928646388e+00 1.594880791931663e+01
4.215232347455440e+00 1.594966763503855e+01
4.230162332157170e+00 1.595051778243652e+01
4.245180659963646e+00 1.595135840031966e+01
4.260288117311998e+00 1.595218952792944e+01
4.275485500001711e+00 1.595301120493971e+01
4.290773613334349e+00 1.595382347145672e+01
4.306153272255804e+00 1.595462636801908e+01
4.321625301501111e+00 1.595541993559758e+01
4.337190535741871e+00 1.595620421559497e+01
4.352849819736352e+00 1.595697924984561e+01
4.368604008482315e+00 1.595774508061509e+01
4.384453967372630e+00 1.595850175059967e+01
4.400400572353740e+00 1.595924930292571e+01
4.416444710087028e+00 1.595998778114895e+01
4.432587278113156e+00 1.596071722925374e+01
4.448829185019450e+00 1.596143769165211e+01
4.465171350610349e+00 1.596214921318279e+01
4.481614706081065e+00 1.596285183911011e+01
4.498160194194458e+00 1.596354561512279e+01
4.514808769461205e+00 1.596423058733263e+01
4.531561398323370e+00 1.596490680227313e+01
4.548419059341409e+00 1.596557430689787e+01
4.565382743384720e+00 1.596623314857900e+01
4.582453453825780e+00 1.596688337510536e+01
4.599632206737989e+00 1.596752503468070e+01
4.616920031097257e+00 1.596815817592169e+01
4.634317968987475e+00 1.596878284785577e+01
4.651827075809899e+00 1.596939909991898e+01
4.669448420496570e+00 1.597000698195360e+01
4.687183085727850e+00 1.597060654420569e+01
4.705032168154169e+00 1.597119783732248e+01
4.722996778622083e+00 1.597178091234970e+01
4.741078042404725e+00 1.597235582072869e+01
4.759277099436764e+00 1.597292261429346e+01
4.777595104553983e+00 1.597348134526754e+01
4.796033227737541e+00 1.597403206626082e+01
4.814592654363097e+00 1.597457483026610e+01
4.833274585454828e+00 1.597510969065563e+01
4.852080237944517e+00 1.597563670117745e+01
4.871010844935799e+00 1.597615591595160e+01
4.890067655973689e+00 1.597666738946621e+01
4.909251937319525e+00 1.597717117657344e+01
4.928564972231441e+00 1.597766733248525e+01
4.948008061250511e+00 1.597815591276904e+01
4.967582522492680e+00 1.597863697334322e+01
4.987289691946660e+00 1.597911057047246e+01
5.007130923777876e+00 1.597957676076299e+01
5.027107590638659e+00 1.598003560115761e+01
5.047221083984789e+00 1.598048714893061e+01
5.067472814398591e+00 1.598093146168251e+01
5.087864211918693e+00 1.598136859733469e+01
5.108396726376652e+00 1.598179861412384e+01
5.129071827740569e+00 1.598222157059622e+01
5.149891006465910e+00 1.598263752560184e+01
5.170855773853662e+00 1.598304653828842e+01
5.191967662416066e+00 1.598344866809524e+01
5.213228226250036e+00 1.598384397474680e+01
5.234639041418521e+00 1.598423251824633e+01
5.256201706339975e+00 1.598461435886915e+01
5.277917842186135e+00 1.598498955715586e+01
5.299789093288340e+00 1.598535817390540e+01
5.321817127552569e+00 1.598572027016789e+01
5.344003636883446e+00 1.598607590723740e+01
5.366350337617439e+00 1.598642514664444e+01
5.388858970965441e+00 1.598676805014844e+01
5.411531303465067e+00 1.598710467972993e+01
5.434369127442790e+00 1.598743509758264e+01
5.457374261486285e+00 1.598775936610543e+01
5.480548550927159e+00 1.598807754789403e+01
5.503893868334385e+00 1.598838970573269e+01
5.527412114018703e+00 1.598869590258557e+01
5.551105216548256e+00 1.598899620158807e+01
5.574975133275797e+00 1.598929066603796e+01
5.599023850877696e+00 1.598957935938634e+01
5.623253385905174e+00 1.598986234522848e+01
5.647665785347953e+00 1.599013968729452e+01
5.672263127210753e+00 1.599041144943991e+01
5.697047521102928e+00 1.599067769563589e+01
5.722021108841608e+00 1.599093848995962e+01
5.747186065068707e+00 1.599119389658431e+01
5.772544597882169e+00 1.599144397976914e+01
5.798098949481836e+00 1.599168880384902e+01
5.823851396830340e+00 1.599192843322428e+01
5.849804252329413e+00 1.599216293235017e+01
5.875959864512073e+00 1.599239236572620e+01
5.902320618751065e+00 1.599261679788541e+01
5.928888937984067e+00 1.599283629338350e+01
5.955667283456065e+00 1.599305091678774e+01
5.982658155479426e+00 1.599326073266592e+01
6.009864094212139e+00 1.599346580557498e+01
6.037287680454713e+00 1.599366620004975e+01
6.064931536466309e+00 1.599386198059134e+01
6.092798326800573e+00 1.599405321165560e+01
6.120890759161836e+00 1.599423995764138e+01
6.149211585282134e+00 1.599442228287872e+01
6.177763601819739e+00 1.599460025161695e+01
6.206549651279785e+00 1.599477392801266e+01
6.235572622957609e+00 1.599494337611758e+01
6.264835453905495e+00 1.599510865986645e+01
6.294341129923491e+00 1.599526984306475e+01
6.324092686574970e+00 1.599542698937630e+01
6.354093210227720e+00 1.599558016231095e+01
6.384345839121246e+00 1.599572942521204e+01
6.414853764461131e+00 1.599587484124389e+01
6.445620231541183e+00 1.599601647337925e+01
6.476648540894257e+00 1.599615438438665e+01
6.507942049472572e+00 1.599628863681775e+01
6.539504171858425e+00 1.599641929299465e+01
6.571338381506225e+00 1.599654641499715e+01
6.603448212016778e+00 1.599667006465003e+01
6.635837258444819e+00 1.599679030351029e+01
6.668509178640784e+00 1.599690719285443e+01
6.701467694627943e+00 1.599702079366563e+01
6.734716594015869e+00 1.599713116662106e+01
6.768259731451475e+00 1.599723837207916e+01
6.802101030108732e+00 1.599734247006690e+01
6.836244483218286e+00 1.599744352026716e+01
6.870694155638239e+00 1.599754158200609e+01
6.905454185467381e+00 1.599763671424056e+01
6.940528785702217e+00 1.599772897554562e+01
6.975922245939194e+00 1.599781842410210e+01
7.011638934123534e+00 1.599790511768420e+01
7.047683298346263e+00 1.599798911364726e+01
7.084059868690860e+00 1.599807046891558e+01
7.120773259131239e+00 1.599814923997031e+01
7.157828169482693e+00 1.599822548283752e+01
7.195229387407525e+00 1.599829925307635e+01
7.232981790477190e+00 1.599837060576733e+01
7.271090348292796e+00 1.599843959550083e+01
7.309560124665897e+00 1.599850627636561e+01
7.348396279861604e+00 1.599857070193764e+01
7.387604072906068e+00 1.599863292526902e+01
7.427188863960575e+00 1.599869299887707e+01
7.467156116764401e+00 1.599875097473370e+01
7.507511401148845e+00 1.599880690425487e+01
7.548260395624846e+00 1.599886083829038e+01
7.589408890046689e+00 1.599891282711382e+01
7.630962788354462e+00 1.599896292041272e+01
7.672928111397956e+00 1.599901116727904e+01
7.715310999844877e+00 1.599905761619988e+01
7.758117717176257e+00 1.599910231504839e+01
7.801354652772274e+00 1.599914531107504e+01
7.845028325091485e+00 1.599918665089917e+01
7.889145384946930e+00 1.599922638050076e+01
7.933712618882533e+00 1.599926454521261e+01
7.978736952653373e+00 1.599930118971278e+01
8.024225454813601e+00 1.599933635801730e+01
8.070185340415907e+00 1.599937009347337e+01
8.116623974826570e+00 1.599940243875273e+01
8.163548877660391e+00 1.599943343584552e+01
8.210967726839819e+00 1.599946312605441e+01
8.258888362783052e+00 1.599949154998915e+01
8.307318792725683e+00 1.599951874756149e+01
8.356267195181067e+00 1.599954475798047e+01
8.405741924544573e+00 1.599956961974811e+01
8.455751515847146e+00 1.599959337065556e+01
8.506304689663876e+00 1.599961604777953e+01
8.557410357183521e+00 1.599963768747928e+01
8.609077625445153e+00 1.599965832539393e+01
8.661315802748335e+00 1.599967799644025e+01
8.714134404243778e+00 1.599969673481086e+01
8.767543157711236e+00 1.599971457397290e+01
8.821552009532262e+00 1.599973154666706e+01
8.876171130865389e+00 1.599974768490720e+01
8.931410924031846e+00 1.599976301998027e+01
8.987282029120207e+00 1.599977758244677e+01
9.043795330818778e+00 1.599979140214166e+01
9.100961965484963e+00 1.599980450817570e+01
9.158793328461233e+00 1.599981692893726e+01
9.217301081647738e+00 1.599982869209462e+01
9.276497161342320e+00 1.599983982459864e+01
9.336393786358732e+00 1.599985035268603e+01
9.397003466434862e+00 1.599986030188292e+01
9.458339010943043e+00 1.599986969700901e+01
9.520413537915177e+00 1.599987856218210e+01
9.583240483396064e+00 1.599988692082313e+01
9.646833611138913e+00 1.599989479566155e+01
9.711207022657762e+00 1.599990220874128e+01
9.776375167652139e+00 1.599990918142700e+01
9.842352854820357e+00 1.599991573441088e+01
9.909155263078180e+00 1.599992188771978e+01
9.976797953200881e+00 1.599992766072279e+01
1.004529687990741e+01 1.599993307213925e+01
1.011466840440638e+01 1.599993814004706e+01
1.018492930742458e+01 1.599994288189152e+01
1.025609680273977e+01 1.599994731449439e+01
1.032818855124088e+01 1.599995145406340e+01
1.040122267553941e+01 1.599995531620208e+01
1.047521777515763e+01 1.599995891591994e+01
1.055019294232048e+01 1.599996226764294e+01
1.062616777837882e+01 1.599996538522432e+01
1.070316241089433e+01 1.599996828195560e+01
1.078119751141679e+01 1.599997097057805e+01
1.086029431398719e+01 1.599997346329421e+01
1.094047463440101e+01 1.599997577177979e+01
1.102176089026882e+01 1.599997790719572e+01
1.110417612191257e+01 1.599997988020044e+01
1.118774401413877e+01 1.599998170096238e+01
1.127248891893151e+01 1.599998337917254e+01
1.135843587911139e+01 1.599998492405733e+01
1.144561065300812e+01 1.599998634439139e+01
1.153403974019833e+01 1.599998764851066e+01
1.162375040836232e+01 1.599998884432544e+01
1.171477072131701e+01 1.599998993933352e+01
1.180712956828575e+01 1.599999094063343e+01
1.190085669446884e+01 1.599999185493759e+01
1.199598273298304e+01 1.599999268858559e+01
1.209253923824179e+01 1.599999344755732e+01
1.219055872085295e+01 1.599999413748618e+01
1.229007468411466e+01 1.599999476367213e+01
1.239112166219578e+01 1.599999533109471e+01
1.249373526009212e+01 1.599999584442597e+01
1.259795219545558e+01 1.599999630804321e+01
1.270381034239957e+01 1.599999672604163e+01
1.281134877739029e+01 1.599999710224684e+01
1.292060782734086e+01 1.599999744022709e+01
1.303162912003259e+01 1.599999774330544e+01
1.314445563699571e+01 1.599999801457160e+01
1.325913176899101e+01 1.599999825689359e+01
1.337570337424244e+01 1.599999847292916e+01
1.349421783958138e+01 1.599999866513691e+01
1.361472414467393e+01 1.599999883578718e+01
1.373727292951380e+01 1.599999898697263e+01
1.386191656537658e+01 1.599999912061853e+01
1.398870922944388e+01 1.599999923849271e+01
1.411770698332109e+01 1.599999934221524e+01
1.424896785568733e+01 1.599999943326774e+01
1.438255192933440e+01 1.599999951300240e+01
1.451852143286802e+01 1.599999958265060e+01
1.465694083736621e+01 1.599999964333123e+01
1.479787695830982e+01 1.599999969605869e+01
1.494139906312396e+01 1.599999974175043e+01
1.508757898469391e+01 1.599999978123427e+01
1.523649124124649e+01 1.599999981525527e+01
1.538821316301703e+01 1.599999984448231e+01
1.554282502615466e+01 1.599999986951431e+01
1.570041019435260e+01 1.599999989088604e+01
1.586105526872914e+01 1.599999990907375e+01
1.602485024652483e+01 1.599999992450025e+01
1.619188868922737e+01 1.599999993753987e+01
1.636226790078395e+01 1.599999994852298e+01
1.653608911661440e+01 1.599999995774023e+01
1.671345770419650e+01 1.599999996544649e+01
1.689448337605864e+01 1.599999997186451e+01
1.707928041608461e+01 1.599999997718830e+01
1.726796792011109e+01 1.599999998158622e+01
1.746067005188282e+01 1.599999998520384e+01
1.765751631552060e+01 1.599999998816652e+01
1.785864184575921e+01 1.599999999058183e+01
1.806418771732174e+01 1.599999999254167e+01
1.827430127491899e+01 1.599999999412423e+01
1.848913648549596e+01 1.599999999539574e+01
1.870885431449513e+01 1.599999999641203e+01
1.893362312806899e+01 1.599999999721998e+01
1.916361912335393e+01 1.599999999785874e+01
1.939902678911610e+01 1.599999999836083e+01
1.964003939930118e+01 1.599999999875315e+01
1.988685954226181e+01 1.599999999905780e+01
2.013969968870929e+01 1.599999999929286e+01
2.039878280173571e+01 1.599999999947303e+01
2.066434299258779e+01 1.599999999961017e+01
2.093662622624626e+01 1.599999999971381e+01
2.121589108128058e+01 1.599999999979156e+01
2.150240956891320e+01 1.599999999984943e+01
2.179646801674674e+01 1.599999999989216e+01
2.209836802318911e+01 1.599999999992345e+01
2.240842748926505e+01 1.599999999994616e+01
2.272698173523349e+01 1.599999999996250e+01
2.305438471025661e+01 1.599999999997414e+01
2.339101030429446e+01 1.599999999998235e+01
2.373725377244768e+01 1.599999999998809e+01
2.409353328315607e+01 1.599999999999205e+01
2.446029160300294e+01 1.599999999999476e+01
2.483799793239755e+01 1.599999999999658e+01
2.522714990813738e+01 1.599999999999780e+01
2.562827579082304e+01 1.599999999999861e+01
2.604193685734264e+01 1.599999999999913e+01
2.646873002121206e+01 1.599999999999946e+01
2.690929070649662e+01 1.599999999999967e+01
2.736429600441346e+01 1.599999999999981e+01
2.783446814559420e+01 1.599999999999989e+01
2.832057832545904e+01 1.599999999999993e+01
2.882345092531920e+01 1.599999999999996e+01
2.934396817780616e+01 1.599999999999998e+01
2.988307533216754e+01 1.599999999999999e+01
3.044178638305114e+01 1.599999999999999e+01
3.102119043581933e+01 1.600000000000000e+01
3.162245879246555e+01 1.600000000000000e+01
3.224685285513664e+01 1.600000000000000e+01
3.289573295948109e+01 1.600000000000000e+01
3.357056826799933e+01 1.600000000000000e+01
3.427294787482444e+01 1.600000000000000e+01
3.500459329860075e+01 1.600000000000000e+01
3.576737257019716e+01 1.600000000000000e+01
3.656331615794994e+01 1.600000000000000e+01
3.739463501626951e+01 1.600000000000000e+01
3.826374109542179e+01 1.600000000000000e+01
3.917327071313929e+01 1.600000000000000e+01
4.012611126503381e+01 1.600000000000000e+01
4.112543184385001e+01 1.600000000000000e+01
4.217471845160703e+01 1.600000000000000e+01
4.327781462899259e+01 1.600000000000000e+01
4.443896849992505e+01 1.600000000000000e+01
4.566288744496169e+01 1.600000000000000e+01
4.695480188694481e+01 1.600000000000000e+01
4.832054001132695e+01 1.600000000000000e+01
