0.000000000000000e+00 0.000000000000000e+00
1.286288637662302e-04 3.423273701704233e-02
2.573858439306339e-04 6.846043714894989e-02
3.862711319975433e-04 1.026831012356624e-01
5.152849198531535e-04 1.369007301166221e-01
6.444273997664750e-04 1.711133246302978e-01
7.736987643902889e-04 2.053208856145972e-01
9.030992067621046e-04 2.395234139067171e-01
1.032628920305121e-03 2.737209103430658e-01
1.162288098829189e-03 3.079133757594050e-01
1.292076936531782e-03 3.421008109908072e-01
1.421995627998960e-03 3.762832168714922e-01
1.552044368206345e-03 4.104605942351043e-01
1.682223352520097e-03 4.446329439145273e-01
1.812532776697891e-03 4.788002667419349e-01
1.942972836889898e-03 5.129625635487045e-01
2.073543729639771e-03 5.471198351656241e-01
2.204245651885630e-03 5.812720824227000e-01
2.335078800961052e-03 6.154193061491355e-01
2.466043374596069e-03 6.495615071735230e-01
2.597139570918155e-03 6.836986863237797e-01
2.728367588453236e-03 7.178308444268637e-01
2.859727626126682e-03 7.519579823092570e-01
2.991219883264317e-03 7.860801007965676e-01
3.122844559593432e-03 8.201972007137996e-01
3.254601855243784e-03 8.543092828850547e-01
3.386491970748623e-03 8.884163481338518e-01
3.518515107045701e-03 9.225183972829143e-01
3.650671465478296e-03 9.566154311543187e-01
3.782961247796233e-03 9.907074505692677e-01
3.915384656156917e-03 1.024794456348268e+00
4.047941893126352e-03 1.058876449311242e+00
4.180633161680186e-03 1.092953430277191e+00
4.313458665204737e-03 1.127025400064433e+00
4.446418607498037e-03 1.161092359490652e+00
4.579513192770874e-03 1.195154309372619e+00
4.712742625647838e-03 1.229211250526475e+00
4.846107111168368e-03 1.263263183767648e+00
4.979606854787803e-03 1.297310109910747e+00
5.113242062378439e-03 1.331352029769683e+00
5.247012940230588e-03 1.365388944157537e+00
5.380919695053639e-03 1.399420853886816e+00
5.514962533977120e-03 1.433447759769145e+00
5.649141664551769e-03 1.467469662615400e+00
5.783457294750603e-03 1.501486563235837e+00
5.917909632969996e-03 1.535498462439826e+00
6.052498888030753e-03 1.569505361036015e+00
6.187225269179192e-03 1.603507259832327e+00
6.322088986088232e-03 1.637504159635967e+00
6.457090248858474e-03 1.671496061253379e+00
6.592229268019298e-03 1.705482965490134e+00
6.727506254529954e-03 1.739464873151192e+00
6.862921419780662e-03 1.773441785040724e+00
6.998474975593711e-03 1.807413701962098e+00
7.134167134224565e-03 1.841380624717914e+00
7.269998108362971e-03 1.875342554110091e+00
7.405968111134066e-03 1.909299490939716e+00
7.542077356099497e-03 1.943251436007166e+00
7.678326057258543e-03 1.977198390112022e+00
7.814714429049222e-03 2.011140354053111e+00
7.951242686349431e-03 2.045077328628494e+00
8.087911044478063e-03 2.079009314635528e+00
8.224719719196151e-03 2.112936312870623e+00
8.361668926707991e-03 2.146858324129667e+00
8.498758883662290e-03 2.180775349207551e+00
8.635989807153303e-03 2.214687388898518e+00
8.773361914721979e-03 2.248594443996083e+00
8.910875424357121e-03 2.282496515292856e+00
9.048530554496521e-03 2.316393603580778e+00
9.186327524028129e-03 2.350285709650954e+00
9.324266552291212e-03 2.384172834293764e+00
9.462347859077519e-03 2.418054978298748e+00
9.600571664632440e-03 2.451932142454758e+00
9.738938189656182e-03 2.485804327549729e+00
9.877447655304948e-03 2.519671534371007e+00
1.001610028319211e-02 2.553533763705012e+00
1.015489629538940e-02 2.587391016337399e+00
1.029383591442807e-02 2.621243293053013e+00
1.043291936330011e-02 2.655090594636064e+00
1.057214686545943e-02 2.688932921869771e+00
1.071151864482307e-02 2.722770275536782e+00
1.085103492577236e-02 2.756602656418750e+00
1.099069593315417e-02 2.790430065296626e+00
1.113050189228209e-02 2.824252502950579e+00
1.127045302893767e-02 2.858069970160010e+00
1.141054956937159e-02 2.891882467703525e+00
1.155079174030492e-02 2.925689996358820e+00
1.169117976893032e-02 2.959492556902944e+00
1.183171388291331e-02 2.993290150112038e+00
1.197239431039340e-02 3.027082776761532e+00
1.211322127998546e-02 3.060870437625987e+00
1.225419502078084e-02 3.094653133479277e+00
1.239531576234869e-02 3.128430865094273e+00
1.253658373473717e-02 3.162203633243237e+00
1.267799916847469e-02 3.195971438697505e+00
1.281956229457121e-02 3.229734282227703e+00
1.296127334451945e-02 3.263492164603598e+00
1.310313255029617e-02 3.297245086594060e+00
1.324514014436346e-02 3.330993048967393e+00
1.338729635966996e-02 3.364736052490819e+00
1.352960142965217e-02 3.398474097930880e+00
1.367205558823573e-02 3.432207186053311e+00
1.381465906983667e-02 3.465935317623064e+00
1.395741210936272e-02 3.499658493404162e+00
1.410031494221462e-02 3.533376714159864e+00
1.424336780428737e-02 3.567089980652689e+00
1.438657093197153e-02 3.600798293644203e+00
1.452992456215457e-02 3.634501653895285e+00
1.467342893222214e-02 3.668200062165866e+00
1.481708428005937e-02 3.701893519215169e+00
1.496089084405222e-02 3.735582025801421e+00
1.510484886308877e-02 3.769265582682266e+00
1.524895857656055e-02 3.802944190614333e+00
1.539322022436388e-02 3.836617850353541e+00
1.553763404690118e-02 3.870286562654826e+00
1.568220028508232e-02 3.903950328272423e+00
1.582691918032595e-02 3.937609147959705e+00
1.597179097456086e-02 3.971263022469223e+00
1.611681591022731e-02 4.004911952552654e+00
1.626199423027838e-02 4.038555938960869e+00
1.640732617818137e-02 4.072194982443882e+00
1.655281199791908e-02 4.105829083750912e+00
1.669845193399126e-02 4.139458243630237e+00
1.684424623141592e-02 4.173082462829420e+00
1.699019513573076e-02 4.206701742095120e+00
1.713629889299446e-02 4.240316082173074e+00
1.728255774978817e-02 4.273925483808341e+00
1.742897195321682e-02 4.307529947744975e+00
1.757554175091054e-02 4.341129474726301e+00
1.772226739102604e-02 4.374724065494689e+00
1.786914912224806e-02 4.408313720791725e+00
1.801618719379069e-02 4.441898441358191e+00
1.816338185539886e-02 4.475478227933849e+00
1.831073335734971e-02 4.509053081257782e+00
1.845824195045404e-02 4.542623002068112e+00
1.860590788605767e-02 4.576187991102103e+00
1.875373141604295e-02 4.609748049096240e+00
1.890171279283014e-02 4.643303176786048e+00
1.904985226937884e-02 4.676853374906251e+00
1.919815009918950e-02 4.710398644190690e+00
1.934660653630476e-02 4.743938985372374e+00
1.949522183531100e-02 4.777474399183404e+00
1.964399625133973e-02 4.811004886354972e+00
1.979293004006908e-02 4.844530447617444e+00
1.994202345772526e-02 4.878051083700427e+00
2.009127676108401e-02 4.911566795332469e+00
2.024069020747213e-02 4.945077583241279e+00
2.039026405476887e-02 4.978583448153849e+00
2.053999856140750e-02 5.012084390796090e+00
2.068989398637674e-02 5.045580411893148e+00
2.083995058922230e-02 5.079071512169243e+00
2.099016863004832e-02 5.112557692347799e+00
2.114054836951894e-02 5.146038953151248e+00
2.129109006885974e-02 5.179515295301144e+00
2.144179398985932e-02 5.212986719518241e+00
2.159266039487076e-02 5.246453226522370e+00
2.174368954681317e-02 5.279914817032385e+00
2.189488170917322e-02 5.313371491766354e+00
2.204623714600665e-02 5.346823251441492e+00
2.219775612193986e-02 5.380270096773899e+00
2.234943890217137e-02 5.413712028479097e+00
2.250128575247344e-02 5.447149047271409e+00
2.265329693919359e-02 5.480581153864492e+00
2.280547272925615e-02 5.514008348970890e+00
2.295781339016385e-02 5.547430633302497e+00
2.311031918999936e-02 5.580848007570061e+00
2.326299039742688e-02 5.614260472483537e+00
2.341582728169372e-02 5.647668028752008e+00
2.356883011263186e-02 5.681070677083589e+00
2.372199916065956e-02 5.714468418185533e+00
2.387533469678293e-02 5.747861252764082e+00
2.402883699259759e-02 5.781249181524679e+00
2.418250632029016e-02 5.814632205171847e+00
2.433634295264000e-02 5.848010324409067e+00
2.449034716302071e-02 5.881383539939065e+00
2.464451922540185e-02 5.914751852463525e+00
2.479885941435046e-02 5.948115262683267e+00
2.495336800503279e-02 5.981473771298212e+00
2.510804527321586e-02 6.014827379007293e+00
2.526289149526915e-02 6.048176086508555e+00
2.541790694816621e-02 6.081519894499095e+00
2.557309190948635e-02 6.114858803675098e+00
2.572844665741623e-02 6.148192814731878e+00
2.588397147075163e-02 6.181521928363615e+00
2.603966662889901e-02 6.214846145263863e+00
2.619553241187723e-02 6.248165466124917e+00
2.635156910031924e-02 6.281479891638391e+00
2.650777697547376e-02 6.314789422494776e+00
2.666415631920693e-02 6.348094059383811e+00
2.682070741400405e-02 6.381393802994054e+00
2.697743054297128e-02 6.414688654013318e+00
2.713432598983732e-02 6.447978613128399e+00
2.729139403895514e-02 6.481263681025162e+00
2.744863497530369e-02 6.514543858388443e+00
2.760604908448962e-02 6.547819145902245e+00
2.776363665274904e-02 6.581089544249551e+00
2.792139796694922e-02 6.614355054112416e+00
2.807933331459031e-02 6.647615676171860e+00
2.823744298380717e-02 6.680871411108079e+00
2.839572726337104e-02 6.714122259600217e+00
2.855418644269133e-02 6.747368222326479e+00
2.871282081181739e-02 6.780609299964105e+00
2.887163066144027e-02 6.813845493189334e+00
2.903061628289450e-02 6.847076802677563e+00
2.918977796815986e-02 6.880303229103028e+00
2.934911600986320e-02 6.913524773139123e+00
2.950863070128017e-02 6.946741435458335e+00
2.966832233633710e-02 6.979953216731936e+00
2.982819120961273e-02 7.013160117630470e+00
2.998823761634009e-02 7.046362138823419e+00
3.014846185240826e-02 7.079559280979197e+00
3.030886421436421e-02 7.112751544765324e+00
3.046944499941467e-02 7.145938930848409e+00
3.063020450542790e-02 7.179121439893848e+00
3.079114303093557e-02 7.212299072566282e+00
3.095226087513462e-02 7.245471829529272e+00
3.111355833788907e-02 7.278639711445351e+00
3.127503571973193e-02 7.311802718976132e+00
3.143669332186703e-02 7.344960852782165e+00
3.159853144617089e-02 7.378114113523011e+00
3.176055039519465e-02 7.411262501857315e+00
3.192275047216590e-02 7.444406018442663e+00
3.208513198099058e-02 7.477544663935596e+00
3.224769522625490e-02 7.510678438991668e+00
3.241044051322724e-02 7.543807344265538e+00
3.257336814786006e-02 7.576931380410663e+00
3.273647843679180e-02 7.610050548079741e+00
3.289977168734880e-02 7.643164847924155e+00
3.306324820754729e-02 7.676274280594555e+00
3.322690830609525e-02 7.709378846740385e+00
3.339075229239438e-02 7.742478547010180e+00
3.355478047654208e-02 7.775573382051391e+00
3.371899316933336e-02 7.808663352510486e+00
3.388339068226284e-02 7.841748459032871e+00
3.404797332752670e-02 7.874828702262988e+00
3.421274141802466e-02 7.907904082844162e+00
3.437769526736197e-02 7.940974601418738e+00
3.454283518985138e-02 7.974040258628079e+00
3.470816150051515e-02 8.007101055112471e+00
3.487367451508707e-02 8.040156991511068e+00
3.503937455001444e-02 8.073208068462165e+00
3.520526192246010e-02 8.106254286602891e+00
3.537133695030445e-02 8.139295646569380e+00
3.553759995214750e-02 8.172332148996674e+00
3.570405124731086e-02 8.205363794518867e+00
3.587069115583984e-02 8.238390583768904e+00
3.603751999850550e-02 8.271412517378685e+00
3.620453809680661e-02 8.304429595979194e+00
3.637174577297186e-02 8.337441820200155e+00
3.653914334996182e-02 8.370449190670392e+00
3.670673115147109e-02 8.403451708017641e+00
3.687450950193034e-02 8.436449372868481e+00
3.704247872650843e-02 8.469442185848550e+00
3.721063915111451e-02 8.502430147582352e+00
3.737899110240008e-02 8.535413258693353e+00
3.754753490776120e-02 8.568391519803946e+00
3.771627089534051e-02 8.601364931535436e+00
3.788519939402944e-02 8.634333494508027e+00
3.805432073347030e-02 8.667297209340951e+00
3.822363524405844e-02 8.700256076652266e+00
3.839314325694439e-02 8.733210097058979e+00
3.856284510403604e-02 8.766159271176967e+00
3.873274111800080e-02 8.799103599621155e+00
3.890283163226774e-02 8.832043083005217e+00
3.907311698102985e-02 8.864977721941870e+00
3.924359749924611e-02 8.897907517042668e+00
3.941427352264382e-02 8.930832468918069e+00
3.958514538772070e-02 8.963752578177498e+00
3.975621343174715e-02 8.996667845429180e+00
3.992747799276846e-02 9.029578271280371e+00
4.009893940960704e-02 9.062483856337096e+00
4.027059802186465e-02 9.095384601204344e+00
4.044245416992461e-02 9.128280506486028e+00
4.061450819495413e-02 9.161171572784824e+00
4.078676043890650e-02 9.194057800702446e+00
4.095921124452336e-02 9.226939190839431e+00
4.113186095533702e-02 9.259815743795123e+00
4.130470991567268e-02 9.292687460167912e+00
4.147775847065075e-02 9.325554340554916e+00
4.165100696618917e-02 9.358416385552211e+00
4.182445574900567e-02 9.391273595754726e+00
4.199810516662011e-02 9.424125971756261e+00
4.217195556735678e-02 9.456973514149496e+00
4.234600730034677e-02 9.489816223525978e+00
4.252026071553026e-02 9.522654100476032e+00
4.269471616365889e-02 9.555487145588998e+00
4.286937399629812e-02 9.588315359452999e+00
4.304423456582955e-02 9.621138742655013e+00
4.321929822545335e-02 9.653957295780806e+00
4.339456532919060e-02 9.686771019415154e+00
4.357003623188568e-02 9.719579914141597e+00
4.374571128920868e-02 9.752383980542461e+00
4.392159085765780e-02 9.785183219199034e+00
4.409767529456170e-02 9.817977630691331e+00
4.427396495808205e-02 9.850767215598360e+00
4.445046020721583e-02 9.883551974497799e+00
4.462716140179786e-02 9.916331907966288e+00
4.480406890250314e-02 9.949107016579191e+00
4.498118307084944e-02 9.981877300910824e+00
4.515850426919964e-02 1.001464276153423e+01
4.533603286076430e-02 1.004740339902133e+01
4.551376920960404e-02 1.008015921394286e+01
4.569171368063212e-02 1.011291020686834e+01
4.586986663961688e-02 1.014565637836623e+01
4.604822845318427e-02 1.017839772900358e+01
4.622679948882037e-02 1.021113425934648e+01
4.640558011487388e-02 1.024386596995971e+01
4.658457070055869e-02 1.027659286140690e+01
4.676377161595641e-02 1.030931493425044e+01
4.694318323201890e-02 1.034203218905154e+01
4.712280592057089e-02 1.037474462637028e+01
4.730264005431246e-02 1.040745224676542e+01
4.748268600682169e-02 1.044015505079460e+01
4.766294415255720e-02 1.047285303901423e+01
4.784341486686081e-02 1.050554621197952e+01
4.802409852596006e-02 1.053823457024437e+01
4.820499550697087e-02 1.057091811436165e+01
4.838610618790018e-02 1.060359684488284e+01
4.856743094764856e-02 1.063627076235826e+01
4.874897016601284e-02 1.066893986733702e+01
4.893072422368879e-02 1.070160416036703e+01
4.911269350227379e-02 1.073426364199486e+01
4.929487838426942e-02 1.076691831276599e+01
4.947727925308425e-02 1.079956817322454e+01
4.965989649303647e-02 1.083221322391346e+01
4.984273048935658e-02 1.086485346537451e+01
5.002578162819014e-02 1.089748889814804e+01
5.020905029660045e-02 1.093011952277331e+01
5.039253688257130e-02 1.096274533978831e+01
5.057624177500968e-02 1.099536634972967e+01
5.076016536374860e-02 1.102798255313289e+01
5.094430803954973e-02 1.106059395053214e+01
5.112867019410629e-02 1.109320054246037e+01
5.131325222004574e-02 1.112580232944924e+01
5.149805451093262e-02 1.115839931202918e+01
5.168307746127129e-02 1.119099149072927e+01
5.186832146650883e-02 1.122357886607738e+01
5.205378692303774e-02 1.125616143860016e+01
5.223947422819886e-02 1.128873920882284e+01
5.242538378028417e-02 1.132131217726951e+01
5.261151597853964e-02 1.135388034446291e+01
5.279787122316810e-02 1.138644371092447e+01
5.298444991533208e-02 1.141900227717436e+01
5.317125245715673e-02 1.145155604373149e+01
5.335827925173267e-02 1.148410501111340e+01
5.354553070311891e-02 1.151664917983644e+01
5.373300721634576e-02 1.154918855041553e+01
5.392070919741774e-02 1.158172312336438e+01
5.410863705331652e-02 1.161425289919534e+01
5.429679119200386e-02 1.164677787841949e+01
5.448517202242456e-02 1.167929806154658e+01
5.467377995450942e-02 1.171181344908504e+01
5.486261539917821e-02 1.174432404154197e+01
5.505167876834269e-02 1.177682983942315e+01
5.524097047490954e-02 1.180933084323310e+01
5.543049093278342e-02 1.184182705347489e+01
5.562024055686996e-02 1.187431847065037e+01
5.581021976307881e-02 1.190680509526000e+01
5.600042896832665e-02 1.193928692780291e+01
5.619086859054027e-02 1.197176396877688e+01
5.638153904865960e-02 1.200423621867836e+01
5.657244076264081e-02 1.203670367800245e+01
5.676357415345938e-02 1.206916634724291e+01
5.695493964311317e-02 1.210162422689216e+01
5.714653765462561e-02 1.213407731744117e+01
5.733836861204870e-02 1.216652561937964e+01
5.753043294046622e-02 1.219896913319592e+01
5.772273106599685e-02 1.223140785937694e+01
5.791526341579731e-02 1.226384179840829e+01
5.810803041806553e-02 1.229627095077413e+01
5.830103250204383e-02 1.232869531695732e+01
5.849427009802212e-02 1.236111489743934e+01
5.868774363734103e-02 1.239352969270021e+01
5.888145355239521e-02 1.242593970321863e+01
5.907540027663651e-02 1.245834492947191e+01
5.926958424457717e-02 1.249074537193587e+01
5.946400589179317e-02 1.252314103108511e+01
5.965866565492736e-02 1.255553190739269e+01
5.985356397169286e-02 1.258791800133030e+01
6.004870128087621e-02 1.262029931336825e+01
6.024407802234077e-02 1.265267584397542e+01
6.043969463702997e-02 1.268504759361927e+01
6.063555156697063e-02 1.271741456276590e+01
6.083164925527629e-02 1.274977675187989e+01
6.102798814615060e-02 1.278213416142444e+01
6.122456868489061e-02 1.281448679186143e+01
6.142139131789014e-02 1.284683464365111e+01
6.161845649264323e-02 1.287917771725244e+01
6.181576465774741e-02 1.291151601312291e+01
6.201331626290726e-02 1.294384953171852e+01
6.221111175893768e-02 1.297617827349394e+01
6.240915159776738e-02 1.300850223890231e+01
6.260743623244236e-02 1.304082142839529e+01
6.280596611712931e-02 1.307313584242312e+01
6.300474170711909e-02 1.310544548143460e+01
6.320376345883022e-02 1.313775034587709e+01
6.340303182981237e-02 1.317005043619643e+01
6.360254727874987e-02 1.320234575283697e+01
6.380231026546519e-02 1.323463629624169e+01
6.400232125092256e-02 1.326692206685198e+01
6.420258069723142e-02 1.329920306510783e+01
6.440308906765006e-02 1.333147929144767e+01
6.460384682658912e-02 1.336375074630856e+01
6.480485443961523e-02 1.339601743012594e+01
6.500611237345455e-02 1.342827934333383e+01
6.520762109599650e-02 1.346053648636475e+01
6.540938107629721e-02 1.349278885964966e+01
6.561139278458333e-02 1.352503646361811e+01
6.581365669225558e-02 1.355727929869808e+01
6.601617327189244e-02 1.358951736531598e+01
6.621894299725384e-02 1.362175066389683e+01
6.642196634328487e-02 1.365397919486407e+01
6.662524378611945e-02 1.368620295863957e+01
6.682877580308404e-02 1.371842195564368e+01
6.703256287270150e-02 1.375063618629533e+01
6.723660547469464e-02 1.378284565101175e+01
6.744090408999015e-02 1.381505035020879e+01
6.764545920072232e-02 1.384725028430058e+01
6.785027129023681e-02 1.387944545369988e+01
6.805534084309450e-02 1.391163585881780e+01
6.826066834507528e-02 1.394382150006388e+01
6.846625428318193e-02 1.397600237784614e+01
6.867209914564386e-02 1.400817849257102e+01
6.887820342192111e-02 1.404034984464340e+01
6.908456760270816e-02 1.407251643446661e+01
6.929119217993786e-02 1.410467826244234e+01
6.949807764678527e-02 1.413683532897075e+01
6.970522449767165e-02 1.416898763445042e+01
6.991263322826838e-02 1.420113517927832e+01
7.012030433550090e-02 1.423327796384981e+01
7.032823831755272e-02 1.426541598855870e+01
7.053643567386932e-02 1.429754925379716e+01
7.074489690516224e-02 1.432967775995577e+01
7.095362251341304e-02 1.436180150742352e+01
7.116261300187736e-02 1.439392049658780e+01
7.137186887508894e-02 1.442603472783428e+01
7.158139063886368e-02 1.445814420154711e+01
7.179117880030375e-02 1.449024891810880e+01
7.200123386780161e-02 1.452234887790023e+01
7.221155635104425e-02 1.455444408130061e+01
7.242214676101710e-02 1.458653452868752e+01
7.263300561000842e-02 1.461862022043690e+01
7.284413341161325e-02 1.465070115692312e+01
7.305553068073767e-02 1.468277733851878e+01
7.326719793360299e-02 1.471484876559489e+01
7.347913568774993e-02 1.474691543852079e+01
7.369134446204284e-02 1.477897735766416e+01
7.390382477667394e-02 1.481103452339099e+01
7.411657715316755e-02 1.484308693606563e+01
7.432960211438440e-02 1.487513459605070e+01
7.454290018452590e-02 1.490717750370722e+01
7.475647188913839e-02 1.493921565939446e+01
7.497031775511753e-02 1.497124906346999e+01
7.518443831071259e-02 1.500327771628977e+01
7.539883408553073e-02 1.503530161820792e+01
7.561350561054160e-02 1.506732076957704e+01
7.582845341808143e-02 1.509933517074784e+01
7.604367804185763e-02 1.513134482206939e+01
7.625918001695313e-02 1.516334972388910e+01
7.647495987983083e-02 1.519534987655259e+01
7.669101816833805e-02 1.522734528040373e+01
7.690735542171100e-02 1.525933593578476e+01
7.712397218057926e-02 1.529132184303607e+01
7.734086898697029e-02 1.532330300249639e+01
7.755804638431398e-02 1.535527941450265e+01
7.777550491744710e-02 1.538725107939008e+01
7.799324513261795e-02 1.541921799749211e+01
7.821126757749090e-02 1.545118016914046e+01
7.842957280115100e-02 1.548313759466502e+01
7.864816135410849e-02 1.551509027439396e+01
7.886703378830359e-02 1.554703820865365e+01
7.908619065711105e-02 1.557898139776873e+01
7.930563251534478e-02 1.561091984206198e+01
7.952535991926260e-02 1.564285354185444e+01
7.974537342657094e-02 1.567478249746539e+01
7.996567359642953e-02 1.570670670921219e+01
8.018626098945612e-02 1.573862617741057e+01
8.040713616773128e-02 1.577054090237431e+01
8.062829969480315e-02 1.580245088441539e+01
8.084975213569219e-02 1.583435612384406e+01
8.107149405689616e-02 1.586625662096871e+01
8.129352602639468e-02 1.589815237609586e+01
8.151584861365434e-02 1.593004338953020e+01
8.173846238963339e-02 1.596192966157464e+01
8.196136792678672e-02 1.599381119253023e+01
8.218456579907076e-02 1.602568798269614e+01
8.240805658194833e-02 1.605756003236969e+01
8.263184085239371e-02 1.608942734184637e+01
8.285591918889747e-02 1.612128991141977e+01
8.308029217147161e-02 1.615314774138166e+01
8.330496038165439e-02 1.618500083202188e+01
8.352992440251550e-02 1.621684918362847e+01
8.375518481866098e-02 1.624869279648750e+01
8.398074221623847e-02 1.628053167088322e+01
8.420659718294202e-02 1.631236580709788e+01
8.443275030801746e-02 1.634419520541200e+01
8.465920218226738e-02 1.637601986610402e+01
8.488595339805630e-02 1.640783978945060e+01
8.511300454931582e-02 1.643965497572638e+01
8.534035623154990e-02 1.647146542520418e+01
8.556800904183989e-02 1.650327113815484e+01
8.579596357884997e-02 1.653507211484723e+01
8.602422044283219e-02 1.656686835554835e+01
8.625278023563193e-02 1.659865986052328e+01
8.648164356069300e-02 1.663044663003502e+01
8.671081102306315e-02 1.666222866434473e+01
8.694028322939919e-02 1.669400596371162e+01
8.717006078797256e-02 1.672577852839282e+01
8.740014430867449e-02 1.675754635864365e+01
8.763053440302163e-02 1.678930945471733e+01
8.786123168416121e-02 1.682106781686512e+01
8.809223676687669e-02 1.685282144533631e+01
8.832355026759314e-02 1.688457034037827e+01
8.855517280438266e-02 1.691631450223618e+01
8.878710499697008e-02 1.694805393115345e+01
8.901934746673817e-02 1.697978862737128e+01
8.925190083673357e-02 1.701151859112901e+01
8.948476573167199e-02 1.704324382266382e+01
8.971794277794413e-02 1.707496432221097e+01
8.995143260362107e-02 1.710668009000364e+01
9.018523583845997e-02 1.713839112627300e+01
9.041935311390982e-02 1.717009743124809e+01
9.065378506311698e-02 1.720179900515605e+01
9.088853232093103e-02 1.723349584822180e+01
9.112359552391036e-02 1.726518796066833e+01
9.135897531032804e-02 1.729687534271648e+01
9.159467232017757e-02 1.732855799458505e+01
9.183068719517859e-02 1.736023591649072e+01
9.206702057878288e-02 1.739190910864815e+01
9.230367311617999e-02 1.742357757126988e+01
9.254064545430334e-02 1.745524130456631e+01
9.277793824183589e-02 1.748690030874580e+01
9.301555212921628e-02 1.751855458401455e+01
9.325348776864455e-02 1.755020413057665e+01
9.349174581408833e-02 1.758184894863410e+01
9.373032692128863e-02 1.761348903838675e+01
9.396923174776599e-02 1.764512440003229e+01
9.420846095282651e-02 1.767675503376632e+01
9.444801519756779e-02 1.770838093978225e+01
9.468789514488521e-02 1.774000211827136e+01
9.492810145947790e-02 1.777161856942272e+01
9.516863480785490e-02 1.780323029342331e+01
9.540949585834144e-02 1.783483729045791e+01
9.565068528108490e-02 1.786643956070908e+01
9.589220374806136e-02 1.789803710435721e+01
9.613405193308142e-02 1.792962992158055e+01
9.637623051179690e-02 1.796121801255509e+01
9.661874016170675e-02 1.799280137745463e+01
9.686158156216372e-02 1.802438001645076e+01
9.710475539438036e-02 1.805595392971285e+01
9.734826234143566e-02 1.808752311740807e+01
9.759210308828130e-02 1.811908757970133e+01
9.783627832174814e-02 1.815064731675528e+01
9.808078873055261e-02 1.818220232873041e+01
9.832563500530322e-02 1.821375261578484e+01
9.857081783850712e-02 1.824529817807452e+01
9.881633792457648e-02 1.827683901575308e+01
9.906219595983522e-02 1.830837512897196e+01
9.930839264252542e-02 1.833990651788020e+01
9.955492867281411e-02 1.837143318262464e+01
9.980180475279975e-02 1.840295512334985e+01
1.000490215865190e-01 1.843447234019799e+01
1.002965798799533e-01 1.846598483330903e+01
1.005444803410357e-01 1.849749260282055e+01
1.007927236796577e-01 1.852899564886782e+01
1.010413106076757e-01 1.856049397158385e+01
1.012902418389181e-01 1.859198757109922e+01
1.015395180891921e-01 1.862347644754220e+01
1.017891400762902e-01 1.865496060103874e+01
1.020391085199978e-01 1.868644003171247e+01
1.022894241420994e-01 1.871791473968451e+01
1.025400876663861e-01 1.874938472507377e+01
1.027910998186620e-01 1.878084998799667e+01
1.030424613267518e-01 1.881231052856735e+01
1.032941729205074e-01 1.884376634689743e+01
1.035462353318153e-01 1.887521744309626e+01
1.037986492946034e-01 1.890666381727067e+01
1.040514155448484e-01 1.893810546952518e+01
1.043045348205824e-01 1.896954239996180e+01
1.045580078619010e-01 1.900097460868017e+01
1.048118354109698e-01 1.903240209577746e+01
1.050660182120316e-01 1.906382486134839e+01
1.053205570114142e-01 1.909524290548531e+01
1.055754525575374e-01 1.912665622827798e+01
1.058307056009202e-01 1.915806482981377e+01
1.060863168941885e-01 1.918946871017763e+01
1.063422871920821e-01 1.922086786945190e+01
1.065986172514626e-01 1.925226230771653e+01
1.068553078313204e-01 1.928365202504892e+01
1.071123596927825e-01 1.931503702152399e+01
1.073697735991199e-01 1.934641729721415e+01
1.076275503157552e-01 1.937779285218929e+01
1.078856906102701e-01 1.940916368651672e+01
1.081441952524131e-01 1.944052980026131e+01
1.084030650141072e-01 1.947189119348530e+01
1.086623006694573e-01 1.950324786624839e+01
1.089219029947585e-01 1.953459981860779e+01
1.091818727685031e-01 1.956594705061809e+01
1.094422107713889e-01 1.959728956233126e+01
1.097029177863271e-01 1.962862735379676e+01
1.099639945984496e-01 1.965996042506142e+01
1.102254419951173e-01 1.969128877616949e+01
1.104872607659280e-01 1.972261240716258e+01
1.107494517027242e-01 1.975393131807972e+01
1.110120155996012e-01 1.978524550895732e+01
1.112749532529151e-01 1.981655497982909e+01
1.115382654612906e-01 1.984785973072615e+01
1.118019530256296e-01 1.987915976167699e+01
1.120660167491189e-01 1.991045507270737e+01
1.123304574372385e-01 1.994174566384048e+01
1.125952758977696e-01 1.997303153509674e+01
1.128604729408033e-01 2.000431268649397e+01
1.131260493787483e-01 2.003558911804721e+01
1.133920060263397e-01 2.006686082976884e+01
1.136583437006468e-01 2.009812782166858e+01
1.139250632210819e-01 2.012939009375334e+01
1.141921654094086e-01 2.016064764602739e+01
1.144596510897501e-01 2.019190047849218e+01
1.147275210885979e-01 2.022314859114650e+01
1.149957762348200e-01 2.025439198398629e+01
1.152644173596698e-01 2.028563065700484e+01
1.155334452967944e-01 2.031686461019258e+01
1.158028608822433e-01 2.034809384353721e+01
1.160726649544774e-01 2.037931835702361e+01
1.163428583543770e-01 2.041053815063385e+01
1.166134419252511e-01 2.044175322434727e+01
1.168844165128462e-01 2.047296357814029e+01
1.171557829653547e-01 2.050416921198662e+01
1.174275421334239e-01 2.053537012585700e+01
1.176996948701653e-01 2.056656631971946e+01
1.179722420311628e-01 2.059775779353905e+01
1.182451844744822e-01 2.062894454727809e+01
1.185185230606802e-01 2.066012658089593e+01
1.187922586528131e-01 2.069130389434906e+01
1.190663921164462e-01 2.072247648759114e+01
1.193409243196628e-01 2.075364436057281e+01
1.196158561330733e-01 2.078480751324194e+01
1.198911884298245e-01 2.081596594554339e+01
1.201669220856089e-01 2.084711965741911e+01
1.204430579786738e-01 2.087826864880810e+01
1.207195969898308e-01 2.090941291964650e+01
1.209965400024649e-01 2.094055246986736e+01
1.212738879025445e-01 2.097168729940083e+01
1.215516415786300e-01 2.100281740817412e+01
1.218298019218840e-01 2.103394279611143e+01
1.221083698260805e-01 2.106506346313390e+01
1.223873461876146e-01 2.109617940915970e+01
1.226667319055118e-01 2.112729063410407e+01
1.229465278814383e-01 2.115839713787911e+01
1.232267350197100e-01 2.118949892039390e+01
1.235073542273027e-01 2.122059598155457e+01
1.237883864138617e-01 2.125168832126405e+01
1.240698324917116e-01 2.128277593942232e+01
1.243516933758665e-01 2.131385883592625e+01
1.246339699840392e-01 2.134493701066960e+01
1.249166632366520e-01 2.137601046354303e+01
1.251997740568463e-01 2.140707919443413e+01
1.254833033704924e-01 2.143814320322735e+01
1.257672521062001e-01 2.146920248980404e+01
1.260516211953286e-01 2.150025705404233e+01
1.263364115719965e-01 2.153130689581730e+01
1.266216241730924e-01 2.156235201500082e+01
1.269072599382849e-01 2.159339241146161e+01
1.271933198100329e-01 2.162442808506515e+01
1.274798047335964e-01 2.165545903567384e+01
1.277667156570461e-01 2.168648526314677e+01
1.280540535312749e-01 2.171750676733986e+01
1.283418193100073e-01 2.174852354810580e+01
1.286300139498108e-01 2.177953560529409e+01
1.289186384101063e-01 2.181054293875091e+01
1.292076936531782e-01 2.184154554831922e+01
1.294971806441861e-01 2.187254343383874e+01
1.297871003511745e-01 2.190353659514583e+01
1.300774537450844e-01 2.193452503207367e+01
1.303682417997637e-01 2.196550874445202e+01
1.306594654919780e-01 2.199648773210742e+01
1.309511258014220e-01 2.202746199486304e+01
1.312432237107302e-01 2.205843153253875e+01
1.315357602054878e-01 2.208939634495105e+01
1.318287362742420e-01 2.212035643191305e+01
1.321221529085131e-01 2.215131179323453e+01
1.324160111028057e-01 2.218226242872193e+01
1.327103118546198e-01 2.221320833817821e+01
1.330050561644623e-01 2.224414952140296e+01
1.333002450358581e-01 2.227508597819238e+01
1.335958794753617e-01 2.230601770833921e+01
1.338919604925684e-01 2.233694471163277e+01
1.341884891001262e-01 2.236786698785893e+01
1.344854663137468e-01 2.239878453680006e+01
1.347828931522177e-01 2.242969735823512e+01
1.350807706374136e-01 2.246060545193950e+01
1.353790997943080e-01 2.249150881768516e+01
1.356778816509853e-01 2.252240745524055e+01
1.359771172386522e-01 2.255330136437053e+01
1.362768075916500e-01 2.258419054483649e+01
1.365769537474660e-01 2.261507499639622e+01
1.368775567467459e-01 2.264595471880399e+01
1.371786176333057e-01 2.267682971181050e+01
1.374801374541439e-01 2.270769997516284e+01
1.377821172594532e-01 2.273856550860449e+01
1.380845581026332e-01 2.276942631187536e+01
1.383874610403024e-01 2.280028238471171e+01
1.386908271323106e-01 2.283113372684616e+01
1.389946574417510e-01 2.286198033800770e+01
1.392989530349732e-01 2.289282221792165e+01
1.396037149815949e-01 2.292365936630966e+01
1.399089443545151e-01 2.295449178288970e+01
1.402146422299264e-01 2.298531946737599e+01
1.405208096873275e-01 2.301614241947911e+01
1.408274478095363e-01 2.304696063890586e+01
1.411345576827024e-01 2.307777412535935e+01
1.414421403963198e-01 2.310858287853888e+01
1.417501970432402e-01 2.313938689814000e+01
1.420587287196855e-01 2.317018618385451e+01
1.423677365252612e-01 2.320098073537040e+01
1.426772215629690e-01 2.323177055237186e+01
1.429871849392204e-01 2.326255563453924e+01
1.432976277638496e-01 2.329333598154907e+01
1.436085511501269e-01 2.332411159307406e+01
1.439199562147717e-01 2.335488246878300e+01
1.442318440779664e-01 2.338564860834084e+01
1.445442158633693e-01 2.341641001140865e+01
1.448570726981284e-01 2.344716667764361e+01
1.451704157128949e-01 2.347791860669893e+01
1.454842460418368e-01 2.350866579822393e+01
1.457985648226525e-01 2.353940825186397e+01
1.461133731965847e-01 2.357014596726048e+01
1.464286723084343e-01 2.360087894405090e+01
1.467444633065737e-01 2.363160718186866e+01
1.470607473429616e-01 2.366233068034320e+01
1.473775255731564e-01 2.369304943909998e+01
1.476947991563304e-01 2.372376345776039e+01
1.480125692552840e-01 2.375447273594179e+01
1.483308370364599e-01 2.378517727325748e+01
1.486496036699574e-01 2.381587706931670e+01
1.489688703295467e-01 2.384657212372455e+01
1.492886381926831e-01 2.387726243608209e+01
1.496089084405222e-01 2.390794800598625e+01
1.499296822579332e-01 2.393862883302977e+01
1.502509608335149e-01 2.396930491680130e+01
1.505727453596093e-01 2.399997625688531e+01
1.508950370323169e-01 2.403064285286210e+01
1.512178370515114e-01 2.406130470430777e+01
1.515411466208547e-01 2.409196181079418e+01
1.518649669478114e-01 2.412261417188900e+01
1.521892992436645e-01 2.415326178715567e+01
1.525141447235300e-01 2.418390465615334e+01
1.528395046063724e-01 2.421454277843691e+01
1.531653801150195e-01 2.424517615355699e+01
1.534917724761784e-01 2.427580478105988e+01
1.538186829204503e-01 2.430642866048756e+01
1.541461126823461e-01 2.433704779137770e+01
1.544740630003021e-01 2.436766217326359e+01
1.548025351166957e-01 2.439827180567418e+01
1.551315302778605e-01 2.442887668813399e+01
1.554610497341029e-01 2.445947682016321e+01
1.557910947397173e-01 2.449007220127755e+01
1.561216665530023e-01 2.452066283098833e+01
1.564527664362765e-01 2.455124870880240e+01
1.567843956558949e-01 2.458182983422217e+01
1.571165554822647e-01 2.461240620674555e+01
1.574492471898617e-01 2.464297782586594e+01
1.577824720572465e-01 2.467354469107226e+01
1.581162313670810e-01 2.470410680184888e+01
1.584505264061447e-01 2.473466415767559e+01
1.587853584653516e-01 2.476521675802770e+01
1.591207288397661e-01 2.479576460237584e+01
1.594566388286206e-01 2.482630769018609e+01
1.597930897353315e-01 2.485684602091993e+01
1.601300828675166e-01 2.488737959403418e+01
1.604676195370117e-01 2.491790840898099e+01
1.608057010598877e-01 2.494843246520787e+01
1.611443287564678e-01 2.497895176215767e+01
1.614835039513448e-01 2.500946629926846e+01
1.618232279733980e-01 2.503997607597366e+01
1.621635021558107e-01 2.507048109170192e+01
1.625043278360880e-01 2.510098134587712e+01
1.628457063560738e-01 2.513147683791840e+01
1.631876390619686e-01 2.516196756724007e+01
1.635301273043474e-01 2.519245353325165e+01
1.638731724381773e-01 2.522293473535781e+01
1.642167758228351e-01 2.525341117295840e+01
1.645609388221260e-01 2.528388284544841e+01
1.649056628043008e-01 2.531434975221786e+01
1.652509491420746e-01 2.534481189265200e+01
1.655967992126448e-01 2.537526926613105e+01
1.659432143977093e-01 2.540572187203034e+01
1.662901960834853e-01 2.543616970972020e+01
1.666377456607274e-01 2.546661277856603e+01
1.669858645247463e-01 2.549705107792821e+01
1.673345540754275e-01 2.552748460716210e+01
1.676838157172502e-01 2.555791336561800e+01
1.680336508593057e-01 2.558833735264122e+01
1.683840609153169e-01 2.561875656757191e+01
1.687350473036571e-01 2.564917100974519e+01
1.690866114473690e-01 2.567958067849105e+01
1.694387547741843e-01 2.570998557313433e+01
1.697914787165425e-01 2.574038569299471e+01
1.701447847116110e-01 2.577078103738675e+01
1.704986742013037e-01 2.580117160561974e+01
1.708531486323018e-01 2.583155739699782e+01
1.712082094560724e-01 2.586193841081985e+01
1.715638581288890e-01 2.589231464637946e+01
1.719200961118511e-01 2.592268610296500e+01
1.722769248709043e-01 2.595305277985953e+01
1.726343458768606e-01 2.598341467634077e+01
1.729923606054181e-01 2.601377179168114e+01
1.733509705371818e-01 2.604412412514768e+01
1.737101771576839e-01 2.607447167600206e+01
1.740699819574041e-01 2.610481444350052e+01
1.744303864317907e-01 2.613515242689394e+01
1.747913920812803e-01 2.616548562542769e+01
1.751530004113201e-01 2.619581403834174e+01
1.755152129323874e-01 2.622613766487052e+01
1.758780311600119e-01 2.625645650424301e+01
1.762414566147954e-01 2.628677055568262e+01
1.766054908224346e-01 2.631707981840719e+01
1.769701353137412e-01 2.634738429162907e+01
1.773353916246641e-01 2.637768397455495e+01
1.777012612963106e-01 2.640797886638592e+01
1.780677458749683e-01 2.643826896631743e+01
1.784348469121267e-01 2.646855427353928e+01
1.788025659644991e-01 2.649883478723559e+01
1.791709045940450e-01 2.652911050658476e+01
1.795398643679913e-01 2.655938143075948e+01
1.799094468588558e-01 2.658964755892669e+01
1.802796536444683e-01 2.661990889024752e+01
1.806504863079939e-01 2.665016542387736e+01
1.810219464379553e-01 2.668041715896574e+01
1.813940356282553e-01 2.671066409465638e+01
1.817667554781999e-01 2.674090623008710e+01
1.821401075925210e-01 2.677114356438985e+01
1.825140935813995e-01 2.680137609669067e+01
1.828887150604885e-01 2.683160382610966e+01
1.832639736509365e-01 2.686182675176096e+01
1.836398709794108e-01 2.689204487275272e+01
1.840164086781209e-01 2.692225818818710e+01
1.843935883848426e-01 2.695246669716022e+01
1.847714117429409e-01 2.698267039876213e+01
1.851498804013946e-01 2.701286929207681e+01
1.855289960148200e-01 2.704306337618214e+01
1.859087602434951e-01 2.707325265014987e+01
1.862891747533837e-01 2.710343711304560e+01
1.866702412161598e-01 2.713361676392872e+01
1.870519613092323e-01 2.716379160185247e+01
1.874343367157693e-01 2.719396162586380e+01
1.878173691247230e-01 2.722412683500346e+01
1.882010602308546e-01 2.725428722830587e+01
1.885854117347593e-01 2.728444280479919e+01
1.889704253428912e-01 2.731459356350522e+01
1.893561027675888e-01 2.734473950343942e+01
1.897424457271004e-01 2.737488062361086e+01
1.901294559456094e-01 2.740501692302218e+01
1.905171351532602e-01 2.743514840066964e+01
1.909054850861837e-01 2.746527505554299e+01
1.912945074865236e-01 2.749539688662549e+01
1.916842041024620e-01 2.752551389289394e+01
1.920745766882459e-01 2.755562607331853e+01
1.924656270042134e-01 2.758573342686292e+01
1.928573568168203e-01 2.761583595248420e+01
1.932497678986666e-01 2.764593364913277e+01
1.936428620285230e-01 2.767602651575244e+01
1.940366409913583e-01 2.770611455128032e+01
1.944311065783658e-01 2.773619775464681e+01
1.948262605869913e-01 2.776627612477560e+01
1.952221048209593e-01 2.779634966058360e+01
1.956186410903013e-01 2.782641836098097e+01
1.960158712113833e-01 2.785648222487098e+01
1.964137970069329e-01 2.788654125115013e+01
1.968124203060682e-01 2.791659543870801e+01
1.972117429443247e-01 2.794664478642733e+01
1.976117667636844e-01 2.797668929318385e+01
1.980124936126035e-01 2.800672895784638e+01
1.984139253460415e-01 2.803676377927676e+01
1.988160638254891e-01 2.806679375632978e+01
1.992189109189973e-01 2.809681888785321e+01
1.996224685012066e-01 2.812683917268775e+01
2.000267384533757e-01 2.815685460966697e+01
2.004317226634108e-01 2.818686519761732e+01
2.008374230258951e-01 2.821687093535808e+01
2.012438414421183e-01 2.824687182170137e+01
2.016509798201063e-01 2.827686785545201e+01
2.020588400746511e-01 2.830685903540766e+01
2.024674241273405e-01 2.833684536035862e+01
2.028767339065889e-01 2.836682682908789e+01
2.032867713476671e-01 2.839680344037117e+01
2.036975383927329e-01 2.842677519297671e+01
2.041090369908622e-01 2.845674208566541e+01
2.045212690980789e-01 2.848670411719069e+01
2.049342366773871e-01 2.851666128629854e+01
2.053479416988011e-01 2.854661359172739e+01
2.057623861393777e-01 2.857656103220818e+01
2.061775719832468e-01 2.860650360646428e+01
2.065935012216440e-01 2.863644131321145e+01
2.070101758529415e-01 2.866637415115779e+01
2.074275978826807e-01 2.869630211900379e+01
2.078457693236045e-01 2.872622521544221e+01
2.082646921956889e-01 2.875614343915808e+01
2.086843685261764e-01 2.878605678882870e+01
2.091048003496080e-01 2.881596526312351e+01
2.095259897078566e-01 2.884586886070417e+01
2.099479386501598e-01 2.887576758022450e+01
2.103706492331530e-01 2.890566142033035e+01
2.107941235209033e-01 2.893555037965970e+01
2.112183635849423e-01 2.896543445684252e+01
2.116433715043010e-01 2.899531365050084e+01
2.120691493655425e-01 2.902518795924860e+01
2.124956992627972e-01 2.905505738169171e+01
2.129230232977964e-01 2.908492191642796e+01
2.133511235799074e-01 2.911478156204698e+01
2.137800022261676e-01 2.914463631713029e+01
2.142096613613201e-01 2.917448618025113e+01
2.146401031178480e-01 2.920433114997454e+01
2.150713296360104e-01 2.923417122485727e+01
2.155033430638776e-01 2.926400640344778e+01
2.159361455573664e-01 2.929383668428612e+01
2.163697392802765e-01 2.932366206590399e+01
2.168041264043265e-01 2.935348254682469e+01
2.172393091091898e-01 2.938329812556298e+01
2.176752895825313e-01 2.941310880062522e+01
2.181120700200440e-01 2.944291457050916e+01
2.185496526254861e-01 2.947271543370400e+01
2.189880396107175e-01 2.950251138869037e+01
2.194272331957378e-01 2.953230243394017e+01
2.198672356087232e-01 2.956208856791670e+01
2.203080490860643e-01 2.959186978907447e+01
2.207496758724041e-01 2.962164609585926e+01
2.211921182206763e-01 2.965141748670808e+01
2.216353783921431e-01 2.968118396004902e+01
2.220794586564340e-01 2.971094551430133e+01
2.225243612915848e-01 2.974070214787541e+01
2.229700885840759e-01 2.977045385917258e+01
2.234166428288722e-01 2.980020064658526e+01
2.238640263294620e-01 2.982994250849679e+01
2.243122413978968e-01 2.985967944328145e+01
2.247612903548310e-01 2.988941144930441e+01
2.252111755295620e-01 2.991913852492164e+01
2.256618992600709e-01 2.994886066847997e+01
2.261134638930619e-01 2.997857787831694e+01
2.265658717840044e-01 3.000829015276085e+01
2.270191252971730e-01 3.003799749013067e+01
2.274732268056889e-01 3.006769988873598e+01
2.279281786915616e-01 3.009739734687700e+01
2.283839833457302e-01 3.012708986284448e+01
2.288406431681056e-01 3.015677743491966e+01
2.292981605676120e-01 3.018646006137428e+01
2.297565379622305e-01 3.021613774047051e+01
2.302157777790401e-01 3.024581047046088e+01
2.306758824542617e-01 3.027547824958828e+01
2.311368544333009e-01 3.030514107608586e+01
2.315986961707912e-01 3.033479894817706e+01
2.320614101306374e-01 3.036445186407553e+01
2.325249987860599e-01 3.039409982198508e+01
2.329894646196383e-01 3.042374282009960e+01
2.334548101233561e-01 3.045338085660311e+01
2.339210377986450e-01 3.048301392966964e+01
2.343881501564296e-01 3.051264203746320e+01
2.348561497171730e-01 3.054226517813774e+01
2.353250390109216e-01 3.057188334983712e+01
2.357948205773509e-01 3.060149655069503e+01
2.362654969658117e-01 3.063110477883497e+01
2.367370707353751e-01 3.066070803237020e+01
2.372095444548807e-01 3.069030630940368e+01
2.376829207029811e-01 3.071989960802805e+01
2.381572020681909e-01 3.074948792632555e+01
2.386323911489321e-01 3.077907126236798e+01
2.391084905535827e-01 3.080864961421666e+01
2.395855029005242e-01 3.083822297992242e+01
2.400634308181891e-01 3.086779135752549e+01
2.405422769451099e-01 3.089735474505544e+01
2.410220439299671e-01 3.092691314053121e+01
2.415027344316382e-01 3.095646654196101e+01
2.419843511192471e-01 3.098601494734228e+01
2.424668966722130e-01 3.101555835466162e+01
2.429503737803004e-01 3.104509676189476e+01
2.434347851436691e-01 3.107463016700653e+01
2.439201334729245e-01 3.110415856795077e+01
2.444064214891677e-01 3.113368196267031e+01
2.448936519240472e-01 3.116320034909689e+01
2.453818275198089e-01 3.119271372515112e+01
2.458709510293489e-01 3.122222208874246e+01
2.463610252162640e-01 3.125172543776911e+01
2.468520528549047e-01 3.128122377011802e+01
2.473440367304268e-01 3.131071708366477e+01
2.478369796388448e-01 3.134020537627360e+01
2.483308843870841e-01 3.136968864579725e+01
2.488257537930346e-01 3.139916689007703e+01
2.493215906856049e-01 3.142864010694264e+01
2.498183979047751e-01 3.145810829421223e+01
2.503161783016519e-01 3.148757144969229e+01
2.508149347385225e-01 3.151702957117754e+01
2.513146700889100e-01 3.154648265645101e+01
2.518153872376283e-01 3.157593070328389e+01
2.523170890808377e-01 3.160537370943545e+01
2.528197785261008e-01 3.163481167265308e+01
2.533234584924380e-01 3.166424459067217e+01
2.538281319103857e-01 3.169367246121605e+01
2.543338017220508e-01 3.172309528199593e+01
2.548404708811697e-01 3.175251305071093e+01
2.553481423531653e-01 3.178192576504788e+01
2.558568191152044e-01 3.181133342268139e+01
2.563665041562565e-01 3.184073602127370e+01
2.568772004771520e-01 3.187013355847465e+01
2.573889110906410e-01 3.189952603192168e+01
2.579016390214531e-01 3.192891343923969e+01
2.584153873063565e-01 3.195829577804101e+01
2.589301589942178e-01 3.198767304592533e+01
2.594459571460628e-01 3.201704524047969e+01
2.599627848351370e-01 3.204641235927834e+01
2.604806451469667e-01 3.207577439988272e+01
2.609995411794200e-01 3.210513135984144e+01
2.615194760427691e-01 3.213448323669014e+01
2.620404528597522e-01 3.216383002795146e+01
2.625624747656360e-01 3.219317173113501e+01
2.630855449082786e-01 3.222250834373726e+01
2.636096664481928e-01 3.225183986324146e+01
2.641348425586098e-01 3.228116628711771e+01
2.646610764255433e-01 3.231048761282271e+01
2.651883712478537e-01 3.233980383779981e+01
2.657167302373130e-01 3.236911495947894e+01
2.662461566186703e-01 3.239842097527649e+01
2.667766536297169e-01 3.242772188259529e+01
2.673082245213526e-01 3.245701767882454e+01
2.678408725576522e-01 3.248630836133975e+01
2.683746010159321e-01 3.251559392750264e+01
2.689094131868177e-01 3.254487437466109e+01
2.694453123743107e-01 3.257414970014909e+01
2.699823018958576e-01 3.260341990128666e+01
2.705203850824179e-01 3.263268497537976e+01
2.710595652785330e-01 3.266194491972027e+01
2.715998458423950e-01 3.269119973158585e+01
2.721412301459178e-01 3.272044940823998e+01
2.726837215748056e-01 3.274969394693173e+01
2.732273235286246e-01 3.277893334489589e+01
2.737720394208735e-01 3.280816759935271e+01
2.743178726790553e-01 3.283739670750794e+01
2.748648267447488e-01 3.286662066655275e+01
2.754129050736811e-01 3.289583947366359e+01
2.759621111358004e-01 3.292505312600219e+01
2.765124484153495e-01 3.295426162071550e+01
2.770639204109389e-01 3.298346495493553e+01
2.776165306356214e-01 3.301266312577933e+01
2.781702826169663e-01 3.304185613034892e+01
2.787251798971352e-01 3.307104396573123e+01
2.792812260329567e-01 3.310022662899799e+01
2.798384245960027e-01 3.312940411720564e+01
2.803967791726648e-01 3.315857642739529e+01
2.809562933642318e-01 3.318774355659268e+01
2.815169707869663e-01 3.321690550180799e+01
2.820788150721831e-01 3.324606226003588e+01
2.826418298663274e-01 3.327521382825535e+01
2.832060188310538e-01 3.330436020342967e+01
2.837713856433058e-01 3.333350138250630e+01
2.843379339953954e-01 3.336263736241682e+01
2.849056675950834e-01 3.339176814007686e+01
2.854745901656608e-01 3.342089371238600e+01
2.860447054460298e-01 3.345001407622769e+01
2.866160171907857e-01 3.347912922846918e+01
2.871885291702995e-01 3.350823916596141e+01
2.877622451708007e-01 3.353734388553902e+01
2.883371689944609e-01 3.356644338402012e+01
2.889133044594775e-01 3.359553765820633e+01
2.894906554001588e-01 3.362462670488262e+01
2.900692256670084e-01 3.365371052081731e+01
2.906490191268111e-01 3.368278910276189e+01
2.912300396627192e-01 3.371186244745098e+01
2.918122911743389e-01 3.374093055160226e+01
2.923957775778180e-01 3.376999341191636e+01
2.929805028059328e-01 3.379905102507677e+01
2.935664708081775e-01 3.382810338774978e+01
2.941536855508526e-01 3.385715049658437e+01
2.947421510171542e-01 3.388619234821211e+01
2.953318712072646e-01 3.391522893924710e+01
2.959228501384423e-01 3.394426026628585e+01
2.965150918451142e-01 3.397328632590725e+01
2.971086003789660e-01 3.400230711467240e+01
2.977033798090359e-01 3.403132262912456e+01
2.982994342218069e-01 3.406033286578906e+01
2.988967677213007e-01 3.408933782117320e+01
2.994953844291715e-01 3.411833749176616e+01
3.000952884848011e-01 3.414733187403892e+01
3.006964840453943e-01 3.417632096444412e+01
3.012989752860751e-01 3.420530475941602e+01
3.019027663999828e-01 3.423428325537037e+01
3.025078615983698e-01 3.426325644870434e+01
3.031142651106992e-01 3.429222433579639e+01
3.037219811847436e-01 3.432118691300623e+01
3.043310140866842e-01 3.435014417667463e+01
3.049413681012103e-01 3.437909612312342e+01
3.055530475316202e-01 3.440804274865533e+01
3.061660566999223e-01 3.443698404955390e+01
3.067803999469368e-01 3.446592002208342e+01
3.073960816323979e-01 3.449485066248877e+01
3.080131061350573e-01 3.452377596699533e+01
3.086314778527882e-01 3.455269593180896e+01
3.092512012026890e-01 3.458161055311576e+01
3.098722806211890e-01 3.461051982708207e+01
3.104947205641545e-01 3.463942374985434e+01
3.111185255069950e-01 3.466832231755902e+01
3.117436999447703e-01 3.469721552630241e+01
3.123702483922990e-01 3.472610337217067e+01
3.129981753842667e-01 3.475498585122961e+01
3.136274854753357e-01 3.478386295952458e+01
3.142581832402548e-01 3.481273469308046e+01
3.148902732739708e-01 3.484160104790143e+01
3.155237601917391e-01 3.487046201997096e+01
3.161586486292370e-01 3.489931760525163e+01
3.167949432426762e-01 3.492816779968508e+01
3.174326487089169e-01 3.495701259919183e+01
3.180717697255819e-01 3.498585199967123e+01
3.187123110111729e-01 3.501468599700131e+01
3.193542773051858e-01 3.504351458703867e+01
3.199976733682276e-01 3.507233776561840e+01
3.206425039821346e-01 3.510115552855392e+01
3.212887739500905e-01 3.512996787163688e+01
3.219364880967458e-01 3.515877479063704e+01
3.225856512683375e-01 3.518757628130217e+01
3.232362683328109e-01 3.521637233935793e+01
3.238883441799401e-01 3.524516296050771e+01
3.245418837214510e-01 3.527394814043259e+01
3.251968918911452e-01 3.530272787479111e+01
3.258533736450232e-01 3.533150215921926e+01
3.265113339614099e-01 3.536027098933027e+01
3.271707778410804e-01 3.538903436071459e+01
3.278317103073867e-01 3.541779226893961e+01
3.284941364063853e-01 3.544654470954969e+01
3.291580612069653e-01 3.547529167806597e+01
3.298234898009782e-01 3.550403316998622e+01
3.304904273033674e-01 3.553276918078474e+01
3.311588788523002e-01 3.556149970591227e+01
3.318288496092986e-01 3.559022474079578e+01
3.325003447593733e-01 3.561894428083839e+01
3.331733695111566e-01 3.564765832141926e+01
3.338479290970375e-01 3.567636685789341e+01
3.345240287732971e-01 3.570506988559161e+01
3.352016738202452e-01 3.573376739982027e+01
3.358808695423580e-01 3.576245939586124e+01
3.365616212684162e-01 3.579114586897178e+01
3.372439343516441e-01 3.581982681438431e+01
3.379278141698508e-01 3.584850222730635e+01
3.386132661255705e-01 3.587717210292037e+01
3.393002956462057e-01 3.590583643638361e+01
3.399889081841694e-01 3.593449522282802e+01
3.406791092170305e-01 3.596314845736003e+01
3.413709042476579e-01 3.599179613506047e+01
3.420642988043678e-01 3.602043825098442e+01
3.427592984410701e-01 3.604907480016104e+01
3.434559087374170e-01 3.607770577759344e+01
3.441541352989527e-01 3.610633117825856e+01
3.448539837572632e-01 3.613495099710700e+01
3.455554597701278e-01 3.616356522906287e+01
3.462585690216721e-01 3.619217386902364e+01
3.469633172225205e-01 3.622077691186001e+01
3.476697101099521e-01 3.624937435241575e+01
3.483777534480554e-01 3.627796618550756e+01
3.490874530278850e-01 3.630655240592488e+01
3.497988146676207e-01 3.633513300842979e+01
3.505118442127250e-01 3.636370798775683e+01
3.512265475361042e-01 3.639227733861284e+01
3.519429305382692e-01 3.642084105567682e+01
3.526609991474982e-01 3.644939913359975e+01
3.533807593199998e-01 3.647795156700446e+01
3.541022170400782e-01 3.650649835048545e+01
3.548253783202982e-01 3.653503947860874e+01
3.555502492016536e-01 3.656357494591170e+01
3.562768357537341e-01 3.659210474690292e+01
3.570051440748953e-01 3.662062887606199e+01
3.577351802924293e-01 3.664914732783936e+01
3.584669505627367e-01 3.667766009665623e+01
3.592004610714990e-01 3.670616717690427e+01
3.599357180338537e-01 3.673466856294559e+01
3.606727276945690e-01 3.676316424911241e+01
3.614114963282217e-01 3.679165422970704e+01
3.621520302393741e-01 3.682013849900164e+01
3.628943357627542e-01 3.684861705123802e+01
3.636384192634357e-01 3.687708988062752e+01
3.643842871370206e-01 3.690555698135083e+01
3.651319458098218e-01 3.693401834755778e+01
3.658814017390479e-01 3.696247397336717e+01
3.666326614129895e-01 3.699092385286663e+01
3.673857313512056e-01 3.701936798011238e+01
3.681406181047129e-01 3.704780634912911e+01
3.688973282561755e-01 3.707623895390975e+01
3.696558684200963e-01 3.710466578841533e+01
3.704162452430097e-01 3.713308684657474e+01
3.711784654036756e-01 3.716150212228460e+01
3.719425356132752e-01 3.718991160940902e+01
3.727084626156077e-01 3.721831530177948e+01
3.734762531872889e-01 3.724671319319457e+01
3.742459141379511e-01 3.727510527741980e+01
3.750174523104441e-01 3.730349154818751e+01
3.757908745810385e-01 3.733187199919652e+01
3.765661878596294e-01 3.736024662411207e+01
3.773433990899428e-01 3.738861541656554e+01
3.781225152497422e-01 3.741697837015431e+01
3.789035433510380e-01 3.744533547844149e+01
3.796864904402977e-01 3.747368673495578e+01
3.804713635986577e-01 3.750203213319125e+01
3.812581699421367e-01 3.753037166660713e+01
3.820469166218513e-01 3.755870532862762e+01
3.828376108242318e-01 3.758703311264165e+01
3.836302597712412e-01 3.761535501200269e+01
3.844248707205946e-01 3.764367102002859e+01
3.852214509659812e-01 3.767198113000127e+01
3.860200078372868e-01 3.770028533516658e+01
3.868205487008193e-01 3.772858362873407e+01
3.876230809595347e-01 3.775687600387676e+01
3.884276120532655e-01 3.778516245373094e+01
3.892341494589509e-01 3.781344297139595e+01
3.900427006908676e-01 3.784171754993395e+01
3.908532733008641e-01 3.786998618236969e+01
3.916658748785953e-01 3.789824886169031e+01
3.924805130517595e-01 3.792650558084510e+01
3.932971954863368e-01 3.795475633274529e+01
3.941159298868301e-01 3.798300111026379e+01
3.949367239965070e-01 3.801123990623499e+01
3.957595855976441e-01 3.803947271345451e+01
3.965845225117728e-01 3.806769952467898e+01
3.974115425999269e-01 3.809592033262579e+01
3.982406537628931e-01 3.812413512997288e+01
3.990718639414619e-01 3.815234390935848e+01
3.999051811166810e-01 3.818054666338084e+01
4.007406133101112e-01 3.820874338459806e+01
4.015781685840838e-01 3.823693406552781e+01
4.024178550419597e-01 3.826511869864706e+01
4.032596808283906e-01 3.829329727639185e+01
4.041036541295829e-01 3.832146979115710e+01
4.049497831735624e-01 3.834963623529625e+01
4.057980762304422e-01 3.837779660112109e+01
4.066485416126916e-01 3.840595088090146e+01
4.075011876754083e-01 3.843409906686503e+01
4.083560228165916e-01 3.846224115119703e+01
4.092130554774179e-01 3.849037712603997e+01
4.100722941425193e-01 3.851850698349341e+01
4.109337473402627e-01 3.854663071561366e+01
4.117974236430325e-01 3.857474831441354e+01
4.126633316675150e-01 3.860285977186211e+01
4.135314800749845e-01 3.863096507988439e+01
4.144018775715924e-01 3.865906423036110e+01
4.152745329086585e-01 3.868715721512838e+01
4.161494548829637e-01 3.871524402597751e+01
4.170266523370459e-01 3.874332465465464e+01
4.179061341594983e-01 3.877139909286051e+01
4.187879092852687e-01 3.879946733225015e+01
4.196719866959627e-01 3.882752936443264e+01
4.205583754201488e-01 3.885558518097076e+01
4.214470845336651e-01 3.888363477338075e+01
4.223381231599299e-01 3.891167813313203e+01
4.232315004702532e-01 3.893971525164685e+01
4.241272256841513e-01 3.896774612030004e+01
4.250253080696652e-01 3.899577073041873e+01
4.259257569436784e-01 3.902378907328195e+01
4.268285816722405e-01 3.905180114012048e+01
4.277337916708913e-01 3.907980692211643e+01
4.286413964049881e-01 3.910780641040297e+01
4.295514053900363e-01 3.913579959606403e+01
4.304638281920209e-01 3.916378647013399e+01
4.313786744277424e-01 3.919176702359734e+01
4.322959537651548e-01 3.921974124738840e+01
4.332156759237054e-01 3.924770913239098e+01
4.341378506746788e-01 3.927567066943808e+01
4.350624878415426e-01 3.930362584931152e+01
4.359895973002966e-01 3.933157466274169e+01
4.369191889798236e-01 3.935951710040716e+01
4.378512728622448e-01 3.938745315293436e+01
4.387858589832764e-01 3.941538281089728e+01
4.397229574325904e-01 3.944330606481711e+01
4.406625783541772e-01 3.947122290516189e+01
4.416047319467116e-01 3.949913332234622e+01
4.425494284639221e-01 3.952703730673084e+01
4.434966782149632e-01 3.955493484862237e+01
4.444464915647890e-01 3.958282593827288e+01
4.453988789345331e-01 3.961071056587961e+01
4.463538508018884e-01 3.963858872158458e+01
4.473114177014920e-01 3.966646039547423e+01
4.482715902253122e-01 3.969432557757907e+01
4.492343790230393e-01 3.972218425787334e+01
4.501997948024791e-01 3.975003642627460e+01
4.511678483299503e-01 3.977788207264341e+01
4.521385504306840e-01 3.980572118678292e+01
4.531119119892277e-01 3.983355375843851e+01
4.540879439498527e-01 3.986137977729744e+01
4.550666573169629e-01 3.988919923298845e+01
4.560480631555094e-01 3.991701211508136e+01
4.570321725914072e-01 3.994481841308672e+01
4.580189968119558e-01 3.997261811645539e+01
4.590085470662629e-01 4.000041121457818e+01
4.600008346656719e-01 4.002819769678544e+01
4.609958709841927e-01 4.005597755234665e+01
4.619936674589369e-01 4.008375077047006e+01
4.629942355905553e-01 4.011151734030224e+01
4.639975869436804e-01 4.013927725092771e+01
4.650037331473711e-01 4.016703049136851e+01
4.660126858955633e-01 4.019477705058379e+01
4.670244569475213e-01 4.022251691746941e+01
4.680390581282960e-01 4.025025008085748e+01
4.690565013291849e-01 4.027797652951601e+01
4.700767985081968e-01 4.030569625214842e+01
4.710999616905207e-01 4.033340923739310e+01
4.721260029689973e-01 4.036111547382306e+01
4.731549345045963e-01 4.038881494994540e+01
4.741867685268966e-01 4.041650765420094e+01
4.752215173345707e-01 4.044419357496376e+01
4.762591932958735e-01 4.047187270054069e+01
4.772998088491343e-01 4.049954501917097e+01
4.783433765032556e-01 4.052721051902570e+01
4.793899088382124e-01 4.055486918820745e+01
4.804394185055589e-01 4.058252101474976e+01
4.814919182289376e-01 4.061016598661666e+01
4.825474208045942e-01 4.063780409170230e+01
4.836059391018956e-01 4.066543531783032e+01
4.846674860638531e-01 4.069305965275351e+01
4.857320747076500e-01 4.072067708415327e+01
4.867997181251737e-01 4.074828759963913e+01
4.878704294835523e-01 4.077589118674828e+01
4.889442220256960e-01 4.080348783294505e+01
4.900211090708431e-01 4.083107752562045e+01
4.911011040151103e-01 4.085866025209164e+01
4.921842203320488e-01 4.088623599960144e+01
4.932704715732042e-01 4.091380475531781e+01
4.943598713686820e-01 4.094136650633339e+01
4.954524334277168e-01 4.096892123966488e+01
4.965481715392490e-01 4.099646894225264e+01
4.976470995725030e-01 4.102400960096006e+01
4.987492314775742e-01 4.105154320257313e+01
4.998545812860180e-01 4.107906973379981e+01
5.009631631114454e-01 4.110658918126956e+01
5.020749911501243e-01 4.113410153153276e+01
5.031900796815857e-01 4.116160677106024e+01
5.043084430692332e-01 4.118910488624258e+01
5.054300957609620e-01 4.121659586338971e+01
5.065550522897797e-01 4.124407968873025e+01
5.076833272744348e-01 4.127155634841100e+01
5.088149354200490e-01 4.129902582849635e+01
5.099498915187567e-01 4.132648811496770e+01
5.110882104503494e-01 4.135394319372288e+01
5.122299071829260e-01 4.138139105057558e+01
5.133749967735493e-01 4.140883167125477e+01
5.145234943689062e-01 4.143626504140408e+01
5.156754152059780e-01 4.146369114658121e+01
5.168307746127129e-01 4.149110997225735e+01
5.179895880087055e-01 4.151852150381653e+01
5.191518709058838e-01 4.154592572655504e+01
5.203176389092004e-01 4.157332262568082e+01
5.214869077173319e-01 4.160071218631278e+01
5.226596931233827e-01 4.162809439348025e+01
5.238360110155962e-01 4.165546923212226e+01
5.250158773780726e-01 4.168283668708699e+01
5.261993082914932e-01 4.171019674313105e+01
5.273863199338500e-01 4.173754938491888e+01
5.285769285811837e-01 4.176489459702206e+01
5.297711506083270e-01 4.179223236391866e+01
5.309690024896563e-01 4.181956266999259e+01
5.321705007998483e-01 4.184688549953291e+01
5.333756622146444e-01 4.187420083673315e+01
5.345845035116229e-01 4.190150866569063e+01
5.357970415709776e-01 4.192880897040578e+01
5.370132933763028e-01 4.195610173478141e+01
5.382332760153866e-01 4.198338694262208e+01
5.394570066810114e-01 4.201066457763329e+01
5.406845026717612e-01 4.203793462342087e+01
5.419157813928368e-01 4.206519706349017e+01
5.431508603568790e-01 4.209245188124543e+01
5.443897571847973e-01 4.211969905998892e+01
5.456324896066103e-01 4.214693858292034e+01
5.468790754622893e-01 4.217417043313598e+01
5.481295327026131e-01 4.220139459362799e+01
5.493838793900299e-01 4.222861104728366e+01
5.506421336995259e-01 4.225581977688459e+01
5.519043139195038e-01 4.228302076510597e+01
5.531704384526693e-01 4.231021399451583e+01
5.544405258169245e-01 4.233739944757412e+01
5.557145946462713e-01 4.236457710663209e+01
5.569926636917228e-01 4.239174695393138e+01
5.582747518222229e-01 4.241890897160324e+01
5.595608780255750e-01 4.244606314166777e+01
5.608510614093792e-01 4.247320944603300e+01
5.621453212019791e-01 4.250034786649413e+01
5.634436767534164e-01 4.252747838473273e+01
5.647461475363955e-01 4.255460098231580e+01
5.660527531472570e-01 4.258171564069501e+01
5.673635133069607e-01 4.260882234120580e+01
5.686784478620773e-01 4.263592106506652e+01
5.699975767857910e-01 4.266301179337758e+01
5.713209201789095e-01 4.269009450712053e+01
5.726484982708858e-01 4.271716918715725e+01
5.739803314208493e-01 4.274423581422896e+01
5.753164401186460e-01 4.277129436895537e+01
5.766568449858888e-01 4.279834483183378e+01
5.780015667770195e-01 4.282538718323814e+01
5.793506263803797e-01 4.285242140341813e+01
5.807040448192921e-01 4.287944747249821e+01
5.820618432531524e-01 4.290646537047672e+01
5.834240429785325e-01 4.293347507722485e+01
5.847906654302936e-01 4.296047657248578e+01
5.861617321827111e-01 4.298746983587364e+01
5.875372649506085e-01 4.301445484687255e+01
5.889172855905057e-01 4.304143158483563e+01
5.903018161017750e-01 4.306840002898402e+01
5.916908786278112e-01 4.309536015840587e+01
5.930844954572115e-01 4.312231195205533e+01
5.944826890249678e-01 4.314925538875151e+01
5.958854819136705e-01 4.317619044717746e+01
5.972928968547251e-01 4.320311710587915e+01
5.987049567295784e-01 4.323003534326438e+01
6.001216845709602e-01 4.325694513760174e+01
6.015431035641344e-01 4.328384646701954e+01
6.029692370481651e-01 4.331073930950476e+01
6.044001085171925e-01 4.333762364290190e+01
6.058357416217240e-01 4.336449944491192e+01
6.072761601699376e-01 4.339136669309114e+01
6.087213881289965e-01 4.341822536485010e+01
6.101714496263803e-01 4.344507543745243e+01
6.116263689512256e-01 4.347191688801371e+01
6.130861705556846e-01 4.349874969350035e+01
6.145508790562930e-01 4.352557383072839e+01
6.160205192353547e-01 4.355238927636235e+01
6.174951160423390e-01 4.357919600691404e+01
6.189746945952929e-01 4.360599399874137e+01
6.204592801822669e-01 4.363278322804715e+01
6.219488982627563e-01 4.365956367087786e+01
6.234435744691554e-01 4.368633530312244e+01
6.249433346082294e-01 4.371309810051104e+01
6.264482046625983e-01 4.373985203861380e+01
6.279582107922382e-01 4.376659709283953e+01
6.294733793359963e-01 4.379333323843447e+01
6.309937368131237e-01 4.382006045048107e+01
6.325193099248210e-01 4.384677870389654e+01
6.340501255558025e-01 4.387348797343171e+01
6.355862107758751e-01 4.390018823366957e+01
6.371275928415341e-01 4.392687945902404e+01
6.386742991975753e-01 4.395356162373856e+01
6.402263574787239e-01 4.398023470188475e+01
6.417837955112803e-01 4.400689866736105e+01
6.433466413147831e-01 4.403355349389133e+01
6.449149231036895e-01 4.406019915502348e+01
6.464886692890728e-01 4.408683562412799e+01
6.480679084803390e-01 4.411346287439658e+01
6.496526694869591e-01 4.414008087884071e+01
6.512429813202223e-01 4.416668961029011e+01
6.528388731950058e-01 4.419328904139141e+01
6.544403745315635e-01 4.421987914460655e+01
6.560475149573345e-01 4.424645989221137e+01
6.576603243087695e-01 4.427303125629405e+01
6.592788326331779e-01 4.429959320875361e+01
6.609030701905931e-01 4.432614572129837e+01
6.625330674556587e-01 4.435268876544442e+01
6.641688551195343e-01 4.437922231251399e+01
6.658104640918223e-01 4.440574633363396e+01
6.674579255025141e-01 4.443226079973417e+01
6.691112707039586e-01 4.445876568154590e+01
6.707705312728500e-01 4.448526094960016e+01
6.724357390122392e-01 4.451174657422610e+01
6.741069259535655e-01 4.453822252554934e+01
6.757841243587092e-01 4.456468877349027e+01
6.774673667220696e-01 4.459114528776239e+01
6.791566857726624e-01 4.461759203787061e+01
6.808521144762411e-01 4.464402899310944e+01
6.825536860374415e-01 4.467045612256141e+01
6.842614339019493e-01 4.469687339509513e+01
6.859753917586915e-01 4.472328077936366e+01
6.876955935420522e-01 4.474967824380261e+01
6.894220734341117e-01 4.477606575662842e+01
6.911548658669096e-01 4.480244328583646e+01
6.928940055247359e-01 4.482881079919923e+01
6.946395273464444e-01 4.485516826426447e+01
6.963914665277914e-01 4.488151564835330e+01
6.981498585238027e-01 4.490785291855828e+01
6.999147390511645e-01 4.493418004174154e+01
7.016861440906423e-01 4.496049698453280e+01
7.034641098895260e-01 4.498680371332743e+01
7.052486729641009e-01 4.501310019428449e+01
7.070398701021500e-01 4.503938639332468e+01
7.088377383654805e-01 4.506566227612837e+01
7.106423150924802e-01 4.509192780813356e+01
7.124536379007024e-01 4.511818295453380e+01
7.142717446894795e-01 4.514442768027612e+01
7.160966736425673e-01 4.517066195005893e+01
7.179284632308175e-01 4.519688572832992e+01
7.197671522148800e-01 4.522309897928388e+01
7.216127796479388e-01 4.524930166686058e+01
7.234653848784762e-01 4.527549375474255e+01
7.253250075530686e-01 4.530167520635289e+01
7.271916876192156e-01 4.532784598485305e+01
7.290654653281994e-01 4.535400605314056e+01
7.309463812379795e-01 4.538015537384675e+01
7.328344762161175e-01 4.540629390933450e+01
7.347297914427383e-01 4.543242162169587e+01
7.366323684135219e-01 4.545853847274974e+01
7.385422489427347e-01 4.548464442403953e+01
7.404594751662906e-01 4.551073943683072e+01
7.423840895448506e-01 4.553682347210846e+01
7.443161348669570e-01 4.556289649057516e+01
7.462556542522052e-01 4.558895845264797e+01
7.482026911544505e-01 4.561500931845636e+01
7.501572893650542e-01 4.564104904783951e+01
7.521194930161659e-01 4.566707760034385e+01
7.540893465840460e-01 4.569309493522045e+01
7.560668948924257e-01 4.571910101142244e+01
7.580521831159066e-01 4.574509578760237e+01
7.600452567834012e-01 4.577107922210958e+01
7.620461617816129e-01 4.579705127298753e+01
7.640549443585577e-01 4.582301189797106e+01
7.660716511271277e-01 4.584896105448369e+01
7.680963290686960e-01 4.587489869963486e+01
7.701290255367653e-01 4.590082479021710e+01
7.721697882606604e-01 4.592673928270327e+01
7.742186653492626e-01 4.595264213324367e+01
7.762757052947917e-01 4.597853329766320e+01
7.783409569766304e-01 4.600441273145840e+01
7.804144696651963e-01 4.603028038979456e+01
7.824962930258607e-01 4.605613622750271e+01
7.845864771229136e-01 4.608198019907667e+01
7.866850724235761e-01 4.610781225866997e+01
7.887921298020639e-01 4.613363236009284e+01
7.909077005436970e-01 4.615944045680904e+01
7.930318363490614e-01 4.618523650193281e+01
7.951645893382204e-01 4.621102044822565e+01
7.973060120549778e-01 4.623679224809316e+01
7.994561574711921e-01 4.626255185358178e+01
8.016150789911466e-01 4.628829921637560e+01
8.037828304559677e-01 4.631403428779294e+01
8.059594661481035e-01 4.633975701878312e+01
8.081450407958539e-01 4.636546735992307e+01
8.103396095779571e-01 4.639116526141391e+01
8.125432281282341e-01 4.641685067307749e+01
8.147559525402890e-01 4.644252354435295e+01
8.169778393722695e-01 4.646818382429321e+01
8.192089456516861e-01 4.649383146156138e+01
8.214493288802891e-01 4.651946640442721e+01
8.236990470390113e-01 4.654508860076341e+01
8.259581585929681e-01 4.657069799804203e+01
8.282267224965231e-01 4.659629454333075e+01
8.305047981984159e-01 4.662187818328911e+01
8.327924456469553e-01 4.664744886416472e+01
8.350897252952780e-01 4.667300653178945e+01
8.373966981066738e-01 4.669855113157555e+01
8.397134255599787e-01 4.672408260851174e+01
8.420399696550344e-01 4.674960090715926e+01
8.443763929182220e-01 4.677510597164783e+01
8.467227584080615e-01 4.680059774567171e+01
8.490791297208854e-01 4.682607617248549e+01
8.514455709965845e-01 4.685154119490002e+01
8.538221469244280e-01 4.687699275527828e+01
8.562089227489577e-01 4.690243079553106e+01
8.586059642759587e-01 4.692785525711278e+01
8.610133378785066e-01 4.695326608101711e+01
8.634311105030960e-01 4.697866320777266e+01
8.658593496758437e-01 4.700404657743852e+01
8.682981235087768e-01 4.702941612959984e+01
8.707475007062009e-01 4.705477180336335e+01
8.732075505711520e-01 4.708011353735270e+01
8.756783430119325e-01 4.710544126970395e+01
8.781599485487345e-01 4.713075493806087e+01
8.806524383203463e-01 4.715605447957024e+01
8.831558840909545e-01 4.718133983087706e+01
8.856703582570278e-01 4.720661092811979e+01
8.881959338542980e-01 4.723186770692541e+01
8.907326845648302e-01 4.725711010240455e+01
8.932806847241899e-01 4.728233804914651e+01
8.958400093287021e-01 4.730755148121417e+01
8.984107340428118e-01 4.733275033213897e+01
9.009929352065374e-01 4.735793453491571e+01
9.035866898430316e-01 4.738310402199735e+01
9.061920756662365e-01 4.740825872528981e+01
9.088091710886468e-01 4.743339857614652e+01
9.114380552291760e-01 4.745852350536317e+01
9.140788079211297e-01 4.748363344317220e+01
9.167315097202869e-01 4.750872831923726e+01
9.193962419130911e-01 4.753380806264770e+01
9.220730865249538e-01 4.755887260191296e+01
9.247621263286697e-01 4.758392186495678e+01
9.274634448529506e-01 4.760895577911151e+01
9.301771263910725e-01 4.763397427111230e+01
9.329032560096444e-01 4.765897726709114e+01
9.356419195574973e-01 4.768396469257097e+01
9.383932036746951e-01 4.770893647245961e+01
9.411571958016721e-01 4.773389253104367e+01
9.439339841884966e-01 4.775883279198242e+01
9.467236579042618e-01 4.778375717830150e+01
9.495263068466121e-01 4.780866561238665e+01
9.523420217513975e-01 4.783355801597733e+01
9.551708942024669e-01 4.785843431016026e+01
9.580130166415977e-01 4.788329441536287e+01
9.608684823785646e-01 4.790813825134675e+01
9.637373856013526e-01 4.793296573720092e+01
9.666198213865127e-01 4.795777679133511e+01
9.695158857096636e-01 4.798257133147290e+01
9.724256754561471e-01 4.800734927464483e+01
9.753492884318299e-01 4.803211053718141e+01
9.782868233740636e-01 4.805685503470603e+01
9.812383799627996e-01 4.808158268212778e+01
9.842040588318646e-01 4.810629339363430e+01
9.871839615803973e-01 4.813098708268435e+01
9.901781907844520e-01 4.815566366200048e+01
9.931868500087677e-01 4.818032304356150e+01
9.962100438187076e-01 4.820496513859490e+01
9.992478777923759e-01 4.822958985756920e+01
1.002300458532907e+00 4.825419711018617e+01
1.005367893680934e+00 4.827878680537297e+01
1.008450291927244e+00 4.830335885127426e+01
1.011547763025615e+00 4.832791315524409e+01
1.014660417805840e+00 4.835244962383783e+01
1.017788368186952e+00 4.837696816280392e+01
1.020931727190630e+00 4.840146867707553e+01
1.024090608954820e+00 4.842595107076220e+01
1.027265128747546e+00 4.845041524714122e+01
1.030455402980930e+00 4.847486110864912e+01
1.033661549225426e+00 4.849928855687290e+01
1.036883686224258e+00 4.852369749254115e+01
1.040121933908084e+00 4.854808781551523e+01
1.043376413409876e+00 4.857245942478016e+01
1.046647247080017e+00 4.859681221843547e+01
1.049934558501645e+00 4.862114609368601e+01
1.053238472506210e+00 4.864546094683254e+01
1.056559115189280e+00 4.866975667326228e+01
1.059896613926579e+00 4.869403316743931e+01
1.063251097390276e+00 4.871829032289487e+01
1.066622695565522e+00 4.874252803221759e+01
1.070011539767240e+00 4.876674618704349e+01
1.073417762657173e+00 4.879094467804599e+01
1.076841498261192e+00 4.881512339492568e+01
1.080282881986882e+00 4.883928222640012e+01
1.083742050641386e+00 4.886342106019330e+01
1.087219142449541e+00 4.888753978302525e+01
1.090714297072283e+00 4.891163828060121e+01
1.094227655625353e+00 4.893571643760099e+01
1.097759360698281e+00 4.895977413766795e+01
1.101309556373687e+00 4.898381126339798e+01
1.104878388246863e+00 4.900782769632829e+01
1.108466003445687e+00 4.903182331692614e+01
1.112072550650837e+00 4.905579800457731e+01
1.115698180116332e+00 4.907975163757460e+01
1.119343043690398e+00 4.910368409310597e+01
1.123007294836666e+00 4.912759524724279e+01
1.126691088655714e+00 4.915148497492774e+01
1.130394581906950e+00 4.917535314996266e+01
1.134117933030846e+00 4.919919964499626e+01
1.137861302171537e+00 4.922302433151163e+01
1.141624851199780e+00 4.924682707981366e+01
1.145408743736282e+00 4.927060775901626e+01
1.149213145175422e+00 4.929436623702944e+01
1.153038222709340e+00 4.931810238054622e+01
1.156884145352435e+00 4.934181605502945e+01
1.160751083966256e+00 4.936550712469838e+01
1.164639211284812e+00 4.938917545251508e+01
1.168548701940282e+00 4.941282090017076e+01
1.172479732489171e+00 4.943644332807189e+01
1.176432481438882e+00 4.946004259532612e+01
1.180407129274742e+00 4.948361855972805e+01
1.184403858487467e+00 4.950717107774489e+01
1.188422853601099e+00 4.953070000450180e+01
1.192464301201398e+00 4.955420519376720e+01
1.196528389964726e+00 4.957768649793785e+01
1.200615310687398e+00 4.960114376802369e+01
1.204725256315549e+00 4.962457685363260e+01
1.208858421975498e+00 4.964798560295490e+01
1.213015005004625e+00 4.967136986274767e+01
1.217195204982781e+00 4.969472947831893e+01
1.221399223764231e+00 4.971806429351152e+01
1.225627265510147e+00 4.974137415068697e+01
1.229879536721657e+00 4.976465889070897e+01
1.234156246273461e+00 4.978791835292670e+01
1.238457605448043e+00 4.981115237515814e+01
1.242783827970454e+00 4.983436079367284e+01
1.247135130043720e+00 4.985754344317481e+01
1.251511730384854e+00 4.988070015678495e+01
1.255913850261504e+00 4.990383076602348e+01
1.260341713529247e+00 4.992693510079194e+01
1.264795546669527e+00 4.995001298935517e+01
1.269275578828280e+00 4.997306425832297e+01
1.273782041855226e+00 4.999608873263152e+01
1.278315170343870e+00 5.001908623552464e+01
1.282875201672208e+00 5.004205658853478e+01
1.287462376044169e+00 5.006499961146382e+01
1.292076936531782e+00 5.008791512236356e+01
1.296719129118123e+00 5.011080293751608e+01
1.301389202741020e+00 5.013366287141378e+01
1.306087409337549e+00 5.015649473673923e+01
1.310814003889343e+00 5.017929834434474e+01
1.315569244468724e+00 5.020207350323170e+01
1.320353392285669e+00 5.022482002052971e+01
1.325166711735645e+00 5.024753770147538e+01
1.330009470448311e+00 5.027022634939095e+01
1.334881939337129e+00 5.029288576566262e+01
1.339784392649878e+00 5.031551574971861e+01
1.344717108020114e+00 5.033811609900700e+01
1.349680366519577e+00 5.036068660897329e+01
1.354674452711583e+00 5.038322707303764e+01
1.359699654705408e+00 5.040573728257192e+01
1.364756264211695e+00 5.042821702687646e+01
1.369844576598898e+00 5.045066609315650e+01
1.374964890950802e+00 5.047308426649838e+01
1.380117510125114e+00 5.049547132984549e+01
1.385302740813189e+00 5.051782706397381e+01
1.390520893600870e+00 5.054015124746738e+01
1.395772283030511e+00 5.056244365669323e+01
1.401057227664175e+00 5.058470406577624e+01
1.406376050148055e+00 5.060693224657355e+01
1.411729077278133e+00 5.062912796864876e+01
1.417116640067116e+00 5.065129099924582e+01
1.422539073812661e+00 5.067342110326256e+01
1.427996718166943e+00 5.069551804322398e+01
1.433489917207573e+00 5.071758157925528e+01
1.439019019509907e+00 5.073961146905440e+01
1.444584378220779e+00 5.076160746786442e+01
1.450186351133698e+00 5.078356932844564e+01
1.455825300765513e+00 5.080549680104723e+01
1.461501594434625e+00 5.082738963337862e+01
1.467215604340741e+00 5.084924757058062e+01
1.472967707646231e+00 5.087107035519619e+01
1.478758286559117e+00 5.089285772714079e+01
1.484587728417726e+00 5.091460942367253e+01
1.490456425777066e+00 5.093632517936198e+01
1.496364776496942e+00 5.095800472606153e+01
1.502313183831868e+00 5.097964779287457e+01
1.508302056522815e+00 5.100125410612424e+01
1.514331808890832e+00 5.102282338932186e+01
1.520402860932603e+00 5.104435536313503e+01
1.526515638417960e+00 5.106584974535543e+01
1.532670572989425e+00 5.108730625086620e+01
1.538868102263804e+00 5.110872459160904e+01
1.545108669935923e+00 5.113010447655095e+01
1.551392725884502e+00 5.115144561165061e+01
1.557720726280274e+00 5.117274769982444e+01
1.564093133696367e+00 5.119401044091233e+01
1.570510417221025e+00 5.121523353164294e+01
1.576973052572711e+00 5.123641666559875e+01
1.583481522217674e+00 5.125755953318076e+01
1.590036315490001e+00 5.127866182157271e+01
1.596637928714274e+00 5.129972321470517e+01
1.603286865330835e+00 5.132074339321908e+01
1.609983636023774e+00 5.134172203442908e+01
1.616728758851681e+00 5.136265881228645e+01
1.623522759381238e+00 5.138355339734168e+01
1.630366170823739e+00 5.140440545670673e+01
1.637259534174580e+00 5.142521465401697e+01
1.644203398355829e+00 5.144598064939271e+01
1.651198320361939e+00 5.146670309940048e+01
1.658244865408686e+00 5.148738165701394e+01
1.665343607085408e+00 5.150801597157442e+01
1.672495127510656e+00 5.152860568875117e+01
1.679700017491316e+00 5.154915045050134e+01
1.686958876685315e+00 5.156964989502951e+01
1.694272313767990e+00 5.159010365674703e+01
1.701640946602234e+00 5.161051136623099e+01
1.709065402412494e+00 5.163087265018284e+01
1.716546317962755e+00 5.165118713138686e+01
1.724084339738591e+00 5.167145442866813e+01
1.731680124133400e+00 5.169167415685041e+01
1.739334337638937e+00 5.171184592671359e+01
1.747047657040270e+00 5.173196934495095e+01
1.754820769615257e+00 5.175204401412615e+01
1.762654373338688e+00 5.177206953262990e+01
1.770549177091208e+00 5.179204549463648e+01
1.778505900873159e+00 5.181197149005995e+01
1.786525276023472e+00 5.183184710451019e+01
1.794608045443747e+00 5.185167191924864e+01
1.802754963827676e+00 5.187144551114397e+01
1.810966797895939e+00 5.189116745262745e+01
1.819244326636748e+00 5.191083731164817e+01
1.827588341552184e+00 5.193045465162817e+01
1.835999646910484e+00 5.195001903141732e+01
1.844479060004479e+00 5.196953000524816e+01
1.853027411416312e+00 5.198898712269061e+01
1.861645545288649e+00 5.200838992860654e+01
1.870334319602563e+00 5.202773796310436e+01
1.879094606462270e+00 5.204703076149345e+01
1.887927292386933e+00 5.206626785423870e+01
1.896833278609727e+00 5.208544876691491e+01
1.905813481384379e+00 5.210457302016128e+01
1.914868832299403e+00 5.212364012963598e+01
1.924000278600267e+00 5.214264960597070e+01
1.933208783519704e+00 5.216160095472540e+01
1.942495326616424e+00 5.218049367634313e+01
1.951860904122479e+00 5.219932726610502e+01
1.961306529299525e+00 5.221810121408553e+01
1.970833232804271e+00 5.223681500510784e+01
1.980442063063370e+00 5.225546811869960e+01
1.990134086658044e+00 5.227406002904893e+01
1.999910388718758e+00 5.229259020496079e+01
2.009772073330221e+00 5.231105810981376e+01
2.019720263947048e+00 5.232946320151726e+01
2.029756103820411e+00 5.234780493246919e+01
2.039880756436016e+00 5.236608274951422e+01
2.050095405963760e+00 5.238429609390257e+01
2.060401257719432e+00 5.240244440124950e+01
2.070799538638830e+00 5.242052710149542e+01
2.081291497764708e+00 5.243854361886687e+01
2.091878406746930e+00 5.245649337183823e+01
2.102561560356263e+00 5.247437577309433e+01
2.113342277012257e+00 5.249219022949407e+01
2.124221899325645e+00 5.250993614203502e+01
2.135201794655746e+00 5.252761290581910e+01
2.146283355683348e+00 5.254521991001956e+01
2.157468000999581e+00 5.256275653784904e+01
2.168757175711290e+00 5.258022216652911e+01
2.180152352063486e+00 5.259761616726126e+01
2.191655030079381e+00 5.261493790519931e+01
2.203266738218649e+00 5.263218673942354e+01
2.214989034054482e+00 5.264936202291652e+01
2.226823504970084e+00 5.266646310254080e+01
2.238771768875259e+00 5.268348931901850e+01
2.250835474943772e+00 5.270044000691299e+01
2.263016304372170e+00 5.271731449461280e+01
2.275315971160845e+00 5.273411210431775e+01
2.287736222918037e+00 5.275083215202758e+01
2.300278841687615e+00 5.276747394753318e+01
2.312945644801446e+00 5.278403679441045e+01
2.325738485757206e+00 5.280051999001718e+01
2.338659255122524e+00 5.281692282549277e+01
2.351709881466390e+00 5.283324458576129e+01
2.364892332318777e+00 5.284948454953783e+01
2.378208615159513e+00 5.286564198933839e+01
2.391660778437400e+00 5.288171617149345e+01
2.405250912620701e+00 5.289770635616555e+01
2.418981151280119e+00 5.291361179737080e+01
2.432853672205437e+00 5.292943174300485e+01
2.446870698557060e+00 5.294516543487330e+01
2.461034500053727e+00 5.296081210872688e+01
2.475347394197730e+00 5.297637099430157e+01
2.489811747539021e+00 5.299184131536393e+01
2.504429976979688e+00 5.300722228976196e+01
2.519204551120255e+00 5.302251312948160e+01
2.534137991649430e+00 5.303771304070921e+01
2.549232874778920e+00 5.305282122390045e+01
2.564491832725035e+00 5.306783687385548e+01
2.579917555238868e+00 5.308275917980129e+01
2.595512791186921e+00 5.309758732548092e+01
2.611280350184121e+00 5.311232048925042e+01
2.627223104281290e+00 5.312695784418349e+01
2.643343989709154e+00 5.314149855818430e+01
2.659646008681150e+00 5.315594179410889e+01
2.676132231257351e+00 5.317028670989545e+01
2.692805797271916e+00 5.318453245870386e+01
2.709669918326649e+00 5.319867818906499e+01
2.726727879853279e+00 5.321272304504002e+01
2.743983043247264e+00 5.322666616639031e+01
2.761438848076064e+00 5.324050668875826e+01
2.779098814364850e+00 5.325424374385958e+01
2.796966544962915e+00 5.326787645968744e+01
2.815045727994094e+00 5.328140396072895e+01
2.833340139394692e+00 5.329482536819465e+01
2.851853645542601e+00 5.330813980026121e+01
2.870590205981450e+00 5.332134637232820e+01
2.889553876243804e+00 5.333444419728927e+01
2.908748810777646e+00 5.334743238581832e+01
2.928179265980615e+00 5.336031004667137e+01
2.947849603346583e+00 5.337307628700456e+01
2.967764292729520e+00 5.338573021270901e+01
2.987927915729744e+00 5.339827092876308e+01
3.008345169207958e+00 5.341069753960277e+01
3.029020868932731e+00 5.342300914951084e+01
3.049959953367379e+00 5.343520486302533e+01
3.071167487602467e+00 5.344728378536819e+01
3.092648667440587e+00 5.345924502289483e+01
3.114408823640242e+00 5.347108768356498e+01
3.136453426326167e+00 5.348281087743608e+01
3.158788089573749e+00 5.349441371717947e+01
3.181418576175604e+00 5.350589531862047e+01
3.204350802598816e+00 5.351725480130296e+01
3.227590844141808e+00 5.352849128907928e+01
3.251144940300241e+00 5.353960391072625e+01
3.275019500351986e+00 5.355059180058808e+01
3.299221109171563e+00 5.356145409924702e+01
3.323756533285203e+00 5.357218995422252e+01
3.348632727178200e+00 5.358279852069970e+01
3.373856839866902e+00 5.359327896228797e+01
3.399436221748403e+00 5.360363045181064e+01
3.425378431741699e+00 5.361385217212622e+01
3.451691244734904e+00 5.362394331698228e+01
3.478382659353905e+00 5.363390309190276e+01
3.505460906068834e+00 5.364373071510919e+01
3.532934455655513e+00 5.365342541847695e+01
3.560812028030232e+00 5.366298644852704e+01
3.589102601477169e+00 5.367241306745414e+01
3.617815422288985e+00 5.368170455419163e+01
3.646960014842333e+00 5.369086020551430e+01
3.676546192131344e+00 5.369987933717908e+01
3.706584066783539e+00 5.370876128510461e+01
3.737084062584230e+00 5.371750540658999e+01
3.768056926536870e+00 5.372611108157309e+01
3.799513741488769e+00 5.373457771392888e+01
3.831465939353297e+00 5.374290473280788e+01
3.863925314961706e+00 5.375109159401507e+01
3.896904040579849e+00 5.375913778142917e+01
3.930414681127325e+00 5.376704280846233e+01
3.964470210138980e+00 5.377480621955994e+01
3.999084026511482e+00 5.378242759174049e+01
4.034269972080224e+00 5.378990653617466e+01
4.070042350075110e+00 5.379724269980331e+01
4.106415944506886e+00 5.380443576699342e+01
4.143406040539201e+00 5.381148546123092e+01
4.181028445905402e+00 5.381839154684934e+01
4.219299513433096e+00 5.382515383079272e+01
4.258236164743873e+00 5.383177216441105e+01
4.297855915200453e+00 5.383824644528634e+01
4.338176900178389e+00 5.384457661908701e+01
4.379217902745215e+00 5.385076268144805e+01
4.420998382835768e+00 5.385680467987405e+01
4.463538508018878e+00 5.386270271566170e+01
4.506859185957641e+00 5.386845694583833e+01
4.550982098673046e+00 5.387406758511227e+01
4.595929738728937e+00 5.387953490783061e+01
4.641725447465118e+00 5.388485924993940e+01
4.688393455415321e+00 5.389004101094086e+01
4.735958925056875e+00 5.389508065584170e+01
4.784447996050691e+00 5.389997871708611e+01
4.833887833142426e+00 5.390473579646627e+01
4.884306676909244e+00 5.390935256700293e+01
4.935733897551398e+00 5.391382977478776e+01
4.988200051943910e+00 5.391816824077868e+01
5.041736944181157e+00 5.392236886253854e+01
5.096377689866594e+00 5.392643261590727e+01
5.152156784420477e+00 5.393036055659632e+01
5.209110175701810e+00 5.393415382169405e+01
5.267275341265726e+00 5.393781363106980e+01
5.326691370605209e+00 5.394134128866367e+01
5.387399052756420e+00 5.394473818364824e+01
5.449440969680198e+00 5.394800579144806e+01
5.512861595868936e+00 5.395114567460173e+01
5.577707404668656e+00 5.395415948345088e+01
5.644026981850189e+00 5.395704895663987e+01
5.711871147012906e+00 5.395981592140908e+01
5.781293083458477e+00 5.396246229366461e+01
5.852348477232179e+00 5.396499007780643e+01
5.925095666095731e+00 5.396740136629677e+01
5.999595799269248e+00 5.396969833895037e+01
6.075913008861648e+00 5.397188326192792e+01
6.154114593999522e+00 5.397395848641420e+01
6.234271218765843e+00 5.397592644696253e+01
6.316457125171818e+00 5.397778965948744e+01
6.400750362511280e+00 5.397955071888833e+01
6.487233034586831e+00 5.398121229628724e+01
6.575991566453845e+00 5.398277713586559e+01
6.667116992503978e+00 5.398424805128534e+01
6.760705267906839e+00 5.398562792168259e+01
6.856857605649481e+00 5.398691968722292e+01
6.955680841662755e+00 5.398812634421078e+01
7.057287830803162e+00 5.398925093974782e+01
7.161797876776153e+00 5.399029656593829e+01
7.269337199444012e+00 5.399126635364363e+01
7.380039443366808e+00 5.399216346579221e+01
7.494046231884315e+00 5.399299109025532e+01
7.611507771569045e+00 5.399375243230521e+01
7.732583512474817e+00 5.399445070667700e+01
7.857442870283894e+00 5.399508912926235e+01
7.986266017229767e+00 5.399567090846911e+01
8.119244749560991e+00 5.399619923628859e+01
8.256583440329305e+00 5.399667727911904e+01
8.398500087456563e+00 5.399710816840164e+01
8.545227468384743e+00 5.399749499113321e+01
8.697014414172514e+00 5.399784078032739e+01
8.854127217707262e+00 5.399814850550384e+01
9.016851192796787e+00 5.399842106329239e+01
9.185492403344112e+00 5.399866126824592e+01
9.360379584652449e+00 5.399887184396176e+01
9.541866282236573e+00 5.399905541461662e+01
9.730333237420085e+00 5.399921449702373e+01
9.926191053591186e+00 5.399935149332301e+01
1.012988318240913e+01 5.399946868441522e+01
1.034188927566867e+01 5.399956822424894e+01
1.056272895614731e+01 5.399965213506436e+01
1.079296606983781e+01 5.399972230369011e+01
1.103321349281920e+01 5.399978047897852e+01
1.128413857904420e+01 5.399982827045014e+01
1.154646935100670e+01 5.399986714820063e+01
1.182100155422328e+01 5.399989844410189e+01
1.210860671949779e+01 5.399992335430436e+01
1.241024140502965e+01 5.399994294302036e+01
1.272695782483804e+01 5.399995814753800e+01
1.305991611232892e+01 5.399996978438433e+01
1.341039852021405e+01 5.399997855652437e+01
1.377982592311999e+01 5.399998506145191e+01
1.416977707063182e+01 5.399998979999978e+01
1.458201114085862e+01 5.399999318567276e+01
1.501849427403992e+01 5.399999555428838e+01
1.548143093044434e+01 5.399999717369970e+01
1.597330112787414e+01 5.399999825337306e+01
1.649690488642834e+01 5.399999895360181e+01
1.705541556221948e+01 5.399999939415676e+01
1.765244421565139e+01 5.399999966220322e+01
1.829211777289985e+01 5.399999981935373e+01
1.897917455661118e+01 5.399999990777107e+01
1.971908186214644e+01 5.399999995528567e+01
2.051818175212453e+01 5.399999997954155e+01
2.138387329960098e+01 5.399999999122998e+01
2.232484237294475e+01 5.399999999650747e+01
2.335135408931977e+01 5.399999999872083e+01
2.447562882630193e+01 5.399999999957424e+01
2.571233103698230e+01 5.399999999987305e+01
2.707921242773429e+01 5.399999999996668e+01
2.859796952856982e+01 5.399999999999246e+01
3.029540393538601e+01 5.399999999999856e+01
3.220501764305465e+01 5.399999999999978e+01
3.436924651174531e+01 5.399999999999997e+01
3.684265093310607e+01 5.400000000000000e+01
3.969657911159923e+01 5.400000000000000e+01
4.302616198650791e+01 5.400000000000000e+01
4.696112356594541e+01 5.400000000000000e+01
