0.000000000000000e+00 0.000000000000000e+00
1.122950676187136e-04 3.626468483842871e-02
2.247020386431259e-04 7.252788141342847e-02
3.372210804262864e-04 1.087895894935045e-01
4.498523606551159e-04 1.450498088465721e-01
5.625960473512396e-04 1.813085392399145e-01
6.754523088718229e-04 2.175657804401752e-01
7.884213139104085e-04 2.538215322134434e-01
9.015032314977585e-04 2.900757943252117e-01
1.014698231002696e-03 3.263285665403401e-01
1.128006482132951e-03 3.625798486231346e-01
1.241428154936009e-03 3.988296403371550e-01
1.354963419799961e-03 4.350779414455559e-01
1.468612447454358e-03 4.713247517106893e-01
1.582375408971066e-03 5.075700708944240e-01
1.696252475765121e-03 5.438138987578682e-01
1.810243819595599e-03 5.800562350617113e-01
1.924349612566469e-03 6.162970795658964e-01
2.038570027127465e-03 6.525364320296916e-01
2.152905236074955e-03 6.887742922119244e-01
2.267355412552809e-03 7.250106598706409e-01
2.381920730053277e-03 7.612455347632689e-01
2.496601362417862e-03 7.974789166467602e-01
2.611397483838201e-03 8.337108052772848e-01
2.726309268856949e-03 8.699412004103948e-01
2.841336892368660e-03 9.061701018010808e-01
2.956480529620675e-03 9.423975092037224e-01
3.071740356214013e-03 9.786234223719035e-01
3.187116548104266e-03 1.014847841058824e+00
3.302609281602489e-03 1.051070765016775e+00
3.418218733376102e-03 1.087292193997655e+00
3.533945080449788e-03 1.123512127752463e+00
3.649788500206403e-03 1.159730566031875e+00
3.765749170387872e-03 1.195947508585583e+00
3.881827269096108e-03 1.232162955162856e+00
3.998022974793915e-03 1.268376905512298e+00
4.114336466305913e-03 1.304589359381829e+00
4.230767922819443e-03 1.340800316518674e+00
4.347317523885500e-03 1.377009776669446e+00
4.463985449419643e-03 1.413217739580077e+00
4.580771879702932e-03 1.449424204995964e+00
4.697676995382851e-03 1.485629172661696e+00
4.814700977474239e-03 1.521832642321208e+00
4.931844007360226e-03 1.558034613717993e+00
5.049106266793171e-03 1.594235086594587e+00
5.166487937895600e-03 1.630434060693027e+00
5.283989203161149e-03 1.666631535754654e+00
5.401610245455510e-03 1.702827511520120e+00
5.519351248017383e-03 1.739021987729558e+00
5.637212394459421e-03 1.775214964122142e+00
5.755193868769190e-03 1.811406440436592e+00
5.873295855310121e-03 1.847596416410994e+00
5.991518538822481e-03 1.883784891782490e+00
6.109862104424321e-03 1.919971866287874e+00
6.228326737612455e-03 1.956157339663037e+00
6.346912624263421e-03 1.992341311643308e+00
6.465619950634461e-03 2.028523781963202e+00
6.584448903364487e-03 2.064704750356739e+00
6.703399669475068e-03 2.100884216557063e+00
6.822472436371401e-03 2.137062180296752e+00
6.941667391843309e-03 2.173238641307726e+00
7.060984724066215e-03 2.209413599321039e+00
7.180424621602139e-03 2.245587054067236e+00
7.299987273400688e-03 2.281759005276101e+00
7.419672868800060e-03 2.317929452676665e+00
7.539481597528032e-03 2.354098395997347e+00
7.659413649702971e-03 2.390265834965852e+00
7.779469215834834e-03 2.426431769309190e+00
7.899648486826186e-03 2.462596198753552e+00
8.019951653973196e-03 2.498759123024556e+00
8.140378908966673e-03 2.534920541847150e+00
8.260930443893061e-03 2.571080454945367e+00
8.381606451235485e-03 2.607238862042763e+00
8.502407123874747e-03 2.643395762862042e+00
8.623332655090380e-03 2.679551157125296e+00
8.744383238561667e-03 2.715705044553751e+00
8.865559068368670e-03 2.751857424867978e+00
8.986860338993279e-03 2.788008297788004e+00
9.108287245320246e-03 2.824157663032835e+00
9.229839982638223e-03 2.860305520321042e+00
9.351518746640822e-03 2.896451869370168e+00
9.473323733427658e-03 2.932596709897339e+00
9.595255139505397e-03 2.968740041618751e+00
9.717313161788824e-03 3.004881864249960e+00
9.839497997601900e-03 3.041022177505738e+00
9.961809844678810e-03 3.077160981100143e+00
1.008424890116506e-02 3.113298274746484e+00
1.020681536561851e-02 3.149434058157347e+00
1.032950943701050e-02 3.185568331044621e+00
1.045233131472684e-02 3.221701093119364e+00
1.057528119856900e-02 3.257832344091980e+00
1.069835928875511e-02 3.293962083672042e+00
1.082156578592106e-02 3.330090311568469e+00
1.094490089112163e-02 3.366217027489292e+00
1.106836480583155e-02 3.402342231142008e+00
1.119195773194660e-02 3.438465922233121e+00
1.131567987178472e-02 3.474588100468537e+00
1.143953142808711e-02 3.510708765553410e+00
1.156351260401933e-02 3.546827917192005e+00
1.168762360317241e-02 3.582945555087917e+00
1.181186462956400e-02 3.619061678944000e+00
1.193623588763944e-02 3.655176288462329e+00
1.206073758227291e-02 3.691289383344127e+00
1.218536991876853e-02 3.727400963290002e+00
1.231013310286152e-02 3.763511027999591e+00
1.243502734071931e-02 3.799619577172024e+00
1.256005283894269e-02 3.835726610505354e+00
1.268520980456694e-02 3.871832127697132e+00
1.281049844506297e-02 3.907936128443914e+00
1.293591896833846e-02 3.944038612441652e+00
1.306147158273905e-02 3.980139579385344e+00
1.318715649704943e-02 4.016239028969366e+00
1.331297392049457e-02 4.052336960887175e+00
1.343892406274081e-02 4.088433374831581e+00
1.356500713389708e-02 4.124528270494430e+00
1.369122334451602e-02 4.160621647566856e+00
1.381757290559520e-02 4.196713505739289e+00
1.394405602857827e-02 4.232803844701230e+00
1.407067292535614e-02 4.268892664141461e+00
1.419742380826817e-02 4.304979963747861e+00
1.432430889010334e-02 4.341065743207622e+00
1.445132838410148e-02 4.377150002207152e+00
1.457848250395441e-02 4.413232740431866e+00
1.470577146380718e-02 4.449313957566531e+00
1.483319547825927e-02 4.485393653295063e+00
1.496075476236577e-02 4.521471827300616e+00
1.508844953163860e-02 4.557548479265364e+00
1.521628000204775e-02 4.593623608870857e+00
1.534424639002245e-02 4.629697215797727e+00
1.547234891245245e-02 4.665769299725739e+00
1.560058778668919e-02 4.701839860333926e+00
1.572896323054705e-02 4.737908897300514e+00
1.585747546230460e-02 4.773976410302758e+00
1.598612470070582e-02 4.810042399017227e+00
1.611491116496133e-02 4.846106863119552e+00
1.624383507474966e-02 4.882169802284587e+00
1.637289665021850e-02 4.918231216186349e+00
1.650209611198591e-02 4.954291104498047e+00
1.663143368114164e-02 4.990349466891907e+00
1.676090957924833e-02 5.026406303039444e+00
1.689052402834284e-02 5.062461612611315e+00
1.702027725093744e-02 5.098515395277282e+00
1.715016947002116e-02 5.134567650706323e+00
1.728020090906103e-02 5.170618378566431e+00
1.741037179200336e-02 5.206667578524851e+00
1.754068234327502e-02 5.242715250248018e+00
1.767113278778477e-02 5.278761393401382e+00
1.780172335092449e-02 5.314806007649544e+00
1.793245425857054e-02 5.350849092656368e+00
1.806332573708502e-02 5.386890648084737e+00
1.819433801331712e-02 5.422930673596632e+00
1.832549131460436e-02 5.458969168853315e+00
1.845678586877398e-02 5.495006133515012e+00
1.858822190414421e-02 5.531041567241196e+00
1.871979964952562e-02 5.567075469690401e+00
1.885151933422244e-02 5.603107840520245e+00
1.898338118803388e-02 5.639138679387514e+00
1.911538544125549e-02 5.675167985948143e+00
1.924753232468046e-02 5.711195759857141e+00
1.937982206960103e-02 5.747222000768545e+00
1.951225490780979e-02 5.783246708335632e+00
1.964483107160101e-02 5.819269882210762e+00
1.977755079377209e-02 5.855291522045270e+00
1.991041430762482e-02 5.891311627489799e+00
2.004342184696683e-02 5.927330198193872e+00
2.017657364611290e-02 5.963347233806296e+00
2.030986993988636e-02 5.999362733974813e+00
2.044331096362048e-02 6.035376698346383e+00
2.057689695315986e-02 6.071389126566970e+00
2.071062814486179e-02 6.107400018281687e+00
2.084450477559764e-02 6.143409373134652e+00
2.097852708275432e-02 6.179417190769186e+00
2.111269530423561e-02 6.215423470827510e+00
2.124700967846361e-02 6.251428212951112e+00
2.138147044438015e-02 6.287431416780422e+00
2.151607784144817e-02 6.323433081954967e+00
2.165083210965320e-02 6.359433208113401e+00
2.178573348950475e-02 6.395431794893334e+00
2.192078222203772e-02 6.431428841931599e+00
2.205597854881391e-02 6.467424348863950e+00
2.219132271192336e-02 6.503418315325206e+00
2.232681495398589e-02 6.539410740949336e+00
2.246245551815248e-02 6.575401625369317e+00
2.259824464810677e-02 6.611390968217130e+00
2.273418258806649e-02 6.647378769123840e+00
2.287026958278493e-02 6.683365027719567e+00
2.300650587755244e-02 6.719349743633508e+00
2.314289171819784e-02 6.755332916493828e+00
2.327942735108997e-02 6.791314545927733e+00
2.341611302313913e-02 6.827294631561564e+00
2.355294898179857e-02 6.863273173020509e+00
2.368993547506599e-02 6.899250169929005e+00
2.382707275148506e-02 6.935225621910362e+00
2.396436106014688e-02 6.971199528587007e+00
2.410180065069152e-02 7.007171889580277e+00
2.423939177330953e-02 7.043142704510629e+00
2.437713467874344e-02 7.079111972997516e+00
2.451502961828931e-02 7.115079694659364e+00
2.465307684379824e-02 7.151045869113666e+00
2.479127660767790e-02 7.187010495976907e+00
2.492962916289407e-02 7.222973574864497e+00
2.506813476297221e-02 7.258935105391011e+00
2.520679366199896e-02 7.294895087169877e+00
2.534560611462375e-02 7.330853519813587e+00
2.548457237606032e-02 7.366810402933652e+00
2.562369270208828e-02 7.402765736140452e+00
2.576296734905470e-02 7.438719519043531e+00
2.590239657387569e-02 7.474671751251329e+00
2.604198063403797e-02 7.510622432371242e+00
2.618171978760042e-02 7.546571562009696e+00
2.632161429319574e-02 7.582519139772025e+00
2.646166441003199e-02 7.618465165262720e+00
2.660187039789421e-02 7.654409638084999e+00
2.674223251714603e-02 7.690352557841209e+00
2.688275102873128e-02 7.726293924132619e+00
2.702342619417559e-02 7.762233736559487e+00
2.716425827558806e-02 7.798171994720988e+00
2.730524753566282e-02 7.834108698215289e+00
2.744639423768071e-02 7.870043846639540e+00
2.758769864551091e-02 7.905977439589726e+00
2.772916102361258e-02 7.941909476660911e+00
2.787078163703651e-02 7.977839957447060e+00
2.801256075142678e-02 8.013768881541090e+00
2.815449863302242e-02 8.049696248534843e+00
2.829659554865905e-02 8.085622058019077e+00
2.843885176577062e-02 8.121546309583543e+00
2.858126755239101e-02 8.157469002816853e+00
2.872384317715575e-02 8.193390137306686e+00
2.886657890930371e-02 8.229309712639441e+00
2.900947501867882e-02 8.265227728400617e+00
2.915253177573169e-02 8.301144184174561e+00
2.929574945152140e-02 8.337059079544545e+00
2.943912831771718e-02 8.372972414092757e+00
2.958266864660011e-02 8.408884187400275e+00
2.972637071106489e-02 8.444794399047083e+00
2.987023478462151e-02 8.480703048612185e+00
3.001426114139703e-02 8.516610135673261e+00
3.015845005613731e-02 8.552515659807156e+00
3.030280180420875e-02 8.588419620589413e+00
3.044731666160003e-02 8.624322017594494e+00
3.059199490492393e-02 8.660222850395883e+00
3.073683681141902e-02 8.696122118565818e+00
3.088184265895144e-02 8.732019821675479e+00
3.102701272601675e-02 8.767915959294868e+00
3.117234729174161e-02 8.803810530992948e+00
3.131784663588567e-02 8.839703536337495e+00
3.146351103884328e-02 8.875594974895137e+00
3.160934078164533e-02 8.911484846231495e+00
3.175533614596108e-02 8.947373149910923e+00
3.190149741409991e-02 8.983259885496715e+00
3.204782486901320e-02 9.019145052550932e+00
3.219431879429612e-02 9.055028650634597e+00
3.234097947418951e-02 9.090910679307527e+00
3.248780719358163e-02 9.126791138128439e+00
3.263480223801010e-02 9.162670026654780e+00
3.278196489366367e-02 9.198547344442993e+00
3.292929544738418e-02 9.234423091048193e+00
3.307679418666829e-02 9.270297266024514e+00
3.322446139966946e-02 9.306169868924798e+00
3.337229737519977e-02 9.342040899300713e+00
3.352030240273184e-02 9.377910356702877e+00
3.366847677240066e-02 9.413778240680543e+00
3.381682077500557e-02 9.449644550781912e+00
3.396533470201209e-02 9.485509286554034e+00
3.411401884555386e-02 9.521372447542625e+00
3.426287349843455e-02 9.557234033292382e+00
3.441189895412980e-02 9.593094043346618e+00
3.456109550678910e-02 9.628952477247644e+00
3.471046345123779e-02 9.664809334536450e+00
3.486000308297894e-02 9.700664614752824e+00
3.500971469819537e-02 9.736518317435397e+00
3.515959859375151e-02 9.772370442121563e+00
3.530965506719545e-02 9.808220988347514e+00
3.545988441676087e-02 9.844069955648187e+00
3.561028694136902e-02 9.879917343557345e+00
3.576086294063070e-02 9.915763151607493e+00
3.591161271484824e-02 9.951607379329957e+00
3.606253656501754e-02 9.987450026254777e+00
3.621363479283002e-02 1.002329109191074e+01
3.636490770067464e-02 1.005913057582547e+01
3.651635559163997e-02 1.009496847752528e+01
3.666797876951614e-02 1.013080479653532e+01
3.681977753879691e-02 1.016663953237936e+01
3.697175220468172e-02 1.020247268458004e+01
3.712390307307769e-02 1.023830425265869e+01
3.727623045060174e-02 1.027413423613539e+01
3.742873464458257e-02 1.030996263452896e+01
3.758141596306280e-02 1.034578944735694e+01
3.773427471480101e-02 1.038161467413557e+01
3.788731120927378e-02 1.041743831437989e+01
3.804052575667789e-02 1.045326036760363e+01
3.819391866793228e-02 1.048908083331921e+01
3.834749025468027e-02 1.052489971103776e+01
3.850124082929162e-02 1.056071700026919e+01
3.865517070486460e-02 1.059653270052208e+01
3.880928019522822e-02 1.063234681130359e+01
3.896356961494427e-02 1.066815933211984e+01
3.911803927930953e-02 1.070397026247544e+01
3.927268950435785e-02 1.073977960187374e+01
3.942752060686239e-02 1.077558734981679e+01
3.958253290433766e-02 1.081139350580534e+01
3.973772671504182e-02 1.084719806933882e+01
3.989310235797880e-02 1.088300103991531e+01
4.004866015290045e-02 1.091880241703151e+01
4.020440042030883e-02 1.095460220018298e+01
4.036032348145830e-02 1.099040038886370e+01
4.051642965835778e-02 1.102619698256650e+01
4.067271927377303e-02 1.106199198078276e+01
4.082919265122872e-02 1.109778538300259e+01
4.098585011501085e-02 1.113357718871468e+01
4.114269199016881e-02 1.116936739740638e+01
4.129971860251778e-02 1.120515600856378e+01
4.145693027864088e-02 1.124094302167141e+01
4.161432734589147e-02 1.127672843621267e+01
4.177191013239547e-02 1.131251225166938e+01
4.192967896705355e-02 1.134829446752214e+01
4.208763417954346e-02 1.138407508325008e+01
4.224577610032237e-02 1.141985409833092e+01
4.240410506062912e-02 1.145563151224117e+01
4.256262139248652e-02 1.149140732445573e+01
4.272132542870372e-02 1.152718153444825e+01
4.288021750287854e-02 1.156295414169094e+01
4.303929794939972e-02 1.159872514565462e+01
4.319856710344942e-02 1.163449454580863e+01
4.335802530100540e-02 1.167026234162099e+01
4.351767287884351e-02 1.170602853255831e+01
4.367751017454002e-02 1.174179311808571e+01
4.383753752647397e-02 1.177755609766690e+01
4.399775527382963e-02 1.181331747076422e+01
4.415816375659879e-02 1.184907723683855e+01
4.431876331558330e-02 1.188483539534928e+01
4.447955429239734e-02 1.192059194575447e+01
4.464053702946995e-02 1.195634688751067e+01
4.480171187004742e-02 1.199210022007291e+01
4.496307915819574e-02 1.202785194289490e+01
4.512463923880301e-02 1.206360205542887e+01
4.528639245758196e-02 1.209935055712547e+01
4.544833916107236e-02 1.213509744743406e+01
4.561047969664355e-02 1.217084272580236e+01
4.577281441249685e-02 1.220658639167674e+01
4.593534365766814e-02 1.224232844450204e+01
4.609806778203027e-02 1.227806888372164e+01
4.626098713629567e-02 1.231380770877742e+01
4.642410207201876e-02 1.234954491910974e+01
4.658741294159857e-02 1.238528051415748e+01
4.675092009828125e-02 1.242101449335804e+01
4.691462389616258e-02 1.245674685614735e+01
4.707852469019060e-02 1.249247760195973e+01
4.724262283616806e-02 1.252820673022806e+01
4.740691869075513e-02 1.256393424038369e+01
4.757141261147191e-02 1.259966013185645e+01
4.773610495670100e-02 1.263538440407457e+01
4.790099608569019e-02 1.267110705646491e+01
4.806608635855496e-02 1.270682808845263e+01
4.823137613628121e-02 1.274254749946139e+01
4.839686578072780e-02 1.277826528891341e+01
4.856255565462925e-02 1.281398145622918e+01
4.872844612159839e-02 1.284969600082783e+01
4.889453754612896e-02 1.288540892212676e+01
4.906083029359835e-02 1.292112021954190e+01
4.922732473027026e-02 1.295682989248761e+01
4.939402122329735e-02 1.299253794037666e+01
4.956092014072400e-02 1.302824436262020e+01
4.972802185148894e-02 1.306394915862784e+01
4.989532672542806e-02 1.309965232780761e+01
5.006283513327709e-02 1.313535386956595e+01
5.023054744667433e-02 1.317105378330763e+01
5.039846403816339e-02 1.320675206843595e+01
5.056658528119602e-02 1.324244872435250e+01
5.073491155013479e-02 1.327814375045728e+01
5.090344322025590e-02 1.331383714614864e+01
5.107218066775202e-02 1.334952891082344e+01
5.124112426973499e-02 1.338521904387672e+01
5.141027440423872e-02 1.342090754470206e+01
5.157963145022199e-02 1.345659441269131e+01
5.174919578757117e-02 1.349227964723470e+01
5.191896779710330e-02 1.352796324772083e+01
5.208894786056866e-02 1.356364521353662e+01
5.225913636065386e-02 1.359932554406736e+01
5.242953368098456e-02 1.363500423869668e+01
5.260014020612842e-02 1.367068129680649e+01
5.277095632159802e-02 1.370635671777711e+01
5.294198241385369e-02 1.374203050098711e+01
5.311321887030647e-02 1.377770264581348e+01
5.328466607932105e-02 1.381337315163138e+01
5.345632443021864e-02 1.384904201781442e+01
5.362819431328002e-02 1.388470924373438e+01
5.380027611974836e-02 1.392037482876146e+01
5.397257024183234e-02 1.395603877226412e+01
5.414507707270900e-02 1.399170107360902e+01
5.431779700652685e-02 1.402736173216120e+01
5.449073043840875e-02 1.406302074728396e+01
5.466387776445499e-02 1.409867811833887e+01
5.483723938174635e-02 1.413433384468573e+01
5.501081568834704e-02 1.416998792568264e+01
5.518460708330784e-02 1.420564036068591e+01
5.535861396666908e-02 1.424129114905018e+01
5.553283673946377e-02 1.427694029012830e+01
5.570727580372066e-02 1.431258778327133e+01
5.588193156246730e-02 1.434823362782857e+01
5.605680441973321e-02 1.438387782314756e+01
5.623189478055293e-02 1.441952036857408e+01
5.640720305096919e-02 1.445516126345218e+01
5.658272963803604e-02 1.449080050712398e+01
5.675847494982196e-02 1.452643809892987e+01
5.693443939541310e-02 1.456207403820857e+01
5.711062338491640e-02 1.459770832429678e+01
5.728702732946278e-02 1.463334095652955e+01
5.746365164121033e-02 1.466897193424004e+01
5.764049673334758e-02 1.470460125675964e+01
5.781756302009663e-02 1.474022892341788e+01
5.799485091671645e-02 1.477585493354244e+01
5.817236083950612e-02 1.481147928645919e+01
5.835009320580804e-02 1.484710198149217e+01
5.852804843401129e-02 1.488272301796356e+01
5.870622694355483e-02 1.491834239519365e+01
5.888462915493079e-02 1.495396011250094e+01
5.906325548968790e-02 1.498957616920206e+01
5.924210637043464e-02 1.502519056461165e+01
5.942118222084270e-02 1.506080329804259e+01
5.960048346565026e-02 1.509641436880586e+01
5.978001053066540e-02 1.513202377621053e+01
5.995976384276940e-02 1.516763151956379e+01
6.013974382992018e-02 1.520323759817091e+01
6.031995092115569e-02 1.523884201133525e+01
6.050038554659731e-02 1.527444475835828e+01
6.068104813745327e-02 1.531004583853955e+01
6.086193912602207e-02 1.534564525117667e+01
6.104305894569595e-02 1.538124299556533e+01
6.122440803096434e-02 1.541683907099927e+01
6.140598681741737e-02 1.545243347677030e+01
6.158779574174932e-02 1.548802621216830e+01
6.176983524176206e-02 1.552361727648115e+01
6.195210575636876e-02 1.555920666899481e+01
6.213460772559717e-02 1.559479438899327e+01
6.231734159059334e-02 1.563038043575848e+01
6.250030779362512e-02 1.566596480857051e+01
6.268350677808567e-02 1.570154750670741e+01
6.286693898849717e-02 1.573712852944515e+01
6.305060487051430e-02 1.577270787605789e+01
6.323450487092785e-02 1.580828554581755e+01
6.341863943766848e-02 1.584386153799426e+01
6.360300901981018e-02 1.587943585185603e+01
6.378761406757404e-02 1.591500848666879e+01
6.397245503233183e-02 1.595057944169656e+01
6.415753236660977e-02 1.598614871620121e+01
6.434284652409218e-02 1.602171630944272e+01
6.452839795962513e-02 1.605728222067883e+01
6.471418712922025e-02 1.609284644916534e+01
6.490021449005845e-02 1.612840899415600e+01
6.508648050049363e-02 1.616396985490245e+01
6.527298562005646e-02 1.619952903065427e+01
6.545973030945815e-02 1.623508652065894e+01
6.564671503059429e-02 1.627064232416185e+01
6.583394024654861e-02 1.630619644040636e+01
6.602140642159683e-02 1.634174886863362e+01
6.620911402121045e-02 1.637729960808277e+01
6.639706351206071e-02 1.641284865799077e+01
6.658525536202231e-02 1.644839601759252e+01
6.677369004017740e-02 1.648394168612073e+01
6.696236801681947e-02 1.651948566280600e+01
6.715128976345718e-02 1.655502794687677e+01
6.734045575281843e-02 1.659056853755942e+01
6.752986645885412e-02 1.662610743407802e+01
6.771952235674229e-02 1.666164463565462e+01
6.790942392289198e-02 1.669718014150904e+01
6.809957163494725e-02 1.673271395085891e+01
6.828996597179117e-02 1.676824606291968e+01
6.848060741354987e-02 1.680377647690465e+01
6.867149644159658e-02 1.683930519202490e+01
6.886263353855564e-02 1.687483220748927e+01
6.905401918830656e-02 1.691035752250446e+01
6.924565387598820e-02 1.694588113627488e+01
6.943753808800275e-02 1.698140304800278e+01
6.962967231201996e-02 1.701692325688810e+01
6.982205703698109e-02 1.705244176212862e+01
7.001469275310332e-02 1.708795856291984e+01
7.020757995188365e-02 1.712347365845500e+01
7.040071912610328e-02 1.715898704792505e+01
7.059411076983170e-02 1.719449873051875e+01
7.078775537843092e-02 1.723000870542252e+01
7.098165344855972e-02 1.726551697182049e+01
7.117580547817789e-02 1.730102352889455e+01
7.137021196655047e-02 1.733652837582424e+01
7.156487341425206e-02 1.737203151178687e+01
7.175979032317110e-02 1.740753293595732e+01
7.195496319651420e-02 1.744303264750826e+01
7.215039253881046e-02 1.747853064561000e+01
7.234607885591576e-02 1.751402692943046e+01
7.254202265501729e-02 1.754952149813525e+01
7.273822444463769e-02 1.758501435088770e+01
7.293468473463968e-02 1.762050548684866e+01
7.313140403623032e-02 1.765599490517672e+01
7.332838286196555e-02 1.769148260502801e+01
7.352562172575457e-02 1.772696858555634e+01
7.372312114286429e-02 1.776245284591309e+01
7.392088162992393e-02 1.779793538524729e+01
7.411890370492942e-02 1.783341620270553e+01
7.431718788724796e-02 1.786889529743198e+01
7.451573469762254e-02 1.790437266856840e+01
7.471454465817656e-02 1.793984831525412e+01
7.491361829241830e-02 1.797532223662607e+01
7.511295612524563e-02 1.801079443181871e+01
7.531255868295056e-02 1.804626489996400e+01
7.551242649322386e-02 1.808173364019150e+01
7.571256008515977e-02 1.811720065162829e+01
7.591295998926061e-02 1.815266593339896e+01
7.611362673744144e-02 1.818812948462562e+01
7.631456086303494e-02 1.822359130442790e+01
7.651576290079587e-02 1.825905139192290e+01
7.671723338690606e-02 1.829450974622525e+01
7.691897285897900e-02 1.832996636644702e+01
7.712098185606475e-02 1.836542125169781e+01
7.732326091865463e-02 1.840087440108463e+01
7.752581058868609e-02 1.843632581371195e+01
7.772863140954757e-02 1.847177548868175e+01
7.793172392608336e-02 1.850722342509334e+01
7.813508868459841e-02 1.854266962204363e+01
7.833872623286331e-02 1.857811407862678e+01
7.854263712011918e-02 1.861355679393446e+01
7.874682189708257e-02 1.864899776705573e+01
7.895128111595048e-02 1.868443699707704e+01
7.915601533040532e-02 1.871987448308226e+01
7.936102509561983e-02 1.875531022415257e+01
7.956631096826226e-02 1.879074421936660e+01
7.977187350650125e-02 1.882617646780031e+01
7.997771327001094e-02 1.886160696852703e+01
8.018383081997611e-02 1.889703572061739e+01
8.039022671909719e-02 1.893246272313940e+01
8.059690153159550e-02 1.896788797515838e+01
8.080385582321820e-02 1.900331147573700e+01
8.101109016124364e-02 1.903873322393521e+01
8.121860511448645e-02 1.907415321881027e+01
8.142640125330275e-02 1.910957145941671e+01
8.163447914959542e-02 1.914498794480639e+01
8.184283937681927e-02 1.918040267402840e+01
8.205148250998641e-02 1.921581564612912e+01
8.226040912567144e-02 1.925122686015218e+01
8.246961980201681e-02 1.928663631513847e+01
8.267911511873818e-02 1.932204401012610e+01
8.288889565712967e-02 1.935744994415040e+01
8.309896200006940e-02 1.939285411624394e+01
8.330931473202470e-02 1.942825652543650e+01
8.351995443905773e-02 1.946365717075501e+01
8.373088170883071e-02 1.949905605122370e+01
8.394209713061158e-02 1.953445316586387e+01
8.415360129527939e-02 1.956984851369403e+01
8.436539479532977e-02 1.960524209372993e+01
8.457747822488057e-02 1.964063390498429e+01
8.478985217967733e-02 1.967602394646717e+01
8.500251725709887e-02 1.971141221718565e+01
8.521547405616299e-02 1.974679871614396e+01
8.542872317753192e-02 1.978218344234348e+01
8.564226522351812e-02 1.981756639478260e+01
8.585610079808986e-02 1.985294757245692e+01
8.607023050687700e-02 1.988832697435907e+01
8.628465495717655e-02 1.992370459947871e+01
8.649937475795862e-02 1.995908044680265e+01
8.671439051987199e-02 1.999445451531473e+01
8.692970285525010e-02 2.002982680399577e+01
8.714531237811664e-02 2.006519731182372e+01
8.736121970419158e-02 2.010056603777351e+01
8.757742545089689e-02 2.013593298081706e+01
8.779393023736248e-02 2.017129813992334e+01
8.801073468443221e-02 2.020666151405830e+01
8.822783941466962e-02 2.024202310218485e+01
8.844524505236404e-02 2.027738290326291e+01
8.866295222353654e-02 2.031274091624935e+01
8.888096155594588e-02 2.034809714009798e+01
8.909927367909473e-02 2.038345157375958e+01
8.931788922423543e-02 2.041880421618183e+01
8.953680882437634e-02 2.045415506630936e+01
8.975603311428779e-02 2.048950412308371e+01
8.997556273050832e-02 2.052485138544326e+01
9.019539831135073e-02 2.056019685232339e+01
9.041554049690843e-02 2.059554052265626e+01
9.063598992906145e-02 2.063088239537095e+01
9.085674725148284e-02 2.066622246939339e+01
9.107781310964487e-02 2.070156074364637e+01
9.129918815082531e-02 2.073689721704949e+01
9.152087302411377e-02 2.077223188851915e+01
9.174286838041805e-02 2.080756475696864e+01
9.196517487247043e-02 2.084289582130800e+01
9.218779315483429e-02 2.087822508044410e+01
9.241072388391022e-02 2.091355253328051e+01
9.263396771794273e-02 2.094887817871769e+01
9.285752531702658e-02 2.098420201565274e+01
9.308139734311335e-02 2.101952404297961e+01
9.330558446001801e-02 2.105484425958893e+01
9.353008733342533e-02 2.109016266436804e+01
9.375490663089664e-02 2.112547925620106e+01
9.398004302187637e-02 2.116079403396872e+01
9.420549717769870e-02 2.119610699654856e+01
9.443126977159425e-02 2.123141814281468e+01
9.465736147869670e-02 2.126672747163790e+01
9.488377297604966e-02 2.130203498188574e+01
9.511050494261329e-02 2.133734067242229e+01
9.533755805927123e-02 2.137264454210832e+01
9.556493300883724e-02 2.140794658980119e+01
9.579263047606222e-02 2.144324681435491e+01
9.602065114764095e-02 2.147854521462003e+01
9.624899571221908e-02 2.151384178944374e+01
9.647766486040003e-02 2.154913653766978e+01
9.670665928475194e-02 2.158442945813847e+01
9.693597967981468e-02 2.161972054968666e+01
9.716562674210684e-02 2.165500981114772e+01
9.739560117013282e-02 2.169029724135159e+01
9.762590366438997e-02 2.172558283912468e+01
9.785653492737552e-02 2.176086660328993e+01
9.808749566359393e-02 2.179614853266681e+01
9.831878657956389e-02 2.183142862607114e+01
9.855040838382563e-02 2.186670688231532e+01
9.878236178694820e-02 2.190198330020819e+01
9.901464750153655e-02 2.193725787855496e+01
9.924726624223898e-02 2.197253061615733e+01
9.948021872575448e-02 2.200780151181339e+01
9.971350567083999e-02 2.204307056431762e+01
9.994712779831788e-02 2.207833777246093e+01
1.001810858310833e-01 2.211360313503057e+01
1.004153804941117e-01 2.214886665081015e+01
1.006500125144663e-01 2.218412831857964e+01
1.008849826213055e-01 2.221938813711538e+01
1.011202915458907e-01 2.225464610519001e+01
1.013559400215936e-01 2.228990222157241e+01
1.015919287839041e-01 2.232515648502787e+01
1.018282585704375e-01 2.236040889431792e+01
1.020649301209428e-01 2.239565944820033e+01
1.023019441773099e-01 2.243090814542921e+01
1.025393014835776e-01 2.246615498475479e+01
1.027770027859413e-01 2.250139996492368e+01
1.030150488327610e-01 2.253664308467859e+01
1.032534403745688e-01 2.257188434275849e+01
1.034921781640771e-01 2.260712373789850e+01
1.037312629561864e-01 2.264236126882999e+01
1.039706955079934e-01 2.267759693428042e+01
1.042104765787986e-01 2.271283073297344e+01
1.044506069301148e-01 2.274806266362884e+01
1.046910873256750e-01 2.278329272496249e+01
1.049319185314401e-01 2.281852091568643e+01
1.051731013156079e-01 2.285374723450875e+01
1.054146364486203e-01 2.288897168013361e+01
1.056565247031722e-01 2.292419425126131e+01
1.058987668542194e-01 2.295941494658809e+01
1.061413636789870e-01 2.299463376480635e+01
1.063843159569778e-01 2.302985070460440e+01
1.066276244699803e-01 2.306506576466667e+01
1.068712900020773e-01 2.310027894367348e+01
1.071153133396548e-01 2.313549024030119e+01
1.073596952714094e-01 2.317069965322214e+01
1.076044365883577e-01 2.320590718110459e+01
1.078495380838447e-01 2.324111282261271e+01
1.080950005535518e-01 2.327631657640668e+01
1.083408247955061e-01 2.331151844114250e+01
1.085870116100886e-01 2.334671841547208e+01
1.088335618000431e-01 2.338191649804329e+01
1.090804761704851e-01 2.341711268749972e+01
1.093277555289100e-01 2.345230698248094e+01
1.095754006852024e-01 2.348749938162229e+01
1.098234124516447e-01 2.352268988355490e+01
1.100717916429262e-01 2.355787848690576e+01
1.103205390761517e-01 2.359306519029765e+01
1.105696555708510e-01 2.362824999234906e+01
1.108191419489870e-01 2.366343289167428e+01
1.110689990349657e-01 2.369861388688334e+01
1.113192276556448e-01 2.373379297658197e+01
1.115698286403427e-01 2.376897015937166e+01
1.118208028208481e-01 2.380414543384953e+01
1.120721510314287e-01 2.383931879860844e+01
1.123238741088410e-01 2.387449025223685e+01
1.125759728923389e-01 2.390965979331893e+01
1.128284482236837e-01 2.394482742043439e+01
1.130813009471531e-01 2.397999313215868e+01
1.133345319095507e-01 2.401515692706275e+01
1.135881419602153e-01 2.405031880371317e+01
1.138421319510307e-01 2.408547876067203e+01
1.140965027364351e-01 2.412063679649707e+01
1.143512551734304e-01 2.415579290974144e+01
1.146063901215924e-01 2.419094709895391e+01
1.148619084430800e-01 2.422609936267868e+01
1.151178110026450e-01 2.426124969945547e+01
1.153740986676420e-01 2.429639810781946e+01
1.156307723080381e-01 2.433154458630127e+01
1.158878327964227e-01 2.436668913342695e+01
1.161452810080176e-01 2.440183174771800e+01
1.164031178206866e-01 2.443697242769125e+01
1.166613441149457e-01 2.447211117185901e+01
1.169199607739732e-01 2.450724797872883e+01
1.171789686836194e-01 2.454238284680376e+01
1.174383687324173e-01 2.457751577458203e+01
1.176981618115921e-01 2.461264676055730e+01
1.179583488150720e-01 2.464777580321844e+01
1.182189306394980e-01 2.468290290104964e+01
1.184799081842344e-01 2.471802805253037e+01
1.187412823513793e-01 2.475315125613530e+01
1.190030540457745e-01 2.478827251033431e+01
1.192652241750167e-01 2.482339181359256e+01
1.195277936494671e-01 2.485850916437036e+01
1.197907633822627e-01 2.489362456112318e+01
1.200541342893265e-01 2.492873800230164e+01
1.203179072893782e-01 2.496384948635149e+01
1.205820833039448e-01 2.499895901171366e+01
1.208466632573717e-01 2.503406657682408e+01
1.211116480768328e-01 2.506917218011386e+01
1.213770386923422e-01 2.510427582000910e+01
1.216428360367642e-01 2.513937749493093e+01
1.219090410458249e-01 2.517447720329559e+01
1.221756546581228e-01 2.520957494351426e+01
1.224426778151401e-01 2.524467071399310e+01
1.227101114612535e-01 2.527976451313329e+01
1.229779565437455e-01 2.531485633933086e+01
1.232462140128157e-01 2.534994619097692e+01
1.235148848215916e-01 2.538503406645736e+01
1.237839699261405e-01 2.542011996415300e+01
1.240534702854805e-01 2.545520388243955e+01
1.243233868615916e-01 2.549028581968756e+01
1.245937206194277e-01 2.552536577426242e+01
1.248644725269279e-01 2.556044374452431e+01
1.251356435550280e-01 2.559551972882823e+01
1.254072346776720e-01 2.563059372552392e+01
1.256792468718240e-01 2.566566573295593e+01
1.259516811174797e-01 2.570073574946346e+01
1.262245383976783e-01 2.573580377338053e+01
1.264978196985144e-01 2.577086980303575e+01
1.267715260091496e-01 2.580593383675247e+01
1.270456583218248e-01 2.584099587284866e+01
1.273202176318717e-01 2.587605590963695e+01
1.275952049377253e-01 2.591111394542455e+01
1.278706212409360e-01 2.594616997851328e+01
1.281464675461814e-01 2.598122400719954e+01
1.284227448612787e-01 2.601627602977425e+01
1.286994541971971e-01 2.605132604452287e+01
1.289765965680700e-01 2.608637404972539e+01
1.292541729912074e-01 2.612142004365624e+01
1.295321844871083e-01 2.615646402458440e+01
1.298106320794734e-01 2.619150599077317e+01
1.300895167952174e-01 2.622654594048039e+01
1.303688396644818e-01 2.626158387195823e+01
1.306486017206476e-01 2.629661978345328e+01
1.309288040003478e-01 2.633165367320645e+01
1.312094475434807e-01 2.636668553945300e+01
1.314905333932221e-01 2.640171538042253e+01
1.317720625960388e-01 2.643674319433890e+01
1.320540362017013e-01 2.647176897942025e+01
1.323364552632970e-01 2.650679273387897e+01
1.326193208372430e-01 2.654181445592167e+01
1.329026339832996e-01 2.657683414374919e+01
1.331863957645836e-01 2.661185179555652e+01
1.334706072475812e-01 2.664686740953280e+01
1.337552695021617e-01 2.668188098386132e+01
1.340403836015907e-01 2.671689251671950e+01
1.343259506225438e-01 2.675190200627883e+01
1.346119716451200e-01 2.678690945070488e+01
1.348984477528555e-01 2.682191484815723e+01
1.351853800327371e-01 2.685691819678950e+01
1.354727695752160e-01 2.689191949474933e+01
1.357606174742221e-01 2.692691874017829e+01
1.360489248271771e-01 2.696191593121196e+01
1.363376927350090e-01 2.699691106597977e+01
1.366269223021660e-01 2.703190414260511e+01
1.369166146366304e-01 2.706689515920521e+01
1.372067708499330e-01 2.710188411389117e+01
1.374973920571673e-01 2.713687100476797e+01
1.377884793770033e-01 2.717185582993428e+01
1.380800339317027e-01 2.720683858748266e+01
1.383720568471324e-01 2.724181927549937e+01
1.386645492527800e-01 2.727679789206442e+01
1.389575122817672e-01 2.731177443525153e+01
1.392509470708656e-01 2.734674890312810e+01
1.395448547605104e-01 2.738172129375516e+01
1.398392364948159e-01 2.741669160518743e+01
1.401340934215901e-01 2.745165983547318e+01
1.404294266923494e-01 2.748662598265430e+01
1.407252374623338e-01 2.752159004476621e+01
1.410215268905221e-01 2.755655201983791e+01
1.413182961396467e-01 2.759151190589183e+01
1.416155463762091e-01 2.762646970094392e+01
1.419132787704951e-01 2.766142540300361e+01
1.422114944965899e-01 2.769637901007371e+01
1.425101947323941e-01 2.773133052015045e+01
1.428093806596387e-01 2.776627993122346e+01
1.431090534639007e-01 2.780122724127568e+01
1.434092143346191e-01 2.783617244828336e+01
1.437098644651106e-01 2.787111555021614e+01
1.440110050525849e-01 2.790605654503680e+01
1.443126372981612e-01 2.794099543070145e+01
1.446147624068838e-01 2.797593220515937e+01
1.449173815877385e-01 2.801086686635306e+01
1.452204960536682e-01 2.804579941221818e+01
1.455241070215896e-01 2.808072984068348e+01
1.458282157124093e-01 2.811565814967086e+01
1.461328233510400e-01 2.815058433709528e+01
1.464379311664172e-01 2.818550840086476e+01
1.467435403915156e-01 2.822043033888030e+01
1.470496522633658e-01 2.825535014903596e+01
1.473562680230709e-01 2.829026782921871e+01
1.476633889158234e-01 2.832518337730848e+01
1.479710161909217e-01 2.836009679117812e+01
1.482791511017874e-01 2.839500806869332e+01
1.485877949059824e-01 2.842991720771267e+01
1.488969488652257e-01 2.846482420608755e+01
1.492066142454107e-01 2.849972906166215e+01
1.495167923166224e-01 2.853463177227339e+01
1.498274843531551e-01 2.856953233575096e+01
1.501386916335295e-01 2.860443074991727e+01
1.504504154405104e-01 2.863932701258734e+01
1.507626570611241e-01 2.867422112156890e+01
1.510754177866764e-01 2.870911307466226e+01
1.513886989127705e-01 2.874400286966029e+01
1.517025017393243e-01 2.877889050434852e+01
1.520168275705890e-01 2.881377597650487e+01
1.523316777151670e-01 2.884865928389987e+01
1.526470534860297e-01 2.888354042429641e+01
1.529629562005363e-01 2.891841939544991e+01
1.532793871804518e-01 2.895329619510811e+01
1.535963477519655e-01 2.898817082101117e+01
1.539138392457095e-01 2.902304327089158e+01
1.542318629967774e-01 2.905791354247413e+01
1.545504203447431e-01 2.909278163347588e+01
1.548695126336795e-01 2.912764754160614e+01
1.551891412121770e-01 2.916251126456648e+01
1.555093074333634e-01 2.919737280005054e+01
1.558300126549221e-01 2.923223214574421e+01
1.561512582391119e-01 2.926708929932546e+01
1.564730455527859e-01 2.930194425846432e+01
1.567953759674114e-01 2.933679702082293e+01
1.571182508590886e-01 2.937164758405539e+01
1.574416716085708e-01 2.940649594580781e+01
1.577656396012840e-01 2.944134210371823e+01
1.580901562273463e-01 2.947618605541667e+01
1.584152228815885e-01 2.951102779852495e+01
1.587408409635732e-01 2.954586733065680e+01
1.590670118776156e-01 2.958070464941775e+01
1.593937370328033e-01 2.961553975240508e+01
1.597210178430169e-01 2.965037263720789e+01
1.600488557269500e-01 2.968520330140694e+01
1.603772521081300e-01 2.972003174257467e+01
1.607062084149387e-01 2.975485795827520e+01
1.610357260806326e-01 2.978968194606425e+01
1.613658065433645e-01 2.982450370348906e+01
1.616964512462035e-01 2.985932322808851e+01
1.620276616371570e-01 2.989414051739290e+01
1.623594391691908e-01 2.992895556892403e+01
1.626917853002513e-01 2.996376838019513e+01
1.630247014932862e-01 2.999857894871084e+01
1.633581892162662e-01 3.003338727196718e+01
1.636922499422065e-01 3.006819334745141e+01
1.640268851491890e-01 3.010299717264218e+01
1.643620963203831e-01 3.013779874500931e+01
1.646978849440685e-01 3.017259806201390e+01
1.650342525136568e-01 3.020739512110818e+01
1.653712005277138e-01 3.024218991973557e+01
1.657087304899816e-01 3.027698245533053e+01
1.660468439094011e-01 3.031177272531864e+01
1.663855423001345e-01 3.034656072711648e+01
1.667248271815877e-01 3.038134645813165e+01
1.670647000784334e-01 3.041612991576265e+01
1.674051625206336e-01 3.045091109739893e+01
1.677462160434626e-01 3.048569000042080e+01
1.680878621875302e-01 3.052046662219944e+01
1.684301024988049e-01 3.055524096009678e+01
1.687729385286371e-01 3.059001301146556e+01
1.691163718337826e-01 3.062478277364915e+01
1.694604039764262e-01 3.065955024398168e+01
1.698050365242053e-01 3.069431541978794e+01
1.701502710502337e-01 3.072907829838323e+01
1.704961091331258e-01 3.076383887707345e+01
1.708425523570204e-01 3.079859715315505e+01
1.711896023116048e-01 3.083335312391492e+01
1.715372605921394e-01 3.086810678663040e+01
1.718855287994820e-01 3.090285813856920e+01
1.722344085401123e-01 3.093760717698947e+01
1.725839014261566e-01 3.097235389913955e+01
1.729340090754130e-01 3.100709830225817e+01
1.732847331113758e-01 3.104184038357419e+01
1.736360751632611e-01 3.107658014030673e+01
1.739880368660315e-01 3.111131756966504e+01
1.743406198604220e-01 3.114605266884846e+01
1.746938257929651e-01 3.118078543504639e+01
1.750476563160167e-01 3.121551586543824e+01
1.754021130877816e-01 3.125024395719343e+01
1.757571977723398e-01 3.128496970747128e+01
1.761129120396719e-01 3.131969311342100e+01
1.764692575656862e-01 3.135441417218169e+01
1.768262360322440e-01 3.138913288088217e+01
1.771838491271868e-01 3.142384923664107e+01
1.775420985443626e-01 3.145856323656673e+01
1.779009859836526e-01 3.149327487775712e+01
1.782605131509984e-01 3.152798415729987e+01
1.786206817584287e-01 3.156269107227218e+01
1.789814935240866e-01 3.159739561974075e+01
1.793429501722568e-01 3.163209779676183e+01
1.797050534333934e-01 3.166679760038103e+01
1.800678050441470e-01 3.170149502763341e+01
1.804312067473929e-01 3.173619007554333e+01
1.807952602922591e-01 3.177088274112451e+01
1.811599674341537e-01 3.180557302137987e+01
1.815253299347939e-01 3.184026091330155e+01
1.818913495622338e-01 3.187494641387087e+01
1.822580280908932e-01 3.190962952005826e+01
1.826253673015863e-01 3.194431022882315e+01
1.829933689815502e-01 3.197898853711407e+01
1.833620349244743e-01 3.201366444186846e+01
1.837313669305293e-01 3.204833794001272e+01
1.841013668063963e-01 3.208300902846208e+01
1.844720363652965e-01 3.211767770412060e+01
1.848433774270208e-01 3.215234396388114e+01
1.852153918179596e-01 3.218700780462521e+01
1.855880813711323e-01 3.222166922322310e+01
1.859614479262181e-01 3.225632821653360e+01
1.863354933295860e-01 3.229098478140418e+01
1.867102194343248e-01 3.232563891467073e+01
1.870856281002744e-01 3.236029061315769e+01
1.874617211940562e-01 3.239493987367787e+01
1.878385005891040e-01 3.242958669303246e+01
1.882159681656954e-01 3.246423106801095e+01
1.885941258109824e-01 3.249887299539110e+01
1.889729754190240e-01 3.253351247193892e+01
1.893525188908164e-01 3.256814949440850e+01
1.897327581343263e-01 3.260278405954209e+01
1.901136950645214e-01 3.263741616406998e+01
1.904953316034038e-01 3.267204580471043e+01
1.908776696800414e-01 3.270667297816968e+01
1.912607112306011e-01 3.274129768114180e+01
1.916444581983810e-01 3.277591991030880e+01
1.920289125338435e-01 3.281053966234035e+01
1.924140761946481e-01 3.284515693389394e+01
1.927999511456851e-01 3.287977172161467e+01
1.931865393591084e-01 3.291438402213528e+01
1.935738428143698e-01 3.294899383207606e+01
1.939618634982519e-01 3.298360114804480e+01
1.943506034049031e-01 3.301820596663676e+01
1.947400645358709e-01 3.305280828443453e+01
1.951302489001367e-01 3.308740809800813e+01
1.955211585141502e-01 3.312200540391473e+01
1.959127954018642e-01 3.315660019869884e+01
1.963051615947694e-01 3.319119247889202e+01
1.966982591319298e-01 3.322578224101301e+01
1.970920900600178e-01 3.326036948156756e+01
1.974866564333496e-01 3.329495419704841e+01
1.978819603139214e-01 3.332953638393521e+01
1.982780037714446e-01 3.336411603869446e+01
1.986747888833826e-01 3.339869315777953e+01
1.990723177349869e-01 3.343326773763047e+01
1.994705924193333e-01 3.346783977467404e+01
1.998696150373594e-01 3.350240926532361e+01
2.002693876979005e-01 3.353697620597911e+01
2.006699125177276e-01 3.357154059302698e+01
2.010711916215846e-01 3.360610242284012e+01
2.014732271422255e-01 3.364066169177774e+01
2.018760212204525e-01 3.367521839618543e+01
2.022795760051539e-01 3.370977253239498e+01
2.026838936533425e-01 3.374432409672440e+01
2.030889763301937e-01 3.377887308547781e+01
2.034948262090844e-01 3.381341949494538e+01
2.039014454716317e-01 3.384796332140330e+01
2.043088363077323e-01 3.388250456111367e+01
2.047170009156014e-01 3.391704321032445e+01
2.051259415018124e-01 3.395157926526942e+01
2.055356602813369e-01 3.398611272216807e+01
2.059461594775842e-01 3.402064357722556e+01
2.063574413224421e-01 3.405517182663267e+01
2.067695080563169e-01 3.408969746656572e+01
2.071823619281743e-01 3.412422049318646e+01
2.075960051955802e-01 3.415874090264205e+01
2.080104401247419e-01 3.419325869106501e+01
2.084256689905495e-01 3.422777385457312e+01
2.088416940766175e-01 3.426228638926928e+01
2.092585176753267e-01 3.429679629124163e+01
2.096761420878663e-01 3.433130355656328e+01
2.100945696242761e-01 3.436580818129235e+01
2.105138026034894e-01 3.440031016147189e+01
2.109338433533756e-01 3.443480949312978e+01
2.113546942107833e-01 3.446930617227867e+01
2.117763575215837e-01 3.450380019491593e+01
2.121988356407140e-01 3.453829155702353e+01
2.126221309322218e-01 3.457278025456803e+01
2.130462457693086e-01 3.460726628350046e+01
2.134711825343742e-01 3.464174963975624e+01
2.138969436190616e-01 3.467623031925518e+01
2.143235314243018e-01 3.471070831790134e+01
2.147509483603589e-01 3.474518363158288e+01
2.151791968468752e-01 3.477965625617225e+01
2.156082793129173e-01 3.481412618752575e+01
2.160381981970219e-01 3.484859342148378e+01
2.164689559472417e-01 3.488305795387058e+01
2.169005550211925e-01 3.491751978049421e+01
2.173329978860992e-01 3.495197889714645e+01
2.177662870188434e-01 3.498643529960275e+01
2.182004249060101e-01 3.502088898362214e+01
2.186354140439360e-01 3.505533994494714e+01
2.190712569387567e-01 3.508978817930372e+01
2.195079561064552e-01 3.512423368240115e+01
2.199455140729104e-01 3.515867644993201e+01
2.203839333739450e-01 3.519311647757205e+01
2.208232165553759e-01 3.522755376098010e+01
2.212633661730621e-01 3.526198829579805e+01
2.217043847929549e-01 3.529642007765069e+01
2.221462749911479e-01 3.533084910214569e+01
2.225890393539269e-01 3.536527536487354e+01
2.230326804778202e-01 3.539969886140733e+01
2.234772009696500e-01 3.543411958730285e+01
2.239226034465825e-01 3.546853753809836e+01
2.243688905361803e-01 3.550295270931460e+01
2.248160648764532e-01 3.553736509645464e+01
2.252641291159108e-01 3.557177469500382e+01
2.257130859136143e-01 3.560618150042973e+01
2.261629379392294e-01 3.564058550818197e+01
2.266136878730793e-01 3.567498671369221e+01
2.270653384061976e-01 3.570938511237402e+01
2.275178922403822e-01 3.574378069962287e+01
2.279713520882488e-01 3.577817347081587e+01
2.284257206732855e-01 3.581256342131190e+01
2.288810007299071e-01 3.584695054645137e+01
2.293371950035098e-01 3.588133484155614e+01
2.297943062505267e-01 3.591571630192952e+01
2.302523372384834e-01 3.595009492285610e+01
2.307112907460532e-01 3.598447069960166e+01
2.311711695631141e-01 3.601884362741315e+01
2.316319764908048e-01 3.605321370151847e+01
2.320937143415818e-01 3.608758091712653e+01
2.325563859392764e-01 3.612194526942703e+01
2.330199941191526e-01 3.615630675359045e+01
2.334845417279646e-01 3.619066536476787e+01
2.339500316240157e-01 3.622502109809099e+01
2.344164666772161e-01 3.625937394867194e+01
2.348838497691426e-01 3.629372391160318e+01
2.353521837930973e-01 3.632807098195751e+01
2.358214716541680e-01 3.636241515478783e+01
2.362917162692879e-01 3.639675642512715e+01
2.367629205672957e-01 3.643109478798846e+01
2.372350874889971e-01 3.646543023836459e+01
2.377082199872255e-01 3.649976277122818e+01
2.381823210269036e-01 3.653409238153151e+01
2.386573935851058e-01 3.656841906420644e+01
2.391334406511197e-01 3.660274281416433e+01
2.396104652265093e-01 3.663706362629588e+01
2.400884703251782e-01 3.667138149547107e+01
2.405674589734329e-01 3.670569641653903e+01
2.410474342100465e-01 3.674000838432796e+01
2.415283990863232e-01 3.677431739364501e+01
2.420103566661630e-01 3.680862343927619e+01
2.424933100261263e-01 3.684292651598622e+01
2.429772622555002e-01 3.687722661851851e+01
2.434622164563634e-01 3.691152374159495e+01
2.439481757436533e-01 3.694581787991586e+01
2.444351432452322e-01 3.698010902815992e+01
2.449231221019545e-01 3.701439718098395e+01
2.454121154677344e-01 3.704868233302290e+01
2.459021265096138e-01 3.708296447888971e+01
2.463931584078305e-01 3.711724361317516e+01
2.468852143558871e-01 3.715151973044783e+01
2.473782975606201e-01 3.718579282525392e+01
2.478724112422700e-01 3.722006289211718e+01
2.483675586345511e-01 3.725432992553880e+01
2.488637429847217e-01 3.728859391999721e+01
2.493609675536557e-01 3.732285486994814e+01
2.498592356159139e-01 3.735711276982428e+01
2.503585504598155e-01 3.739136761403538e+01
2.508589153875108e-01 3.742561939696797e+01
2.513603337150537e-01 3.745986811298533e+01
2.518628087724757e-01 3.749411375642732e+01
2.523663439038585e-01 3.752835632161037e+01
2.528709424674089e-01 3.756259580282715e+01
2.533766078355333e-01 3.759683219434667e+01
2.538833433949132e-01 3.763106549041403e+01
2.543911525465798e-01 3.766529568525036e+01
2.549000387059912e-01 3.769952277305261e+01
2.554100053031084e-01 3.773374674799354e+01
2.559210557824723e-01 3.776796760422154e+01
2.564331936032818e-01 3.780218533586047e+01
2.569464222394710e-01 3.783639993700959e+01
2.574607451797885e-01 3.787061140174340e+01
2.579761659278761e-01 3.790481972411157e+01
2.584926880023486e-01 3.793902489813870e+01
2.590103149368735e-01 3.797322691782428e+01
2.595290502802517e-01 3.800742577714259e+01
2.600488975964989e-01 3.804162147004241e+01
2.605698604649269e-01 3.807581399044709e+01
2.610919424802258e-01 3.811000333225429e+01
2.616151472525469e-01 3.814418948933586e+01
2.621394784075856e-01 3.817837245553774e+01
2.626649395866653e-01 3.821255222467981e+01
2.631915344468218e-01 3.824672879055577e+01
2.637192666608878e-01 3.828090214693293e+01
2.642481399175789e-01 3.831507228755220e+01
2.647781579215788e-01 3.834923920612783e+01
2.653093243936265e-01 3.838340289634736e+01
2.658416430706026e-01 3.841756335187141e+01
2.663751177056178e-01 3.845172056633358e+01
2.669097520681004e-01 3.848587453334031e+01
2.674455499438855e-01 3.852002524647070e+01
2.679825151353040e-01 3.855417269927642e+01
2.685206514612732e-01 3.858831688528155e+01
2.690599627573864e-01 3.862245779798237e+01
2.696004528760046e-01 3.865659543084731e+01
2.701421256863486e-01 3.869072977731675e+01
2.706849850745904e-01 3.872486083080285e+01
2.712290349439467e-01 3.875898858468950e+01
2.717742792147725e-01 3.879311303233203e+01
2.723207218246551e-01 3.882723416705716e+01
2.728683667285088e-01 3.886135198216282e+01
2.734172178986706e-01 3.889546647091799e+01
2.739672793249959e-01 3.892957762656258e+01
2.745185550149554e-01 3.896368544230718e+01
2.750710489937326e-01 3.899778991133304e+01
2.756247653043212e-01 3.903189102679180e+01
2.761797080076244e-01 3.906598878180542e+01
2.767358811825534e-01 3.910008316946589e+01
2.772932889261282e-01 3.913417418283528e+01
2.778519353535777e-01 3.916826181494535e+01
2.784118245984408e-01 3.920234605879756e+01
2.789729608126689e-01 3.923642690736280e+01
2.795353481667280e-01 3.927050435358129e+01
2.800989908497025e-01 3.930457839036239e+01
2.806638930693987e-01 3.933864901058443e+01
2.812300590524498e-01 3.937271620709455e+01
2.817974930444216e-01 3.940677997270854e+01
2.823661993099181e-01 3.944084030021064e+01
2.829361821326883e-01 3.947489718235342e+01
2.835074458157344e-01 3.950895061185754e+01
2.840799946814196e-01 3.954300058141166e+01
2.846538330715770e-01 3.957704708367220e+01
2.852289653476199e-01 3.961109011126319e+01
2.858053958906514e-01 3.964512965677608e+01
2.863831291015769e-01 3.967916571276960e+01
2.869621694012149e-01 3.971319827176954e+01
2.875425212304103e-01 3.974722732626859e+01
2.881241890501481e-01 3.978125286872616e+01
2.887071773416675e-01 3.981527489156818e+01
2.892914906065767e-01 3.984929338718696e+01
2.898771333669691e-01 3.988330834794095e+01
2.904641101655400e-01 3.991731976615456e+01
2.910524255657042e-01 3.995132763411810e+01
2.916420841517134e-01 3.998533194408733e+01
2.922330905287764e-01 4.001933268828359e+01
2.928254493231781e-01 4.005332985889331e+01
2.934191651824010e-01 4.008732344806804e+01
2.940142427752460e-01 4.012131344792415e+01
2.946106867919551e-01 4.015529985054266e+01
2.952085019443347e-01 4.018928264796904e+01
2.958076929658798e-01 4.022326183221301e+01
2.964082646118986e-01 4.025723739524838e+01
2.970102216596383e-01 4.029120932901280e+01
2.976135689084119e-01 4.032517762540756e+01
2.982183111797261e-01 4.035914227629745e+01
2.988244533174091e-01 4.039310327351050e+01
2.994320001877402e-01 4.042706060883773e+01
3.000409566795803e-01 4.046101427403313e+01
3.006513277045024e-01 4.049496426081319e+01
3.012631181969244e-01 4.052891056085693e+01
3.018763331142414e-01 4.056285316580554e+01
3.024909774369600e-01 4.059679206726221e+01
3.031070561688333e-01 4.063072725679199e+01
3.037245743369959e-01 4.066465872592140e+01
3.043435369921016e-01 4.069858646613839e+01
3.049639492084604e-01 4.073251046889209e+01
3.055858160841777e-01 4.076643072559247e+01
3.062091427412935e-01 4.080034722761029e+01
3.068339343259229e-01 4.083425996627673e+01
3.074601960083985e-01 4.086816893288328e+01
3.080879329834124e-01 4.090207411868145e+01
3.087171504701598e-01 4.093597551488257e+01
3.093478537124840e-01 4.096987311265753e+01
3.099800479790215e-01 4.100376690313659e+01
3.106137385633498e-01 4.103765687740917e+01
3.112489307841339e-01 4.107154302652353e+01
3.118856299852757e-01 4.110542534148660e+01
3.125238415360638e-01 4.113930381326375e+01
3.131635708313247e-01 4.117317843277854e+01
3.138048232915744e-01 4.120704919091246e+01
3.144476043631715e-01 4.124091607850470e+01
3.150919195184717e-01 4.127477908635194e+01
3.157377742559829e-01 4.130863820520807e+01
3.163851741005216e-01 4.134249342578396e+01
3.170341246033705e-01 4.137634473874719e+01
3.176846313424374e-01 4.141019213472186e+01
3.183366999224143e-01 4.144403560428827e+01
3.189903359749394e-01 4.147787513798270e+01
3.196455451587580e-01 4.151171072629717e+01
3.203023331598870e-01 4.154554235967916e+01
3.209607056917788e-01 4.157937002853137e+01
3.216206684954868e-01 4.161319372321145e+01
3.222822273398324e-01 4.164701343403173e+01
3.229453880215736e-01 4.168082915125899e+01
3.236101563655735e-01 4.171464086511416e+01
3.242765382249715e-01 4.174844856577209e+01
3.249445394813547e-01 4.178225224336124e+01
3.256141660449309e-01 4.181605188796344e+01
3.262854238547036e-01 4.184984748961361e+01
3.269583188786464e-01 4.188363903829950e+01
3.276328571138809e-01 4.191742652396137e+01
3.283090445868542e-01 4.195120993649176e+01
3.289868873535192e-01 4.198498926573519e+01
3.296663914995142e-01 4.201876450148791e+01
3.303475631403459e-01 4.205253563349755e+01
3.310304084215728e-01 4.208630265146289e+01
3.317149335189897e-01 4.212006554503355e+01
3.324011446388141e-01 4.215382430380972e+01
3.330890480178736e-01 4.218757891734185e+01
3.337786499237948e-01 4.222132937513035e+01
3.344699566551943e-01 4.225507566662534e+01
3.351629745418695e-01 4.228881778122626e+01
3.358577099449925e-01 4.232255570828170e+01
3.365541692573044e-01 4.235628943708899e+01
3.372523589033114e-01 4.239001895689393e+01
3.379522853394827e-01 4.242374425689050e+01
3.386539550544489e-01 4.245746532622054e+01
3.393573745692030e-01 4.249118215397343e+01
3.400625504373024e-01 4.252489472918580e+01
3.407694892450719e-01 4.255860304084120e+01
3.414781976118098e-01 4.259230707786978e+01
3.421886821899929e-01 4.262600682914797e+01
3.429009496654864e-01 4.265970228349818e+01
3.436150067577526e-01 4.269339342968846e+01
3.443308602200623e-01 4.272708025643215e+01
3.450485168397076e-01 4.276076275238759e+01
3.457679834382171e-01 4.279444090615780e+01
3.464892668715714e-01 4.282811470629009e+01
3.472123740304210e-01 4.286178414127579e+01
3.479373118403055e-01 4.289544919954980e+01
3.486640872618755e-01 4.292910986949045e+01
3.493927072911144e-01 4.296276613941892e+01
3.501231789595635e-01 4.299641799759908e+01
3.508555093345481e-01 4.303006543223704e+01
3.515897055194054e-01 4.306370843148087e+01
3.523257746537137e-01 4.309734698342015e+01
3.530637239135249e-01 4.313098107608572e+01
3.538035605115963e-01 4.316461069744925e+01
3.545452916976271e-01 4.319823583542293e+01
3.552889247584937e-01 4.323185647785906e+01
3.560344670184897e-01 4.326547261254973e+01
3.567819258395654e-01 4.329908422722637e+01
3.575313086215704e-01 4.333269130955952e+01
3.582826228024982e-01 4.336629384715832e+01
3.590358758587316e-01 4.339989182757017e+01
3.597910753052911e-01 4.343348523828042e+01
3.605482286960850e-01 4.346707406671189e+01
3.613073436241608e-01 4.350065830022456e+01
3.620684277219592e-01 4.353423792611513e+01
3.628314886615699e-01 4.356781293161663e+01
3.635965341549899e-01 4.360138330389812e+01
3.643635719543823e-01 4.363494903006416e+01
3.651326098523390e-01 4.366851009715450e+01
3.659036556821441e-01 4.370206649214360e+01
3.666767173180402e-01 4.373561820194035e+01
3.674518026754962e-01 4.376916521338755e+01
3.682289197114778e-01 4.380270751326151e+01
3.690080764247189e-01 4.383624508827170e+01
3.697892808559977e-01 4.386977792506028e+01
3.705725410884114e-01 4.390330601020170e+01
3.713578652476562e-01 4.393682933020224e+01
3.721452615023079e-01 4.397034787149965e+01
3.729347380641054e-01 4.400386162046267e+01
3.737263031882357e-01 4.403737056339061e+01
3.745199651736220e-01 4.407087468651291e+01
3.753157323632133e-01 4.410437397598868e+01
3.761136131442779e-01 4.413786841790635e+01
3.769136159486964e-01 4.417135799828310e+01
3.777157492532598e-01 4.420484270306446e+01
3.785200215799685e-01 4.423832251812389e+01
3.793264414963348e-01 4.427179742926231e+01
3.801350176156861e-01 4.430526742220758e+01
3.809457585974720e-01 4.433873248261411e+01
3.817586731475736e-01 4.437219259606237e+01
3.825737700186151e-01 4.440564774805841e+01
3.833910580102778e-01 4.443909792403341e+01
3.842105459696166e-01 4.447254310934316e+01
3.850322427913792e-01 4.450598328926760e+01
3.858561574183290e-01 4.453941844901038e+01
3.866822988415679e-01 4.457284857369829e+01
3.875106761008641e-01 4.460627364838084e+01
3.883412982849823e-01 4.463969365802971e+01
3.891741745320153e-01 4.467310858753829e+01
3.900093140297197e-01 4.470651842172117e+01
3.908467260158532e-01 4.473992314531360e+01
3.916864197785155e-01 4.477332274297099e+01
3.925284046564922e-01 4.480671719926848e+01
3.933726900396000e-01 4.484010649870027e+01
3.942192853690363e-01 4.487349062567921e+01
3.950682001377314e-01 4.490686956453624e+01
3.959194438907027e-01 4.494024329951986e+01
3.967730262254131e-01 4.497361181479558e+01
3.976289567921308e-01 4.500697509444541e+01
3.984872452942941e-01 4.504033312246729e+01
3.993479014888770e-01 4.507368588277455e+01
4.002109351867599e-01 4.510703335919537e+01
4.010763562531018e-01 4.514037553547223e+01
4.019441746077161e-01 4.517371239526129e+01
4.028144002254498e-01 4.520704392213191e+01
4.036870431365663e-01 4.524037009956604e+01
4.045621134271295e-01 4.527369091095763e+01
4.054396212393935e-01 4.530700633961206e+01
4.063195767721936e-01 4.534031636874560e+01
4.072019902813425e-01 4.537362098148479e+01
4.080868720800275e-01 4.540692016086581e+01
4.089742325392129e-01 4.544021388983393e+01
4.098640820880454e-01 4.547350215124294e+01
4.107564312142623e-01 4.550678492785448e+01
4.116512904646035e-01 4.554006220233745e+01
4.125486704452275e-01 4.557333395726739e+01
4.134485818221295e-01 4.560660017512591e+01
4.143510353215654e-01 4.563986083830000e+01
4.152560417304761e-01 4.567311592908139e+01
4.161636118969193e-01 4.570636542966601e+01
4.170737567305012e-01 4.573960932215327e+01
4.179864872028149e-01 4.577284758854540e+01
4.189018143478808e-01 4.580608021074691e+01
4.198197492625905e-01 4.583930717056377e+01
4.207403031071567e-01 4.587252844970289e+01
4.216634871055647e-01 4.590574402977141e+01
4.225893125460281e-01 4.593895389227600e+01
4.235177907814500e-01 4.597215801862222e+01
4.244489332298857e-01 4.600535639011381e+01
4.253827513750126e-01 4.603854898795203e+01
4.263192567666003e-01 4.607173579323495e+01
4.272584610209879e-01 4.610491678695674e+01
4.282003758215640e-01 4.613809195000700e+01
4.291450129192518e-01 4.617126126317005e+01
4.300923841329966e-01 4.620442470712415e+01
4.310425013502596e-01 4.623758226244087e+01
4.319953765275144e-01 4.627073390958427e+01
4.329510216907496e-01 4.630387962891028e+01
4.339094489359741e-01 4.633701940066585e+01
4.348706704297268e-01 4.637015320498827e+01
4.358346984095925e-01 4.640328102190438e+01
4.368015451847212e-01 4.643640283132989e+01
4.377712231363509e-01 4.646951861306850e+01
4.387437447183374e-01 4.650262834681124e+01
4.397191224576863e-01 4.653573201213559e+01
4.406973689550924e-01 4.656882958850483e+01
4.416784968854804e-01 4.660192105526713e+01
4.426625189985539e-01 4.663500639165482e+01
4.436494481193470e-01 4.666808557678357e+01
4.446392971487815e-01 4.670115858965157e+01
4.456320790642292e-01 4.673422540913876e+01
4.466278069200788e-01 4.676728601400595e+01
4.476264938483082e-01 4.680034038289403e+01
4.486281530590622e-01 4.683338849432316e+01
4.496327978412343e-01 4.686643032669184e+01
4.506404415630547e-01 4.689946585827616e+01
4.516510976726830e-01 4.693249506722887e+01
4.526647796988073e-01 4.696551793157860e+01
4.536815012512470e-01 4.699853442922888e+01
4.547012760215617e-01 4.703154453795737e+01
4.557241177836668e-01 4.706454823541489e+01
4.567500403944530e-01 4.709754549912461e+01
4.577790577944121e-01 4.713053630648108e+01
4.588111840082683e-01 4.716352063474935e+01
4.598464331456156e-01 4.719649846106408e+01
4.608848194015611e-01 4.722946976242859e+01
4.619263570573729e-01 4.726243451571391e+01
4.629710604811354e-01 4.729539269765793e+01
4.640189441284101e-01 4.732834428486433e+01
4.650700225429022e-01 4.736128925380173e+01
4.661243103571332e-01 4.739422758080270e+01
4.671818222931202e-01 4.742715924206275e+01
4.682425731630611e-01 4.746008421363941e+01
4.693065778700266e-01 4.749300247145123e+01
4.703738514086571e-01 4.752591399127674e+01
4.714444088658679e-01 4.755881874875351e+01
4.725182654215600e-01 4.759171671937712e+01
4.735954363493377e-01 4.762460787850011e+01
4.746759370172323e-01 4.765749220133102e+01
4.757597828884329e-01 4.769036966293324e+01
4.768469895220247e-01 4.772324023822411e+01
4.779375725737335e-01 4.775610390197375e+01
4.790315477966761e-01 4.778896062880405e+01
4.801289310421202e-01 4.782181039318756e+01
4.812297382602487e-01 4.785465316944646e+01
4.823339855009341e-01 4.788748893175145e+01
4.834416889145168e-01 4.792031765412062e+01
4.845528647525935e-01 4.795313931041836e+01
4.856675293688116e-01 4.798595387435425e+01
4.867856992196720e-01 4.801876131948195e+01
4.879073908653382e-01 4.805156161919798e+01
4.890326209704545e-01 4.808435474674068e+01
4.901614063049707e-01 4.811714067518896e+01
4.912937637449761e-01 4.814991937746122e+01
4.924297102735393e-01 4.818269082631405e+01
4.935692629815582e-01 4.821545499434119e+01
4.947124390686168e-01 4.824821185397217e+01
4.958592558438509e-01 4.828096137747127e+01
4.970097307268210e-01 4.831370353693617e+01
4.981638812483949e-01 4.834643830429675e+01
4.993217250516375e-01 4.837916565131388e+01
5.004832798927114e-01 4.841188554957819e+01
5.016485636417821e-01 4.844459797050867e+01
5.028175942839368e-01 4.847730288535158e+01
5.039903899201079e-01 4.851000026517904e+01
5.051669687680087e-01 4.854269008088778e+01
5.063473491630757e-01 4.857537230319781e+01
5.075315495594210e-01 4.860804690265111e+01
5.087195885307950e-01 4.864071384961032e+01
5.099114847715567e-01 4.867337311425737e+01
5.111072570976541e-01 4.870602466659212e+01
5.123069244476152e-01 4.873866847643102e+01
5.135105058835465e-01 4.877130451340568e+01
5.147180205921444e-01 4.880393274696158e+01
5.159294878857132e-01 4.883655314635655e+01
5.171449272031954e-01 4.886916568065941e+01
5.183643581112111e-01 4.890177031874855e+01
5.195878003051084e-01 4.893436702931047e+01
5.208152736100237e-01 4.896695578083833e+01
5.220467979819516e-01 4.899953654163046e+01
5.232823935088281e-01 4.903210927978893e+01
5.245220804116216e-01 4.906467396321803e+01
5.257658790454358e-01 4.909723055962272e+01
5.270138099006250e-01 4.912977903650719e+01
5.282658936039176e-01 4.916231936117326e+01
5.295221509195548e-01 4.919485150071887e+01
5.307826027504363e-01 4.922737542203650e+01
5.320472701392804e-01 4.925989109181158e+01
5.333161742697956e-01 4.929239847652094e+01
5.345893364678631e-01 4.932489754243117e+01
5.358667782027308e-01 4.935738825559701e+01
5.371485210882210e-01 4.938987058185970e+01
5.384345868839486e-01 4.942234448684538e+01
5.397249974965539e-01 4.945480993596337e+01
5.410197749809448e-01 4.948726689440451e+01
5.423189415415538e-01 4.951971532713948e+01
5.436225195336079e-01 4.955215519891707e+01
5.449305314644106e-01 4.958458647426247e+01
5.462429999946369e-01 4.961700911747550e+01
5.475599479396421e-01 4.964942309262888e+01
5.488813982707839e-01 4.968182836356645e+01
5.502073741167585e-01 4.971422489390140e+01
5.515378987649492e-01 4.974661264701439e+01
5.528729956627899e-01 4.977899158605180e+01
5.542126884191430e-01 4.981136167392388e+01
5.555570008056904e-01 4.984372287330286e+01
5.569059567583401e-01 4.987607514662110e+01
5.582595803786458e-01 4.990841845606920e+01
5.596178959352436e-01 4.994075276359406e+01
5.609809278653021e-01 4.997307803089699e+01
5.623487007759868e-01 5.000539421943174e+01
5.637212394459422e-01 5.003770129040258e+01
5.650985688267872e-01 5.006999920476222e+01
5.664807140446284e-01 5.010228792320994e+01
5.678677004015865e-01 5.013456740618945e+01
5.692595533773408e-01 5.016683761388695e+01
5.706562986306900e-01 5.019909850622902e+01
5.720579620011285e-01 5.023135004288052e+01
5.734645695104398e-01 5.026359218324257e+01
5.748761473643070e-01 5.029582488645038e+01
5.762927219539400e-01 5.032804811137110e+01
5.777143198577207e-01 5.036026181660174e+01
5.791409678428648e-01 5.039246596046689e+01
5.805726928671019e-01 5.042466050101662e+01
5.820095220803736e-01 5.045684539602421e+01
5.834514828265500e-01 5.048902060298391e+01
5.848986026451635e-01 5.052118607910869e+01
5.863509092731627e-01 5.055334178132799e+01
5.878084306466841e-01 5.058548766628535e+01
5.892711949028444e-01 5.061762369033615e+01
5.907392303815494e-01 5.064974980954521e+01
5.922125656273254e-01 5.068186597968447e+01
5.936912293911693e-01 5.071397215623056e+01
5.951752506324185e-01 5.074606829436240e+01
5.966646585206414e-01 5.077815434895876e+01
5.981594824375488e-01 5.081023027459578e+01
5.996597519789254e-01 5.084229602554453e+01
6.011654969565848e-01 5.087435155576846e+01
6.026767474003417e-01 5.090639681892087e+01
6.041935335600098e-01 5.093843176834235e+01
6.057158859074194e-01 5.097045635705825e+01
6.072438351384596e-01 5.100247053777596e+01
6.087774121751389e-01 5.103447426288242e+01
6.103166481676731e-01 5.106646748444132e+01
6.118615744965936e-01 5.109845015419052e+01
6.134122227748806e-01 5.113042222353927e+01
6.149686248501186e-01 5.116238364356553e+01
6.165308128066772e-01 5.119433436501317e+01
6.180988189679154e-01 5.122627433828917e+01
6.196726758984124e-01 5.125820351346083e+01
6.212524164062195e-01 5.129012184025291e+01
6.228380735451420e-01 5.132202926804477e+01
6.244296806170434e-01 5.135392574586741e+01
6.260272711741777e-01 5.138581122240065e+01
6.276308790215460e-01 5.141768564597004e+01
6.292405382192818e-01 5.144954896454398e+01
6.308562830850616e-01 5.148140112573063e+01
6.324781481965456e-01 5.151324207677491e+01
6.341061683938415e-01 5.154507176455537e+01
6.357403787820016e-01 5.157689013558114e+01
6.373808147335450e-01 5.160869713598873e+01
6.390275118910106e-01 5.164049271153893e+01
6.406805061695372e-01 5.167227680761351e+01
6.423398337594758e-01 5.170404936921209e+01
6.440055311290300e-01 5.173581034094880e+01
6.456776350269290e-01 5.176755966704901e+01
6.473561824851281e-01 5.179929729134600e+01
6.490412108215442e-01 5.183102315727757e+01
6.507327576428203e-01 5.186273720788266e+01
6.524308608471251e-01 5.189443938579794e+01
6.541355586269805e-01 5.192612963325426e+01
6.558468894721272e-01 5.195780789207324e+01
6.575648921724204e-01 5.198947410366368e+01
6.592896058207618e-01 5.202112820901802e+01
6.610210698160635e-01 5.205277014870865e+01
6.627593238662488e-01 5.208439986288438e+01
6.645044079912871e-01 5.211601729126664e+01
6.662563625262669e-01 5.214762237314589e+01
6.680152281245010e-01 5.217921504737771e+01
6.697810457606727e-01 5.221079525237910e+01
6.715538567340171e-01 5.224236292612463e+01
6.733337026715418e-01 5.227391800614257e+01
6.751206255312833e-01 5.230546042951092e+01
6.769146676056054e-01 5.233699013285353e+01
6.787158715245352e-01 5.236850705233606e+01
6.805242802591411e-01 5.240001112366195e+01
6.823399371249479e-01 5.243150228206837e+01
6.841628857853964e-01 5.246298046232204e+01
6.859931702553433e-01 5.249444559871513e+01
6.878308349046049e-01 5.252589762506104e+01
6.896759244615405e-01 5.255733647469012e+01
6.915284840166820e-01 5.258876208044540e+01
6.933885590264081e-01 5.262017437467827e+01
6.952561953166617e-01 5.265157328924408e+01
6.971314390867128e-01 5.268295875549772e+01
6.990143369129682e-01 5.271433070428914e+01
7.009049357528275e-01 5.274568906595880e+01
7.028032829485884e-01 5.277703377033322e+01
7.047094262313953e-01 5.280836474672021e+01
7.066234137252426e-01 5.283968192390431e+01
7.085452939510231e-01 5.287098523014206e+01
7.104751158306293e-01 5.290227459315724e+01
7.124129286911036e-01 5.293354994013603e+01
7.143587822688412e-01 5.296481119772219e+01
7.163127267138455e-01 5.299605829201214e+01
7.182748125940378e-01 5.302729114854998e+01
7.202450908996170e-01 5.305850969232250e+01
7.222236130474791e-01 5.308971384775410e+01
7.242104308856880e-01 5.312090353870164e+01
7.262055966980075e-01 5.315207868844934e+01
7.282091632084843e-01 5.318323921970348e+01
7.302211835860938e-01 5.321438505458715e+01
7.322417114494437e-01 5.324551611463488e+01
7.342708008715363e-01 5.327663232078731e+01
7.363085063845934e-01 5.330773359338564e+01
7.383548829849403e-01 5.333881985216620e+01
7.404099861379538e-01 5.336989101625483e+01
7.424738717830739e-01 5.340094700416125e+01
7.445465963388802e-01 5.343198773377345e+01
7.466282167082305e-01 5.346301312235179e+01
7.487187902834708e-01 5.349402308652332e+01
7.508183749517071e-01 5.352501754227583e+01
7.529270291001523e-01 5.355599640495200e+01
7.550448116215346e-01 5.358695958924324e+01
7.571717819195821e-01 5.361790700918381e+01
7.593079999145775e-01 5.364883857814454e+01
7.614535260489849e-01 5.367975420882672e+01
7.636084212931494e-01 5.371065381325582e+01
7.657727471510741e-01 5.374153730277513e+01
7.679465656662701e-01 5.377240458803936e+01
7.701299394276870e-01 5.380325557900824e+01
7.723229315757180e-01 5.383409018493987e+01
7.745256058082878e-01 5.386490831438424e+01
7.767380263870192e-01 5.389570987517641e+01
7.789602581434835e-01 5.392649477442988e+01
7.811923664855323e-01 5.395726291852966e+01
7.834344174037147e-01 5.398801421312547e+01
7.856864774777815e-01 5.401874856312465e+01
7.879486138832765e-01 5.404946587268522e+01
7.902208943982130e-01 5.408016604520866e+01
7.925033874098459e-01 5.411084898333277e+01
7.947961619215308e-01 5.414151458892432e+01
7.970992875596796e-01 5.417216276307174e+01
7.994128345808066e-01 5.420279340607765e+01
8.017368738786733e-01 5.423340641745129e+01
8.040714769915299e-01 5.426400169590102e+01
8.064167161094569e-01 5.429457913932648e+01
8.087726640818036e-01 5.432513864481095e+01
8.111393944247333e-01 5.435568010861336e+01
8.135169813288685e-01 5.438620342616044e+01
8.159054996670463e-01 5.441670849203862e+01
8.183050250021739e-01 5.444719519998591e+01
8.207156335952007e-01 5.447766344288371e+01
8.231374024131949e-01 5.450811311274845e+01
8.255704091375373e-01 5.453854410072323e+01
8.280147321722257e-01 5.456895629706933e+01
8.304704506522971e-01 5.459934959115760e+01
8.329376444523684e-01 5.462972387145973e+01
8.354163941952977e-01 5.466007902553960e+01
8.379067812609636e-01 5.469041494004425e+01
8.404088877951740e-01 5.472073150069500e+01
8.429227967186962e-01 5.475102859227833e+01
8.454485917364198e-01 5.478130609863675e+01
8.479863573466446e-01 5.481156390265942e+01
8.505361788505046e-01 5.484180188627289e+01
8.530981423615254e-01 5.487201993043151e+01
8.556723348153201e-01 5.490221791510786e+01
8.582588439794199e-01 5.493239571928309e+01
8.608577584632517e-01 5.496255322093705e+01
8.634691677282552e-01 5.499269029703839e+01
8.660931620981508e-01 5.502280682353452e+01
8.687298327693503e-01 5.505290267534147e+01
8.713792718215241e-01 5.508297772633363e+01
8.740415722283197e-01 5.511303184933335e+01
8.767168278682388e-01 5.514306491610049e+01
8.794051335356696e-01 5.517307679732175e+01
8.821065849520855e-01 5.520306736259998e+01
8.848212787774049e-01 5.523303648044331e+01
8.875493126215225e-01 5.526298401825419e+01
8.902907850560051e-01 5.529290984231827e+01
8.930457956259665e-01 5.532281381779316e+01
8.958144448621157e-01 5.535269580869713e+01
8.985968342929854e-01 5.538255567789758e+01
9.013930664573423e-01 5.541239328709943e+01
9.042032449167831e-01 5.544220849683344e+01
9.070274742685205e-01 5.547200116644422e+01
9.098658601583626e-01 5.550177115407832e+01
9.127185092938821e-01 5.553151831667204e+01
9.155855294577923e-01 5.556124250993915e+01
9.184670295215195e-01 5.559094358835844e+01
9.213631194589876e-01 5.562062140516120e+01
9.242739103606056e-01 5.565027581231847e+01
9.271995144474733e-01 5.567990666052819e+01
9.301400450858042e-01 5.570951379920223e+01
9.330956168015695e-01 5.573909707645319e+01
9.360663452953643e-01 5.576865633908114e+01
9.390523474575078e-01 5.579819143256016e+01
9.420537413833729e-01 5.582770220102470e+01
9.450706463889591e-01 5.585718848725588e+01
9.481031830266984e-01 5.588665013266753e+01
9.511514731015169e-01 5.591608697729211e+01
9.542156396871413e-01 5.594549885976650e+01
9.572958071426649e-01 5.597488561731757e+01
9.603921011293692e-01 5.600424708574765e+01
9.635046486278150e-01 5.603358309941976e+01
9.666335779551992e-01 5.606289349124273e+01
9.697790187829926e-01 5.609217809265614e+01
9.729411021548482e-01 5.612143673361506e+01
9.761199605048038e-01 5.615066924257461e+01
9.793157276757692e-01 5.617987544647443e+01
9.825285389383137e-01 5.620905517072284e+01
9.857585310097490e-01 5.623820823918095e+01
9.890058420735243e-01 5.626733447414646e+01
9.922706117989321e-01 5.629643369633737e+01
9.955529813611352e-01 5.632550572487553e+01
9.988530934615124e-01 5.635455037726982e+01
1.002171092348342e+00 5.638356746939938e+01
1.005507123837816e+00 5.641255681549645e+01
1.008861335335408e+00 5.644151822812917e+01
1.012233875857577e+00 5.647045151818403e+01
1.015624896053840e+00 5.649935649484826e+01
1.019034548229203e+00 5.652823296559191e+01
1.022462986366965e+00 5.655708073614981e+01
1.025910366151897e+00 5.658589961050328e+01
1.029376844993809e+00 5.661468939086159e+01
1.032862582051509e+00 5.664344987764331e+01
1.036367738257164e+00 5.667218086945740e+01
1.039892476341062e+00 5.670088216308401e+01
1.043436960856803e+00 5.672955355345522e+01
1.047001358206901e+00 5.675819483363538e+01
1.050585836668831e+00 5.678680579480138e+01
1.054190566421507e+00 5.681538622622263e+01
1.057815719572216e+00 5.684393591524076e+01
1.061461470184006e+00 5.687245464724921e+01
1.065127994303558e+00 5.690094220567250e+01
1.068815469989506e+00 5.692939837194527e+01
1.072524077341277e+00 5.695782292549112e+01
1.076253998528402e+00 5.698621564370120e+01
1.080005417820352e+00 5.701457630191256e+01
1.083778521616880e+00 5.704290467338620e+01
1.087573498478896e+00 5.707120052928497e+01
1.091390539159876e+00 5.709946363865114e+01
1.095229836637830e+00 5.712769376838381e+01
1.099091586147819e+00 5.715589068321592e+01
1.102975985215052e+00 5.718405414569114e+01
1.106883233688561e+00 5.721218391614045e+01
1.110813533775484e+00 5.724027975265849e+01
1.114767090075940e+00 5.726834141107955e+01
1.118744109618534e+00 5.729636864495339e+01
1.122744801896501e+00 5.732436120552079e+01
1.126769378904486e+00 5.735231884168880e+01
1.130818055175991e+00 5.738024130000566e+01
1.134891047821500e+00 5.740812832463556e+01
1.138988576567282e+00 5.743597965733306e+01
1.143110863794913e+00 5.746379503741723e+01
1.147258134581499e+00 5.749157420174549e+01
1.151430616740648e+00 5.751931688468721e+01
1.155628540864181e+00 5.754702281809698e+01
1.159852140364617e+00 5.757469173128764e+01
1.164101651518430e+00 5.760232335100297e+01
1.168377313510113e+00 5.762991740139008e+01
1.172679368477052e+00 5.765747360397158e+01
1.177008061555242e+00 5.768499167761735e+01
1.181363640925844e+00 5.771247133851608e+01
1.185746357862617e+00 5.773991230014646e+01
1.190156466780245e+00 5.776731427324813e+01
1.194594225283563e+00 5.779467696579225e+01
1.199059894217721e+00 5.782200008295180e+01
1.203553737719286e+00 5.784928332707156e+01
1.208076023268329e+00 5.787652639763778e+01
1.212627021741493e+00 5.790372899124756e+01
1.217207007466079e+00 5.793089080157783e+01
1.221816258275167e+00 5.795801151935414e+01
1.226455055563799e+00 5.798509083231899e+01
1.231123684346250e+00 5.801212842519995e+01
1.235822433314394e+00 5.803912397967744e+01
1.240551594897219e+00 5.806607717435209e+01
1.245311465321490e+00 5.809298768471190e+01
1.250102344673607e+00 5.811985518309903e+01
1.254924536962666e+00 5.814667933867619e+01
1.259778350184768e+00 5.817345981739285e+01
1.264664096388593e+00 5.820019628195094e+01
1.269582091742280e+00 5.822688839177041e+01
1.274532656601620e+00 5.825353580295429e+01
1.279516115579627e+00 5.828013816825352e+01
1.284532797617486e+00 5.830669513703143e+01
1.289583036056937e+00 5.833320635522787e+01
1.294667168714103e+00 5.835967146532301e+01
1.299785537954819e+00 5.838609010630085e+01
1.304938490771484e+00 5.841246191361229e+01
1.310126378861484e+00 5.843878651913806e+01
1.315349558707198e+00 5.846506355115108e+01
1.320608391657661e+00 5.849129263427869e+01
1.325903244011893e+00 5.851747338946448e+01
1.331234487103956e+00 5.854360543392976e+01
1.336602497389758e+00 5.856968838113475e+01
1.342007656535668e+00 5.859572184073940e+01
1.347450351508980e+00 5.862170541856400e+01
1.352930974670260e+00 5.864763871654930e+01
1.358449923867634e+00 5.867352133271647e+01
1.364007602533059e+00 5.869935286112666e+01
1.369604419780633e+00 5.872513289184026e+01
1.375240790506991e+00 5.875086101087591e+01
1.380917135493818e+00 5.877653680016908e+01
1.386633881512581e+00 5.880215983753056e+01
1.392391461431476e+00 5.882772969660439e+01
1.398190314324702e+00 5.885324594682578e+01
1.404030885584066e+00 5.887870815337850e+01
1.409913627033028e+00 5.890411587715214e+01
1.415838997043213e+00 5.892946867469909e+01
1.421807460653474e+00 5.895476609819121e+01
1.427819489691546e+00 5.898000769537622e+01
1.433875562898396e+00 5.900519300953395e+01
1.439976166055295e+00 5.903032157943220e+01
1.446121792113722e+00 5.905539293928254e+01
1.452312941328138e+00 5.908040661869569e+01
1.458550121391731e+00 5.910536214263686e+01
1.464833847575201e+00 5.913025903138082e+01
1.471164642868660e+00 5.915509680046673e+01
1.477543038126732e+00 5.917987496065287e+01
1.483969572216941e+00 5.920459301787118e+01
1.490444792171467e+00 5.922925047318158e+01
1.496969253342380e+00 5.925384682272632e+01
1.503543519560398e+00 5.927838155768396e+01
1.510168163297328e+00 5.930285416422349e+01
1.516843765832234e+00 5.932726412345816e+01
1.523570917421464e+00 5.935161091139938e+01
1.530350217472627e+00 5.937589399891048e+01
1.537182274722631e+00 5.940011285166046e+01
1.544067707419900e+00 5.942426693007771e+01
1.551007143510874e+00 5.944835568930379e+01
1.558001220830910e+00 5.947237857914715e+01
1.565050587299722e+00 5.949633504403699e+01
1.572155901121460e+00 5.952022452297712e+01
1.579317830989587e+00 5.954404644950002e+01
1.586537056296659e+00 5.956780025162089e+01
1.593814267349170e+00 5.959148535179204e+01
1.601150165587586e+00 5.961510116685727e+01
1.608545463811740e+00 5.963864710800668e+01
1.616000886411700e+00 5.966212258073158e+01
1.623517169604313e+00 5.968552698477973e+01
1.631095061675553e+00 5.970885971411097e+01
1.638735323228861e+00 5.973212015685314e+01
1.646438727439635e+00 5.975530769525842e+01
1.654206060316059e+00 5.977842170566017e+01
1.662038120966451e+00 5.980146155843019e+01
1.669935721873334e+00 5.982442661793658e+01
1.677899689174392e+00 5.984731624250212e+01
1.685930862950564e+00 5.987012978436338e+01
1.694030097521448e+00 5.989286658963038e+01
1.702198261748257e+00 5.991552599824717e+01
1.710436239344525e+00 5.993810734395302e+01
1.718744929194838e+00 5.996060995424465e+01
1.727125245681790e+00 5.998303315033918e+01
1.735578119021445e+00 6.000537624713834e+01
1.744104495607532e+00 6.002763855319341e+01
1.752705338364676e+00 6.004981937067154e+01
1.761381627110916e+00 6.007191799532317e+01
1.770134358929812e+00 6.009393371645073e+01
1.778964548552415e+00 6.011586581687865e+01
1.787873228749441e+00 6.013771357292492e+01
1.796861450733939e+00 6.015947625437407e+01
1.805930284574802e+00 6.018115312445181e+01
1.815080819621438e+00 6.020274343980138e+01
1.824314164939990e+00 6.022424645046171e+01
1.833631449761436e+00 6.024566139984746e+01
1.843033823941983e+00 6.026698752473110e+01
1.852522458436114e+00 6.028822405522715e+01
1.862098545782725e+00 6.030937021477858e+01
1.871763300604767e+00 6.033042522014563e+01
1.881517960122827e+00 6.035138828139711e+01
1.891363784683114e+00 6.037225860190432e+01
1.901302058300304e+00 6.039303537833766e+01
1.911334089215770e+00 6.041371780066622e+01
1.921461210471665e+00 6.043430505216033e+01
1.931684780501428e+00 6.045479630939738e+01
1.942006183737217e+00 6.047519074227085e+01
1.952426831234888e+00 6.049548751400295e+01
1.962948161317077e+00 6.051568578116095e+01
1.973571640235016e+00 6.053578469367726e+01
1.984298762849716e+00 6.055578339487366e+01
1.995131053333188e+00 6.057568102148959e+01
2.006070065890386e+00 6.059547670371506e+01
2.017117385502608e+00 6.061516956522806e+01
2.028274628693061e+00 6.063475872323673e+01
2.039543444315419e+00 6.065424328852679e+01
2.050925514366140e+00 6.067362236551403e+01
2.062422554821416e+00 6.069289505230250e+01
2.074036316499588e+00 6.071206044074830e+01
2.085768585949986e+00 6.073111761652943e+01
2.097621186369104e+00 6.075006565922199e+01
2.109595978545123e+00 6.076890364238280e+01
2.121694861831774e+00 6.078763063363890e+01
2.133919775152660e+00 6.080624569478419e+01
2.146272698037114e+00 6.082474788188336e+01
2.158755651688775e+00 6.084313624538371e+01
2.171370700088073e+00 6.086140983023485e+01
2.184119951129917e+00 6.087956767601687e+01
2.197005557797874e+00 6.089760881707718e+01
2.210029719376241e+00 6.091553228267642e+01
2.223194682701402e+00 6.093333709714383e+01
2.236502743454010e+00 6.095102228004237e+01
2.249956247493529e+00 6.096858684634406e+01
2.263557592236782e+00 6.098602980661599e+01
2.277309228082170e+00 6.100335016721719e+01
2.291213659881396e+00 6.102054693050705e+01
2.305273448460499e+00 6.103761909506559e+01
2.319491212192179e+00 6.105456565592602e+01
2.333869628621392e+00 6.107138560482012e+01
2.348411436146391e+00 6.108807793043686e+01
2.363119435757387e+00 6.110464161869483e+01
2.377996492835180e+00 6.112107565302888e+01
2.393045539012138e+00 6.113737901469151e+01
2.408269574098130e+00 6.115355068306968e+01
2.423671668074014e+00 6.116958963601738e+01
2.439254963155499e+00 6.118549485020468e+01
2.455022675930257e+00 6.120126530148369e+01
2.470978099571380e+00 6.121689996527221e+01
2.487124606130358e+00 6.123239781695539e+01
2.503465648912942e+00 6.124775783230641e+01
2.520004764941375e+00 6.126297898792633e+01
2.536745577506740e+00 6.127806026170411e+01
2.553691798815235e+00 6.129300063329738e+01
2.570847232732481e+00 6.130779908463441e+01
2.588215777630064e+00 6.132245460043830e+01
2.605801429338868e+00 6.133696616877371e+01
2.623608284213816e+00 6.135133278161712e+01
2.641640542315034e+00 6.136555343545116e+01
2.659902510710534e+00 6.137962713188375e+01
2.678398606905977e+00 6.139355287829274e+01
2.697133362407163e+00 6.140732968849687e+01
2.716111426421356e+00 6.142095658345368e+01
2.735337569703708e+00 6.143443259198509e+01
2.754816688555565e+00 6.144775675153144e+01
2.774553808981615e+00 6.146092810893474e+01
2.794554091013349e+00 6.147394572125172e+01
2.814822833206583e+00 6.148680865659751e+01
2.835365477321347e+00 6.149951599502068e+01
2.856187613192771e+00 6.151206682941024e+01
2.877294983802163e+00 6.152446026643536e+01
2.898693490557892e+00 6.153669542751850e+01
2.920389198796340e+00 6.154877144984248e+01
2.942388343513642e+00 6.156068748739226e+01
2.964697335339643e+00 6.157244271203201e+01
2.987322766766013e+00 6.158403631461782e+01
3.010271418641331e+00 6.159546750614695e+01
3.033550266946506e+00 6.160673551894373e+01
3.057166489864803e+00 6.161783960788288e+01
3.081127475161470e+00 6.162877905165027e+01
3.105440827888970e+00 6.163955315404182e+01
3.130114378434650e+00 6.165016124530047e+01
3.155156190928779e+00 6.166060268349161e+01
3.180574572031841e+00 6.167087685591693e+01
3.206378080121314e+00 6.168098318056676e+01
3.232575534899170e+00 6.169092110761080e+01
3.259176027442845e+00 6.170069012092694e+01
3.286188930723631e+00 6.171028973966794e+01
3.313623910618179e+00 6.171971951986550e+01
3.341490937440195e+00 6.172897905607092e+01
3.369800298021296e+00 6.173806798303190e+01
3.398562608371695e+00 6.174698597740427e+01
3.427788826953552e+00 6.175573275949762e+01
3.457490268601774e+00 6.176430809505356e+01
3.487678619129482e+00 6.177271179705504e+01
3.518365950657648e+00 6.178094372756495e+01
3.549564737711283e+00 6.178900379959198e+01
3.581287874127157e+00 6.179689197898163e+01
3.613548690821274e+00 6.180460828632958e+01
3.646360974467426e+00 6.181215279891477e+01
3.679738987141961e+00 6.181952565264899e+01
3.713697486993436e+00 6.182672704403944e+01
3.748251750000208e+00 6.183375723216046e+01
3.783417592883207e+00 6.184061654063017e+01
3.819211397246258e+00 6.184730535958744e+01
3.855650135021250e+00 6.185382414766417e+01
3.892751395301248e+00 6.186017343394724e+01
3.930533412650604e+00 6.186635381992450e+01
3.969015096987912e+00 6.187236598140807e+01
4.008216065144600e+00 6.187821067042831e+01
4.048156674209913e+00 6.188388871709079e+01
4.088858056781232e+00 6.188940103138852e+01
4.130342158248153e+00 6.189474860496081e+01
4.172631776248404e+00 6.189993251278963e+01
4.215750602444747e+00 6.190495391482398e+01
4.259723266783593e+00 6.190981405752190e+01
4.304575384409215e+00 6.191451427529925e+01
4.350333605421203e+00 6.191905599187395e+01
4.397025667678345e+00 6.192344072149349e+01
4.444680452868623e+00 6.192767007003320e+01
4.493328046083698e+00 6.193174573595196e+01
4.542999799155922e+00 6.193566951109160e+01
4.593728398038205e+00 6.193944328130571e+01
4.645547934530859e+00 6.194306902690285e+01
4.698493982686396e+00 6.194654882288911e+01
4.752603680251935e+00 6.194988483899401e+01
4.807915815541164e+00 6.195307933946378e+01
4.864470920162734e+00 6.195613468260571e+01
4.922311368071159e+00 6.195905332006678e+01
4.981481481448730e+00 6.196183779583005e+01
5.042027643974630e+00 6.196449074491213e+01
5.103998422089375e+00 6.196701489174505e+01
5.167444694921137e+00 6.196941304822652e+01
5.232419793604254e+00 6.197168811142262e+01
5.298979650791850e+00 6.197384306090790e+01
5.367182961243338e+00 6.197588095572868e+01
5.437091354456113e+00 6.197780493097615e+01
5.508769580408436e+00 6.197961819395776e+01
5.582285709590323e+00 6.198132401995640e+01
5.657711348621088e+00 6.198292574756915e+01
5.735121872889508e+00 6.198442677361960e+01
5.814596677805066e+00 6.198583054763988e+01
5.896219450421063e+00 6.198714056592220e+01
5.980078463382704e+00 6.198836036514209e+01
6.066266893371056e+00 6.198949351555991e+01
6.154883166457653e+00 6.199054361381076e+01
6.246031333061030e+00 6.199151427529782e+01
6.339821475507983e+00 6.199240912620827e+01
6.436370151556317e+00 6.199323179517710e+01
6.535800877635923e+00 6.199398590462870e+01
6.638244656020993e+00 6.199467506183278e+01
6.743840550664066e+00 6.199530284971681e+01
6.852736317014735e+00 6.199587281748401e+01
6.965089091820957e+00 6.199638847109195e+01
7.081066149685468e+00 6.199685326365409e+01
7.200845734037340e+00 6.199727058583245e+01
7.324617971200943e+00 6.199764375629663e+01
7.452585877420910e+00 6.199797601232997e+01
7.584966470062284e+00 6.199827050066958e+01
7.721991995778794e+00 6.199853026867162e+01
7.863911290270893e+00 6.199875825589740e+01
8.010991286380857e+00 6.199895728621835e+01
8.163518689754182e+00 6.199913006054001e+01
8.321801844198204e+00 6.199927915024435e+01
8.486172812274685e+00 6.199940699144820e+01
8.656989700667852e+00 6.199951588017119e+01
8.834639264596786e+00 6.199960796849994e+01
9.019539831135065e+00 6.199968526182654e+01
9.212144587945772e+00 6.199974961722696e+01
9.412945291854763e+00 6.199980274303097e+01
9.622476461151146e+00 6.199984619961725e+01
9.841320126860705e+00 6.199988140144765e+01
1.007011123192069e+01 6.199990962033154e+01
1.030954378372761e+01 6.199993198988713e+01
1.056037788562062e+01 6.199994951113982e+01
1.082344779736207e+01 6.199996305917136e+01
1.109967120469060e+01 6.199997339070639e+01
1.139005991495899e+01 6.199998115249751e+01
1.169573224155736e+01 6.199998689034697e+01
1.201792739662050e+01 6.199999105858348e+01
1.235802228252049e+01 6.199999402979839e+01
1.271755116190040e+01 6.199999610463781e+01
1.309822879889097e+01 6.199999752144587e+01
1.350197780782036e+01 6.199999846556315e+01
1.393096112980785e+01 6.199999907809949e+01
1.438762079514926e+01 6.199999946402574e+01
1.487472443818021e+01 6.199999969946079e+01
1.539542143590294e+01 6.199999983806853e+01
1.595331107632017e+01 6.199999991652088e+01
1.655252587528668e+01 6.199999995902591e+01
1.719783412032767e+01 6.199999998096003e+01
1.789476702497195e+01 6.199999999167861e+01
1.864977767166992e+01 6.199999999660555e+01
1.947044141808058e+01 6.199999999871920e+01
2.036571095961967e+01 6.199999999955771e+01
2.134624426701962e+01 6.199999999986198e+01
2.242483090515958e+01 6.199999999996166e+01
2.361695297889295e+01 6.199999999999069e+01
2.494153306081920e+01 6.199999999999807e+01
2.642194609356031e+01 6.199999999999967e+01
2.808741075539407e+01 6.199999999999996e+01
2.997493737213857e+01 6.199999999999999e+01
3.213211064841845e+01 6.200000000000000e+01
3.462115673643372e+01 6.200000000000000e+01
3.752504383911822e+01 6.200000000000000e+01
4.095691041501729e+01 6.200000000000000e+01
4.507515030609704e+01 6.200000000000000e+01
