0.000000000000000e+00 0.000000000000000e+00
2.720987157079890e-04 2.463131632446292e-02
5.444668360849959e-04 4.924675392845046e-02
8.171047614351349e-04 7.384632676085090e-02
1.090012892855988e-03 9.843004875160233e-02
1.363191632240570e-03 1.229979338117246e-01
1.636641382279303e-03 1.475499958333870e-01
1.910362546461996e-03 1.720862486898014e-01
2.184355529079824e-03 1.966067062354533e-01
2.458620735227329e-03 2.211113823059065e-01
2.733158570804402e-03 2.456002907179986e-01
3.007969442518302e-03 2.700734452697908e-01
3.283053757885647e-03 2.945308597405649e-01
3.558411925234443e-03 3.189725478909686e-01
3.834044353706097e-03 3.433985234628736e-01
4.109951453257443e-03 3.678088001795210e-01
4.386133634662778e-03 3.922033917455252e-01
4.662591309515900e-03 4.165823118468666e-01
4.939324890232148e-03 4.409455741509376e-01
5.216334790050460e-03 4.652931923065644e-01
5.493621423035422e-03 4.896251799440492e-01
5.771185204079342e-03 5.139415506751384e-01
6.049026548904304e-03 5.382423180931148e-01
6.327145874064260e-03 5.625274957728017e-01
6.605543596947097e-03 5.867970972705443e-01
6.884220135776738e-03 6.110511361242814e-01
7.163175909615226e-03 6.352896258535843e-01
7.442411338364830e-03 6.595125799596211e-01
7.721926842770152e-03 6.837200119252280e-01
8.001722844420234e-03 7.079119352148915e-01
8.281799765750690e-03 7.320883632748547e-01
8.562158030045815e-03 7.562493095330431e-01
8.842798061440737e-03 7.803947873991284e-01
9.123720284923536e-03 8.045248102645992e-01
9.404925126337402e-03 8.286393915026764e-01
9.686413012382791e-03 8.527385444684512e-01
9.968184370619561e-03 8.768222824988605e-01
1.025023962946917e-02 9.008906189126691e-01
1.053257921821680e-02 9.249435670105797e-01
1.081520356701361e-02 9.489811400751726e-01
1.109811310687882e-02 9.730033513710019e-01
1.138130826970201e-02 9.970102141445629e-01
1.166478948824522e-02 1.021001741624342e+00
1.194855719614521e-02 1.044977947020836e+00
1.223261182791568e-02 1.068938843526563e+00
1.251695381894945e-02 1.092884444316098e+00
1.280158360552070e-02 1.116814762546131e+00
1.308650162478722e-02 1.140729811355406e+00
1.337170831479260e-02 1.164629603864832e+00
1.365720411446855e-02 1.188514153177408e+00
1.394298946363707e-02 1.212383472378392e+00
1.422906480301275e-02 1.236237574535160e+00
1.451543057420507e-02 1.260076472697325e+00
1.480208721972058e-02 1.283900179896765e+00
1.508903518296528e-02 1.307708709147608e+00
1.537627490824683e-02 1.331502073446234e+00
1.566380684077689e-02 1.355280285771386e+00
1.595163142667339e-02 1.379043359084086e+00
1.623974911296286e-02 1.402791306327757e+00
1.652816034758273e-02 1.426524140428143e+00
1.681686557938367e-02 1.450241874293454e+00
1.710586525813187e-02 1.473944520814243e+00
1.739515983451145e-02 1.497632092863572e+00
1.768474976012674e-02 1.521304603296933e+00
1.797463548750466e-02 1.544962064952298e+00
1.826481747009708e-02 1.568604490650195e+00
1.855529616228314e-02 1.592231893193603e+00
1.884607201937170e-02 1.615844285368141e+00
1.913714549760364e-02 1.639441679941946e+00
1.942851705415431e-02 1.663024089665775e+00
1.972018714713587e-02 1.686591527272995e+00
2.001215623559972e-02 1.710144005479613e+00
2.030442477953892e-02 1.733681536984324e+00
2.059699323989058e-02 1.757204134468452e+00
2.088986207853829e-02 1.780711810596088e+00
2.118303175831455e-02 1.804204578014012e+00
2.147650274300323e-02 1.827682449351769e+00
2.177027549734197e-02 1.851145437221678e+00
2.206435048702468e-02 1.874593554218819e+00
2.235872817870397e-02 1.898026812921142e+00
2.265340903999365e-02 1.921445225889371e+00
2.294839353947116e-02 1.944848805667110e+00
2.324368214668008e-02 1.968237564780878e+00
2.353927533213265e-02 1.991611515740018e+00
2.383517356731221e-02 2.014970671036870e+00
2.413137732467573e-02 2.038315043146646e+00
2.442788707765637e-02 2.061644644527576e+00
2.472470330066593e-02 2.084959487620843e+00
2.502182646909743e-02 2.108259584850618e+00
2.531925705932761e-02 2.131544948624150e+00
2.561699554871952e-02 2.154815591331687e+00
2.591504241562505e-02 2.178071525346549e+00
2.621339813938747e-02 2.201312763025168e+00
2.651206320034404e-02 2.224539316707055e+00
2.681103807982858e-02 2.247751198714859e+00
2.711032326017403e-02 2.270948421354390e+00
2.740991922471506e-02 2.294130996914618e+00
2.770982645779067e-02 2.317298937667680e+00
2.801004544474683e-02 2.340452255868975e+00
2.831057667193902e-02 2.363590963757087e+00
2.861142062673495e-02 2.386715073553859e+00
2.891257779751714e-02 2.409824597464421e+00
2.921404867368556e-02 2.432919547677191e+00
2.951583374566030e-02 2.455999936363874e+00
2.981793350488424e-02 2.479065775679551e+00
3.012034844382567e-02 2.502117077762602e+00
3.042307905598103e-02 2.525153854734828e+00
3.072612583587755e-02 2.548176118701381e+00
3.102948927907594e-02 2.571183881750844e+00
3.133316988217313e-02 2.594177155955240e+00
3.163716814280493e-02 2.617155953370020e+00
3.194148455964881e-02 2.640120286034136e+00
3.224611963242656e-02 2.663070165969994e+00
3.255107386190706e-02 2.686005605183528e+00
3.285634774990902e-02 2.708926615664215e+00
3.316194179930376e-02 2.731833209385062e+00
3.346785651401790e-02 2.754725398302643e+00
3.377409239903620e-02 2.777603194357141e+00
3.408064996040432e-02 2.800466609472323e+00
3.438752970523156e-02 2.823315655555596e+00
3.469473214169375e-02 2.846150344498028e+00
3.500225777903596e-02 2.868970688174304e+00
3.531010712757537e-02 2.891776698442840e+00
3.561828069870408e-02 2.914568387145749e+00
3.592677900489193e-02 2.937345766108830e+00
3.623560255968937e-02 2.960108847141697e+00
3.654475187773026e-02 2.982857642037626e+00
3.685422747473479e-02 3.005592162573766e+00
3.716402986751229e-02 3.028312420511003e+00
3.747415957396414e-02 3.051018427594080e+00
3.778461711308666e-02 3.073710195551541e+00
3.809540300497398e-02 3.096387736095817e+00
3.840651777082098e-02 3.119051060923187e+00
3.871796193292616e-02 3.141700181713830e+00
3.902973601469457e-02 3.164335110131852e+00
3.934184054064080e-02 3.186955857825261e+00
3.965427603639185e-02 3.209562436426054e+00
3.996704302869012e-02 3.232154857550128e+00
4.028014204539635e-02 3.254733132797444e+00
4.059357361549261e-02 3.277297273751902e+00
4.090733826908524e-02 3.299847291981443e+00
4.122143653740790e-02 3.322383199038079e+00
4.153586895282452e-02 3.344905006457829e+00
4.185063604883233e-02 3.367412725760829e+00
4.216573836006485e-02 3.389906368451278e+00
4.248117642229496e-02 3.412385946017508e+00
4.279695077243790e-02 3.434851469931971e+00
4.311306194855432e-02 3.457302951651279e+00
4.342951048985336e-02 3.479740402616180e+00
4.374629693669569e-02 3.502163834251650e+00
4.406342183059662e-02 3.524573257966829e+00
4.438088571422914e-02 3.546968685155107e+00
4.469868913142704e-02 3.569350127194078e+00
4.501683262718802e-02 3.591717595445608e+00
4.533531674767680e-02 3.614071101255828e+00
4.565414204022823e-02 3.636410655955185e+00
4.597330905335045e-02 3.658736270858402e+00
4.629281833672804e-02 3.681047957264532e+00
4.661267044122513e-02 3.703345726456998e+00
4.693286591888861e-02 3.725629589703530e+00
4.725340532295130e-02 3.747899558256286e+00
4.757428920783513e-02 3.770155643351789e+00
4.789551812915432e-02 3.792397856210986e+00
4.821709264371860e-02 3.814626208039250e+00
4.853901330953644e-02 3.836840710026387e+00
4.886128068581828e-02 3.859041373346685e+00
4.918389533297974e-02 3.881228209158898e+00
4.950685781264488e-02 3.903401228606281e+00
4.983016868764946e-02 3.925560442816607e+00
5.015382852204422e-02 3.947705862902172e+00
5.047783788109816e-02 3.969837499959823e+00
5.080219733130180e-02 3.991955365070979e+00
5.112690744037053e-02 4.014059469301611e+00
5.145196877724788e-02 4.036149823702328e+00
5.177738191210886e-02 4.058226439308310e+00
5.210314741636331e-02 4.080289327139415e+00
5.242926586265919e-02 4.102338498200112e+00
5.275573782488602e-02 4.124373963479531e+00
5.308256387817818e-02 4.146395733951525e+00
5.340974459891829e-02 4.168403820574575e+00
5.373728056474063e-02 4.190398234291955e+00
5.406517235453454e-02 4.212378986031595e+00
5.439342054844779e-02 4.234346086706225e+00
5.472202572789004e-02 4.256299547213306e+00
5.505098847553625e-02 4.278239378435078e+00
5.538030937533014e-02 4.300165591238578e+00
5.570998901248764e-02 4.322078196475680e+00
5.604002797350036e-02 4.343977204983034e+00
5.637042684613904e-02 4.365862627582171e+00
5.670118621945710e-02 4.387734475079455e+00
5.703230668379405e-02 4.409592758266161e+00
5.736378883077911e-02 4.431437487918391e+00
5.769563325333464e-02 4.453268674797211e+00
5.802784054567974e-02 4.475086329648590e+00
5.836041130333374e-02 4.496890463203421e+00
5.869334612311983e-02 4.518681086177548e+00
5.902664560316855e-02 4.540458209271812e+00
5.936031034292145e-02 4.562221843171997e+00
5.969434094313458e-02 4.583971998548918e+00
6.002873800588224e-02 4.605708686058392e+00
6.036350213456046e-02 4.627431916341258e+00
6.069863393389072e-02 4.649141700023421e+00
6.103413400992354e-02 4.670838047715826e+00
6.137000297004217e-02 4.692520970014503e+00
6.170624142296621e-02 4.714190477500569e+00
6.204284997875531e-02 4.735846580740247e+00
6.237982924881291e-02 4.757489290284880e+00
6.271717984588986e-02 4.779118616670956e+00
6.305490238408816e-02 4.800734570420094e+00
6.339299747886475e-02 4.822337162039116e+00
6.373146574703512e-02 4.843926402019989e+00
6.407030780677718e-02 4.865502300839879e+00
6.440952427763498e-02 4.887064868961179e+00
6.474911578052248e-02 4.908614116831508e+00
6.508908293772733e-02 4.930150054883704e+00
6.542942637291470e-02 4.951672693535887e+00
6.577014671113106e-02 4.973182043191414e+00
6.611124457880807e-02 4.994678114238969e+00
6.645272060376629e-02 5.016160917052488e+00
6.679457541521922e-02 5.037630461991260e+00
6.713680964377697e-02 5.059086759399868e+00
6.747942392145026e-02 5.080529819608259e+00
6.782241888165431e-02 5.101959652931733e+00
6.816579515921269e-02 5.123376269670949e+00
6.850955339036122e-02 5.144779680111974e+00
6.885369421275199e-02 5.166169894526259e+00
6.919821826545722e-02 5.187546923170647e+00
6.954312618897326e-02 5.208910776287453e+00
6.988841862522456e-02 5.230261464104402e+00
7.023409621756760e-02 5.251598996834673e+00
7.058015961079495e-02 5.272923384676943e+00
7.092660945113924e-02 5.294234637815343e+00
7.127344638627722e-02 5.315532766419523e+00
7.162067106533375e-02 5.336817780644616e+00
7.196828413888585e-02 5.358089690631310e+00
7.231628625896687e-02 5.379348506505806e+00
7.266467807907034e-02 5.400594238379888e+00
7.301346025415432e-02 5.421826896350879e+00
7.336263344064535e-02 5.443046490501676e+00
7.371219829644260e-02 5.464253030900807e+00
7.406215548092200e-02 5.485446527602370e+00
7.441250565494040e-02 5.506626990646108e+00
7.476324948083972e-02 5.527794430057373e+00
7.511438762245111e-02 5.548948855847176e+00
7.546592074509920e-02 5.570090278012213e+00
7.581784951560620e-02 5.591218706534793e+00
7.617017460229621e-02 5.612334151382974e+00
7.652289667499938e-02 5.633436622510487e+00
7.687601640505623e-02 5.654526129856766e+00
7.722953446532184e-02 5.675602683346987e+00
7.758345153017013e-02 5.696666292892075e+00
7.793776827549820e-02 5.717716968388665e+00
7.829248537873060e-02 5.738754719719211e+00
7.864760351882363e-02 5.759779556751905e+00
7.900312337626970e-02 5.780791489340750e+00
7.935904563310169e-02 5.801790527325537e+00
7.971537097289724e-02 5.822776680531902e+00
8.007210008078321e-02 5.843749958771276e+00
8.042923364344003e-02 5.864710371840953e+00
8.078677234910610e-02 5.885657929524076e+00
8.114471688758224e-02 5.906592641589654e+00
8.150306795023608e-02 5.927514517792588e+00
8.186182623000658e-02 5.948423567873643e+00
8.222099242140843e-02 5.969319801559507e+00
8.258056722053658e-02 5.990203228562802e+00
8.294055132507065e-02 6.011073858582041e+00
8.330094543427961e-02 6.031931701301701e+00
8.366175024902611e-02 6.052776766392224e+00
8.402296647177121e-02 6.073609063509991e+00
8.438459480657874e-02 6.094428602297381e+00
8.474663595912008e-02 6.115235392382754e+00
8.510909063667858e-02 6.136029443380483e+00
8.547195954815433e-02 6.156810764890935e+00
8.583524340406855e-02 6.177579366500527e+00
8.619894291656852e-02 6.198335257781700e+00
8.656305879943194e-02 6.219078448292947e+00
8.692759176807185e-02 6.239808947578830e+00
8.729254253954113e-02 6.260526765169981e+00
8.765791183253736e-02 6.281231910583109e+00
8.802370036740734e-02 6.301924393321034e+00
8.838990886615204e-02 6.322604222872673e+00
8.875653805243118e-02 6.343271408713075e+00
8.912358865156812e-02 6.363925960303416e+00
8.949106139055454e-02 6.384567887091016e+00
8.985895699805536e-02 6.405197198509338e+00
9.022727620441338e-02 6.425813903978035e+00
9.059601974165432e-02 6.446418012902921e+00
9.096518834349150e-02 6.467009534676002e+00
9.133478274533080e-02 6.487588478675487e+00
9.170480368427550e-02 6.508154854265804e+00
9.207525189913122e-02 6.528708670797592e+00
9.244612813041082e-02 6.549249937607719e+00
9.281743312033931e-02 6.569778664019317e+00
9.318916761285879e-02 6.590294859341753e+00
9.356133235363349e-02 6.610798532870685e+00
9.393392809005474e-02 6.631289693888036e+00
9.430695557124587e-02 6.651768351662003e+00
9.468041554806737e-02 6.672234515447119e+00
9.505430877312185e-02 6.692688194484194e+00
9.542863600075908e-02 6.713129398000387e+00
9.580339798708115e-02 6.733558135209151e+00
9.617859548994746e-02 6.753974415310324e+00
9.655422926897990e-02 6.774378247490070e+00
9.693030008556794e-02 6.794769640920926e+00
9.730680870287377e-02 6.815148604761813e+00
9.768375588583748e-02 6.835515148158020e+00
9.806114240118231e-02 6.855869280241237e+00
9.843896901741964e-02 6.876211010129580e+00
9.881723650485445e-02 6.896540346927530e+00
9.919594563559041e-02 6.916857299726054e+00
9.957509718353517e-02 6.937161877602531e+00
9.995469192440565e-02 6.957454089620757e+00
1.003347306357333e-01 6.977733944831051e+00
1.007152140968694e-01 6.998001452270131e+00
1.010961430889904e-01 7.018256620961242e+00
1.014775183951034e-01 7.038499459914089e+00
1.018593408000512e-01 7.058729978124887e+00
1.022416110905180e-01 7.078948184576355e+00
1.026243300550346e-01 7.099154088237711e+00
1.030074984839840e-01 7.119347698064747e+00
1.033911171696067e-01 7.139529022999728e+00
1.037751869060062e-01 7.159698071971526e+00
1.041597084891543e-01 7.179854853895527e+00
1.045446827168971e-01 7.199999377673706e+00
1.049301103889600e-01 7.220131652194603e+00
1.053159923069534e-01 7.240251686333341e+00
1.057023292743784e-01 7.260359488951632e+00
1.060891220966322e-01 7.280455068897819e+00
1.064763715810138e-01 7.300538435006828e+00
1.068640785367296e-01 7.320609596100233e+00
1.072522437748990e-01 7.340668560986209e+00
1.076408681085600e-01 7.360715338459602e+00
1.080299523526750e-01 7.380749937301896e+00
1.084194973241366e-01 7.400772366281227e+00
1.088095038417728e-01 7.420782634152406e+00
1.091999727263535e-01 7.440780749656938e+00
1.095909048005956e-01 7.460766721522972e+00
1.099823008891692e-01 7.480740558465413e+00
1.103741618187030e-01 7.500702269185808e+00
1.107664884177907e-01 7.520651862372464e+00
1.111592815169962e-01 7.540589346700401e+00
1.115525419488599e-01 7.560514730831340e+00
1.119462705479043e-01 7.580428023413774e+00
1.123404681506403e-01 7.600329233082938e+00
1.127351355955727e-01 7.620218368460822e+00
1.131302737232062e-01 7.640095438156173e+00
1.135258833760517e-01 7.659960450764533e+00
1.139219653986319e-01 7.679813414868196e+00
1.143185206374877e-01 7.699654339036279e+00
1.147155499411836e-01 7.719483231824682e+00
1.151130541603146e-01 7.739300101776109e+00
1.155110341475116e-01 7.759104957420103e+00
1.159094907574477e-01 7.778897807272994e+00
1.163084248468446e-01 7.798678659837982e+00
1.167078372744781e-01 7.818447523605084e+00
1.171077289011849e-01 7.838204407051180e+00
1.175081005898686e-01 7.857949318639999e+00
1.179089532055057e-01 7.877682266822134e+00
1.183102876151519e-01 7.897403260035059e+00
1.187121046879487e-01 7.917112306703125e+00
1.191144052951290e-01 7.936809415237565e+00
1.195171903100243e-01 7.956494594036524e+00
1.199204606080700e-01 7.976167851485037e+00
1.203242170668126e-01 7.995829195955057e+00
1.207284605659155e-01 8.015478635805458e+00
1.211331919871658e-01 8.035116179382044e+00
1.215384122144804e-01 8.054741835017541e+00
1.219441221339126e-01 8.074355611031635e+00
1.223503226336586e-01 8.093957515730953e+00
1.227570146040636e-01 8.113547557409067e+00
1.231641989376289e-01 8.133125744346550e+00
1.235718765290180e-01 8.152692084810916e+00
1.239800482750634e-01 8.172246587056662e+00
1.243887150747729e-01 8.191789259325279e+00
1.247978778293364e-01 8.211320109845246e+00
1.252075374421325e-01 8.230839146832064e+00
1.256176948187351e-01 8.250346378488207e+00
1.260283508669203e-01 8.269841813003186e+00
1.264395064966726e-01 8.289325458553542e+00
1.268511626201921e-01 8.308797323302826e+00
1.272633201519010e-01 8.328257415401627e+00
1.276759800084505e-01 8.347705742987589e+00
1.280891431087275e-01 8.367142314185404e+00
1.285028103738615e-01 8.386567137106812e+00
1.289169827272313e-01 8.405980219850630e+00
1.293316610944720e-01 8.425381570502715e+00
1.297468464034820e-01 8.444771197136035e+00
1.301625395844296e-01 8.464149107810620e+00
1.305787415697602e-01 8.483515310573608e+00
1.309954532942033e-01 8.502869813459210e+00
1.314126756947793e-01 8.522212624488745e+00
1.318304097108067e-01 8.541543751670666e+00
1.322486562839089e-01 8.560863203000508e+00
1.326674163580217e-01 8.580170986460939e+00
1.330866908794000e-01 8.599467110021759e+00
1.335064807966251e-01 8.618751581639902e+00
1.339267870606119e-01 8.638024409259426e+00
1.343476106246159e-01 8.657285600811559e+00
1.347689524442405e-01 8.676535164214670e+00
1.351908134774445e-01 8.695773107374272e+00
1.356131946845489e-01 8.714999438183057e+00
1.360360970282444e-01 8.734214164520886e+00
1.364595214735988e-01 8.753417294254795e+00
1.368834689880641e-01 8.772608835238987e+00
1.373079405414844e-01 8.791788795314886e+00
1.377329371061024e-01 8.810957182311061e+00
1.381584596565677e-01 8.830114004043310e+00
1.385845091699438e-01 8.849259268314633e+00
1.390110866257157e-01 8.868392982915235e+00
1.394381930057972e-01 8.887515155622523e+00
1.398658292945389e-01 8.906625794201140e+00
1.402939964787353e-01 8.925724906402948e+00
1.407226955476326e-01 8.944812499967050e+00
1.411519274929362e-01 8.963888582619763e+00
1.415816933088185e-01 8.982953162074658e+00
1.420119939919266e-01 9.002006246032558e+00
1.424428305413897e-01 9.021047842181513e+00
1.428742039588272e-01 9.040077958196868e+00
1.433061152483563e-01 9.059096601741189e+00
1.437385654165997e-01 9.078103780464339e+00
1.441715554726937e-01 9.097099502003424e+00
1.446050864282955e-01 9.116083773982858e+00
1.450391592975918e-01 9.135056604014302e+00
1.454737750973063e-01 9.154017999696727e+00
1.459089348467076e-01 9.172967968616383e+00
1.463446395676171e-01 9.191906518346808e+00
1.467808902844175e-01 9.210833656448859e+00
1.472176880240603e-01 9.229749390470680e+00
1.476550338160740e-01 9.248653727947733e+00
1.480929286925724e-01 9.267546676402784e+00
1.485313736882624e-01 9.286428243345910e+00
1.489703698404523e-01 9.305298436274526e+00
1.494099181890600e-01 9.324157262673374e+00
1.498500197766213e-01 9.343004730014506e+00
1.502906756482979e-01 9.361840845757314e+00
1.507318868518859e-01 9.380665617348534e+00
1.511736544378240e-01 9.399479052222244e+00
1.516159794592017e-01 9.418281157799868e+00
1.520588629717680e-01 9.437071941490167e+00
1.525023060339395e-01 9.455851410689284e+00
1.529463097068092e-01 9.474619572780682e+00
1.533908750541543e-01 9.493376435135211e+00
1.538360031424455e-01 9.512122005111070e+00
1.542816950408548e-01 9.530856290053858e+00
1.547279518212646e-01 9.549579297296503e+00
1.551747745582761e-01 9.568291034159337e+00
1.556221643292178e-01 9.586991507950067e+00
1.560701222141543e-01 9.605680725963779e+00
1.565186492958952e-01 9.624358695482940e+00
1.569677466600030e-01 9.643025423777409e+00
1.574174153948032e-01 9.661680918104452e+00
1.578676565913918e-01 9.680325185708721e+00
1.583184713436448e-01 9.698958233822253e+00
1.587698607482270e-01 9.717580069664507e+00
1.592218259046008e-01 9.736190700442343e+00
1.596743679150350e-01 9.754790133350021e+00
1.601274878846141e-01 9.773378375569223e+00
1.605811869212470e-01 9.791955434269045e+00
1.610354661356761e-01 9.810521316605989e+00
1.614903266414864e-01 9.829076029723993e+00
1.619457695551146e-01 9.847619580754390e+00
1.624017959958584e-01 9.866151976815971e+00
1.628584070858851e-01 9.884673225014936e+00
1.633156039502416e-01 9.903183332444918e+00
1.637733877168629e-01 9.921682306186991e+00
1.642317595165821e-01 9.940170153309658e+00
1.646907204831389e-01 9.958646880868859e+00
1.651502717531897e-01 9.977112495907967e+00
1.656104144663165e-01 9.995567005457819e+00
1.660711497650365e-01 1.001401041653668e+01
1.665324787948116e-01 1.003244273615026e+01
1.669944027040577e-01 1.005086397129174e+01
1.674569226441543e-01 1.006927412894172e+01
1.679200397694545e-01 1.008767321606827e+01
1.683837552372939e-01 1.010606123962693e+01
1.688480702080005e-01 1.012443820656067e+01
1.693129858449047e-01 1.014280412379992e+01
1.697785033143485e-01 1.016115899826261e+01
1.702446237856958e-01 1.017950283685408e+01
1.707113484313416e-01 1.019783564646717e+01
1.711786784267224e-01 1.021615743398217e+01
1.716466149503257e-01 1.023446820626683e+01
1.721151591836998e-01 1.025276797017641e+01
1.725843123114643e-01 1.027105673255357e+01
1.730540755213195e-01 1.028933450022851e+01
1.735244500040568e-01 1.030760128001886e+01
1.739954369535684e-01 1.032585707872975e+01
1.744670375668579e-01 1.034410190315377e+01
1.749392530440500e-01 1.036233576007098e+01
1.754120845884009e-01 1.038055865624894e+01
1.758855334063084e-01 1.039877059844268e+01
1.763596007073222e-01 1.041697159339470e+01
1.768342877041543e-01 1.043516164783498e+01
1.773095956126893e-01 1.045334076848100e+01
1.777855256519946e-01 1.047150896203770e+01
1.782620790443311e-01 1.048966623519753e+01
1.787392570151635e-01 1.050781259464038e+01
1.792170607931707e-01 1.052594804703368e+01
1.796954916102567e-01 1.054407259903231e+01
1.801745507015608e-01 1.056218625727864e+01
1.806542393054684e-01 1.058028902840252e+01
1.811345586636218e-01 1.059838091902129e+01
1.816155100209307e-01 1.061646193573980e+01
1.820970946255829e-01 1.063453208515035e+01
1.825793137290555e-01 1.065259137383276e+01
1.830621685861254e-01 1.067063980835431e+01
1.835456604548799e-01 1.068867739526977e+01
1.840297905967286e-01 1.070670414112143e+01
1.845145602764132e-01 1.072472005243902e+01
1.849999707620195e-01 1.074272513573979e+01
1.854860233249877e-01 1.076071939752847e+01
1.859727192401239e-01 1.077870284429727e+01
1.864600597856113e-01 1.079667548252588e+01
1.869480462430212e-01 1.081463731868150e+01
1.874366798973241e-01 1.083258835921880e+01
1.879259620369015e-01 1.085052861057993e+01
1.884158939535567e-01 1.086845807919454e+01
1.889064769425264e-01 1.088637677147975e+01
1.893977123024921e-01 1.090428469384016e+01
1.898896013355915e-01 1.092218185266789e+01
1.903821453474299e-01 1.094006825434248e+01
1.908753456470924e-01 1.095794390523102e+01
1.913692035471543e-01 1.097580881168800e+01
1.918637203636940e-01 1.099366298005548e+01
1.923588974163039e-01 1.101150641666293e+01
1.928547360281022e-01 1.102933912782732e+01
1.933512375257452e-01 1.104716111985309e+01
1.938484032394387e-01 1.106497239903218e+01
1.943462345029495e-01 1.108277297164396e+01
1.948447326536185e-01 1.110056284395531e+01
1.953438990323715e-01 1.111834202222057e+01
1.958437349837318e-01 1.113611051268153e+01
1.963442418558322e-01 1.115386832156747e+01
1.968454210004270e-01 1.117161545509514e+01
1.973472737729044e-01 1.118935191946872e+01
1.978498015322983e-01 1.120707772087990e+01
1.983530056413011e-01 1.122479286550780e+01
1.988568874662756e-01 1.124249735951900e+01
1.993614483772676e-01 1.126019120906754e+01
1.998666897480181e-01 1.127787442029492e+01
2.003726129559762e-01 1.129554699933011e+01
2.008792193823110e-01 1.131320895228948e+01
2.013865104119246e-01 1.133086028527691e+01
2.018944874334647e-01 1.134850100438368e+01
2.024031518393370e-01 1.136613111568853e+01
2.029125050257183e-01 1.138375062525765e+01
2.034225483925690e-01 1.140135953914466e+01
2.039332833436459e-01 1.141895786339061e+01
2.044447112865153e-01 1.143654560402400e+01
2.049568336325658e-01 1.145412276706076e+01
2.054696517970212e-01 1.147168935850423e+01
2.059831671989538e-01 1.148924538434519e+01
2.064973812612972e-01 1.150679085056186e+01
2.070122954108596e-01 1.152432576311983e+01
2.075279110783369e-01 1.154185012797217e+01
2.080442296983261e-01 1.155936395105931e+01
2.085612527093385e-01 1.157686723830913e+01
2.090789815538131e-01 1.159435999563688e+01
2.095974176781298e-01 1.161184222894526e+01
2.101165625326233e-01 1.162931394412433e+01
2.106364175715962e-01 1.164677514705157e+01
2.111569842533330e-01 1.166422584359185e+01
2.116782640401133e-01 1.168166603959743e+01
2.122002583982256e-01 1.169909574090796e+01
2.127229687979815e-01 1.171651495335045e+01
2.132463967137288e-01 1.173392368273933e+01
2.137705436238659e-01 1.175132193487637e+01
2.142954110108554e-01 1.176870971555073e+01
2.148210003612382e-01 1.178608703053895e+01
2.153473131656478e-01 1.180345388560490e+01
2.158743509188238e-01 1.182081028649984e+01
2.164021151196264e-01 1.183815623896236e+01
2.169306072710509e-01 1.185549174871842e+01
2.174598288802413e-01 1.187281682148133e+01
2.179897814585052e-01 1.189013146295172e+01
2.185204665213278e-01 1.190743567881759e+01
2.190518855883867e-01 1.192472947475424e+01
2.195840401835661e-01 1.194201285642431e+01
2.201169318349715e-01 1.195928582947779e+01
2.206505620749444e-01 1.197654839955195e+01
2.211849324400767e-01 1.199380057227139e+01
2.217200444712258e-01 1.201104235324804e+01
2.222558997135294e-01 1.202827374808111e+01
2.227924997164198e-01 1.204549476235710e+01
2.233298460336398e-01 1.206270540164984e+01
2.238679402232567e-01 1.207990567152042e+01
2.244067838476781e-01 1.209709557751723e+01
2.249463784736666e-01 1.211427512517593e+01
2.254867256723552e-01 1.213144432001946e+01
2.260278270192625e-01 1.214860316755801e+01
2.265696840943080e-01 1.216575167328906e+01
2.271122984818273e-01 1.218288984269732e+01
2.276556717705880e-01 1.220001768125479e+01
2.281998055538045e-01 1.221713519442065e+01
2.287447014291544e-01 1.223424238764138e+01
2.292903609987934e-01 1.225133926635066e+01
2.298367858693718e-01 1.226842583596942e+01
2.303839776520491e-01 1.228550210190578e+01
2.309319379625111e-01 1.230256806955510e+01
2.314806684209850e-01 1.231962374429995e+01
2.320301706522556e-01 1.233666913151008e+01
2.325804462856814e-01 1.235370423654245e+01
2.331314969552107e-01 1.237072906474122e+01
2.336833242993974e-01 1.238774362143770e+01
2.342359299614181e-01 1.240474791195041e+01
2.347893155890873e-01 1.242174194158502e+01
2.353434828348747e-01 1.243872571563437e+01
2.358984333559211e-01 1.245569923937846e+01
2.364541688140553e-01 1.247266251808442e+01
2.370106908758104e-01 1.248961555700654e+01
2.375680012124405e-01 1.250655836138623e+01
2.381261014999375e-01 1.252349093645205e+01
2.386849934190480e-01 1.254041328741964e+01
2.392446786552899e-01 1.255732541949180e+01
2.398051588989697e-01 1.257422733785840e+01
2.403664358451992e-01 1.259111904769641e+01
2.409285111939126e-01 1.260800055416992e+01
2.414913866498839e-01 1.262487186243006e+01
2.420550639227441e-01 1.264173297761507e+01
2.426195447269983e-01 1.265858390485023e+01
2.431848307820431e-01 1.267542464924789e+01
2.437509238121844e-01 1.269225521590747e+01
2.443178255466544e-01 1.270907560991538e+01
2.448855377196297e-01 1.272588583634512e+01
2.454540620702488e-01 1.274268590025718e+01
2.460234003426297e-01 1.275947580669910e+01
2.465935542858879e-01 1.277625556070537e+01
2.471645256541544e-01 1.279302516729755e+01
2.477363162065934e-01 1.280978463148415e+01
2.483089277074207e-01 1.282653395826069e+01
2.488823619259216e-01 1.284327315260962e+01
2.494566206364692e-01 1.286000221950040e+01
2.500317056185428e-01 1.287672116388943e+01
2.506076186567461e-01 1.289342999072005e+01
2.511843615408258e-01 1.291012870492255e+01
2.517619360656900e-01 1.292681731141415e+01
2.523403440314271e-01 1.294349581509898e+01
2.529195872433240e-01 1.296016422086808e+01
2.534996675118856e-01 1.297682253359940e+01
2.540805866528528e-01 1.299347075815778e+01
2.546623464872224e-01 1.301010889939492e+01
2.552449488412651e-01 1.302673696214944e+01
2.558283955465457e-01 1.304335495124677e+01
2.564126884399412e-01 1.305996287149921e+01
2.569978293636609e-01 1.307656072770593e+01
2.575838201652655e-01 1.309314852465289e+01
2.581706626976863e-01 1.310972626711289e+01
2.587583588192452e-01 1.312629395984555e+01
2.593469103936740e-01 1.314285160759727e+01
2.599363192901339e-01 1.315939921510127e+01
2.605265873832360e-01 1.317593678707752e+01
2.611177165530603e-01 1.319246432823278e+01
2.617097086851762e-01 1.320898184326056e+01
2.623025656706628e-01 1.322548933684111e+01
2.628962894061280e-01 1.324198681364143e+01
2.634908817937301e-01 1.325847427831524e+01
2.640863447411968e-01 1.327495173550299e+01
2.646826801618467e-01 1.329141918983180e+01
2.652798899746089e-01 1.330787664591552e+01
2.658779761040443e-01 1.332432410835465e+01
2.664769404803658e-01 1.334076158173637e+01
2.670767850394593e-01 1.335718907063453e+01
2.676775117229043e-01 1.337360657960961e+01
2.682791224779955e-01 1.339001411320874e+01
2.688816192577625e-01 1.340641167596564e+01
2.694850040209930e-01 1.342279927240069e+01
2.700892787322517e-01 1.343917690702083e+01
2.706944453619035e-01 1.345554458431959e+01
2.713005058861336e-01 1.347190230877708e+01
2.719074622869704e-01 1.348825008485999e+01
2.725153165523053e-01 1.350458791702154e+01
2.731240706759160e-01 1.352091580970147e+01
2.737337266574877e-01 1.353723376732608e+01
2.743442865026348e-01 1.355354179430816e+01
2.749557522229229e-01 1.356983989504699e+01
2.755681258358916e-01 1.358612807392837e+01
2.761814093650756e-01 1.360240633532453e+01
2.767956048400280e-01 1.361867468359420e+01
2.774107142963418e-01 1.363493312308251e+01
2.780267397756734e-01 1.365118165812107e+01
2.786436833257639e-01 1.366742029302787e+01
2.792615470004631e-01 1.368364903210733e+01
2.798803328597513e-01 1.369986787965026e+01
2.805000429697631e-01 1.371607683993383e+01
2.811206794028090e-01 1.373227591722159e+01
2.817422442374005e-01 1.374846511576345e+01
2.823647395582711e-01 1.376464443979562e+01
2.829881674564015e-01 1.378081389354068e+01
2.836125300290419e-01 1.379697348120748e+01
2.842378293797357e-01 1.381312320699118e+01
2.848640676183435e-01 1.382926307507321e+01
2.854912468610665e-01 1.384539308962128e+01
2.861193692304702e-01 1.386151325478933e+01
2.867484368555088e-01 1.387762357471756e+01
2.873784518715489e-01 1.389372405353235e+01
2.880094164203940e-01 1.390981469534633e+01
2.886413326503082e-01 1.392589550425830e+01
2.892742027160412e-01 1.394196648435322e+01
2.899080287788523e-01 1.395802763970223e+01
2.905428130065353e-01 1.397407897436260e+01
2.911785575734434e-01 1.399012049237775e+01
2.918152646605132e-01 1.400615219777719e+01
2.924529364552907e-01 1.402217409457653e+01
2.930915751519558e-01 1.403818618677748e+01
2.937311829513471e-01 1.405418847836778e+01
2.943717620609881e-01 1.407018097332126e+01
2.950133146951118e-01 1.408616367559774e+01
2.956558430746867e-01 1.410213658914310e+01
2.962993494274421e-01 1.411809971788919e+01
2.969438359878939e-01 1.413405306575384e+01
2.975893049973709e-01 1.414999663664087e+01
2.982357587040400e-01 1.416593043444003e+01
2.988831993629330e-01 1.418185446302702e+01
2.995316292359725e-01 1.419776872626344e+01
3.001810505919984e-01 1.421367322799679e+01
3.008314657067940e-01 1.422956797206047e+01
3.014828768631130e-01 1.424545296227372e+01
3.021352863507061e-01 1.426132820244164e+01
3.027886964663476e-01 1.427719369635515e+01
3.034431095138627e-01 1.429304944779101e+01
3.040985278041544e-01 1.430889546051172e+01
3.047549536552304e-01 1.432473173826561e+01
3.054123893922313e-01 1.434055828478674e+01
3.060708373474569e-01 1.435637510379492e+01
3.067302998603947e-01 1.437218219899565e+01
3.073907792777473e-01 1.438797957408019e+01
3.080522779534600e-01 1.440376723272542e+01
3.087147982487490e-01 1.441954517859394e+01
3.093783425321296e-01 1.443531341533397e+01
3.100429131794444e-01 1.445107194657936e+01
3.107085125738913e-01 1.446682077594956e+01
3.113751431060521e-01 1.448255990704964e+01
3.120428071739219e-01 1.449828934347020e+01
3.127115071829364e-01 1.451400908878743e+01
3.133812455460022e-01 1.452971914656301e+01
3.140520246835250e-01 1.454541952034417e+01
3.147238470234390e-01 1.456111021366362e+01
3.153967150012361e-01 1.457679123003952e+01
3.160706310599956e-01 1.459246257297553e+01
3.167455976504131e-01 1.460812424596068e+01
3.174216172308315e-01 1.462377625246946e+01
3.180986922672691e-01 1.463941859596173e+01
3.187768252334513e-01 1.465505127988274e+01
3.194560186108393e-01 1.467067430766305e+01
3.201362748886614e-01 1.468628768271860e+01
3.208175965639429e-01 1.470189140845060e+01
3.214999861415369e-01 1.471748548824556e+01
3.221834461341543e-01 1.473306992547526e+01
3.228679790623962e-01 1.474864472349673e+01
3.235535874547827e-01 1.476420988565219e+01
3.242402738477865e-01 1.477976541526912e+01
3.249280407858616e-01 1.479531131566013e+01
3.256168908214772e-01 1.481084759012300e+01
3.263068265151473e-01 1.482637424194066e+01
3.269978504354636e-01 1.484189127438114e+01
3.276899651591267e-01 1.485739869069757e+01
3.283831732709790e-01 1.487289649412814e+01
3.290774773640358e-01 1.488838468789610e+01
3.297728800395183e-01 1.490386327520973e+01
3.304693839068860e-01 1.491933225926228e+01
3.311669915838691e-01 1.493479164323201e+01
3.318657056965017e-01 1.495024143028212e+01
3.325655288791544e-01 1.496568162356074e+01
3.332664637745674e-01 1.498111222620093e+01
3.339685130338841e-01 1.499653324132061e+01
3.346716793166842e-01 1.501194467202258e+01
3.353759652910174e-01 1.502734652139447e+01
3.360813736334372e-01 1.504273879250871e+01
3.367879070290348e-01 1.505812148842256e+01
3.374955681714728e-01 1.507349461217801e+01
3.382043597630202e-01 1.508885816680180e+01
3.389142845145861e-01 1.510421215530539e+01
3.396253451457544e-01 1.511955658068494e+01
3.403375443848189e-01 1.513489144592127e+01
3.410508849688179e-01 1.515021675397985e+01
3.417653696435690e-01 1.516553250781074e+01
3.424810011637049e-01 1.518083871034864e+01
3.431977822927086e-01 1.519613536451278e+01
3.439157158029486e-01 1.521142247320693e+01
3.446348044757151e-01 1.522670003931942e+01
3.453550511012558e-01 1.524196806572302e+01
3.460764584788119e-01 1.525722655527499e+01
3.467990294166544e-01 1.527247551081702e+01
3.475227667321205e-01 1.528771493517521e+01
3.482476732516503e-01 1.530294483116007e+01
3.489737518108237e-01 1.531816520156643e+01
3.497010052543971e-01 1.533337604917348e+01
3.504294364363406e-01 1.534857737674471e+01
3.511590482198756e-01 1.536376918702788e+01
3.518898434775121e-01 1.537895148275502e+01
3.526218250910862e-01 1.539412426664235e+01
3.533549959517986e-01 1.540928754139033e+01
3.540893589602520e-01 1.542444130968355e+01
3.548249170264896e-01 1.543958557419078e+01
3.555616730700338e-01 1.545472033756485e+01
3.562996300199245e-01 1.546984560244274e+01
3.570387908147580e-01 1.548496137144544e+01
3.577791584027258e-01 1.550006764717797e+01
3.585207357416544e-01 1.551516443222938e+01
3.592635257990440e-01 1.553025172917265e+01
3.600075315521085e-01 1.554532954056475e+01
3.607527559878153e-01 1.556039786894652e+01
3.614992021029249e-01 1.557545671684271e+01
3.622468729040313e-01 1.559050608676191e+01
3.629957714076026e-01 1.560554598119654e+01
3.637459006400212e-01 1.562057640262282e+01
3.644972636376247e-01 1.563559735350073e+01
3.652498634467469e-01 1.565060883627399e+01
3.660037031237590e-01 1.566561085337001e+01
3.667587857351107e-01 1.568060340719989e+01
3.675151143573722e-01 1.569558650015836e+01
3.682726920772759e-01 1.571056013462379e+01
3.690315219917577e-01 1.572552431295809e+01
3.697916072080006e-01 1.574047903750677e+01
3.705529508434756e-01 1.575542431059881e+01
3.713155560259854e-01 1.577036013454673e+01
3.720794258937066e-01 1.578528651164646e+01
3.728445635952333e-01 1.580020344417738e+01
3.736109722896195e-01 1.581511093440225e+01
3.743786551464238e-01 1.583000898456722e+01
3.751476153457517e-01 1.584489759690172e+01
3.759178560783010e-01 1.585977677361853e+01
3.766893805454044e-01 1.587464651691364e+01
3.774621919590752e-01 1.588950682896632e+01
3.782362935420508e-01 1.590435771193900e+01
3.790116885278386e-01 1.591919916797730e+01
3.797883801607597e-01 1.593403119920995e+01
3.805663716959954e-01 1.594885380774879e+01
3.813456663996317e-01 1.596366699568872e+01
3.821262675487060e-01 1.597847076510767e+01
3.829081784312516e-01 1.599326511806658e+01
3.836914023463459e-01 1.600805005660931e+01
3.844759426041544e-01 1.602282558276270e+01
3.852618025259795e-01 1.603759169853644e+01
3.860489854443058e-01 1.605234840592310e+01
3.868374947028486e-01 1.606709570689807e+01
3.876273336565995e-01 1.608183360341950e+01
3.884185056718759e-01 1.609656209742834e+01
3.892110141263672e-01 1.611128119084822e+01
3.900048624091840e-01 1.612599088558546e+01
3.908000539209056e-01 1.614069118352902e+01
3.915965920736295e-01 1.615538208655047e+01
3.923944802910188e-01 1.617006359650396e+01
3.931937220083529e-01 1.618473571522616e+01
3.939943206725754e-01 1.619939844453625e+01
3.947962797423447e-01 1.621405178623587e+01
3.955996026880829e-01 1.622869574210907e+01
3.964042929920268e-01 1.624333031392230e+01
3.972103541482770e-01 1.625795550342436e+01
3.980177896628501e-01 1.627257131234636e+01
3.988266030537278e-01 1.628717774240167e+01
3.996367978509093e-01 1.630177479528590e+01
4.004483775964621e-01 1.631636247267688e+01
4.012613458445736e-01 1.633094077623457e+01
4.020757061616030e-01 1.634550970760105e+01
4.028914621261339e-01 1.636006926840049e+01
4.037086173290257e-01 1.637461946023912e+01
4.045271753734677e-01 1.638916028470512e+01
4.053471398750307e-01 1.640369174336868e+01
4.061685144617210e-01 1.641821383778190e+01
4.069913027740339e-01 1.643272656947874e+01
4.078155084650071e-01 1.644722993997503e+01
4.086411352002751e-01 1.646172395076838e+01
4.094681866581233e-01 1.647620860333818e+01
4.102966665295430e-01 1.649068389914553e+01
4.111265785182858e-01 1.650514983963319e+01
4.119579263409191e-01 1.651960642622560e+01
4.127907137268816e-01 1.653405366032876e+01
4.136249444185391e-01 1.654849154333023e+01
4.144606221712403e-01 1.656292007659909e+01
4.152977507533732e-01 1.657733926148589e+01
4.161363339464220e-01 1.659174909932260e+01
4.169763755450240e-01 1.660614959142258e+01
4.178178793570265e-01 1.662054073908052e+01
4.186608492035446e-01 1.663492254357244e+01
4.195052889190193e-01 1.664929500615558e+01
4.203512023512748e-01 1.666365812806841e+01
4.211985933615779e-01 1.667801191053056e+01
4.220474658246963e-01 1.669235635474280e+01
4.228978236289576e-01 1.670669146188695e+01
4.237496706763085e-01 1.672101723312589e+01
4.246030108823752e-01 1.673533366960349e+01
4.254578481765228e-01 1.674964077244456e+01
4.263141865019155e-01 1.676393854275480e+01
4.271720298155779e-01 1.677822698162078e+01
4.280313820884551e-01 1.679250609010988e+01
4.288922473054748e-01 1.680677586927023e+01
4.297546294656081e-01 1.682103632013069e+01
4.306185325819322e-01 1.683528744370080e+01
4.314839606816919e-01 1.684952924097070e+01
4.323509178063629e-01 1.686376171291111e+01
4.332194080117140e-01 1.687798486047331e+01
4.340894353678713e-01 1.689219868458903e+01
4.349610039593802e-01 1.690640318617046e+01
4.358341178852714e-01 1.692059836611018e+01
4.367087812591233e-01 1.693478422528107e+01
4.375849982091278e-01 1.694896076453636e+01
4.384627728781544e-01 1.696312798470947e+01
4.393421094238164e-01 1.697728588661406e+01
4.402230120185355e-01 1.699143447104389e+01
4.411054848496090e-01 1.700557373877286e+01
4.419895321192748e-01 1.701970369055489e+01
4.428751580447794e-01 1.703382432712392e+01
4.437623668584439e-01 1.704793564919379e+01
4.446511628077323e-01 1.706203765745830e+01
4.455415501553182e-01 1.707613035259104e+01
4.464335331791545e-01 1.709021373524543e+01
4.473271161725400e-01 1.710428780605463e+01
4.482223034441903e-01 1.711835256563147e+01
4.491190993183053e-01 1.713240801456845e+01
4.500175081346400e-01 1.714645415343764e+01
4.509175342485738e-01 1.716049098279066e+01
4.518191820311815e-01 1.717451850315860e+01
4.527224558693031e-01 1.718853671505200e+01
4.536273601656165e-01 1.720254561896077e+01
4.545338993387072e-01 1.721654521535413e+01
4.554420778231418e-01 1.723053550468061e+01
4.563519000695390e-01 1.724451648736793e+01
4.572633705446436e-01 1.725848816382298e+01
4.581764937313982e-01 1.727245053443177e+01
4.590912741290183e-01 1.728640359955935e+01
4.600077162530645e-01 1.730034735954979e+01
4.609258246355181e-01 1.731428181472609e+01
4.618456038248550e-01 1.732820696539014e+01
4.627670583861216e-01 1.734212281182268e+01
4.636901929010094e-01 1.735602935428323e+01
4.646150119679318e-01 1.736992659301001e+01
4.655415202020997e-01 1.738381452821993e+01
4.664697222355986e-01 1.739769316010849e+01
4.673996227174664e-01 1.741156248884976e+01
4.683312263137698e-01 1.742542251459628e+01
4.692645377076833e-01 1.743927323747907e+01
4.701995615995672e-01 1.745311465760749e+01
4.711363027070470e-01 1.746694677506923e+01
4.720747657650919e-01 1.748076958993025e+01
4.730149555260956e-01 1.749458310223471e+01
4.739568767599555e-01 1.750838731200491e+01
4.749005342541544e-01 1.752218221924125e+01
4.758459328138407e-01 1.753596782392214e+01
4.767930772619107e-01 1.754974412600397e+01
4.777419724390898e-01 1.756351112542100e+01
4.786926232040156e-01 1.757726882208538e+01
4.796450344333211e-01 1.759101721588702e+01
4.805992110217169e-01 1.760475630669355e+01
4.815551578820765e-01 1.761848609435026e+01
4.825128799455193e-01 1.763220657868006e+01
4.834723821614965e-01 1.764591775948336e+01
4.844336694978753e-01 1.765961963653808e+01
4.853967469410260e-01 1.767331220959952e+01
4.863616194959064e-01 1.768699547840036e+01
4.873282921861507e-01 1.770066944265054e+01
4.882967700541544e-01 1.771433410203721e+01
4.892670581611638e-01 1.772798945622472e+01
4.902391615873630e-01 1.774163550485448e+01
4.912130854319634e-01 1.775527224754493e+01
4.921888348132921e-01 1.776889968389147e+01
4.931664148688824e-01 1.778251781346641e+01
4.941458307555628e-01 1.779612663581889e+01
4.951270876495492e-01 1.780972615047481e+01
4.961101907465344e-01 1.782331635693675e+01
4.970951452617815e-01 1.783689725468397e+01
4.980819564302147e-01 1.785046884317224e+01
4.990706295065129e-01 1.786403112183388e+01
5.000611697652025e-01 1.787758409007758e+01
5.010535825007517e-01 1.789112774728846e+01
5.020478730276644e-01 1.790466209282789e+01
5.030440466805748e-01 1.791818712603347e+01
5.040421088143440e-01 1.793170284621897e+01
5.050420648041544e-01 1.794520925267422e+01
5.060439200456075e-01 1.795870634466511e+01
5.070476799548198e-01 1.797219412143343e+01
5.080533499685218e-01 1.798567258219688e+01
5.090609355441543e-01 1.799914172614895e+01
5.100704421599696e-01 1.801260155245887e+01
5.110818753151276e-01 1.802605206027152e+01
5.120952405297993e-01 1.803949324870740e+01
5.131105433452633e-01 1.805292511686249e+01
5.141277893240109e-01 1.806634766380826e+01
5.151469840498440e-01 1.807976088859151e+01
5.161681331279800e-01 1.809316479023437e+01
5.171912421851524e-01 1.810655936773418e+01
5.182163168697165e-01 1.811994462006345e+01
5.192433628517504e-01 1.813332054616973e+01
5.202723858231632e-01 1.814668714497564e+01
5.213033914977959e-01 1.816004441537866e+01
5.223363856115315e-01 1.817339235625116e+01
5.233713739223975e-01 1.818673096644027e+01
5.244083622106762e-01 1.820006024476784e+01
5.254473562790093e-01 1.821338019003032e+01
5.264883619525088e-01 1.822669080099872e+01
5.275313850788637e-01 1.823999207641853e+01
5.285764315284512e-01 1.825328401500961e+01
5.296235071944455e-01 1.826656661546614e+01
5.306726179929300e-01 1.827983987645655e+01
5.317237698630064e-01 1.829310379662341e+01
5.327769687669101e-01 1.830635837458336e+01
5.338322206901193e-01 1.831960360892707e+01
5.348895316414716e-01 1.833283949821909e+01
5.359489076532755e-01 1.834606604099782e+01
5.370103547814272e-01 1.835928323577543e+01
5.380738791055243e-01 1.837249108103774e+01
5.391394867289830e-01 1.838568957524419e+01
5.402071837791543e-01 1.839887871682769e+01
5.412769764074420e-01 1.841205850419463e+01
5.423488707894196e-01 1.842522893572470e+01
5.434228731249509e-01 1.843839000977089e+01
5.444989896383080e-01 1.845154172465933e+01
5.455772265782923e-01 1.846468407868927e+01
5.466575902183557e-01 1.847781707013296e+01
5.477400868567210e-01 1.849094069723558e+01
5.488247228165063e-01 1.850405495821515e+01
5.499115044458458e-01 1.851715985126242e+01
5.510004381180158e-01 1.853025537454085e+01
5.520915302315578e-01 1.854334152618644e+01
5.531847872104044e-01 1.855641830430770e+01
5.542802155040054e-01 1.856948570698556e+01
5.553778215874546e-01 1.858254373227325e+01
5.564776119616170e-01 1.859559237819622e+01
5.575795931532580e-01 1.860863164275209e+01
5.586837717151714e-01 1.862166152391051e+01
5.597901542263101e-01 1.863468201961309e+01
5.608987472919166e-01 1.864769312777334e+01
5.620095575436544e-01 1.866069484627652e+01
5.631225916397400e-01 1.867368717297959e+01
5.642378562650763e-01 1.868667010571112e+01
5.653553581313862e-01 1.869964364227116e+01
5.664751039773471e-01 1.871260778043121e+01
5.675971005687274e-01 1.872556251793406e+01
5.687213546985206e-01 1.873850785249375e+01
5.698478731870850e-01 1.875144378179546e+01
5.709766628822794e-01 1.876437030349538e+01
5.721077306596035e-01 1.877728741522067e+01
5.732410834223363e-01 1.879019511456935e+01
5.743767281016772e-01 1.880309339911016e+01
5.755146716568872e-01 1.881598226638254e+01
5.766549210754310e-01 1.882886171389647e+01
5.777974833731199e-01 1.884173173913239e+01
5.789423655942559e-01 1.885459233954114e+01
5.800895748117764e-01 1.886744351254379e+01
5.812391181273996e-01 1.888028525553162e+01
5.823910026717715e-01 1.889311756586597e+01
5.835452356046131e-01 1.890594044087814e+01
5.847018241148686e-01 1.891875387786931e+01
5.858607754208551e-01 1.893155787411047e+01
5.870220967704121e-01 1.894435242684222e+01
5.881857954410531e-01 1.895713753327479e+01
5.893518787401174e-01 1.896991319058784e+01
5.905203540049236e-01 1.898267939593043e+01
5.916912286029223e-01 1.899543614642086e+01
5.928645099318522e-01 1.900818343914662e+01
5.940402054198951e-01 1.902092127116422e+01
5.952183225258331e-01 1.903364963949915e+01
5.963988687392059e-01 1.904636854114576e+01
5.975818515804702e-01 1.905907797306712e+01
5.987672786011585e-01 1.907177793219494e+01
5.999551573840406e-01 1.908446841542949e+01
6.011454955432849e-01 1.909714941963942e+01
6.023383007246207e-01 1.910982094166175e+01
6.035335806055030e-01 1.912248297830165e+01
6.047313428952759e-01 1.913513552633245e+01
6.059315953353395e-01 1.914777858249544e+01
6.071343456993157e-01 1.916041214349980e+01
6.083396017932169e-01 1.917303620602249e+01
6.095473714556142e-01 1.918565076670811e+01
6.107576625578079e-01 1.919825582216885e+01
6.119704830039977e-01 1.921085136898431e+01
6.131858407314558e-01 1.922343740370142e+01
6.144037437106989e-01 1.923601392283435e+01
6.156241999456640e-01 1.924858092286433e+01
6.168472174738816e-01 1.926113840023963e+01
6.180728043666545e-01 1.927368635137535e+01
6.193009687292333e-01 1.928622477265338e+01
6.205317187009967e-01 1.929875366042224e+01
6.217650624556297e-01 1.931127301099696e+01
6.230010082013064e-01 1.932378282065903e+01
6.242395641808703e-01 1.933628308565618e+01
6.254807386720191e-01 1.934877380220237e+01
6.267245399874878e-01 1.936125496647757e+01
6.279709764752350e-01 1.937372657462771e+01
6.292200565186294e-01 1.938618862276456e+01
6.304717885366385e-01 1.939864110696556e+01
6.317261809840163e-01 1.941108402327375e+01
6.329832423514949e-01 1.942351736769762e+01
6.342429811659757e-01 1.943594113621099e+01
6.355054059907216e-01 1.944835532475292e+01
6.367705254255526e-01 1.946075992922754e+01
6.380383481070391e-01 1.947315494550395e+01
6.393088827087000e-01 1.948554036941611e+01
6.405821379411994e-01 1.949791619676269e+01
6.418581225525468e-01 1.951028242330695e+01
6.431368453282961e-01 1.952263904477664e+01
6.444183150917485e-01 1.953498605686383e+01
6.457025407041544e-01 1.954732345522481e+01
6.469895310649187e-01 1.955965123547997e+01
6.482792951118053e-01 1.957196939321365e+01
6.495718418211448e-01 1.958427792397404e+01
6.508671802080421e-01 1.959657682327299e+01
6.521653193265869e-01 1.960886608658597e+01
6.534662682700635e-01 1.962114570935186e+01
6.547700361711642e-01 1.963341568697287e+01
6.560766322022021e-01 1.964567601481436e+01
6.573860655753271e-01 1.965792668820476e+01
6.586983455427413e-01 1.967016770243541e+01
6.600134813969183e-01 1.968239905276041e+01
6.613314824708211e-01 1.969462073439652e+01
6.626523581381240e-01 1.970683274252302e+01
6.639761178134338e-01 1.971903507228152e+01
6.653027709525151e-01 1.973122771877592e+01
6.666323270525132e-01 1.974341067707218e+01
6.679647956521829e-01 1.975558394219824e+01
6.693001863321150e-01 1.976774750914385e+01
6.706385087149667e-01 1.977990137286045e+01
6.719797724656930e-01 1.979204552826103e+01
6.733239872917781e-01 1.980417997021999e+01
6.746711629434716e-01 1.981630469357298e+01
6.760213092140221e-01 1.982841969311678e+01
6.773744359399161e-01 1.984052496360913e+01
6.787305530011157e-01 1.985262049976862e+01
6.800896703213004e-01 1.986470629627455e+01
6.814517978681078e-01 1.987678234776674e+01
6.828169456533784e-01 1.988884864884543e+01
6.841851237333997e-01 1.990090519407111e+01
6.855563422091544e-01 1.991295197796438e+01
6.869306112265682e-01 1.992498899500580e+01
6.883079409767602e-01 1.993701623963577e+01
6.896883416962948e-01 1.994903370625432e+01
6.910718236674357e-01 1.996104138922102e+01
6.924583972184002e-01 1.997303928285482e+01
6.938480727236175e-01 1.998502738143386e+01
6.952408606039864e-01 1.999700567919536e+01
6.966367713271364e-01 2.000897417033546e+01
6.980358154076897e-01 2.002093284900904e+01
6.994380034075252e-01 2.003288170932962e+01
7.008433459360441e-01 2.004482074536916e+01
7.022518536504382e-01 2.005674995115789e+01
7.036635372559581e-01 2.006866932068424e+01
7.050784075061860e-01 2.008057884789457e+01
7.064964752033068e-01 2.009247852669311e+01
7.079177511983852e-01 2.010436835094174e+01
7.093422463916402e-01 2.011624831445986e+01
7.107699717327258e-01 2.012811841102423e+01
7.122009382210103e-01 2.013997863436880e+01
7.136351569058589e-01 2.015182897818455e+01
7.150726388869191e-01 2.016366943611933e+01
7.165133953144051e-01 2.017550000177771e+01
7.179574373893883e-01 2.018732066872079e+01
7.194047763640861e-01 2.019913143046606e+01
7.208554235421546e-01 2.021093228048724e+01
7.223093902789829e-01 2.022272321221408e+01
7.237666879819896e-01 2.023450421903225e+01
7.252273281109205e-01 2.024627529428309e+01
7.266913221781499e-01 2.025803643126353e+01
7.281586817489820e-01 2.026978762322588e+01
7.296294184419566e-01 2.028152886337766e+01
7.311035439291544e-01 2.029326014488141e+01
7.325810699365075e-01 2.030498146085459e+01
7.340620082441083e-01 2.031669280436932e+01
7.355463706865245e-01 2.032839416845228e+01
7.370341691531128e-01 2.034008554608449e+01
7.385254155883376e-01 2.035176693020115e+01
7.400201219920894e-01 2.036343831369147e+01
7.415183004200082e-01 2.037509968939852e+01
7.430199629838056e-01 2.038675105011897e+01
7.445251218515934e-01 2.039839238860302e+01
7.460337892482104e-01 2.041002369755415e+01
7.475459774555547e-01 2.042164496962896e+01
7.490616988129161e-01 2.043325619743700e+01
7.505809657173124e-01 2.044485737354056e+01
7.521037906238267e-01 2.045644849045456e+01
7.536301860459481e-01 2.046802954064626e+01
7.551601645559151e-01 2.047960051653519e+01
7.566937387850593e-01 2.049116141049286e+01
7.582309214241545e-01 2.050271221484266e+01
7.597717252237658e-01 2.051425292185965e+01
7.613161629946026e-01 2.052578352377033e+01
7.628642476078734e-01 2.053730401275253e+01
7.644159919956439e-01 2.054881438093515e+01
7.659714091511959e-01 2.056031462039801e+01
7.675305121293915e-01 2.057180472317167e+01
7.690933140470370e-01 2.058328468123720e+01
7.706598280832518e-01 2.059475448652602e+01
7.722300674798381e-01 2.060621413091970e+01
7.738040455416545e-01 2.061766360624976e+01
7.753817756369911e-01 2.062910290429748e+01
7.769632711979492e-01 2.064053201679372e+01
7.785485457208211e-01 2.065195093541870e+01
7.801376127664751e-01 2.066335965180183e+01
7.817304859607412e-01 2.067475815752146e+01
7.833271789948020e-01 2.068614644410476e+01
7.849277056255829e-01 2.069752450302746e+01
7.865320796761497e-01 2.070889232571368e+01
7.881403150361038e-01 2.072024990353570e+01
7.897524256619858e-01 2.073159722781380e+01
7.913684255776767e-01 2.074293428981602e+01
7.929883288748066e-01 2.075426108075797e+01
7.946121497131630e-01 2.076557759180263e+01
7.962399023211035e-01 2.077688381406014e+01
7.978716009959727e-01 2.078817973858760e+01
7.995072601045184e-01 2.079946535638885e+01
8.011468940833161e-01 2.081074065841427e+01
8.027905174391908e-01 2.082200563556056e+01
8.044381447496477e-01 2.083326027867058e+01
8.060897906633008e-01 2.084450457853304e+01
8.077454699003083e-01 2.085573852588238e+01
8.094051972528096e-01 2.086696211139854e+01
8.110689875853662e-01 2.087817532570669e+01
8.127368558354043e-01 2.088937815937708e+01
8.144088170136636e-01 2.090057060292482e+01
8.160848862046457e-01 2.091175264680959e+01
8.177650785670696e-01 2.092292428143554e+01
8.194494093343268e-01 2.093408549715096e+01
8.211378938149435e-01 2.094523628424813e+01
8.228305473930432e-01 2.095637663296307e+01
8.245273855288144e-01 2.096750653347535e+01
8.262284237589811e-01 2.097862597590782e+01
8.279336776972771e-01 2.098973495032642e+01
8.296431630349236e-01 2.100083344673995e+01
8.313568955411109e-01 2.101192145509985e+01
8.330748910634826e-01 2.102299896529996e+01
8.347971655286250e-01 2.103406596717631e+01
8.365237349425583e-01 2.104512245050686e+01
8.382546153912332e-01 2.105616840501133e+01
8.399898230410295e-01 2.106720382035090e+01
8.417293741392610e-01 2.107822868612804e+01
8.434732850146810e-01 2.108924299188624e+01
8.452215720779940e-01 2.110024672710978e+01
8.469742518223707e-01 2.111123988122353e+01
8.487313408239658e-01 2.112222244359268e+01
8.504928557424418e-01 2.113319440352250e+01
8.522588133214938e-01 2.114415575025814e+01
8.540292303893818e-01 2.115510647298437e+01
8.558041238594642e-01 2.116604656082533e+01
8.575835107307369e-01 2.117697600284432e+01
8.593674080883751e-01 2.118789478804353e+01
8.611558331042815e-01 2.119880290536382e+01
8.629488030376361e-01 2.120970034368445e+01
8.647463352354523e-01 2.122058709182290e+01
8.665484471331354e-01 2.123146313853453e+01
8.683551562550474e-01 2.124232847251241e+01
8.701664802150740e-01 2.125318308238705e+01
8.719824367171980e-01 2.126402695672616e+01
8.738030435560751e-01 2.127486008403438e+01
8.756283186176160e-01 2.128568245275304e+01
8.774582798795717e-01 2.129649405125992e+01
8.792929454121237e-01 2.130729486786900e+01
8.811323333784787e-01 2.131808489083020e+01
8.829764620354690e-01 2.132886410832911e+01
8.848253497341545e-01 2.133963250848677e+01
8.866790149204336e-01 2.135039007935939e+01
8.885374761356550e-01 2.136113680893808e+01
8.904007520172375e-01 2.137187268514866e+01
8.922688612992906e-01 2.138259769585131e+01
8.941418228132454e-01 2.139331182884038e+01
8.960196554884848e-01 2.140401507184409e+01
8.979023783529826e-01 2.141470741252429e+01
8.997900105339459e-01 2.142538883847620e+01
9.016825712584625e-01 2.143605933722811e+01
9.035800798541546e-01 2.144671889624117e+01
9.054825557498350e-01 2.145736750290908e+01
9.073900184761728e-01 2.146800514455786e+01
9.093024876663591e-01 2.147863180844554e+01
9.112199830567826e-01 2.148924748176192e+01
9.131425244877071e-01 2.149985215162831e+01
9.150701319039569e-01 2.151044580509724e+01
9.170028253556056e-01 2.152102842915217e+01
9.189406249986724e-01 2.153160001070727e+01
9.208835510958211e-01 2.154216053660709e+01
9.228316240170684e-01 2.155270999362634e+01
9.247848642404939e-01 2.156324836846957e+01
9.267432923529593e-01 2.157377564777092e+01
9.287069290508300e-01 2.158429181809381e+01
9.306757951407058e-01 2.159479686593072e+01
9.326499115401544e-01 2.160529077770283e+01
9.346292992784535e-01 2.161577353975982e+01
9.366139794973362e-01 2.162624513837954e+01
9.386039734517448e-01 2.163670555976774e+01
9.405993025105887e-01 2.164715479005778e+01
9.425999881575101e-01 2.165759281531035e+01
9.446060519916544e-01 2.166801962151320e+01
9.466175157284478e-01 2.167843519458083e+01
9.486344012003808e-01 2.168883952035421e+01
9.506567303577981e-01 2.169923258460049e+01
9.526845252696950e-01 2.170961437301272e+01
9.547178081245198e-01 2.171998487120955e+01
9.567566012309837e-01 2.173034406473494e+01
9.588009270188762e-01 2.174069193905787e+01
9.608508080398881e-01 2.175102847957205e+01
9.629062669684401e-01 2.176135367159560e+01
9.649673266025195e-01 2.177166750037081e+01
9.670340098645227e-01 2.178196995106377e+01
9.691063398021053e-01 2.179226100876414e+01
9.711843395890380e-01 2.180254065848482e+01
9.732680325260722e-01 2.181280888516163e+01
9.753574420418086e-01 2.182306567365307e+01
9.774525916935775e-01 2.183331100873994e+01
9.795535051683221e-01 2.184354487512512e+01
9.816602062834933e-01 2.185376725743319e+01
9.837727189879474e-01 2.186397814021020e+01
9.858910673628560e-01 2.187417750792331e+01
9.880152756226190e-01 2.188436534496048e+01
9.901453681157890e-01 2.189454163563023e+01
9.922813693259992e-01 2.190470636416124e+01
9.944233038729047e-01 2.191485951470213e+01
9.965711965131253e-01 2.192500107132108e+01
9.987250721412020e-01 2.193513101800556e+01
1.000884955790556e+00 2.194524933866199e+01
1.003050872634462e+00 2.195535601711549e+01
1.005222847987022e+00 2.196545103710947e+01
1.007400907304155e+00 2.197553438230538e+01
1.009585076184589e+00 2.198560603628241e+01
1.011775380370868e+00 2.199566598253711e+01
1.013971845750357e+00 2.200571420448313e+01
1.016174498356267e+00 2.201575068545087e+01
1.018383364368682e+00 2.202577540868718e+01
1.020598470115595e+00 2.203578835735505e+01
1.022819842073957e+00 2.204578951453323e+01
1.025047506870727e+00 2.205577886321600e+01
1.027281491283942e+00 2.206575638631277e+01
1.029521822243785e+00 2.207572206664781e+01
1.031768526833671e+00 2.208567588695989e+01
1.034021632291334e+00 2.209561782990197e+01
1.036281166009932e+00 2.210554787804088e+01
1.038547155539155e+00 2.211546601385700e+01
1.040819628586343e+00 2.212537221974391e+01
1.043098613017622e+00 2.213526647800807e+01
1.045384136859033e+00 2.214514877086852e+01
1.047676228297689e+00 2.215501908045652e+01
1.049974915682931e+00 2.216487738881521e+01
1.052280227527497e+00 2.217472367789933e+01
1.054592192508700e+00 2.218455792957484e+01
1.056910839469617e+00 2.219438012561861e+01
1.059236197420291e+00 2.220419024771809e+01
1.061568295538937e+00 2.221398827747095e+01
1.063907163173168e+00 2.222377419638481e+01
1.066252829841218e+00 2.223354798587681e+01
1.068605325233194e+00 2.224330962727337e+01
1.070964679212318e+00 2.225305910180978e+01
1.073330921816198e+00 2.226279639062994e+01
1.075704083258102e+00 2.227252147478593e+01
1.078084193928240e+00 2.228223433523775e+01
1.080471284395064e+00 2.229193495285294e+01
1.082865385406577e+00 2.230162330840628e+01
1.085266527891654e+00 2.231129938257940e+01
1.087674742961371e+00 2.232096315596047e+01
1.090090061910349e+00 2.233061460904387e+01
1.092512516218113e+00 2.234025372222982e+01
1.094942137550456e+00 2.234988047582407e+01
1.097378957760821e+00 2.235949485003753e+01
1.099823008891692e+00 2.236909682498594e+01
1.102274323175997e+00 2.237868638068954e+01
1.104732933038529e+00 2.238826349707270e+01
1.107198871097373e+00 2.239782815396362e+01
1.109672170165348e+00 2.240738033109391e+01
1.112152863251464e+00 2.241692000809836e+01
1.114640983562388e+00 2.242644716451446e+01
1.117136564503930e+00 2.243596177978218e+01
1.119639639682533e+00 2.244546383324355e+01
1.122150242906786e+00 2.245495330414232e+01
1.124668408188944e+00 2.246443017162366e+01
1.127194169746462e+00 2.247389441473376e+01
1.129727562003550e+00 2.248334601241952e+01
1.132268619592732e+00 2.249278494352818e+01
1.134817377356427e+00 2.250221118680701e+01
1.137373870348540e+00 2.251162472090291e+01
1.139938133836069e+00 2.252102552436211e+01
1.142510203300730e+00 2.253041357562980e+01
1.145090114440587e+00 2.253978885304980e+01
1.147677903171712e+00 2.254915133486417e+01
1.150273605629842e+00 2.255850099921294e+01
1.152877258172072e+00 2.256783782413369e+01
1.155488897378541e+00 2.257716178756123e+01
1.158108560054154e+00 2.258647286732727e+01
1.160736283230308e+00 2.259577104116006e+01
1.163372104166635e+00 2.260505628668402e+01
1.166016060352765e+00 2.261432858141944e+01
1.168668189510105e+00 2.262358790278209e+01
1.171328529593628e+00 2.263283422808292e+01
1.173997118793689e+00 2.264206753452766e+01
1.176673995537850e+00 2.265128779921651e+01
1.179359198492724e+00 2.266049499914380e+01
1.182052766565837e+00 2.266968911119762e+01
1.184754738907509e+00 2.267887011215949e+01
1.187465154912748e+00 2.268803797870401e+01
1.190184054223169e+00 2.269719268739853e+01
1.192911476728920e+00 2.270633421470280e+01
1.195647462570638e+00 2.271546253696861e+01
1.198392052141419e+00 2.272457763043946e+01
1.201145286088800e+00 2.273367947125025e+01
1.203907205316773e+00 2.274276803542688e+01
1.206677850987804e+00 2.275184329888594e+01
1.209457264524882e+00 2.276090523743440e+01
1.212245487613584e+00 2.276995382676921e+01
1.215042562204155e+00 2.277898904247701e+01
1.217848530513614e+00 2.278801086003376e+01
1.220663435027881e+00 2.279701925480445e+01
1.223487318503915e+00 2.280601420204271e+01
1.226320223971886e+00 2.281499567689050e+01
1.229162194737355e+00 2.282396365437778e+01
1.232013274383482e+00 2.283291810942220e+01
1.234873506773256e+00 2.284185901682869e+01
1.237742936051743e+00 2.285078635128923e+01
1.240621606648358e+00 2.285970008738245e+01
1.243509563279155e+00 2.286860019957334e+01
1.246406850949146e+00 2.287748666221289e+01
1.249313514954640e+00 2.288635944953780e+01
1.252229600885597e+00 2.289521853567015e+01
1.255155154628018e+00 2.290406389461703e+01
1.258090222366350e+00 2.291289550027031e+01
1.261034850585913e+00 2.292171332640622e+01
1.263989086075362e+00 2.293051734668510e+01
1.266952975929155e+00 2.293930753465108e+01
1.269926567550063e+00 2.294808386373173e+01
1.272909908651696e+00 2.295684630723777e+01
1.275903047261051e+00 2.296559483836276e+01
1.278906031721095e+00 2.297432943018280e+01
1.281918910693364e+00 2.298305005565619e+01
1.284941733160590e+00 2.299175668762316e+01
1.287974548429361e+00 2.300044929880556e+01
1.291017406132797e+00 2.300912786180653e+01
1.294070356233259e+00 2.301779234911026e+01
1.297133449025085e+00 2.302644273308163e+01
1.300206735137349e+00 2.303507898596597e+01
1.303290265536655e+00 2.304370107988871e+01
1.306384091529948e+00 2.305230898685517e+01
1.309488264767365e+00 2.306090267875020e+01
1.312602837245109e+00 2.306948212733793e+01
1.315727861308349e+00 2.307804730426151e+01
1.318863389654155e+00 2.308659818104277e+01
1.322009475334458e+00 2.309513472908201e+01
1.325166171759045e+00 2.310365691965769e+01
1.328333532698580e+00 2.311216472392618e+01
1.331511612287657e+00 2.312065811292148e+01
1.334700465027883e+00 2.312913705755496e+01
1.337900145790996e+00 2.313760152861512e+01
1.341110709822011e+00 2.314605149676731e+01
1.344332212742400e+00 2.315448693255346e+01
1.347564710553301e+00 2.316290780639190e+01
1.350808259638770e+00 2.317131408857704e+01
1.354062916769052e+00 2.317970574927918e+01
1.357328739103897e+00 2.318808275854423e+01
1.360605784195907e+00 2.319644508629351e+01
1.363894109993913e+00 2.320479270232352e+01
1.367193774846396e+00 2.321312557630567e+01
1.370504837504932e+00 2.322144367778612e+01
1.373827357127684e+00 2.322974697618553e+01
1.377161393282924e+00 2.323803544079884e+01
1.380507005952592e+00 2.324630904079507e+01
1.383864255535894e+00 2.325456774521713e+01
1.387233202852935e+00 2.326281152298161e+01
1.390613909148395e+00 2.327104034287858e+01
1.394006436095238e+00 2.327925417357141e+01
1.397410845798462e+00 2.328745298359659e+01
1.400827200798891e+00 2.329563674136352e+01
1.404255564077001e+00 2.330380541515440e+01
1.407695999056795e+00 2.331195897312399e+01
1.411148569609710e+00 2.332009738329949e+01
1.414613340058571e+00 2.332822061358038e+01
1.418090375181588e+00 2.333632863173827e+01
1.421579740216389e+00 2.334442140541672e+01
1.425081500864102e+00 2.335249890213117e+01
1.428595723293479e+00 2.336056108926872e+01
1.432122474145064e+00 2.336860793408809e+01
1.435661820535405e+00 2.337663940371943e+01
1.439213830061310e+00 2.338465546516426e+01
1.442778570804155e+00 2.339265608529534e+01
1.446356111334226e+00 2.340064123085654e+01
1.449946520715126e+00 2.340861086846282e+01
1.453549868508209e+00 2.341656496460007e+01
1.457166224777079e+00 2.342450348562507e+01
1.460795660092129e+00 2.343242639776544e+01
1.464438245535133e+00 2.344033366711952e+01
1.468094052703882e+00 2.344822525965635e+01
1.471763153716882e+00 2.345610114121563e+01
1.475445621218089e+00 2.346396127750765e+01
1.479141528381710e+00 2.347180563411332e+01
1.482850948917043e+00 2.347963417648404e+01
1.486573957073385e+00 2.348744686994182e+01
1.490310627644980e+00 2.349524367967916e+01
1.494061035976030e+00 2.350302457075911e+01
1.497825257965757e+00 2.351078950811528e+01
1.501603370073527e+00 2.351853845655187e+01
1.505395449324025e+00 2.352627138074365e+01
1.509201573312488e+00 2.353398824523608e+01
1.513021820209999e+00 2.354168901444530e+01
1.516856268768839e+00 2.354937365265821e+01
1.520704998327898e+00 2.355704212403256e+01
1.524568088818147e+00 2.356469439259699e+01
1.528445620768173e+00 2.357233042225118e+01
1.532337675309773e+00 2.357995017676590e+01
1.536244334183611e+00 2.358755361978316e+01
1.540165679744944e+00 2.359514071481632e+01
1.544101794969409e+00 2.360271142525023e+01
1.548052763458871e+00 2.361026571434138e+01
1.552018669447349e+00 2.361780354521807e+01
1.555999597806995e+00 2.362532488088058e+01
1.559995634054155e+00 2.363282968420132e+01
1.564006864355485e+00 2.364031791792510e+01
1.568033375534154e+00 2.364778954466927e+01
1.572075255076101e+00 2.365524452692399e+01
1.576132591136373e+00 2.366268282705246e+01
1.580205472545534e+00 2.367010440729114e+01
1.584293988816151e+00 2.367750922975006e+01
1.588398230149347e+00 2.368489725641308e+01
1.592518287441438e+00 2.369226844913815e+01
1.596654252290641e+00 2.369962276965769e+01
1.600806217003864e+00 2.370696017957885e+01
1.604974274603573e+00 2.371428064038386e+01
1.609158518834737e+00 2.372158411343042e+01
1.613359044171859e+00 2.372887055995202e+01
1.617575945826084e+00 2.373613994105835e+01
1.621809319752397e+00 2.374339221773571e+01
1.626059262656894e+00 2.375062735084741e+01
1.630325872004154e+00 2.375784530113418e+01
1.634609246024685e+00 2.376504602921470e+01
1.638909483722462e+00 2.377222949558598e+01
1.643226684882557e+00 2.377939566062391e+01
1.647560950078858e+00 2.378654448458372e+01
1.651912380681877e+00 2.379367592760052e+01
1.656281078866654e+00 2.380078994968988e+01
1.660667147620755e+00 2.380788651074831e+01
1.665070690752362e+00 2.381496557055390e+01
1.669491812898466e+00 2.382202708876689e+01
1.673930619533154e+00 2.382907102493034e+01
1.678387216975998e+00 2.383609733847067e+01
1.682861712400540e+00 2.384310598869842e+01
1.687354213842887e+00 2.385009693480887e+01
1.691864830210404e+00 2.385707013588279e+01
1.696393671290518e+00 2.386402555088709e+01
1.700940847759620e+00 2.387096313867564e+01
1.705506471192085e+00 2.387788285799001e+01
1.710090654069398e+00 2.388478466746023e+01
1.714693509789388e+00 2.389166852560567e+01
1.719315152675583e+00 2.389853439083582e+01
1.723955697986669e+00 2.390538222145116e+01
1.728615261926080e+00 2.391221197564407e+01
1.733293961651690e+00 2.391902361149973e+01
1.737991915285636e+00 2.392581708699704e+01
1.742709241924258e+00 2.393259236000959e+01
1.747446061648163e+00 2.393934938830666e+01
1.752202495532416e+00 2.394608812955421e+01
1.756978665656852e+00 2.395280854131594e+01
1.761774695116525e+00 2.395951058105434e+01
1.766590708032280e+00 2.396619420613179e+01
1.771426829561462e+00 2.397285937381169e+01
1.776283185908757e+00 2.397950604125960e+01
1.781159904337174e+00 2.398613416554443e+01
1.786057113179155e+00 2.399274370363965e+01
1.790974941847839e+00 2.399933461242451e+01
1.795913520848458e+00 2.400590684868532e+01
1.800872981789884e+00 2.401246036911678e+01
1.805853457396316e+00 2.401899513032325e+01
1.810855081519123e+00 2.402551108882018e+01
1.815877989148835e+00 2.403200820103545e+01
1.820922316427289e+00 2.403848642331084e+01
1.825988200659924e+00 2.404494571190346e+01
1.831075780328245e+00 2.405138602298729e+01
1.836185195102438e+00 2.405780731265464e+01
1.841316585854155e+00 2.406420953691778e+01
1.846470094669456e+00 2.407059265171051e+01
1.851645864861930e+00 2.407695661288982e+01
1.856844040985973e+00 2.408330137623751e+01
1.862064768850250e+00 2.408962689746197e+01
1.867308195531328e+00 2.409593313219986e+01
1.872574469387488e+00 2.410222003601796e+01
1.877863740072713e+00 2.410848756441495e+01
1.883176158550872e+00 2.411473567282326e+01
1.888511877110076e+00 2.412096431661104e+01
1.893871049377231e+00 2.412717345108404e+01
1.899253830332789e+00 2.413336303148763e+01
1.904660376325678e+00 2.413953301300879e+01
1.910090845088447e+00 2.414568335077823e+01
1.915545395752603e+00 2.415181399987248e+01
1.921024188864155e+00 2.415792491531602e+01
1.926527386399366e+00 2.416401605208351e+01
1.932055151780717e+00 2.417008736510203e+01
1.937607649893081e+00 2.417613880925336e+01
1.943185047100119e+00 2.418217033937633e+01
1.948787511260896e+00 2.418818191026918e+01
1.954415211746722e+00 2.419417347669202e+01
1.960068319458218e+00 2.420014499336929e+01
1.965747006842616e+00 2.420609641499229e+01
1.971451447911297e+00 2.421202769622175e+01
1.977181818257564e+00 2.421793879169049e+01
1.982938295074655e+00 2.422382965600603e+01
1.988721057174017e+00 2.422970024375341e+01
1.994530285003811e+00 2.423555050949789e+01
2.000366160667686e+00 2.424138040778783e+01
2.006228867943809e+00 2.424718989315757e+01
2.012118592304154e+00 2.425297892013037e+01
2.018035520934062e+00 2.425874744322140e+01
2.023979842752071e+00 2.426449541694082e+01
2.029951748430024e+00 2.427022279579685e+01
2.035951430413457e+00 2.427592953429900e+01
2.041979082942266e+00 2.428161558696121e+01
2.048034902071678e+00 2.428728090830523e+01
2.054119085693499e+00 2.429292545286390e+01
2.060231833557675e+00 2.429854917518459e+01
2.066373347294154e+00 2.430415202983265e+01
2.072543830435051e+00 2.430973397139494e+01
2.078743488437133e+00 2.431529495448344e+01
2.084972528704628e+00 2.432083493373889e+01
2.091231160612349e+00 2.432635386383453e+01
2.097519595529154e+00 2.433185169947987e+01
2.103838046841744e+00 2.433732839542454e+01
2.110186729978795e+00 2.434278390646223e+01
2.116565862435449e+00 2.434821818743468e+01
2.122975663798144e+00 2.435363119323571e+01
2.129416355769817e+00 2.435902287881537e+01
2.135888162195458e+00 2.436439319918415e+01
2.142391309088052e+00 2.436974210941721e+01
2.148926024654882e+00 2.437506956465875e+01
2.155492539324227e+00 2.438037552012645e+01
2.162091085772447e+00 2.438565993111589e+01
2.168721898951464e+00 2.439092275300517e+01
2.175385216116654e+00 2.439616394125956e+01
2.182081276855138e+00 2.440138345143615e+01
2.188810323114500e+00 2.440658123918873e+01
2.195572599231933e+00 2.441175726027259e+01
2.202368351963808e+00 2.441691147054952e+01
2.209197830515694e+00 2.442204382599283e+01
2.216061286572812e+00 2.442715428269246e+01
2.222958974330963e+00 2.443224279686017e+01
2.229891150527905e+00 2.443730932483485e+01
2.236858074475208e+00 2.444235382308786e+01
2.243860008090587e+00 2.444737624822848e+01
2.250897215930729e+00 2.445237655700945e+01
2.257969965224610e+00 2.445735470633260e+01
2.265078525907319e+00 2.446231065325455e+01
2.272223170654409e+00 2.446724435499253e+01
2.279404174916750e+00 2.447215576893023e+01
2.286621816955941e+00 2.447704485262380e+01
2.293876377880242e+00 2.448191156380795e+01
2.301168141681078e+00 2.448675586040206e+01
2.308497395270093e+00 2.449157770051648e+01
2.315864428516784e+00 2.449637704245886e+01
2.323269534286713e+00 2.450115384474061e+01
2.330713008480321e+00 2.450590806608342e+01
2.338195150072337e+00 2.451063966542593e+01
2.345716261151811e+00 2.451534860193046e+01
2.353276646962771e+00 2.452003483498981e+01
2.360876615945516e+00 2.452469832423427e+01
2.368516479778564e+00 2.452933902953860e+01
2.376196553421260e+00 2.453395691102919e+01
2.383917155157057e+00 2.453855192909129e+01
2.391678606637488e+00 2.454312404437639e+01
2.399481232926834e+00 2.454767321780962e+01
2.407325362547506e+00 2.455219941059735e+01
2.415211327526154e+00 2.455670258423483e+01
2.423139463440518e+00 2.456118270051397e+01
2.431110109467023e+00 2.456563972153120e+01
2.439123608429155e+00 2.457007360969549e+01
2.447180306846608e+00 2.457448432773640e+01
2.455280554985236e+00 2.457887183871231e+01
2.463424706907813e+00 2.458323610601875e+01
2.471613120525622e+00 2.458757709339679e+01
2.479846157650885e+00 2.459189476494164e+01
2.488124184050056e+00 2.459618908511124e+01
2.496447569497990e+00 2.460046001873507e+01
2.504816687833001e+00 2.460470753102303e+01
2.513231917012832e+00 2.460893158757442e+01
2.521693639171557e+00 2.461313215438709e+01
2.530202240677423e+00 2.461730919786664e+01
2.538758112191654e+00 2.462146268483577e+01
2.547361648728249e+00 2.462559258254381e+01
2.556013249714769e+00 2.462969885867621e+01
2.564713319054154e+00 2.463378148136433e+01
2.573462265187581e+00 2.463784041919523e+01
2.582260501158379e+00 2.464187564122164e+01
2.591108444677035e+00 2.464588711697198e+01
2.600006518187299e+00 2.464987481646062e+01
2.608955148933415e+00 2.465383871019815e+01
2.617954769028513e+00 2.465777876920181e+01
2.627005815524154e+00 2.466169496500608e+01
2.636108730481088e+00 2.466558726967333e+01
2.645263961041223e+00 2.466945565580465e+01
2.654471959500840e+00 2.467330009655075e+01
2.663733183385079e+00 2.467712056562302e+01
2.673048095523719e+00 2.468091703730474e+01
2.682417164128282e+00 2.468468948646233e+01
2.691840862870480e+00 2.468843788855678e+01
2.701319670962049e+00 2.469216221965525e+01
2.710854073235972e+00 2.469586245644267e+01
2.720444560229154e+00 2.469953857623360e+01
2.730091628266543e+00 2.470319055698409e+01
2.739795779546757e+00 2.470681837730377e+01
2.749557522229228e+00 2.471042201646801e+01
2.759377370522904e+00 2.471400145443019e+01
2.769255844776542e+00 2.471755667183414e+01
2.779193471570621e+00 2.472108765002664e+01
2.789190783810910e+00 2.472459437107013e+01
2.799248320823732e+00 2.472807681775544e+01
2.809366628452945e+00 2.473153497361472e+01
2.819546259158699e+00 2.473496882293447e+01
2.829787772117983e+00 2.473837835076864e+01
2.840091733327021e+00 2.474176354295192e+01
2.850458715705531e+00 2.474512438611313e+01
2.860889299202928e+00 2.474846086768866e+01
2.871384070906463e+00 2.475177297593615e+01
2.881943625151377e+00 2.475506069994815e+01
2.892568563633103e+00 2.475832402966600e+01
2.903259495521547e+00 2.476156295589375e+01
2.914017037577520e+00 2.476477747031226e+01
2.924841814271343e+00 2.476796756549331e+01
2.935734457903685e+00 2.477113323491393e+01
2.946695608728684e+00 2.477427447297074e+01
2.957725915079392e+00 2.477739127499445e+01
2.968826033495611e+00 2.478048363726447e+01
2.979996628854155e+00 2.478355155702354e+01
2.991238374501607e+00 2.478659503249259e+01
3.002551952389619e+00 2.478961406288552e+01
3.013938053212809e+00 2.479260864842428e+01
3.025397376549332e+00 2.479557879035382e+01
3.036930631004155e+00 2.479852449095734e+01
3.048538534355126e+00 2.480144575357145e+01
3.060221813701882e+00 2.480434258260151e+01
3.071981205617673e+00 2.480721498353704e+01
3.083817456304155e+00 2.481006296296713e+01
3.095731321749237e+00 2.481288652859605e+01
3.107723567888036e+00 2.481568568925882e+01
3.119794970767026e+00 2.481846045493688e+01
3.131946316711439e+00 2.482121083677383e+01
3.144178402496015e+00 2.482393684709121e+01
3.156492035519155e+00 2.482663849940435e+01
3.168888033980576e+00 2.482931580843827e+01
3.181367227062544e+00 2.483196879014359e+01
3.193930455114761e+00 2.483459746171251e+01
3.206578569843006e+00 2.483720184159481e+01
3.219312434501612e+00 2.483978194951390e+01
3.232132924089869e+00 2.484233780648285e+01
3.245040925552448e+00 2.484486943482050e+01
3.258037337983949e+00 2.484737685816750e+01
3.271123072837660e+00 2.484986010150246e+01
3.284299054138637e+00 2.485231919115801e+01
3.297566218701213e+00 2.485475415483685e+01
3.310925516351029e+00 2.485716502162792e+01
3.324377910151715e+00 2.485955182202238e+01
3.337924376636322e+00 2.486191458792963e+01
3.351565906043628e+00 2.486425335269339e+01
3.365303502559436e+00 2.486656815110754e+01
3.379138184562988e+00 2.486885901943214e+01
3.393070984878622e+00 2.487112599540919e+01
3.407102951032802e+00 2.487336911827846e+01
3.421235145516654e+00 2.487558842879319e+01
3.435468646054154e+00 2.487778396923570e+01
3.449804545876097e+00 2.487995578343297e+01
3.464243954000002e+00 2.488210391677206e+01
3.478787995516111e+00 2.488422841621542e+01
3.493437811879608e+00 2.488632933031612e+01
3.508194561209264e+00 2.488840670923295e+01
3.523059418592615e+00 2.489046060474530e+01
3.538033576397904e+00 2.489249107026803e+01
3.553118244592899e+00 2.489449816086606e+01
3.568314651070820e+00 2.489648193326881e+01
3.583624041983521e+00 2.489844244588454e+01
3.599047682082138e+00 2.490037975881438e+01
3.614586855065389e+00 2.490229393386622e+01
3.630242863935732e+00 2.490418503456836e+01
3.646017031363587e+00 2.490605312618298e+01
3.661910700059835e+00 2.490789827571924e+01
3.677925233156815e+00 2.490972055194630e+01
3.694062014598047e+00 2.491152002540588e+01
3.710322449536911e+00 2.491329676842470e+01
3.726707964744538e+00 2.491505085512651e+01
3.743220009027126e+00 2.491678236144386e+01
3.759860053652990e+00 2.491849136512954e+01
3.776629592789562e+00 2.492017794576764e+01
3.793530143950637e+00 2.492184218478430e+01
3.810563248454153e+00 2.492348416545804e+01
3.827730471890767e+00 2.492510397292977e+01
3.845033404603560e+00 2.492670169421230e+01
3.862473662179152e+00 2.492827741819951e+01
3.880052885950567e+00 2.492983123567505e+01
3.897772743512153e+00 2.493136323932056e+01
3.915634929246927e+00 2.493287352372344e+01
3.933641164866656e+00 2.493436218538418e+01
3.951793199965087e+00 2.493582932272305e+01
3.970092812584644e+00 2.493727503608642e+01
3.988541809797013e+00 2.493869942775239e+01
4.007142028298008e+00 2.494010260193600e+01
4.025895335017119e+00 2.494148466479372e+01
4.044803627742172e+00 2.494284572442741e+01
4.063868835759550e+00 2.494418589088766e+01
4.083092920510405e+00 2.494550527617649e+01
4.102477876263361e+00 2.494680399424933e+01
4.122025730804156e+00 2.494808216101642e+01
4.141738546142763e+00 2.494933989434339e+01
4.161618419238478e+00 2.495057731405123e+01
4.181667482743517e+00 2.495179454191545e+01
4.201887905765694e+00 2.495299170166449e+01
4.222281894650722e+00 2.495416891897735e+01
4.242851693784758e+00 2.495532632148039e+01
4.263599586417792e+00 2.495646403874338e+01
4.284527895508504e+00 2.495758220227460e+01
4.305638984591273e+00 2.495868094551516e+01
4.326935258665998e+00 2.495976040383232e+01
4.348419165111424e+00 2.496082071451206e+01
4.370093194622739e+00 2.496186201675054e+01
4.391959882174155e+00 2.496288445164474e+01
4.414021808007280e+00 2.496388816218204e+01
4.436281598646083e+00 2.496487329322888e+01
4.458741927939290e+00 2.496583999151828e+01
4.481405518131077e+00 2.496678840563647e+01
4.504275140960973e+00 2.496771868600837e+01
4.527353618793881e+00 2.496863098488197e+01
4.550643825781219e+00 2.496952545631170e+01
4.574148689054154e+00 2.497040225614056e+01
4.597871189949988e+00 2.497126154198125e+01
4.621814365272759e+00 2.497210347319599e+01
4.645981308589201e+00 2.497292821087529e+01
4.670375171561196e+00 2.497373591781544e+01
4.694999165315947e+00 2.497452675849479e+01
4.719856561855102e+00 2.497530089904889e+01
4.744950695504154e+00 2.497605850724420e+01
4.770284964403436e+00 2.497679975245075e+01
4.795862832042134e+00 2.497752480561332e+01
4.821687828836763e+00 2.497823383922147e+01
4.847763553755610e+00 2.497892702727817e+01
4.874093675990738e+00 2.497960454526713e+01
4.900681936679153e+00 2.498026657011881e+01
4.927532150674843e+00 2.498091328017509e+01
4.954648208373460e+00 2.498154485515251e+01
4.982034077591467e+00 2.498216147610421e+01
5.009693805501653e+00 2.498276332538050e+01
5.037631520627017e+00 2.498335058658799e+01
5.065851434895062e+00 2.498392344454737e+01
5.094357845754661e+00 2.498448208524979e+01
5.123155138357724e+00 2.498502669581184e+01
5.152247787807999e+00 2.498555746442914e+01
5.181640361479410e+00 2.498607458032848e+01
5.211337521406485e+00 2.498657823371867e+01
5.241344026749465e+00 2.498706861573988e+01
5.271664736336874e+00 2.498754591841169e+01
5.302304611288363e+00 2.498801033457967e+01
5.333268717720819e+00 2.498846205786067e+01
5.364562229540854e+00 2.498890128258668e+01
5.396190431326879e+00 2.498932820374739e+01
5.428158721304151e+00 2.498974301693139e+01
5.460472614416314e+00 2.499014591826607e+01
5.493137745497086e+00 2.499053710435623e+01
5.526159872545954e+00 2.499091677222135e+01
5.559544880111843e+00 2.499128511923176e+01
5.593298782788958e+00 2.499164234304338e+01
5.627427728829152e+00 2.499198864153146e+01
5.661938003875379e+00 2.499232421272308e+01
5.696836034821004e+00 2.499264925472845e+01
5.732128393799913e+00 2.499296396567130e+01
5.767821802312674e+00 2.499326854361804e+01
5.803923135494149e+00 2.499356318650607e+01
5.840439426528287e+00 2.499384809207098e+01
5.877377871216000e+00 2.499412345777304e+01
5.914745832702406e+00 2.499438948072263e+01
5.952550846369940e+00 2.499464635760503e+01
5.990800624904157e+00 2.499489428460441e+01
6.029503063539364e+00 2.499513345732710e+01
6.068666245491658e+00 2.499536407072438e+01
6.108298447587091e+00 2.499558631901462e+01
6.148408146093313e+00 2.499580039560497e+01
6.189004022763248e+00 2.499600649301269e+01
6.230094971099889e+00 2.499620480278617e+01
6.271690102851704e+00 2.499639551542569e+01
6.313798754748601e+00 2.499657882030405e+01
6.356430495488939e+00 2.499675490558715e+01
6.399595132988532e+00 2.499692395815460e+01
6.443302721903214e+00 2.499708616352049e+01
6.487563571437067e+00 2.499724170575430e+01
6.532388253449060e+00 2.499739076740229e+01
6.577787610871463e+00 2.499753352940921e+01
6.623772766454156e+00 2.499767017104055e+01
6.670355131849609e+00 2.499780086980556e+01
6.717546417054155e+00 2.499792580138086e+01
6.765358640221919e+00 2.499804513953512e+01
6.813804137868726e+00 2.499815905605460e+01
6.862895575484155e+00 2.499826772066983e+01
6.912645958570933e+00 2.499837130098360e+01
6.963068644131858e+00 2.499846996240021e+01
7.014177352625584e+00 2.499856386805632e+01
7.065986180413743e+00 2.499865317875325e+01
7.118509612723120e+00 2.499873805289123e+01
7.171762537147904e+00 2.499881864640529e+01
7.225760257718490e+00 2.499889511270332e+01
7.280518509564718e+00 2.499896760260611e+01
7.336053474203090e+00 2.499903626428978e+01
7.392381795479154e+00 2.499910124323045e+01
7.449520596198039e+00 2.499916268215144e+01
7.507487495478067e+00 2.499922072097318e+01
7.566300626864372e+00 2.499927549676574e+01
7.625978657241653e+00 2.499932714370424e+01
7.686540806587487e+00 2.499937579302736e+01
7.748006868610124e+00 2.499942157299876e+01
7.810397232317309e+00 2.499946460887183e+01
7.873732904565515e+00 2.499950502285771e+01
7.938035533641939e+00 2.499954293409666e+01
8.003327433934922e+00 2.499957845863303e+01
8.069631611751825e+00 2.499961170939371e+01
8.136971792347120e+00 2.499964279617033e+01
8.205372448227379e+00 2.499967182560517e+01
8.274858828804151e+00 2.499969890118087e+01
8.345456991470149e+00 2.499972412321406e+01
8.417193834179150e+00 2.499974758885283e+01
8.490097129615126e+00 2.499976939207826e+01
8.564195561041855e+00 2.499978962370988e+01
8.639518759930182e+00 2.499980837141517e+01
8.716097345466649e+00 2.499982571972308e+01
8.793962966054149e+00 2.499984175004156e+01
8.873148342922793e+00 2.499985654067921e+01
8.953687315977223e+00 2.499987016687071e+01
9.035614892015355e+00 2.499988270080648e+01
9.118967295462843e+00 2.499989421166598e+01
9.203782021777831e+00 2.499990476565505e+01
9.290097893691316e+00 2.499991442604693e+01
9.377955120460395e+00 2.499992325322696e+01
9.467395360324415e+00 2.499993130474091e+01
9.558461786367783e+00 2.499993863534669e+01
9.651199156008275e+00 2.499994529706949e+01
9.745653884345810e+00 2.499995133926003e+01
9.841874121624237e+00 2.499995680865592e+01
9.939909835077728e+00 2.499996174944580e+01
1.003981289545414e+01 2.499996620333624e+01
1.014163716853010e+01 2.499997020962111e+01
1.024543861195705e+01 2.499997380525326e+01
1.035127537780414e+01 2.499997702491822e+01
1.045920792119276e+01 2.499997990110980e+01
1.056929911544914e+01 2.499998246420733e+01
1.068161437423596e+01 2.499998474255423e+01
1.079622178116128e+01 2.499998676253771e+01
1.091319222740465e+01 2.499998854866939e+01
1.103259955794476e+01 2.499999012366651e+01
1.115452072702256e+01 2.499999150853352e+01
1.127903596352754e+01 2.499999272264371e+01
1.140622894705414e+01 2.499999378382078e+01
1.153618699544003e+01 2.499999470841989e+01
1.166900126466955e+01 2.499999551140804e+01
1.180476696210416e+01 2.499999620644362e+01
1.194358357408787e+01 2.499999680595460e+01
1.208555510907120e+01 2.499999732121549e+01
1.223079035750244e+01 2.499999776242255e+01
1.237940316985067e+01 2.499999813876714e+01
1.253151275425416e+01 2.499999845850711e+01
1.268724399542916e+01 2.499999872903581e+01
1.284672779663247e+01 2.499999895694879e+01
1.301010144664562e+01 2.499999914810790e+01
1.317750901394305e+01 2.499999930770266e+01
1.334910177042291e+01 2.499999944030886e+01
1.352503864731998e+01 2.499999954994418e+01
1.370548672618877e+01 2.499999964012094e+01
1.389062176814507e+01 2.499999971389565e+01
1.408062878488968e+01 2.499999977391569e+01
1.427570265541416e+01 2.499999982246269e+01
1.447604879270956e+01 2.499999986149307e+01
1.468188386527333e+01 2.499999989267535e+01
1.489343657874165e+01 2.499999991742465e+01
1.511094852357528e+01 2.499999993693413e+01
1.533467509540415e+01 2.499999995220375e+01
1.556488649540198e+01 2.499999996406617e+01
1.580186881892915e+01 2.499999997321022e+01
1.604592524166609e+01 2.499999998020169e+01
1.629737731357688e+01 2.499999998550204e+01
1.655656637231569e+01 2.499999998948470e+01
1.682385508914009e+01 2.499999999244946e+01
1.709962916205415e+01 2.499999999463503e+01
1.738429917280414e+01 2.499999999622975e+01
1.767830262652955e+01 2.499999999738092e+01
1.798210619537915e+01 2.499999999820256e+01
1.829620819029143e+01 2.499999999878208e+01
1.862114128847655e+01 2.499999999918576e+01
1.895747554800151e+01 2.499999999946328e+01
1.930582174536664e+01 2.499999999965143e+01
1.966683507718141e+01 2.499999999977716e+01
2.004121927313746e+01 2.499999999985987e+01
2.042973117460130e+01 2.499999999991341e+01
2.083318584150605e+01 2.499999999994748e+01
2.125246226005413e+01 2.499999999996876e+01
2.168850973534412e+01 2.499999999998180e+01
2.214235506676841e+01 2.499999999998963e+01
2.261511062033537e+01 2.499999999999423e+01
2.310798343150093e+01 2.499999999999687e+01
2.362228549532585e+01 2.499999999999834e+01
2.415944542865411e+01 2.499999999999915e+01
2.472102172258820e+01 2.499999999999957e+01
2.530871784414713e+01 2.499999999999979e+01
2.592439949530409e+01 2.499999999999990e+01
2.657011439773702e+01 2.499999999999996e+01
2.724811504529159e+01 2.499999999999998e+01
2.796088495682331e+01 2.499999999999999e+01
2.871116907422513e+01 2.500000000000000e+01
2.950200908986488e+01 2.500000000000000e+01
3.033678466192906e+01 2.500000000000000e+01
3.121926169525405e+01 2.500000000000000e+01
3.215364914230404e+01 2.500000000000000e+01
3.314466613159949e+01 2.500000000000000e+01
3.419762168272590e+01 2.500000000000000e+01
3.531850985005401e+01 2.500000000000000e+01
3.651412389520400e+01 2.500000000000000e+01
3.779219408139880e+01 2.500000000000000e+01
3.916155499517896e+01 2.500000000000000e+01
4.063235005072061e+01 2.500000000000000e+01
4.221628318745777e+01 2.500000000000000e+01
4.392693097513389e+01 2.500000000000000e+01
4.578013274511637e+01 2.500000000000000e+01
4.779448249509732e+01 2.500000000000000e+01
