0.000000000000000e+00 0.000000000000000e+00
7.074594528978625e-05 4.399647017035591e-02
1.415624953153906e-04 8.800176726906273e-02
2.124497558252942e-04 1.320158937649722e-01
2.834078327792636e-04 1.760388521269789e-01
3.544368323488791e-04 2.200706448247445e-01
4.255368609180643e-04 2.641112743285134e-01
4.967080250836168e-04 3.081607431087861e-01
5.679504316557414e-04 3.522190536370573e-01
6.392641876585844e-04 3.962862083849217e-01
7.106494003307687e-04 4.403622098246984e-01
7.821061771259327e-04 4.844470604292752e-01
8.536346257132684e-04 5.285407626720087e-01
9.252348539780626e-04 5.726433190268096e-01
9.969069700222391e-04 6.167547319681574e-01
1.068651082164903e-03 6.608750039708440e-01
1.140467298942886e-03 7.050041375105565e-01
1.212355729111294e-03 7.491421350631668e-01
1.284316481644057e-03 7.932889991052292e-01
1.356349665734478e-03 8.374447321138661e-01
1.428455390795785e-03 8.816093365666973e-01
1.500633766461688e-03 9.257828149418685e-01
1.572884902586931e-03 9.699651697178524e-01
1.645208909247853e-03 1.014156403373974e+00
1.717605896742944e-03 1.058356518389772e+00
1.790075975593405e-03 1.102565517245651e+00
1.862619256543716e-03 1.146783402422130e+00
1.935235850562193e-03 1.191010176400482e+00
2.007925868841557e-03 1.235245841662547e+00
2.080689422799505e-03 1.279490400690491e+00
2.153526624079272e-03 1.323743855967194e+00
2.226437584550210e-03 1.368006209975860e+00
2.299422416308351e-03 1.412277465200447e+00
2.372481231676993e-03 1.456557624125111e+00
2.445614143207266e-03 1.500846689234777e+00
2.518821263678717e-03 1.545144663014796e+00
2.592102706099884e-03 1.589451547951072e+00
2.665458583708885e-03 1.633767346529723e+00
2.738889009973991e-03 1.678092061237933e+00
2.812394098594222e-03 1.722425694562759e+00
2.885973963499927e-03 1.766768248992349e+00
2.959628718853373e-03 1.811119727014997e+00
3.033358479049338e-03 1.855480131119506e+00
3.107163358715701e-03 1.899849463795306e+00
3.181043472714038e-03 1.944227727532237e+00
3.254998936140216e-03 1.988614924820794e+00
3.329029864324993e-03 2.033011058151814e+00
3.403136372834613e-03 2.077416130016601e+00
3.477318577471415e-03 2.121830142907143e+00
3.551576594274426e-03 2.166253099315767e+00
3.625910539519975e-03 2.210685001735214e+00
3.700320529722299e-03 2.255125852659020e+00
3.774806681634143e-03 2.299575654580920e+00
3.849369112247382e-03 2.344034409995373e+00
3.924007938793625e-03 2.388502121397124e+00
3.998723278744838e-03 2.432978791281400e+00
4.073515249813949e-03 2.477464422144109e+00
4.148383969955476e-03 2.521959016481517e+00
4.223329557366142e-03 2.566462576790514e+00
4.298352130485498e-03 2.610975105568144e+00
4.373451807996549e-03 2.655496605312322e+00
4.448628708826379e-03 2.700027078521131e+00
4.523882952146775e-03 2.744566527693337e+00
4.599214657374858e-03 2.789114955328159e+00
4.674623944173724e-03 2.833672363925245e+00
4.750110932453062e-03 2.878238755984682e+00
4.825675742369802e-03 2.922814134007055e+00
4.901318494328745e-03 2.967398500493616e+00
4.977039308983209e-03 3.011991857945716e+00
5.052838307235663e-03 3.056594208865519e+00
5.128715610238378e-03 3.101205555755584e+00
5.204671339394068e-03 3.145825901118712e+00
5.280705616356537e-03 3.190455247458431e+00
5.356818563031332e-03 3.235093597278649e+00
5.433010301576391e-03 3.279740953083731e+00
5.509280954402698e-03 3.324397317378597e+00
5.585630644174938e-03 3.369062692668393e+00
5.662059493812157e-03 3.413737081459018e+00
5.738567626488418e-03 3.458420486256657e+00
5.815155165633469e-03 3.503112909567946e+00
5.891822234933393e-03 3.547814353900193e+00
5.968568958331292e-03 3.592524821760833e+00
6.045395460027941e-03 3.637244315657981e+00
6.122301864482465e-03 3.681972838100137e+00
6.199288296413008e-03 3.726710391596342e+00
6.276354880797409e-03 3.771456978655920e+00
6.353501742873877e-03 3.816212601788862e+00
6.430729008141669e-03 3.860977263505447e+00
6.508036802361776e-03 3.905750966316376e+00
6.585425251557594e-03 3.950533712732863e+00
6.662894482015621e-03 3.995325505266678e+00
6.740444620286136e-03 4.040126346429915e+00
6.818075793183893e-03 4.084936238735011e+00
6.895788127788810e-03 4.129755184695199e+00
6.973581751446661e-03 4.174583186823639e+00
7.051456791769773e-03 4.219420247634403e+00
7.129413376637727e-03 4.264266369641703e+00
7.207451634198051e-03 4.309121555360363e+00
7.285571692866929e-03 4.353985807305492e+00
7.363773681329902e-03 4.398859127992736e+00
7.442057728542573e-03 4.443741519938300e+00
7.520423963731320e-03 4.488632985658370e+00
7.598872516394005e-03 4.533533527670144e+00
7.677403516300688e-03 4.578443148490848e+00
7.756017093494337e-03 4.623361850638204e+00
7.834713378291558e-03 4.668289636630576e+00
7.913492501283301e-03 4.713226508986367e+00
7.992354593335594e-03 4.758172470224807e+00
8.071299785590260e-03 4.803127522865296e+00
8.150328209465650e-03 4.848091669427689e+00
8.229439996657362e-03 4.893064912432379e+00
8.308635279138986e-03 4.938047254400075e+00
8.387914189162831e-03 4.983038697851825e+00
8.467276859260657e-03 5.028039245309273e+00
8.546723422244421e-03 5.073048899294321e+00
8.626254011207014e-03 5.118067662329409e+00
8.705868759523009e-03 5.163095536937320e+00
8.785567800849397e-03 5.208132525641247e+00
8.865351269126341e-03 5.253178630964882e+00
8.945219298577927e-03 5.298233855432017e+00
9.025172023712922e-03 5.343298201567322e+00
9.105209579325512e-03 5.388371671895513e+00
9.185332100496079e-03 5.433454268941702e+00
9.265539722591948e-03 5.478545995231741e+00
9.345832581268150e-03 5.523646853291467e+00
9.426210812468198e-03 5.568756845647457e+00
9.506674552424840e-03 5.613875974826357e+00
9.587223937660842e-03 5.659004243355554e+00
9.667859104989747e-03 5.704141653762449e+00
9.748580191516658e-03 5.749288208575194e+00
9.829387334639011e-03 5.794443910322116e+00
9.910280672047364e-03 5.839608761532034e+00
9.991260341726163e-03 5.884782764734041e+00
1.007232648195454e-02 5.929965922457754e+00
1.015347923130709e-02 5.975158237232947e+00
1.023471872865467e-02 6.020359711590032e+00
1.031604511316520e-02 6.065570348059808e+00
1.039745852430441e-02 6.110790149173113e+00
1.047895910183670e-02 6.156019117461554e+00
1.056054698582591e-02 6.201257255456966e+00
1.064222231663612e-02 6.246504565691367e+00
1.072398523493245e-02 6.291761050697502e+00
1.080583588168189e-02 6.337026713008186e+00
1.088777439815409e-02 6.382301555156758e+00
1.096980092592217e-02 6.427585579677029e+00
1.105191560686357e-02 6.472878789102793e+00
1.113411858316082e-02 6.518181185968643e+00
1.121640999730239e-02 6.563492772809255e+00
1.129878999208352e-02 6.608813552159788e+00
1.138125871060700e-02 6.654143526555600e+00
1.146381629628406e-02 6.699482698532790e+00
1.154646289283517e-02 6.744831070627285e+00
1.162919864429086e-02 6.790188645375864e+00
1.171202369499260e-02 6.835555425315249e+00
1.179493818959357e-02 6.880931412982804e+00
1.187794227305960e-02 6.926316610916146e+00
1.196103609066991e-02 6.971711021653121e+00
1.204421978801805e-02 7.017114647732086e+00
1.212749351101266e-02 7.062527491691625e+00
1.221085740587840e-02 7.107949556070835e+00
1.229431161915679e-02 7.153380843408982e+00
1.237785629770702e-02 7.198821356245716e+00
1.246149158870687e-02 7.244271097121015e+00
1.254521763965355e-02 7.289730068575224e+00
1.262903459836456e-02 7.335198273149032e+00
1.271294261297856e-02 7.380675713383425e+00
1.279694183195628e-02 7.426162391819815e+00
1.288103240408134e-02 7.471658310999700e+00
1.296521447846116e-02 7.517163473465118e+00
1.304948820452783e-02 7.562677881758404e+00
1.313385373203902e-02 7.608201538422193e+00
1.321831121107884e-02 7.653734445999419e+00
1.330286079205872e-02 7.699276607033354e+00
1.338750262571834e-02 7.744828024067488e+00
1.347223686312649e-02 7.790388699645916e+00
1.355706365568200e-02 7.835958636312682e+00
1.364198315511463e-02 7.881537836612367e+00
1.372699551348595e-02 7.927126303089821e+00
1.381210088319027e-02 7.972724038290210e+00
1.389729941695558e-02 8.018331044758895e+00
1.398259126784439e-02 8.063947325041781e+00
1.406797658925473e-02 8.109572881684741e+00
1.415345553492100e-02 8.155207717234219e+00
1.423902825891493e-02 8.200851834236900e+00
1.432469491564651e-02 8.246505235239624e+00
1.441045565986489e-02 8.292167922789787e+00
1.449631064665933e-02 8.337839899434684e+00
1.458226003146015e-02 8.383521167722421e+00
1.466830397003962e-02 8.429211730201018e+00
1.475444261851296e-02 8.474911589418767e+00
1.484067613333925e-02 8.520620747924468e+00
1.492700467132237e-02 8.566339208267038e+00
1.501342838961197e-02 8.612066972995805e+00
1.509994744570443e-02 8.657804044660168e+00
1.518656199744380e-02 8.703550425810008e+00
1.527327220302274e-02 8.749306118995349e+00
1.536007822098354e-02 8.795071126766658e+00
1.544698021021903e-02 8.840845451674440e+00
1.553397832997359e-02 8.886629096269715e+00
1.562107273984409e-02 8.932422063103445e+00
1.570826359978089e-02 8.978224354727232e+00
1.579555107008881e-02 9.024035973692691e+00
1.588293531142812e-02 9.069856922551708e+00
1.597041648481550e-02 9.115687203856581e+00
1.605799475162507e-02 9.161526820159679e+00
1.614567027358934e-02 9.207375774013798e+00
1.623344321280023e-02 9.253234067971860e+00
1.632131373171008e-02 9.299101704587144e+00
1.640928199313262e-02 9.344978686412972e+00
1.649734816024401e-02 9.390865016003190e+00
1.658551239658380e-02 9.436760695911573e+00
1.667377486605600e-02 9.482665728692510e+00
1.676213573293007e-02 9.528580116900372e+00
1.685059516184192e-02 9.574503863089845e+00
1.693915331779497e-02 9.620436969815685e+00
1.702781036616114e-02 9.666379439633204e+00
1.711656647268192e-02 9.712331275097597e+00
1.720542180346934e-02 9.758292478764687e+00
1.729437652500709e-02 9.804263053190098e+00
1.738343080415148e-02 9.850243000929936e+00
1.747258480813254e-02 9.896232324540435e+00
1.756183870455504e-02 9.942231026578114e+00
1.765119266139953e-02 9.988239109599661e+00
1.774064684702343e-02 1.003425657616201e+01
1.783020143016207e-02 1.008028342882234e+01
1.791985657992971e-02 1.012631967013786e+01
1.800961246582070e-02 1.017236530266612e+01
1.809946925771044e-02 1.021842032896501e+01
1.818942712585652e-02 1.026448475159236e+01
1.827948624089978e-02 1.031055857310633e+01
1.836964677386539e-02 1.035664179606533e+01
1.845990889616391e-02 1.040273442302797e+01
1.855027277959244e-02 1.044883645655281e+01
1.864073859633559e-02 1.049494789919896e+01
1.873130651896672e-02 1.054106875352538e+01
1.882197672044892e-02 1.058719902209154e+01
1.891274937413619e-02 1.063333870745680e+01
1.900362465377449e-02 1.067948781218098e+01
1.909460273350289e-02 1.072564633882376e+01
1.918568378785462e-02 1.077181428994538e+01
1.927686799175829e-02 1.081799166810588e+01
1.936815552053891e-02 1.086417847586576e+01
1.945954654991904e-02 1.091037471578545e+01
1.955104125601997e-02 1.095658039042573e+01
1.964263981536278e-02 1.100279550234752e+01
1.973434240486954e-02 1.104902005411178e+01
1.982614920186436e-02 1.109525404827978e+01
1.991806038407464e-02 1.114149748741285e+01
2.001007612963215e-02 1.118775037407258e+01
2.010219661707418e-02 1.123401271082056e+01
2.019442202534474e-02 1.128028450021864e+01
2.028675253379566e-02 1.132656574482874e+01
2.037918832218780e-02 1.137285644721307e+01
2.047172957069220e-02 1.141915660993384e+01
2.056437645989123e-02 1.146546623555336e+01
2.065712917077982e-02 1.151178532663435e+01
2.074998788476656e-02 1.155811388573927e+01
2.084295278367496e-02 1.160445191543107e+01
2.093602404974458e-02 1.165079941827258e+01
2.102920186563225e-02 1.169715639682694e+01
2.112248641441327e-02 1.174352285365723e+01
2.121587787958257e-02 1.178989879132685e+01
2.130937644505597e-02 1.183628421239909e+01
2.140298229517133e-02 1.188267911943767e+01
2.149669561468982e-02 1.192908351500608e+01
2.159051658879706e-02 1.197549740166809e+01
2.168444540310443e-02 1.202192078198763e+01
2.177848224365022e-02 1.206835365852871e+01
2.187262729690089e-02 1.211479603385526e+01
2.196688074975231e-02 1.216124791053159e+01
2.206124278953098e-02 1.220770929112186e+01
2.215571360399528e-02 1.225418017819061e+01
2.225029338133670e-02 1.230066057430207e+01
2.234498231018110e-02 1.234715048202091e+01
2.243978057959000e-02 1.239364990391182e+01
2.253468837906175e-02 1.244015884253942e+01
2.262970589853290e-02 1.248667730046850e+01
2.272483332837938e-02 1.253320528026396e+01
2.282007085941780e-02 1.257974278449073e+01
2.291541868290676e-02 1.262628981571387e+01
2.301087699054809e-02 1.267284637649846e+01
2.310644597448813e-02 1.271941246940970e+01
2.320212582731905e-02 1.276598809701268e+01
2.329791674208013e-02 1.281257326187279e+01
2.339381891225905e-02 1.285916796655529e+01
2.348983253179321e-02 1.290577221362564e+01
2.358595779507101e-02 1.295238600564920e+01
2.368219489693319e-02 1.299900934519155e+01
2.377854403267414e-02 1.304564223481820e+01
2.387500539804321e-02 1.309228467709467e+01
2.397157918924605e-02 1.313893667458670e+01
2.406826560294591e-02 1.318559822985982e+01
2.416506483626503e-02 1.323226934547972e+01
2.426197708678592e-02 1.327895002401226e+01
2.435900255255275e-02 1.332564026802299e+01
2.445614143207266e-02 1.337234008007790e+01
2.455339392431716e-02 1.341904946274263e+01
2.465076022872344e-02 1.346576841858302e+01
2.474824054519578e-02 1.351249695016485e+01
2.484583507410686e-02 1.355923506005412e+01
2.494354401629920e-02 1.360598275081655e+01
2.504136757308648e-02 1.365274002501796e+01
2.513930594625497e-02 1.369950688522437e+01
2.523735933806488e-02 1.374628333400145e+01
2.533552795125177e-02 1.379306937391523e+01
2.543381198902795e-02 1.383986500753137e+01
2.553221165508386e-02 1.388667023741591e+01
2.563072715358951e-02 1.393348506613449e+01
2.572935868919588e-02 1.398030949625310e+01
2.582810646703631e-02 1.402714353033738e+01
2.592697069272798e-02 1.407398717095315e+01
2.602595157237325e-02 1.412084042066617e+01
2.612504931256121e-02 1.416770328204214e+01
2.622426412036899e-02 1.421457575764673e+01
2.632359620336331e-02 1.426145785004557e+01
2.642304576960187e-02 1.430834956180431e+01
2.652261302763478e-02 1.435525089548844e+01
2.662229818650609e-02 1.440216185366357e+01
2.672210145575522e-02 1.444908243889515e+01
2.682202304541840e-02 1.449601265374851e+01
2.692206316603016e-02 1.454295250078913e+01
2.702222202862486e-02 1.458990198258219e+01
2.712249984473806e-02 1.463686110169303e+01
2.722289682640816e-02 1.468382986068677e+01
2.732341318617773e-02 1.473080826212851e+01
2.742404913709516e-02 1.477779630858333e+01
2.752480489271606e-02 1.482479400261612e+01
2.762568066710483e-02 1.487180134679186e+01
2.772667667483613e-02 1.491881834367513e+01
2.782779313099646e-02 1.496584499583088e+01
2.792903025118560e-02 1.501288130582360e+01
2.803038825151826e-02 1.505992727621776e+01
2.813186734862552e-02 1.510698290957789e+01
2.823346775965638e-02 1.515404820846834e+01
2.833518970227940e-02 1.520112317545320e+01
2.843703339468413e-02 1.524820781309660e+01
2.853899905558276e-02 1.529530212396257e+01
2.864108690421164e-02 1.534240611061504e+01
2.874329716033288e-02 1.538951977561776e+01
2.884563004423591e-02 1.543664312153429e+01
2.894808577673907e-02 1.548377615092825e+01
2.905066457919118e-02 1.553091886636285e+01
2.915336667347316e-02 1.557807127040158e+01
2.925619228199961e-02 1.562523336560739e+01
2.935914162772044e-02 1.567240515454336e+01
2.946221493412245e-02 1.571958663977217e+01
2.956541242523097e-02 1.576677782385661e+01
2.966873432561148e-02 1.581397870935920e+01
2.977218086037120e-02 1.586118929884229e+01
2.987575225516082e-02 1.590840959486812e+01
2.997944873617603e-02 1.595563959999866e+01
3.008327053015923e-02 1.600287931679593e+01
3.018721786440117e-02 1.605012874782142e+01
3.029129096674263e-02 1.609738789563688e+01
3.039549006557602e-02 1.614465676280356e+01
3.049981538984713e-02 1.619193535188269e+01
3.060426716905674e-02 1.623922366543509e+01
3.070884563326237e-02 1.628652170602180e+01
3.081355101307990e-02 1.633382947620315e+01
3.091838353968530e-02 1.638114697853980e+01
3.102334344481635e-02 1.642847421559178e+01
3.112843096077431e-02 1.647581118991904e+01
3.123364632042564e-02 1.652315790408157e+01
3.133898975720377e-02 1.657051436063870e+01
3.144446150511072e-02 1.661788056214992e+01
3.155006179871896e-02 1.666525651117426e+01
3.165579087317308e-02 1.671264221027070e+01
3.176164896419150e-02 1.676003766199784e+01
3.186763630806830e-02 1.680744286891417e+01
3.197375314167496e-02 1.685485783357781e+01
3.207999970246206e-02 1.690228255854667e+01
3.218637622846113e-02 1.694971704637857e+01
3.229288295828640e-02 1.699716129963089e+01
3.239952013113655e-02 1.704461532086077e+01
3.250628798679658e-02 1.709207911262519e+01
3.261318676563951e-02 1.713955267748079e+01
3.272021670862826e-02 1.718703601798403e+01
3.282737805731742e-02 1.723452913669095e+01
3.293467105385510e-02 1.728203203615737e+01
3.304209594098471e-02 1.732954471893902e+01
3.314965296204683e-02 1.737706718759092e+01
3.325734236098103e-02 1.742459944466826e+01
3.336516438232771e-02 1.747214149272564e+01
3.347311927122995e-02 1.751969333431749e+01
3.358120727343541e-02 1.756725497199788e+01
3.368942863529812e-02 1.761482640832057e+01
3.379778360378041e-02 1.766240764583901e+01
3.390627242645478e-02 1.770999868710642e+01
3.401489535150576e-02 1.775759953467556e+01
3.412365262773182e-02 1.780521019109902e+01
3.423254450454725e-02 1.785283065892885e+01
3.434157123198413e-02 1.790046094071695e+01
3.445073306069418e-02 1.794810103901482e+01
3.456003024195067e-02 1.799575095637357e+01
3.466946302765040e-02 1.804341069534405e+01
3.477903167031562e-02 1.809108025847671e+01
3.488873642309595e-02 1.813875964832155e+01
3.499857753977036e-02 1.818644886742845e+01
3.510855527474908e-02 1.823414791834675e+01
3.521866988307564e-02 1.828185680362529e+01
3.532892162042875e-02 1.832957552581286e+01
3.543931074312436e-02 1.837730408745759e+01
3.554983750811759e-02 1.842504249110735e+01
3.566050217300476e-02 1.847279073930959e+01
3.577130499602538e-02 1.852054883461133e+01
3.588224623606413e-02 1.856831677955934e+01
3.599332615265294e-02 1.861609457669982e+01
3.610454500597293e-02 1.866388222857857e+01
3.621590305685654e-02 1.871167973774105e+01
3.632740056678946e-02 1.875948710673229e+01
3.643903779791278e-02 1.880730433809683e+01
3.655081501302496e-02 1.885513143437888e+01
3.666273247558396e-02 1.890296839812204e+01
3.677479044970926e-02 1.895081523186975e+01
3.688698920018397e-02 1.899867193816475e+01
3.699932899245688e-02 1.904653851954947e+01
3.711181009264460e-02 1.909441497856578e+01
3.722443276753363e-02 1.914230131775523e+01
3.733719728458247e-02 1.919019753965877e+01
3.745010391192374e-02 1.923810364681690e+01
3.756315291836633e-02 1.928601964176974e+01
3.767634457339749e-02 1.933394552705694e+01
3.778967914718500e-02 1.938188130521739e+01
3.790315691057932e-02 1.942982697878992e+01
3.801677813511573e-02 1.947778255031248e+01
3.813054309301651e-02 1.952574802232272e+01
3.824445205719312e-02 1.957372339735780e+01
3.835850530124835e-02 1.962170867795422e+01
3.847270309947857e-02 1.966970386664813e+01
3.858704572687584e-02 1.971770896597505e+01
3.870153345913022e-02 1.976572397846994e+01
3.881616657263190e-02 1.981374890666743e+01
3.893094534447348e-02 1.986178375310136e+01
3.904587005245218e-02 1.990982852030511e+01
3.916094097507208e-02 1.995788321081170e+01
3.927615839154636e-02 2.000594782715331e+01
3.939152258179959e-02 2.005402237186165e+01
3.950703382646997e-02 2.010210684746801e+01
3.962269240691160e-02 2.015020125650295e+01
3.973849860519681e-02 2.019830560149649e+01
3.985445270411841e-02 2.024641988497814e+01
3.997055498719198e-02 2.029454410947669e+01
4.008680573865823e-02 2.034267827752038e+01
4.020320524348529e-02 2.039082239163699e+01
4.031975378737101e-02 2.043897645435344e+01
4.043645165674538e-02 2.048714046819634e+01
4.055329913877279e-02 2.053531443569146e+01
4.067029652135445e-02 2.058349835936401e+01
4.078744409313068e-02 2.063169224173855e+01
4.090474214348338e-02 2.067989608533908e+01
4.102219096253833e-02 2.072810989268893e+01
4.113979084116764e-02 2.077633366631075e+01
4.125754207099207e-02 2.082456740872652e+01
4.137544494438358e-02 2.087281112245769e+01
4.149349975446761e-02 2.092106481002492e+01
4.161170679512557e-02 2.096932847394822e+01
4.173006636099728e-02 2.101760211674694e+01
4.184857874748341e-02 2.106588574093982e+01
4.196724425074794e-02 2.111417934904479e+01
4.208606316772064e-02 2.116248294357921e+01
4.220503579609952e-02 2.121079652705961e+01
4.232416243435332e-02 2.125912010200190e+01
4.244344338172403e-02 2.130745367092129e+01
4.256287893822937e-02 2.135579723633224e+01
4.268246940466534e-02 2.140415080074852e+01
4.280221508260867e-02 2.145251436668310e+01
4.292211627441947e-02 2.150088793664830e+01
4.304217328324367e-02 2.154927151315565e+01
4.316238641301563e-02 2.159766509871588e+01
4.328275596846067e-02 2.164606869583905e+01
4.340328225509770e-02 2.169448230703451e+01
4.352396557924176e-02 2.174290593481072e+01
4.364480624800660e-02 2.179133958167536e+01
4.376580456930734e-02 2.183978325013548e+01
4.388696085186303e-02 2.188823694269712e+01
4.400827540519933e-02 2.193670066186581e+01
4.412974853965111e-02 2.198517441014597e+01
4.425138056636509e-02 2.203365819004151e+01
4.437317179730251e-02 2.208215200405530e+01
4.449512254524182e-02 2.213065585468955e+01
4.461723312378131e-02 2.217916974444547e+01
4.473950384734184e-02 2.222769367582364e+01
4.486193503116951e-02 2.227622765132365e+01
4.498452699133838e-02 2.232477167344430e+01
4.510728004475320e-02 2.237332574468354e+01
4.523019450915214e-02 2.242188986753844e+01
4.535327070310949e-02 2.247046404450529e+01
4.547650894603847e-02 2.251904827807934e+01
4.559990955819398e-02 2.256764257075508e+01
4.572347286067534e-02 2.261624692502615e+01
4.584719917542909e-02 2.266486134338521e+01
4.597108882525183e-02 2.271348582832407e+01
4.609514213379296e-02 2.276212038233353e+01
4.621935942555755e-02 2.281076500790367e+01
4.634374102590912e-02 2.285941970752346e+01
4.646828726107254e-02 2.290808448368098e+01
4.659299845813684e-02 2.295675933886356e+01
4.671787494505808e-02 2.300544427555732e+01
4.684291705066226e-02 2.305413929624758e+01
4.696812510464811e-02 2.310284440341870e+01
4.709349943759011e-02 2.315155959955401e+01
4.721904038094135e-02 2.320028488713594e+01
4.734474826703641e-02 2.324902026864596e+01
4.747062342909433e-02 2.329776574656435e+01
4.759666620122157e-02 2.334652132337077e+01
4.772287691841493e-02 2.339528700154352e+01
4.784925591656457e-02 2.344406278356007e+01
4.797580353245689e-02 2.349284867189685e+01
4.810252010377763e-02 2.354164466902927e+01
4.822940596911483e-02 2.359045077743167e+01
4.835646146796186e-02 2.363926699957740e+01
4.848368694072037e-02 2.368809333793880e+01
4.861108272870347e-02 2.373692979498698e+01
4.873864917413864e-02 2.378577637319223e+01
4.886638662017092e-02 2.383463307502362e+01
4.899429541086589e-02 2.388349990294920e+01
4.912237589121279e-02 2.393237685943586e+01
4.925062840712765e-02 2.398126394694953e+01
4.937905330545638e-02 2.403016116795493e+01
4.950765093397790e-02 2.407906852491573e+01
4.963642164140724e-02 2.412798602029446e+01
4.976536577739876e-02 2.417691365655246e+01
4.989448369254931e-02 2.422585143615017e+01
5.002377573840136e-02 2.427479936154666e+01
5.015324226744618e-02 2.432375743519995e+01
5.028288363312711e-02 2.437272565956684e+01
5.041270018984274e-02 2.442170403710310e+01
5.054269229295017e-02 2.447069257026318e+01
5.067286029876815e-02 2.451969126150043e+01
5.080320456458046e-02 2.456870011326698e+01
5.093372544863912e-02 2.461771912801386e+01
5.106442331016771e-02 2.466674830819072e+01
5.119529850936459e-02 2.471578765624622e+01
5.132635140740627e-02 2.476483717462763e+01
5.145758236645071e-02 2.481389686578102e+01
5.158899174964069e-02 2.486296673215128e+01
5.172057992110714e-02 2.491204677618204e+01
5.185234724597244e-02 2.496113700031563e+01
5.198429409035391e-02 2.501023740699317e+01
5.211642082136710e-02 2.505934799865440e+01
5.224872780712932e-02 2.510846877773807e+01
5.238121541676287e-02 2.515759974668127e+01
5.251388402039864e-02 2.520674090792004e+01
5.264673398917952e-02 2.525589226388905e+01
5.277976569526379e-02 2.530505381702162e+01
5.291297951182867e-02 2.535422556974979e+01
5.304637581307377e-02 2.540340752450426e+01
5.317995497422462e-02 2.545259968371444e+01
5.331371737153618e-02 2.550180204980825e+01
5.344766338229634e-02 2.555101462521242e+01
5.358179338482952e-02 2.560023741235217e+01
5.371610775850021e-02 2.564947041365149e+01
5.385060688371652e-02 2.569871363153281e+01
5.398529114193383e-02 2.574796706841734e+01
5.412016091565832e-02 2.579723072672485e+01
5.425521658845066e-02 2.584650460887356e+01
5.439045854492960e-02 2.589578871728044e+01
5.452588717077567e-02 2.594508305436088e+01
5.466150285273478e-02 2.599438762252902e+01
5.479730597862197e-02 2.604370242419736e+01
5.493329693732503e-02 2.609302746177704e+01
5.506947611880832e-02 2.614236273767779e+01
5.520584391411638e-02 2.619170825430770e+01
5.534240071537774e-02 2.624106401407350e+01
5.547914691580866e-02 2.629043001938037e+01
5.561608290971694e-02 2.633980627263202e+01
5.575320909250565e-02 2.638919277623062e+01
5.589052586067696e-02 2.643858953257686e+01
5.602803361183601e-02 2.648799654406980e+01
5.616573274469464e-02 2.653741381310705e+01
5.630362365907536e-02 2.658684134208461e+01
5.644170675591515e-02 2.663627913339703e+01
5.657998243726936e-02 2.668572718943706e+01
5.671845110631561e-02 2.673518551259608e+01
5.685711316735775e-02 2.678465410526380e+01
5.699596902582971e-02 2.683413296982835e+01
5.713501908829954e-02 2.688362210867611e+01
5.727426376247331e-02 2.693312152419203e+01
5.741370345719915e-02 2.698263121875939e+01
5.755333858247121e-02 2.703215119475976e+01
5.769316954943368e-02 2.708168145457299e+01
5.783319677038488e-02 2.713122200057748e+01
5.797342065878124e-02 2.718077283514974e+01
5.811384162924139e-02 2.723033396066475e+01
5.825446009755030e-02 2.727990537949564e+01
5.839527648066330e-02 2.732948709401403e+01
5.853629119671025e-02 2.737907910658967e+01
5.867750466499970e-02 2.742868141959066e+01
5.881891730602299e-02 2.747829403538333e+01
5.896052954145845e-02 2.752791695633223e+01
5.910234179417559e-02 2.757755018480022e+01
5.924435448823934e-02 2.762719372314837e+01
5.938656804891421e-02 2.767684757373596e+01
5.952898290266859e-02 2.772651173892045e+01
5.967159947717899e-02 2.777618622105759e+01
5.981441820133435e-02 2.782587102250122e+01
5.995743950524026e-02 2.787556614560340e+01
6.010066382022342e-02 2.792527159271428e+01
6.024409157883581e-02 2.797498736618238e+01
6.038772321485916e-02 2.802471346835409e+01
6.053155916330928e-02 2.807444990157410e+01
6.067559986044048e-02 2.812419666818522e+01
6.081984574374993e-02 2.817395377052824e+01
6.096429725198213e-02 2.822372121094224e+01
6.110895482513334e-02 2.827349899176424e+01
6.125381890445607e-02 2.832328711532938e+01
6.139888993246356e-02 2.837308558397082e+01
6.154416835293425e-02 2.842289440001991e+01
6.168965461091633e-02 2.847271356580588e+01
6.183534915273232e-02 2.852254308365609e+01
6.198125242598358e-02 2.857238295589589e+01
6.212736487955491e-02 2.862223318484860e+01
6.227368696361917e-02 2.867209377283554e+01
6.242021912964187e-02 2.872196472217617e+01
6.256696183038589e-02 2.877184603518765e+01
6.271391551991602e-02 2.882173771418530e+01
6.286108065360375e-02 2.887163976148237e+01
6.300845768813192e-02 2.892155217938988e+01
6.315604708149945e-02 2.897147497021699e+01
6.330384929302614e-02 2.902140813627059e+01
6.345186478335736e-02 2.907135167985562e+01
6.360009401446881e-02 2.912130560327486e+01
6.374853744967147e-02 2.917126990882883e+01
6.389719555361631e-02 2.922124459881610e+01
6.404606879229911e-02 2.927122967553301e+01
6.419515763306546e-02 2.932122514127367e+01
6.434446254461551e-02 2.937123099833016e+01
6.449398399700902e-02 2.942124724899224e+01
6.464372246167015e-02 2.947127389554754e+01
6.479367841139251e-02 2.952131094028140e+01
6.494385232034412e-02 2.957135838547704e+01
6.509424466407238e-02 2.962141623341537e+01
6.524485591950913e-02 2.967148448637508e+01
6.539568656497566e-02 2.972156314663255e+01
6.554673708018775e-02 2.977165221646192e+01
6.569800794626084e-02 2.982175169813502e+01
6.584949964571506e-02 2.987186159392134e+01
6.600121266248039e-02 2.992198190608818e+01
6.615314748190181e-02 2.997211263690029e+01
6.630530459074446e-02 3.002225378862035e+01
6.645768447719891e-02 3.007240536350842e+01
6.661028763088625e-02 3.012256736382240e+01
6.676311454286347e-02 3.017273979181765e+01
6.691616570562860e-02 3.022292264974719e+01
6.706944161312613e-02 3.027311593986163e+01
6.722294276075226e-02 3.032331966440915e+01
6.737666964536018e-02 3.037353382563552e+01
6.753062276526554e-02 3.042375842578399e+01
6.768480262025175e-02 3.047399346709538e+01
6.783920971157546e-02 3.052423895180804e+01
6.799384454197194e-02 3.057449488215784e+01
6.814870761566048e-02 3.062476126037807e+01
6.830379943835005e-02 3.067503808869952e+01
6.845912051724463e-02 3.072532536935057e+01
6.861467136104883e-02 3.077562310455679e+01
6.877045247997339e-02 3.082593129654138e+01
6.892646438574078e-02 3.087624994752495e+01
6.908270759159085e-02 3.092657905972544e+01
6.923918261228643e-02 3.097691863535825e+01
6.939588996411888e-02 3.102726867663608e+01
6.955283016491393e-02 3.107762918576904e+01
6.971000373403728e-02 3.112800016496452e+01
6.986741119240043e-02 3.117838161642737e+01
7.002505306246629e-02 3.122877354235969e+01
7.018292986825501e-02 3.127917594496087e+01
7.034104213534993e-02 3.132958882642748e+01
7.049939039090318e-02 3.138001218895360e+01
7.065797516364175e-02 3.143044603473035e+01
7.081679698387319e-02 3.148089036594625e+01
7.097585638349165e-02 3.153134518478691e+01
7.113515389598379e-02 3.158181049343523e+01
7.129469005643474e-02 3.163228629407128e+01
7.145446540153404e-02 3.168277258887233e+01
7.161448046958171e-02 3.173326938001280e+01
7.177473580049432e-02 3.178377666966423e+01
7.193523193581103e-02 3.183429445999533e+01
7.209596941869963e-02 3.188482275317193e+01
7.225694879396277e-02 3.193536155135695e+01
7.241817060804408e-02 3.198591085671030e+01
7.257963540903432e-02 3.203647067138917e+01
7.274134374667766e-02 3.208704099754763e+01
7.290329617237781e-02 3.213762183733681e+01
7.306549323920439e-02 3.218821319290485e+01
7.322793550189918e-02 3.223881506639704e+01
7.339062351688250e-02 3.228942745995545e+01
7.355355784225942e-02 3.234005037571929e+01
7.371673903782629e-02 3.239068381582457e+01
7.388016766507711e-02 3.244132778240436e+01
7.404384428720998e-02 3.249198227758859e+01
7.420776946913346e-02 3.254264730350413e+01
7.437194377747325e-02 3.259332286227466e+01
7.453636778057857e-02 3.264400895602087e+01
7.470104204852879e-02 3.269470558686020e+01
7.486596715314003e-02 3.274541275690686e+01
7.503114366797171e-02 3.279613046827211e+01
7.519657216833325e-02 3.284685872306373e+01
7.536225323129077e-02 3.289759752338651e+01
7.552818743567374e-02 3.294834687134184e+01
7.569437536208178e-02 3.299910676902796e+01
7.586081759289133e-02 3.304987721853989e+01
7.602751471226261e-02 3.310065822196918e+01
7.619446730614637e-02 3.315144978140421e+01
7.636167596229068e-02 3.320225189893007e+01
7.652914127024794e-02 3.325306457662839e+01
7.669686382138179e-02 3.330388781657751e+01
7.686484420887403e-02 3.335472162085244e+01
7.703308302773164e-02 3.340556599152472e+01
7.720158087479381e-02 3.345642093066247e+01
7.737033834873895e-02 3.350728644033040e+01
7.753935605009189e-02 3.355816252258983e+01
7.770863458123088e-02 3.360904917949853e+01
7.787817454639478e-02 3.365994641311084e+01
7.804797655169030e-02 3.371085422547753e+01
7.821804120509920e-02 3.376177261864592e+01
7.838836911648553e-02 3.381270159465971e+01
7.855896089760289e-02 3.386364115555911e+01
7.872981716210183e-02 3.391459130338073e+01
7.890093852553713e-02 3.396555204015753e+01
7.907232560537530e-02 3.401652336791891e+01
7.924397902100187e-02 3.406750528869063e+01
7.941589939372895e-02 3.411849780449471e+01
7.958808734680269e-02 3.416950091734958e+01
7.976054350541080e-02 3.422051462926994e+01
7.993326849669018e-02 3.427153894226680e+01
8.010626294973441e-02 3.432257385834741e+01
8.027952749560151e-02 3.437361937951519e+01
8.045306276732153e-02 3.442467550776988e+01
8.062686939990428e-02 3.447574224510745e+01
8.080094803034711e-02 3.452681959351996e+01
8.097529929764262e-02 3.457790755499560e+01
8.114992384278656e-02 3.462900613151889e+01
8.132482230878561e-02 3.468011532507030e+01
8.149999534066538e-02 3.473123513762640e+01
8.167544358547817e-02 3.478236557115997e+01
8.185116769231110e-02 3.483350662763971e+01
8.202716831229405e-02 3.488465830903044e+01
8.220344609860769e-02 3.493582061729293e+01
8.238000170649157e-02 3.498699355438410e+01
8.255683579325222e-02 3.503817712225660e+01
8.273394901827139e-02 3.508937132285925e+01
8.291134204301411e-02 3.514057615813667e+01
8.308901553103706e-02 3.519179163002946e+01
8.326697014799676e-02 3.524301774047410e+01
8.344520656165789e-02 3.529425449140285e+01
8.362372544190169e-02 3.534550188474398e+01
8.380252746073431e-02 3.539675992242141e+01
8.398161329229523e-02 3.544802860635502e+01
8.416098361286578e-02 3.549930793846030e+01
8.434063910087759e-02 3.555059792064861e+01
8.452058043692127e-02 3.560189855482707e+01
8.470080830375483e-02 3.565320984289838e+01
8.488132338631244e-02 3.570453178676112e+01
8.506212637171301e-02 3.575586438830931e+01
8.524321794926906e-02 3.580720764943271e+01
8.542459881049533e-02 3.585856157201687e+01
8.560626964911765e-02 3.590992615794259e+01
8.578823116108177e-02 3.596130140908657e+01
8.597048404456221e-02 3.601268732732091e+01
8.615302899997135e-02 3.606408391451320e+01
8.633586672996814e-02 3.611549117252662e+01
8.651899793946732e-02 3.616690910321985e+01
8.670242333564843e-02 3.621833770844690e+01
8.688614362796489e-02 3.626977699005728e+01
8.707015952815314e-02 3.632122694989597e+01
8.725447175024185e-02 3.637268758980325e+01
8.743908101056116e-02 3.642415891161477e+01
8.762398802775194e-02 3.647564091716157e+01
8.780919352277516e-02 3.652713360826996e+01
8.799469821892122e-02 3.657863698676158e+01
8.818050284181930e-02 3.663015105445318e+01
8.836660811944699e-02 3.668167581315696e+01
8.855301478213969e-02 3.673321126468021e+01
8.873972356260011e-02 3.678475741082542e+01
8.892673519590800e-02 3.683631425339023e+01
8.911405041952969e-02 3.688788179416751e+01
8.930166997332786e-02 3.693946003494508e+01
8.948959459957125e-02 3.699104897750602e+01
8.967782504294440e-02 3.704264862362835e+01
8.986636205055755e-02 3.709425897508511e+01
9.005520637195655e-02 3.714588003364444e+01
9.024435875913271e-02 3.719751180106944e+01
9.043381996653285e-02 3.724915427911815e+01
9.062359075106925e-02 3.730080746954348e+01
9.081367187212981e-02 3.735247137409328e+01
9.100406409158820e-02 3.740414599451036e+01
9.119476817381394e-02 3.745583133253231e+01
9.138578488568266e-02 3.750752738989147e+01
9.157711499658644e-02 3.755923416831511e+01
9.176875927844406e-02 3.761095166952520e+01
9.196071850571151e-02 3.766267989523843e+01
9.215299345539223e-02 3.771441884716626e+01
9.234558490704770e-02 3.776616852701478e+01
9.253849364280804e-02 3.781792893648479e+01
9.273172044738251e-02 3.786970007727169e+01
9.292526610807016e-02 3.792148195106548e+01
9.311913141477046e-02 3.797327455955077e+01
9.331331715999425e-02 3.802507790440664e+01
9.350782413887433e-02 3.807689198730678e+01
9.370265314917642e-02 3.812871680991930e+01
9.389780499130998e-02 3.818055237390677e+01
9.409328046833926e-02 3.823239868092627e+01
9.428908038599432e-02 3.828425573262923e+01
9.448520555268206e-02 3.833612353066140e+01
9.468165677949728e-02 3.838800207666296e+01
9.487843488023397e-02 3.843989137226838e+01
9.507554067139654e-02 3.849179141910637e+01
9.527297497221106e-02 3.854370221879997e+01
9.547073860463662e-02 3.859562377296638e+01
9.566883239337672e-02 3.864755608321700e+01
9.586725716589083e-02 3.869949915115749e+01
9.606601375240581e-02 3.875145297838750e+01
9.626510298592753e-02 3.880341756650090e+01
9.646452570225245e-02 3.885539291708555e+01
9.666428273997940e-02 3.890737903172340e+01
9.686437494052133e-02 3.895937591199044e+01
9.706480314811711e-02 3.901138355945657e+01
9.726556820984328e-02 3.906340197568572e+01
9.746667097562615e-02 3.911543116223561e+01
9.766811229825380e-02 3.916747112065797e+01
9.786989303338800e-02 3.921952185249833e+01
9.807201403957638e-02 3.927158335929610e+01
9.827447617826464e-02 3.932365564258437e+01
9.847728031380878e-02 3.937573870389011e+01
9.868042731348742e-02 3.942783254473391e+01
9.888391804751410e-02 3.947993716663015e+01
9.908775338904970e-02 3.953205257108679e+01
9.929193421421501e-02 3.958417875960548e+01
9.949646140210323e-02 3.963631573368137e+01
9.970133583479265e-02 3.968846349480332e+01
9.990655839735919e-02 3.974062204445356e+01
1.001121299778893e-01 3.979279138410790e+01
1.003180514674926e-01 3.984497151523565e+01
1.005243237603150e-01 3.989716243929944e+01
1.007309477535515e-01 3.994936415775538e+01
1.009379243474589e-01 4.000157667205285e+01
1.011452544453697e-01 4.005379998363466e+01
1.013529389537042e-01 4.010603409393686e+01
1.015609787819846e-01 4.015827900438870e+01
1.017693748428476e-01 4.021053471641272e+01
1.019781280520582e-01 4.026280123142466e+01
1.021872393285232e-01 4.031507855083328e+01
1.023967095943039e-01 4.036736667604062e+01
1.026065397746306e-01 4.041966560844172e+01
1.028167307979158e-01 4.047197534942460e+01
1.030272835957677e-01 4.052429590037035e+01
1.032381991030044e-01 4.057662726265308e+01
1.034494782576674e-01 4.062896943763975e+01
1.036611220010355e-01 4.068132242669020e+01
1.038731312776392e-01 4.073368623115719e+01
1.040855070352742e-01 4.078606085238628e+01
1.042982502250158e-01 4.083844629171580e+01
1.045113618012331e-01 4.089084255047690e+01
1.047248427216033e-01 4.094324962999328e+01
1.049386939471260e-01 4.099566753158143e+01
1.051529164421374e-01 4.104809625655049e+01
1.053675111743252e-01 4.110053580620215e+01
1.055824791147429e-01 4.115298618183060e+01
1.057978212378245e-01 4.120544738472268e+01
1.060135385213993e-01 4.125791941615758e+01
1.062296319467066e-01 4.131040227740700e+01
1.064461024984105e-01 4.136289596973501e+01
1.066629511646152e-01 4.141540049439804e+01
1.068801789368798e-01 4.146791585264493e+01
1.070977868102332e-01 4.152044204571663e+01
1.073157757831896e-01 4.157297907484649e+01
1.075341468577638e-01 4.162552694125993e+01
1.077529010394864e-01 4.167808564617466e+01
1.079720393374193e-01 4.173065519080036e+01
1.081915627641710e-01 4.178323557633898e+01
1.084114723359126e-01 4.183582680398429e+01
1.086317690723932e-01 4.188842887492220e+01
1.088524539969556e-01 4.194104179033058e+01
1.090735281365526e-01 4.199366555137909e+01
1.092949925217623e-01 4.204630015922938e+01
1.095168481868045e-01 4.209894561503486e+01
1.097390961695568e-01 4.215160191994075e+01
1.099617375115706e-01 4.220426907508399e+01
1.101847732580875e-01 4.225694708159330e+01
1.104082044580557e-01 4.230963594058888e+01
1.106320321641463e-01 4.236233565318278e+01
1.108562574327698e-01 4.241504622047841e+01
1.110808813240932e-01 4.246776764357078e+01
1.113059049020560e-01 4.252049992354642e+01
1.115313292343873e-01 4.257324306148324e+01
1.117571553926229e-01 4.262599705845061e+01
1.119833844521222e-01 4.267876191550913e+01
1.122100174920848e-01 4.273153763371078e+01
1.124370555955684e-01 4.278432421409880e+01
1.126644998495054e-01 4.283712165770761e+01
1.128923513447207e-01 4.288992996556284e+01
1.131206111759490e-01 4.294274913868118e+01
1.133492804418521e-01 4.299557917807040e+01
1.135783602450369e-01 4.304842008472932e+01
1.138078516920729e-01 4.310127185964777e+01
1.140377558935100e-01 4.315413450380642e+01
1.142680739638966e-01 4.320700801817688e+01
1.144988070217975e-01 4.325989240372159e+01
1.147299561898117e-01 4.331278766139376e+01
1.149615225945914e-01 4.336569379213745e+01
1.151935073668593e-01 4.341861079688719e+01
1.154259116414279e-01 4.347153867656834e+01
1.156587365572175e-01 4.352447743209678e+01
1.158919832572748e-01 4.357742706437898e+01
1.161256528887918e-01 4.363038757431185e+01
1.163597466031247e-01 4.368335896278275e+01
1.165942655558123e-01 4.373634123066942e+01
1.168292109065958e-01 4.378933437884010e+01
1.170645838194372e-01 4.384233840815310e+01
1.173003854625387e-01 4.389535331945705e+01
1.175366170083623e-01 4.394837911359090e+01
1.177732796336492e-01 4.400141579138355e+01
1.180103745194388e-01 4.405446335365412e+01
1.182479028510892e-01 4.410752180121170e+01
1.184858658182960e-01 4.416059113485538e+01
1.187242646151132e-01 4.421367135537425e+01
1.189631004399721e-01 4.426676246354712e+01
1.192023744957024e-01 4.431986446014282e+01
1.194420879895516e-01 4.437297734591978e+01
1.196822421332056e-01 4.442610112162631e+01
1.199228381428093e-01 4.447923578800023e+01
1.201638772389869e-01 4.453238134576906e+01
1.204053606468624e-01 4.458553779564988e+01
1.206472895960810e-01 4.463870513834922e+01
1.208896653208290e-01 4.469188337456307e+01
1.211324890598556e-01 4.474507250497690e+01
1.213757620564938e-01 4.479827253026537e+01
1.216194855586813e-01 4.485148345109251e+01
1.218636608189823e-01 4.490470526811155e+01
1.221082890946084e-01 4.495793798196488e+01
1.223533716474410e-01 4.501118159328401e+01
1.225989097440520e-01 4.506443610268946e+01
1.228449046557265e-01 4.511770151079081e+01
1.230913576584841e-01 4.517097781818652e+01
1.233382700331016e-01 4.522426502546399e+01
1.235856430651344e-01 4.527756313319932e+01
1.238334780449393e-01 4.533087214195746e+01
1.240817762676972e-01 4.538419205229206e+01
1.243305390334351e-01 4.543752286474540e+01
1.245797676470488e-01 4.549086457984833e+01
1.248294634183263e-01 4.554421719812017e+01
1.250796276619701e-01 4.559758072006876e+01
1.253302616976208e-01 4.565095514619036e+01
1.255813668498799e-01 4.570434047696946e+01
1.258329444483332e-01 4.575773671287897e+01
1.260849958275746e-01 4.581114385437988e+01
1.263375223272293e-01 4.586456190192140e+01
1.265905252919776e-01 4.591799085594080e+01
1.268440060715791e-01 4.597143071686342e+01
1.270979660208963e-01 4.602488148510243e+01
1.273524064999189e-01 4.607834316105904e+01
1.276073288737882e-01 4.613181574512226e+01
1.278627345128212e-01 4.618529923766884e+01
1.281186247925355e-01 4.623879363906320e+01
1.283750010936737e-01 4.629229894965743e+01
1.286318648022285e-01 4.634581516979123e+01
1.288892173094676e-01 4.639934229979178e+01
1.291470600119586e-01 4.645288033997364e+01
1.294053943115944e-01 4.650642929063879e+01
1.296642216156188e-01 4.655998915207655e+01
1.299235433366519e-01 4.661355992456344e+01
1.301833608927156e-01 4.666714160836308e+01
1.304436757072599e-01 4.672073420372634e+01
1.307044892091883e-01 4.677433771089097e+01
1.309658028328846e-01 4.682795213008179e+01
1.312276180182387e-01 4.688157746151047e+01
1.314899362106731e-01 4.693521370537550e+01
1.317527588611699e-01 4.698886086186210e+01
1.320160874262971e-01 4.704251893114223e+01
1.322799233682358e-01 4.709618791337439e+01
1.325442681548069e-01 4.714986780870372e+01
1.328091232594988e-01 4.720355861726171e+01
1.330744901614945e-01 4.725726033916631e+01
1.333403703456991e-01 4.731097297452180e+01
1.336067653027675e-01 4.736469652341861e+01
1.338736765291326e-01 4.741843098593351e+01
1.341411055270329e-01 4.747217636212925e+01
1.344090538045407e-01 4.752593265205461e+01
1.346775228755908e-01 4.757969985574434e+01
1.349465142600087e-01 4.763347797321912e+01
1.352160294835394e-01 4.768726700448534e+01
1.354860700778762e-01 4.774106694953515e+01
1.357566375806898e-01 4.779487780834634e+01
1.360277335356573e-01 4.784869958088232e+01
1.362993594924918e-01 4.790253226709191e+01
1.365715170069717e-01 4.795637586690935e+01
1.368442076409707e-01 4.801023038025430e+01
1.371174329624874e-01 4.806409580703161e+01
1.373911945456753e-01 4.811797214713126e+01
1.376654939708734e-01 4.817185940042845e+01
1.379403328246364e-01 4.822575756678327e+01
1.382157126997650e-01 4.827966664604086e+01
1.384916351953372e-01 4.833358663803111e+01
1.387681019167389e-01 4.838751754256869e+01
1.390451144756952e-01 4.844145935945308e+01
1.393226744903017e-01 4.849541208846821e+01
1.396007835850557e-01 4.854937572938262e+01
1.398794433908885e-01 4.860335028194928e+01
1.401586555451966e-01 4.865733574590548e+01
1.404384216918744e-01 4.871133212097285e+01
1.407187434813460e-01 4.876533940685710e+01
1.409996225705978e-01 4.881935760324813e+01
1.412810606232114e-01 4.887338670981985e+01
1.415630593093959e-01 4.892742672623000e+01
1.418456203060214e-01 4.898147765212025e+01
1.421287452966522e-01 4.903553948711600e+01
1.424124359715800e-01 4.908961223082630e+01
1.426966940278576e-01 4.914369588284376e+01
1.429815211693329e-01 4.919779044274452e+01
1.432669191066830e-01 4.925189591008808e+01
1.435528895574480e-01 4.930601228441724e+01
1.438394342460659e-01 4.936013956525800e+01
1.441265549039072e-01 4.941427775211950e+01
1.444142532693096e-01 4.946842684449396e+01
1.447025310876130e-01 4.952258684185642e+01
1.449913901111953e-01 4.957675774366484e+01
1.452808320995073e-01 4.963093954935994e+01
1.455708588191089e-01 4.968513225836502e+01
1.458614720437045e-01 4.973933587008601e+01
1.461526735541800e-01 4.979355038391130e+01
1.464444651386381e-01 4.984777579921157e+01
1.467368485924360e-01 4.990201211533987e+01
1.470298257182212e-01 4.995625933163137e+01
1.473233983259694e-01 5.001051744740329e+01
1.476175682330212e-01 5.006478646195490e+01
1.479123372641201e-01 5.011906637456728e+01
1.482077072514495e-01 5.017335718450336e+01
1.485036800346714e-01 5.022765889100766e+01
1.488002574609643e-01 5.028197149330632e+01
1.490974413850614e-01 5.033629499060695e+01
1.493952336692897e-01 5.039062938209858e+01
1.496936361836087e-01 5.044497466695142e+01
1.499926508056493e-01 5.049933084431694e+01
1.502922794207537e-01 5.055369791332762e+01
1.505925239220146e-01 5.060807587309689e+01
1.508933862103150e-01 5.066246472271904e+01
1.511948681943689e-01 5.071686446126914e+01
1.514969717907610e-01 5.077127508780288e+01
1.517996989239878e-01 5.082569660135649e+01
1.521030515264982e-01 5.088012900094659e+01
1.524070315387345e-01 5.093457228557017e+01
1.527116409091742e-01 5.098902645420441e+01
1.530168815943713e-01 5.104349150580652e+01
1.533227555589983e-01 5.109796743931385e+01
1.536292647758882e-01 5.115245425364346e+01
1.539364112260773e-01 5.120695194769228e+01
1.542441968988474e-01 5.126146052033688e+01
1.545526237917692e-01 5.131597997043333e+01
1.548616939107449e-01 5.137051029681712e+01
1.551714092700527e-01 5.142505149830311e+01
1.554817718923892e-01 5.147960357368530e+01
1.557927838089147e-01 5.153416652173679e+01
1.561044470592969e-01 5.158874034120964e+01
1.564167636917553e-01 5.164332503083472e+01
1.567297357631066e-01 5.169792058932173e+01
1.570433653388094e-01 5.175252701535879e+01
1.573576544930101e-01 5.180714430761271e+01
1.576726053085880e-01 5.186177246472854e+01
1.579882198772019e-01 5.191641148532962e+01
1.583045002993361e-01 5.197106136801737e+01
1.586214486843471e-01 5.202572211137129e+01
1.589390671505102e-01 5.208039371394866e+01
1.592573578250674e-01 5.213507617428457e+01
1.595763228442741e-01 5.218976949089173e+01
1.598959643534473e-01 5.224447366226033e+01
1.602162845070136e-01 5.229918868685797e+01
1.605372854685577e-01 5.235391456312944e+01
1.608589694108711e-01 5.240865128949670e+01
1.611813385160009e-01 5.246339886435870e+01
1.615043949752994e-01 5.251815728609119e+01
1.618281409894737e-01 5.257292655304671e+01
1.621525787686356e-01 5.262770666355436e+01
1.624777105323518e-01 5.268249761591972e+01
1.628035385096948e-01 5.273729940842471e+01
1.631300649392937e-01 5.279211203932740e+01
1.634572920693852e-01 5.284693550686195e+01
1.637852221578658e-01 5.290176980923849e+01
1.641138574723431e-01 5.295661494464287e+01
1.644432002901885e-01 5.301147091123661e+01
1.647732528985895e-01 5.306633770715675e+01
1.651040175946032e-01 5.312121533051572e+01
1.654354966852086e-01 5.317610377940115e+01
1.657676924873613e-01 5.323100305187580e+01
1.661006073280467e-01 5.328591314597731e+01
1.664342435443350e-01 5.334083405971821e+01
1.667686034834351e-01 5.339576579108564e+01
1.671036895027505e-01 5.345070833804128e+01
1.674395039699340e-01 5.350566169852117e+01
1.677760492629437e-01 5.356062587043557e+01
1.681133277700995e-01 5.361560085166886e+01
1.684513418901389e-01 5.367058664007927e+01
1.687900940322744e-01 5.372558323349891e+01
1.691295866162507e-01 5.378059062973341e+01
1.694698220724020e-01 5.383560882656197e+01
1.698108028417102e-01 5.389063782173707e+01
1.701525313758634e-01 5.394567761298438e+01
1.704950101373144e-01 5.400072819800253e+01
1.708382415993401e-01 5.405578957446313e+01
1.711822282461006e-01 5.411086174001033e+01
1.715269725726999e-01 5.416594469226101e+01
1.718724770852454e-01 5.422103842880430e+01
1.722187443009090e-01 5.427614294720163e+01
1.725657767479885e-01 5.433125824498647e+01
1.729135769659686e-01 5.438638431966417e+01
1.732621475055832e-01 5.444152116871194e+01
1.736114909288776e-01 5.449666878957841e+01
1.739616098092716e-01 5.455182717968376e+01
1.743125067316219e-01 5.460699633641932e+01
1.746641842922867e-01 5.466217625714760e+01
1.750166450991890e-01 5.471736693920192e+01
1.753698917718816e-01 5.477256837988646e+01
1.757239269416114e-01 5.482778057647587e+01
1.760787532513853e-01 5.488300352621524e+01
1.764343733560356e-01 5.493823722631993e+01
1.767907899222865e-01 5.499348167397531e+01
1.771480056288205e-01 5.504873686633664e+01
1.775060231663455e-01 5.510400280052892e+01
1.778648452376628e-01 5.515927947364665e+01
1.782244745577344e-01 5.521456688275367e+01
1.785849138537522e-01 5.526986502488299e+01
1.789461658652063e-01 5.532517389703666e+01
1.793082333439548e-01 5.538049349618549e+01
1.796711190542938e-01 5.543582381926893e+01
1.800348257730272e-01 5.549116486319487e+01
1.803993562895380e-01 5.554651662483945e+01
1.807647134058595e-01 5.560187910104688e+01
1.811308999367470e-01 5.565725228862928e+01
1.814979187097501e-01 5.571263618436640e+01
1.818657725652857e-01 5.576803078500553e+01
1.822344643567109e-01 5.582343608726125e+01
1.826039969503970e-01 5.587885208781532e+01
1.829743732258039e-01 5.593427878331629e+01
1.833455960755545e-01 5.598971617037955e+01
1.837176684055106e-01 5.604516424558700e+01
1.840905931348480e-01 5.610062300548677e+01
1.844643731961334e-01 5.615609244659327e+01
1.848390115354011e-01 5.621157256538673e+01
1.852145111122303e-01 5.626706335831310e+01
1.855908748998232e-01 5.632256482178393e+01
1.859681058850834e-01 5.637807695217602e+01
1.863462070686948e-01 5.643359974583132e+01
1.867251814652014e-01 5.648913319905662e+01
1.871050321030872e-01 5.654467730812346e+01
1.874857620248570e-01 5.660023206926785e+01
1.878673742871176e-01 5.665579747869003e+01
1.882498719606595e-01 5.671137353255434e+01
1.886332581305395e-01 5.676696022698894e+01
1.890175358961634e-01 5.682255755808560e+01
1.894027083713697e-01 5.687816552189948e+01
1.897887786845135e-01 5.693378411444898e+01
1.901757499785515e-01 5.698941333171543e+01
1.905636254111269e-01 5.704505316964285e+01
1.909524081546558e-01 5.710070362413785e+01
1.913421013964129e-01 5.715636469106930e+01
1.917327083386198e-01 5.721203636626812e+01
1.921242321985313e-01 5.726771864552705e+01
1.925166762085250e-01 5.732341152460050e+01
1.929100436161891e-01 5.737911499920416e+01
1.933043376844132e-01 5.743482906501489e+01
1.936995616914773e-01 5.749055371767049e+01
1.940957189311438e-01 5.754628895276935e+01
1.944928127127481e-01 5.760203476587035e+01
1.948908463612910e-01 5.765779115249251e+01
1.952898232175319e-01 5.771355810811481e+01
1.956897466380818e-01 5.776933562817590e+01
1.960906199954976e-01 5.782512370807393e+01
1.964924466783769e-01 5.788092234316622e+01
1.968952300914536e-01 5.793673152876904e+01
1.972989736556937e-01 5.799255126015740e+01
1.977036808083926e-01 5.804838153256473e+01
1.981093550032724e-01 5.810422234118264e+01
1.985159997105802e-01 5.816007368116076e+01
1.989236184171869e-01 5.821593554760636e+01
1.993322146266872e-01 5.827180793558405e+01
1.997417918594996e-01 5.832769084011578e+01
2.001523536529677e-01 5.838358425618022e+01
2.005639035614623e-01 5.843948817871281e+01
2.009764451564834e-01 5.849540260260530e+01
2.013899820267639e-01 5.855132752270552e+01
2.018045177783734e-01 5.860726293381713e+01
2.022200560348238e-01 5.866320883069944e+01
2.026366004371734e-01 5.871916520806690e+01
2.030541546441349e-01 5.877513206058905e+01
2.034727223321812e-01 5.883110938289011e+01
2.038923071956541e-01 5.888709716954883e+01
2.043129129468727e-01 5.894309541509800e+01
2.047345433162429e-01 5.899910411402436e+01
2.051572020523676e-01 5.905512326076823e+01
2.055808929221580e-01 5.911115284972324e+01
2.060056197109455e-01 5.916719287523600e+01
2.064313862225942e-01 5.922324333160584e+01
2.068581962796146e-01 5.927930421308458e+01
2.072860537232779e-01 5.933537551387607e+01
2.077149624137316e-01 5.939145722813603e+01
2.081449262301150e-01 5.944754934997171e+01
2.085759490706768e-01 5.950365187344158e+01
2.090080348528923e-01 5.955976479255503e+01
2.094411875135822e-01 5.961588810127202e+01
2.098754110090330e-01 5.967202179350286e+01
2.103107093151159e-01 5.972816586310780e+01
2.107470864274098e-01 5.978432030389676e+01
2.111845463613222e-01 5.984048510962904e+01
2.116230931522133e-01 5.989666027401298e+01
2.120627308555196e-01 5.995284579070561e+01
2.125034635468789e-01 6.000904165331233e+01
2.129452953222566e-01 6.006524785538662e+01
2.133882302980722e-01 6.012146439042973e+01
2.138322726113273e-01 6.017769125189020e+01
2.142774264197345e-01 6.023392843316376e+01
2.147236959018470e-01 6.029017592759283e+01
2.151710852571893e-01 6.034643372846617e+01
2.156195987063894e-01 6.040270182901866e+01
2.160692404913106e-01 6.045898022243084e+01
2.165200148751864e-01 6.051526890182865e+01
2.169719261427541e-01 6.057156786028300e+01
2.174249786003914e-01 6.062787709080948e+01
2.178791765762529e-01 6.068419658636802e+01
2.183345244204077e-01 6.074052633986245e+01
2.187910265049785e-01 6.079686634414022e+01
2.192486872242818e-01 6.085321659199198e+01
2.197075109949684e-01 6.090957707615129e+01
2.201675022561655e-01 6.096594778929418e+01
2.206286654696206e-01 6.102232872403881e+01
2.210910051198446e-01 6.107871987294509e+01
2.215545257142583e-01 6.113512122851432e+01
2.220192317833379e-01 6.119153278318879e+01
2.224851278807634e-01 6.124795452935146e+01
2.229522185835670e-01 6.130438645932542e+01
2.234205084922828e-01 6.136082856537372e+01
2.238900022310980e-01 6.141728083969880e+01
2.243607044480056e-01 6.147374327444221e+01
2.248326198149566e-01 6.153021586168412e+01
2.253057530280159e-01 6.158669859344303e+01
2.257801088075173e-01 6.164319146167528e+01
2.262556918982205e-01 6.169969445827466e+01
2.267325070694695e-01 6.175620757507204e+01
2.272105591153520e-01 6.181273080383492e+01
2.276898528548604e-01 6.186926413626710e+01
2.281703931320526e-01 6.192580756400809e+01
2.286521848162168e-01 6.198236107863286e+01
2.291352328020346e-01 6.203892467165134e+01
2.296195420097475e-01 6.209549833450800e+01
2.301051173853236e-01 6.215208205858145e+01
2.305919639006264e-01 6.220867583518393e+01
2.310800865535840e-01 6.226527965556097e+01
2.315694903683604e-01 6.232189351089090e+01
2.320601803955279e-01 6.237851739228439e+01
2.325521617122404e-01 6.243515129078403e+01
2.330454394224094e-01 6.249179519736390e+01
2.335400186568796e-01 6.254844910292905e+01
2.340359045736073e-01 6.260511299831513e+01
2.345331023578396e-01 6.266178687428783e+01
2.350316172222951e-01 6.271847072154254e+01
2.355314544073459e-01 6.277516453070374e+01
2.360326191812017e-01 6.283186829232464e+01
2.365351168400942e-01 6.288858199688664e+01
2.370389527084646e-01 6.294530563479892e+01
2.375441321391505e-01 6.300203919639784e+01
2.380506605135767e-01 6.305878267194660e+01
2.385585432419451e-01 6.311553605163461e+01
2.390677857634283e-01 6.317229932557714e+01
2.395783935463633e-01 6.322907248381468e+01
2.400903720884470e-01 6.328585551631252e+01
2.406037269169342e-01 6.334264841296024e+01
2.411184635888358e-01 6.339945116357116e+01
2.416345876911200e-01 6.345626375788193e+01
2.421521048409137e-01 6.351308618555182e+01
2.426710206857069e-01 6.356991843616240e+01
2.431913409035577e-01 6.362676049921690e+01
2.437130712032997e-01 6.368361236413974e+01
2.442362173247506e-01 6.374047402027590e+01
2.447607850389228e-01 6.379734545689051e+01
2.452867801482357e-01 6.385422666316820e+01
2.458142084867292e-01 6.391111762821263e+01
2.463430759202801e-01 6.396801834104590e+01
2.468733883468187e-01 6.402492879060796e+01
2.474051516965490e-01 6.408184896575614e+01
2.479383719321689e-01 6.413877885526449e+01
2.484730550490938e-01 6.419571844782334e+01
2.490092070756804e-01 6.425266773203855e+01
2.495468340734545e-01 6.430962669643104e+01
2.500859421373380e-01 6.436659532943622e+01
2.506265373958806e-01 6.442357361940338e+01
2.511686260114910e-01 6.448056155459506e+01
2.517122141806715e-01 6.453755912318651e+01
2.522573081342542e-01 6.459456631326503e+01
2.528039141376387e-01 6.465158311282943e+01
2.533520384910327e-01 6.470860950978937e+01
2.539016875296934e-01 6.476564549196473e+01
2.544528676241721e-01 6.482269104708507e+01
2.550055851805601e-01 6.487974616278895e+01
2.555598466407369e-01 6.493681082662322e+01
2.561156584826205e-01 6.499388502604255e+01
2.566730272204197e-01 6.505096874840862e+01
2.572319594048888e-01 6.510806198098963e+01
2.577924616235839e-01 6.516516471095952e+01
2.583545405011221e-01 6.522227692539735e+01
2.589182026994419e-01 6.527939861128672e+01
2.594834549180674e-01 6.533652975551492e+01
2.600503038943726e-01 6.539367034487246e+01
2.606187564038498e-01 6.545082036605227e+01
2.611888192603793e-01 6.550797980564900e+01
2.617604993165019e-01 6.556514865015842e+01
2.623338034636930e-01 6.562232688597663e+01
2.629087386326400e-01 6.567951449939946e+01
2.634853117935212e-01 6.573671147662165e+01
2.640635299562881e-01 6.579391780373621e+01
2.646434001709486e-01 6.585113346673364e+01
2.652249295278540e-01 6.590835845150129e+01
2.658081251579886e-01 6.596559274382258e+01
2.663929942332597e-01 6.602283632937622e+01
2.669795439667932e-01 6.608008919373557e+01
2.675677816132289e-01 6.613735132236776e+01
2.681577144690203e-01 6.619462270063305e+01
2.687493498727361e-01 6.625190331378400e+01
2.693426952053644e-01 6.630919314696470e+01
2.699377578906196e-01 6.636649218521003e+01
2.705345453952525e-01 6.642380041344492e+01
2.711330652293617e-01 6.648111781648336e+01
2.717333249467097e-01 6.653844437902791e+01
2.723353321450397e-01 6.659578008566859e+01
2.729390944663969e-01 6.665312492088228e+01
2.735446195974516e-01 6.671047886903187e+01
2.741519152698250e-01 6.676784191436536e+01
2.747609892604193e-01 6.682521404101507e+01
2.753718493917482e-01 6.688259523299683e+01
2.759845035322737e-01 6.693998547420911e+01
2.765989595967417e-01 6.699738474843218e+01
2.772152255465249e-01 6.705479303932722e+01
2.778333093899652e-01 6.711221033043552e+01
2.784532191827215e-01 6.716963660517754e+01
2.790749630281191e-01 6.722707184685204e+01
2.796985490775030e-01 6.728451603863525e+01
2.803239855305943e-01 6.734196916357989e+01
2.809512806358492e-01 6.739943120461433e+01
2.815804426908223e-01 6.745690214454166e+01
2.822114800425314e-01 6.751438196603877e+01
2.828444010878278e-01 6.757187065165539e+01
2.834792142737677e-01 6.762936818381323e+01
2.841159280979890e-01 6.768687454480495e+01
2.847545511090894e-01 6.774438971679328e+01
2.853950919070101e-01 6.780191368181003e+01
2.860375591434207e-01 6.785944642175511e+01
2.866819615221096e-01 6.791698791839558e+01
2.873283077993767e-01 6.797453815336465e+01
2.879766067844302e-01 6.803209710816066e+01
2.886268673397864e-01 6.808966476414616e+01
2.892790983816739e-01 6.814724110254681e+01
2.899333088804414e-01 6.820482610445042e+01
2.905895078609678e-01 6.826241975080585e+01
2.912477044030790e-01 6.832002202242208e+01
2.919079076419648e-01 6.837763289996707e+01
2.925701267686029e-01 6.843525236396673e+01
2.932343710301849e-01 6.849288039480390e+01
2.939006497305466e-01 6.855051697271719e+01
2.945689722306028e-01 6.860816207779999e+01
2.952393479487850e-01 6.866581568999928e+01
2.959117863614847e-01 6.872347778911458e+01
2.965862970034993e-01 6.878114835479690e+01
2.972628894684832e-01 6.883882736654746e+01
2.979415734094020e-01 6.889651480371668e+01
2.986223585389925e-01 6.895421064550304e+01
2.993052546302250e-01 6.901191487095181e+01
2.999902715167720e-01 6.906962745895403e+01
3.006774190934793e-01 6.912734838824524e+01
3.013667073168430e-01 6.918507763740433e+01
3.020581462054902e-01 6.924281518485233e+01
3.027517458406644e-01 6.930056100885122e+01
3.034475163667156e-01 6.935831508750273e+01
3.041454679915945e-01 6.941607739874703e+01
3.048456109873522e-01 6.947384792036161e+01
3.055479556906436e-01 6.953162662995990e+01
3.062525125032368e-01 6.958941350499016e+01
3.069592918925258e-01 6.964720852273403e+01
3.076683043920496e-01 6.970501166030543e+01
3.083795606020148e-01 6.976282289464909e+01
3.090930711898248e-01 6.982064220253936e+01
3.098088468906118e-01 6.987846956057886e+01
3.105268985077766e-01 6.993630494519712e+01
3.112472369135311e-01 6.999414833264927e+01
3.119698730494474e-01 7.005199969901466e+01
3.126948179270121e-01 7.010985902019547e+01
3.134220826281849e-01 7.016772627191543e+01
3.141516783059641e-01 7.022560142971827e+01
3.148836161849560e-01 7.028348446896646e+01
3.156179075619512e-01 7.034137536483969e+01
3.163545638065051e-01 7.039927409233348e+01
3.170935963615253e-01 7.045718062625770e+01
3.178350167438637e-01 7.051509494123518e+01
3.185788365449154e-01 7.057301701170017e+01
3.193250674312216e-01 7.063094681189683e+01
3.200737211450808e-01 7.068888431587784e+01
3.208248095051640e-01 7.074682949750277e+01
3.215783444071365e-01 7.080478233043659e+01
3.223343378242869e-01 7.086274278814817e+01
3.230928018081599e-01 7.092071084390864e+01
3.238537484891978e-01 7.097868647078991e+01
3.246171900773867e-01 7.103666964166295e+01
3.253831388629096e-01 7.109466032919637e+01
3.261516072168058e-01 7.115265850585462e+01
3.269226075916375e-01 7.121066414389648e+01
3.276961525221616e-01 7.126867721537337e+01
3.284722546260099e-01 7.132669769212767e+01
3.292509266043743e-01 7.138472554579106e+01
3.300321812426999e-01 7.144276074778280e+01
3.308160314113855e-01 7.150080326930808e+01
3.316024900664893e-01 7.155885308135622e+01
3.323915702504435e-01 7.161691015469897e+01
3.331832850927748e-01 7.167497445988873e+01
3.339776478108331e-01 7.173304596725674e+01
3.347746717105262e-01 7.179112464691138e+01
3.355743701870641e-01 7.184921046873626e+01
3.363767567257079e-01 7.190730340238841e+01
3.371818449025290e-01 7.196540341729650e+01
3.379896483851740e-01 7.202351048265891e+01
3.388001809336390e-01 7.208162456744179e+01
3.396134564010496e-01 7.213974564037736e+01
3.404294887344513e-01 7.219787366996172e+01
3.412482919756067e-01 7.225600862445316e+01
3.420698802617999e-01 7.231415047186999e+01
3.428942678266514e-01 7.237229917998880e+01
3.437214690009393e-01 7.243045471634221e+01
3.445514982134298e-01 7.248861704821704e+01
3.453843699917165e-01 7.254678614265217e+01
3.462200989630677e-01 7.260496196643655e+01
3.470586998552825e-01 7.266314448610710e+01
3.479001874975568e-01 7.272133366794664e+01
3.487445768213561e-01 7.277952947798168e+01
3.495918828612997e-01 7.283773188198043e+01
3.504421207560530e-01 7.289594084545050e+01
3.512953057492280e-01 7.295415633363683e+01
3.521514531902962e-01 7.301237831151943e+01
3.530105785355072e-01 7.307060674381117e+01
3.538726973488200e-01 7.312884159495556e+01
3.547378253028423e-01 7.318708282912441e+01
3.556059781797810e-01 7.324533041021564e+01
3.564771718724005e-01 7.330358430185093e+01
3.573514223849943e-01 7.336184446737332e+01
3.582287458343633e-01 7.342011086984493e+01
3.591091584508077e-01 7.347838347204458e+01
3.599926765791268e-01 7.353666223646533e+01
3.608793166796304e-01 7.359494712531207e+01
3.617690953291626e-01 7.365323810049912e+01
3.626620292221327e-01 7.371153512364762e+01
3.635581351715611e-01 7.376983815608321e+01
3.644574301101333e-01 7.382814715883330e+01
3.653599310912673e-01 7.388646209262468e+01
3.662656552901910e-01 7.394478291788084e+01
3.671746200050321e-01 7.400310959471943e+01
3.680868426579193e-01 7.406144208294955e+01
3.690023407960952e-01 7.411978034206916e+01
3.699211320930413e-01 7.417812433126230e+01
3.708432343496163e-01 7.423647400939655e+01
3.717686654952042e-01 7.429482933502004e+01
3.726974435888772e-01 7.435319026635889e+01
3.736295868205710e-01 7.441155676131436e+01
3.745651135122706e-01 7.446992877745990e+01
3.755040421192131e-01 7.452830627203846e+01
3.764463912310987e-01 7.458668920195947e+01
3.773921795733197e-01 7.464507752379600e+01
3.783414260081996e-01 7.470347119378187e+01
3.792941495362477e-01 7.476187016780847e+01
3.802503692974261e-01 7.482027440142191e+01
3.812101045724325e-01 7.487868384982001e+01
3.821733747839951e-01 7.493709846784911e+01
3.831401994981833e-01 7.499551821000102e+01
3.841105984257328e-01 7.505394303040991e+01
3.850845914233840e-01 7.511237288284906e+01
3.860621984952383e-01 7.517080772072777e+01
3.870434397941253e-01 7.522924749708804e+01
3.880283356229897e-01 7.528769216460134e+01
3.890169064362900e-01 7.534614167556524e+01
3.900091728414159e-01 7.540459598190023e+01
3.910051556001189e-01 7.546305503514608e+01
3.920048756299616e-01 7.552151878645876e+01
3.930083540057810e-01 7.557998718660667e+01
3.940156119611706e-01 7.563846018596740e+01
3.950266708899767e-01 7.569693773452410e+01
3.960415523478140e-01 7.575541978186189e+01
3.970602780535979e-01 7.581390627716436e+01
3.980828698910923e-01 7.587239716920988e+01
3.991093499104785e-01 7.593089240636793e+01
4.001397403299385e-01 7.598939193659540e+01
4.011740635372590e-01 7.604789570743283e+01
4.022123420914526e-01 7.610640366600057e+01
4.032545987243980e-01 7.616491575899511e+01
4.043008563424986e-01 7.622343193268495e+01
4.053511380283612e-01 7.628195213290692e+01
4.064054670424928e-01 7.634047630506207e+01
4.074638668250190e-01 7.639900439411176e+01
4.085263609974195e-01 7.645753634457353e+01
4.095929733642866e-01 7.651607210051708e+01
4.106637279151028e-01 7.657461160556014e+01
4.117386488260387e-01 7.663315480286415e+01
4.128177604617738e-01 7.669170163513031e+01
4.139010873773359e-01 7.675025204459499e+01
4.149886543199648e-01 7.680880597302564e+01
4.160804862309961e-01 7.686736336171633e+01
4.171766082477683e-01 7.692592415148336e+01
4.182770457055512e-01 7.698448828266078e+01
4.193818241394992e-01 7.704305569509592e+01
4.204909692866248e-01 7.710162632814470e+01
4.216045070877983e-01 7.716020012066724e+01
4.227224636897702e-01 7.721877701102299e+01
4.238448654472170e-01 7.727735693706610e+01
4.249717389248132e-01 7.733593983614067e+01
4.261031108993257e-01 7.739452564507584e+01
4.272390083617365e-01 7.745311430018107e+01
4.283794585193872e-01 7.751170573724103e+01
4.295244887981532e-01 7.757029989151076e+01
4.306741268446403e-01 7.762889669771052e+01
4.318284005284119e-01 7.768749609002076e+01
4.329873379442390e-01 7.774609800207695e+01
4.341509674143813e-01 7.780470236696434e+01
4.353193174908934e-01 7.786330911721272e+01
4.364924169579601e-01 7.792191818479105e+01
4.376702948342617e-01 7.798052950110214e+01
4.388529803753641e-01 7.803914299697705e+01
4.400405030761442e-01 7.809775860266977e+01
4.412328926732386e-01 7.815637624785145e+01
4.424301791475288e-01 7.821499586160489e+01
4.436323927266512e-01 7.827361737241876e+01
4.448395638875434e-01 7.833224070818186e+01
4.460517233590176e-01 7.839086579617725e+01
4.472689021243698e-01 7.844949256307638e+01
4.484911314240180e-01 7.850812093493307e+01
4.497184427581760e-01 7.856675083717749e+01
4.509508678895598e-01 7.862538219461007e+01
4.521884388461266e-01 7.868401493139524e+01
4.534311879238510e-01 7.874264897105526e+01
4.546791476895318e-01 7.880128423646380e+01
4.559323509836403e-01 7.885992064983967e+01
4.571908309231973e-01 7.891855813274012e+01
4.584546209046937e-01 7.897719660605455e+01
4.597237546070418e-01 7.903583598999764e+01
4.609982659945696e-01 7.909447620410282e+01
4.622781893200484e-01 7.915311716721538e+01
4.635635591277636e-01 7.921175879748563e+01
4.648544102566203e-01 7.927040101236193e+01
4.661507778432926e-01 7.932904372858370e+01
4.674526973254111e-01 7.938768686217428e+01
4.687602044447917e-01 7.944633032843370e+01
4.700733352507075e-01 7.950497404193149e+01
4.713921261032004e-01 7.956361791649917e+01
4.727166136764385e-01 7.962226186522294e+01
4.740468349621147e-01 7.968090580043597e+01
4.753828272728917e-01 7.973954963371092e+01
4.767246282458892e-01 7.979819327585211e+01
4.780722758462203e-01 7.985683663688771e+01
4.794258083705700e-01 7.991547962606184e+01
4.807852644508253e-01 7.997412215182655e+01
4.821506830577483e-01 8.003276412183372e+01
4.835221035047015e-01 8.009140544292683e+01
4.848995654514212e-01 8.015004602113268e+01
4.862831089078393e-01 8.020868576165292e+01
4.876727742379586e-01 8.026732456885566e+01
4.890686021637766e-01 8.032596234626669e+01
4.904706337692651e-01 8.038459899656092e+01
4.918789105043992e-01 8.044323442155348e+01
4.932934741892441e-01 8.050186852219073e+01
4.947143670180924e-01 8.056050119854135e+01
4.961416315636623e-01 8.061913234978707e+01
4.975753107813471e-01 8.067776187421340e+01
4.990154480135257e-01 8.073638966920038e+01
5.004620869939311e-01 8.079501563121292e+01
5.019152718520757e-01 8.085363965579130e+01
5.033750471177404e-01 8.091226163754136e+01
5.048414577255216e-01 8.097088147012467e+01
5.063145490194432e-01 8.102949904624857e+01
5.077943667576290e-01 8.108811425765604e+01
5.092809571170426e-01 8.114672699511551e+01
5.107743666982880e-01 8.120533714841042e+01
5.122746425304818e-01 8.126394460632882e+01
5.137818320761880e-01 8.132254925665271e+01
5.152959832364241e-01 8.138115098614728e+01
5.168171443557354e-01 8.143974968055007e+01
5.183453642273403e-01 8.149834522455983e+01
5.198806920983483e-01 8.155693750182553e+01
5.214231776750483e-01 8.161552639493486e+01
5.229728711282752e-01 8.167411178540294e+01
5.245298230988472e-01 8.173269355366064e+01
5.260940847030842e-01 8.179127157904283e+01
5.276657075383995e-01 8.184984573977648e+01
5.292447436889761e-01 8.190841591296875e+01
5.308312457315173e-01 8.196698197459453e+01
5.324252667410850e-01 8.202554379948435e+01
5.340268602970165e-01 8.208410126131167e+01
5.356360804889284e-01 8.214265423258030e+01
5.372529819228067e-01 8.220120258461154e+01
5.388776197271817e-01 8.225974618753114e+01
5.405100495593957e-01 8.231828491025615e+01
5.421503276119567e-01 8.237681862048160e+01
5.437985106189881e-01 8.243534718466691e+01
5.454546558627682e-01 8.249387046802224e+01
5.471188211803683e-01 8.255238833449459e+01
5.487910649703835e-01 8.261090064675379e+01
5.504714461997667e-01 8.266940726617818e+01
5.521600244107563e-01 8.272790805284023e+01
5.538568597279123e-01 8.278640286549194e+01
5.555620128652506e-01 8.284489156154996e+01
5.572755451334844e-01 8.290337399708061e+01
5.589975184473751e-01 8.296185002678476e+01
5.607279953331857e-01 8.302031950398225e+01
5.624670389362532e-01 8.307878228059647e+01
5.642147130286657e-01 8.313723820713835e+01
5.659710820170606e-01 8.319568713269052e+01
5.677362109505344e-01 8.325412890489089e+01
5.695101655286759e-01 8.331256336991629e+01
5.712930121097151e-01 8.337099037246578e+01
5.730848177188000e-01 8.342940975574373e+01
5.748856500563939e-01 8.348782136144263e+01
5.766955775068041e-01 8.354622502972586e+01
5.785146691468368e-01 8.360462059920994e+01
5.803429947545850e-01 8.366300790694675e+01
5.821806248183525e-01 8.372138678840554e+01
5.840276305457105e-01 8.377975707745445e+01
5.858840838726971e-01 8.383811860634205e+01
5.877500574731552e-01 8.389647120567844e+01
5.896256247682176e-01 8.395481470441626e+01
5.915108599359344e-01 8.401314892983119e+01
5.934058379210559e-01 8.407147370750253e+01
5.953106344449600e-01 8.412978886129316e+01
5.972253260157420e-01 8.418809421332949e+01
5.991499899384551e-01 8.424638958398096e+01
6.010847043255162e-01 8.430467479183933e+01
6.030295481072743e-01 8.436294965369777e+01
6.049846010427421e-01 8.442121398452949e+01
6.069499437305022e-01 8.447946759746613e+01
6.089256576197805e-01 8.453771030377594e+01
6.109118250217006e-01 8.459594191284157e+01
6.129085291207130e-01 8.465416223213754e+01
6.149158539862098e-01 8.471237106720747e+01
6.169338845843222e-01 8.477056822164086e+01
6.189627067899115e-01 8.482875349704977e+01
6.210024073987476e-01 8.488692669304488e+01
6.230530741398896e-01 8.494508760721148e+01
6.251147956882616e-01 8.500323603508490e+01
6.271876616774350e-01 8.506137177012576e+01
6.292717627126208e-01 8.511949460369487e+01
6.313671903838669e-01 8.517760432502756e+01
6.334740372794798e-01 8.523570072120788e+01
6.355923969996585e-01 8.529378357714234e+01
6.377223641703592e-01 8.535185267553332e+01
6.398640344573820e-01 8.540990779685197e+01
6.420175045806974e-01 8.546794871931090e+01
6.441828723290030e-01 8.552597521883629e+01
6.463602365745296e-01 8.558398706903988e+01
6.485496972880869e-01 8.564198404119016e+01
6.507513555543655e-01 8.569996590418347e+01
6.529653135874953e-01 8.575793242451465e+01
6.551916747468606e-01 8.581588336624698e+01
6.574305435531891e-01 8.587381849098213e+01
6.596820257049050e-01 8.593173755782922e+01
6.619462280947666e-01 8.598964032337382e+01
6.642232588267799e-01 8.604752654164618e+01
6.665132272334073e-01 8.610539596408923e+01
6.688162438930636e-01 8.616324833952598e+01
6.711324206479183e-01 8.622108341412648e+01
6.734618706219981e-01 8.627890093137431e+01
6.758047082396076e-01 8.633670063203255e+01
6.781610492440621e-01 8.639448225410923e+01
6.805310107167499e-01 8.645224553282235e+01
6.829147110965264e-01 8.650999020056429e+01
6.853122701994404e-01 8.656771598686576e+01
6.877238092388152e-01 8.662542261835915e+01
6.901494508456713e-01 8.668310981874141e+01
6.925893190895179e-01 8.674077730873631e+01
6.950435394995046e-01 8.679842480605618e+01
6.975122390859517e-01 8.685605202536300e+01
6.999955463622591e-01 8.691365867822907e+01
7.024935913672098e-01 8.697124447309693e+01
7.050065056876655e-01 8.702880911523870e+01
7.075344224816768e-01 8.708635230671491e+01
7.100774765019995e-01 8.714387374633259e+01
7.126358041200412e-01 8.720137312960274e+01
7.152095433502406e-01 8.725885014869732e+01
7.177988338748814e-01 8.731630449240531e+01
7.204038170693693e-01 8.737373584608837e+01
7.230246360279569e-01 8.743114389163556e+01
7.256614355899509e-01 8.748852830741768e+01
7.283143623663909e-01 8.754588876824063e+01
7.309835647672268e-01 8.760322494529821e+01
7.336691930289904e-01 8.766053650612412e+01
7.363713992429876e-01 8.771782311454336e+01
7.390903373840063e-01 8.777508443062267e+01
7.418261633395652e-01 8.783232011062033e+01
7.445790349397075e-01 8.788952980693527e+01
7.473491119873500e-01 8.794671316805520e+01
7.501365562892104e-01 8.800386983850407e+01
7.529415316873083e-01 8.806099945878863e+01
7.557642040910730e-01 8.811810166534434e+01
7.586047415100509e-01 8.817517609048011e+01
7.614633140872450e-01 8.823222236232256e+01
7.643400941330831e-01 8.828924010475910e+01
7.672352561600454e-01 8.834622893738029e+01
7.701489769179491e-01 8.840318847542123e+01
7.730814354299236e-01 8.846011832970213e+01
7.760328130290720e-01 8.851701810656772e+01
7.790032933958519e-01 8.857388740782598e+01
7.819930625961830e-01 8.863072583068573e+01
7.850023091202940e-01 8.868753296769330e+01
7.880312239223412e-01 8.874430840666815e+01
7.910800004607944e-01 8.880105173063751e+01
7.941488347396329e-01 8.885776251777003e+01
7.972379253503443e-01 8.891444034130821e+01
8.003474735147696e-01 8.897108476950004e+01
8.034776831287919e-01 8.902769536552915e+01
8.066287608069083e-01 8.908427168744434e+01
8.098009159276875e-01 8.914081328808747e+01
8.129943606801493e-01 8.919731971502060e+01
8.162093101110794e-01 8.925379051045178e+01
8.194459821732990e-01 8.931022521115963e+01
8.227045977749242e-01 8.936662334841688e+01
8.259853808296209e-01 8.942298444791236e+01
8.292885583078998e-01 8.947930802967217e+01
8.326143602894540e-01 8.953559360797914e+01
8.359630200165865e-01 8.959184069129134e+01
8.393347739487331e-01 8.964804878215899e+01
8.427298618181269e-01 8.970421737714034e+01
8.461485266866132e-01 8.976034596671580e+01
8.495910150036611e-01 8.981643403520111e+01
8.530575766655834e-01 8.987248106065867e+01
8.565484650760097e-01 8.992848651480776e+01
8.600639372076369e-01 8.998444986293318e+01
8.636042536652819e-01 9.004037056379231e+01
8.671696787502868e-01 9.009624806952085e+01
8.707604805262875e-01 9.015208182553683e+01
8.743769308864033e-01 9.020787127044319e+01
8.780193056218597e-01 9.026361583592866e+01
8.816878844921041e-01 9.031931494666715e+01
8.853829512964291e-01 9.037496802021531e+01
8.891047939471629e-01 9.043057446690864e+01
8.928537045444468e-01 9.048613368975560e+01
8.966299794526607e-01 9.054164508433037e+01
9.004339193785168e-01 9.059710803866341e+01
9.042658294508861e-01 9.065252193313052e+01
9.081260193023880e-01 9.070788614034011e+01
9.120148031527890e-01 9.076320002501828e+01
9.159324998942719e-01 9.081846294389238e+01
9.198794331786010e-01 9.087367424557246e+01
9.238559315062591e-01 9.092883327043074e+01
9.278623283175831e-01 9.098393935047923e+01
9.318989620859743e-01 9.103899180924518e+01
9.359661764132163e-01 9.109398996164455e+01
9.400643201269780e-01 9.114893311385347e+01
9.441937473805395e-01 9.120382056317736e+01
9.483548177548171e-01 9.125865159791807e+01
9.525478963627437e-01 9.131342549723881e+01
9.567733539560590e-01 9.136814153102672e+01
9.610315670345946e-01 9.142279895975335e+01
9.653229179580984e-01 9.147739703433265e+01
9.696477950606931e-01 9.153193499597675e+01
9.740065927680130e-01 9.158641207604930e+01
9.783997117171238e-01 9.164082749591638e+01
9.828275588792702e-01 9.169518046679498e+01
9.872905476855613e-01 9.174947018959895e+01
9.917890981556470e-01 9.180369585478242e+01
9.963236370294939e-01 9.185785664218064e+01
1.000894597902328e+00 9.191195172084817e+01
1.005502421362845e+00 9.196598024889443e+01
1.010147555134784e+00 9.201994137331663e+01
1.014830454221941e+00 9.207383422982967e+01
1.019551581056750e+00 9.212765794269367e+01
1.024311405652498e+00 9.218141162453824e+01
1.029110405759324e+00 9.223509437618422e+01
1.033949067024056e+00 9.228870528646219e+01
1.038827883154057e+00 9.234224343202837e+01
1.043747356085140e+00 9.239570787717713e+01
1.048707996153723e+00 9.244909767365078e+01
1.053710322273302e+00 9.250241186044605e+01
1.058754862115408e+00 9.255564946361747e+01
1.063842152295160e+00 9.260880949607771e+01
1.068972738561548e+00 9.266189095739445e+01
1.074147175992606e+00 9.271489283358422e+01
1.079366029195604e+00 9.276781409690268e+01
1.084629872512422e+00 9.282065370563181e+01
1.089939290230250e+00 9.287341060386341e+01
1.095294876797800e+00 9.292608372127941e+01
1.100697237047161e+00 9.297867197292847e+01
1.106146986421518e+00 9.303117425899923e+01
1.111644751208863e+00 9.308358946458979e+01
1.117191168781938e+00 9.313591645947380e+01
1.122786887844551e+00 9.318815409786262e+01
1.128432568684509e+00 9.324030121816401e+01
1.134128883433346e+00 9.329235664273693e+01
1.139876516333072e+00 9.334431917764265e+01
1.145676164010173e+00 9.339618761239194e+01
1.151528535757064e+00 9.344796071968848e+01
1.157434353821279e+00 9.349963725516837e+01
1.163394353702597e+00 9.355121595713562e+01
1.169409284458397e+00 9.360269554629386e+01
1.175479909017491e+00 9.365407472547379e+01
1.181607004502717e+00 9.370535217935692e+01
1.187791362562572e+00 9.375652657419495e+01
1.194033789712189e+00 9.380759655752530e+01
1.200335107683973e+00 9.385856075788243e+01
1.206696153788191e+00 9.390941778450510e+01
1.213117781283878e+00 9.396016622703937e+01
1.219600859760384e+00 9.401080465523762e+01
1.226146275529935e+00 9.406133161865330e+01
1.232754932031557e+00 9.411174564633144e+01
1.239427750246789e+00 9.416204524649520e+01
1.246165669127533e+00 9.421222890622798e+01
1.252969646036522e+00 9.426229509115159e+01
1.259840657200770e+00 9.431224224510002e+01
1.266779698178527e+00 9.436206878978938e+01
1.273787784340143e+00 9.441177312448329e+01
1.280865951363372e+00 9.446135362565455e+01
1.288015255743622e+00 9.451080864664257e+01
1.295236775319629e+00 9.456013651730666e+01
1.302531609815191e+00 9.460933554367560e+01
1.309900881397441e+00 9.465840400759294e+01
1.317345735252332e+00 9.470734016635880e+01
1.324867340177889e+00 9.475614225236747e+01
1.332466889195941e+00 9.480480847274161e+01
1.340145600182930e+00 9.485333700896265e+01
1.347904716520569e+00 9.490172601649768e+01
1.355745507767024e+00 9.494997362442287e+01
1.363669270349422e+00 9.499807793504380e+01
1.371677328278441e+00 9.504603702351227e+01
1.379771033885844e+00 9.509384893744040e+01
1.387951768585801e+00 9.514151169651181e+01
1.396220943660891e+00 9.518902329208996e+01
1.404580001073755e+00 9.523638168682425e+01
1.413030414305338e+00 9.528358481425373e+01
1.421573689220786e+00 9.533063057840879e+01
1.430211364964026e+00 9.537751685341107e+01
1.438945014882194e+00 9.542424148307194e+01
1.447776247481010e+00 9.547080228048964e+01
1.456706707412399e+00 9.551719702764569e+01
1.465738076495554e+00 9.556342347500060e+01
1.474872074772835e+00 9.560947934108944e+01
1.484110461601858e+00 9.565536231211776e+01
1.493455036785236e+00 9.570107004155794e+01
1.502907641739522e+00 9.574660014974684e+01
1.512470160704901e+00 9.579195022348489e+01
1.522144521997364e+00 9.583711781563746e+01
1.531932699305030e+00 9.588210044473874e+01
1.541836713030540e+00 9.592689559459913e+01
1.551858631681351e+00 9.597150071391630e+01
1.562000573310019e+00 9.601591321589116e+01
1.572264707006500e+00 9.606013047784896e+01
1.582653254444759e+00 9.610414984086671e+01
1.593168491485923e+00 9.614796860940743e+01
1.603812749840474e+00 9.619158405096245e+01
1.614588418791997e+00 9.623499339570242e+01
1.625497946985150e+00 9.627819383613816e+01
1.636543844280722e+00 9.632118252679254e+01
1.647728683680637e+00 9.636395658388429e+01
1.659055103326123e+00 9.640651308502520e+01
1.670525808572186e+00 9.644884906893176e+01
1.682143574141920e+00 9.649096153515305e+01
1.693911246364163e+00 9.653284744381553e+01
1.705831745498386e+00 9.657450371538735e+01
1.717908068150704e+00 9.661592723046284e+01
1.730143289785286e+00 9.665711482956955e+01
1.742540567335561e+00 9.669806331299935e+01
1.755103141919837e+00 9.673876944066578e+01
1.767834341666320e+00 9.677922993198948e+01
1.780737584652618e+00 9.681944146581408e+01
1.793816381965263e+00 9.685940068035484e+01
1.807074340884928e+00 9.689910417318225e+01
1.820515168203487e+00 9.693854850124360e+01
1.834142673679247e+00 9.697773018092491e+01
1.847960773637187e+00 9.701664568815616e+01
1.861973494721292e+00 9.705529145856315e+01
1.876184977806594e+00 9.709366388766871e+01
1.890599482078828e+00 9.713175933114718e+01
1.905221389290228e+00 9.716957410513538e+01
1.920055208200347e+00 9.720710448660400e+01
1.935105579211341e+00 9.724434671379325e+01
1.950377279207794e+00 9.728129698671732e+01
1.965875226611598e+00 9.731795146774144e+01
1.981604486663223e+00 9.735430628223681e+01
1.997570276941186e+00 9.739035751931777e+01
2.013777973132454e+00 9.742610123266685e+01
2.030233115067097e+00 9.746153344145229e+01
2.046941413031507e+00 9.749665013134468e+01
2.063908754375207e+00 9.753144725563774e+01
2.081141210427405e+00 9.756592073647995e+01
2.098645043740269e+00 9.760006646622341e+01
2.116426715677142e+00 9.763388030889658e+01
2.134492894365009e+00 9.766735810180832e+01
2.152850463031709e+00 9.770049565729026e+01
2.171506528749904e+00 9.773328876458567e+01
2.190468431611015e+00 9.776573319189249e+01
2.209743754354134e+00 9.779782468856946e+01
2.229340332476299e+00 9.782955898751349e+01
2.249266264852623e+00 9.786093180771810e+01
2.269529924896339e+00 9.789193885702169e+01
2.290139972291232e+00 9.792257583505608e+01
2.311105365330866e+00 9.795283843640510e+01
2.332435373901618e+00 9.798272235398389e+01
2.354139593149057e+00 9.801222328264973e+01
2.376227957869895e+00 9.804133692305564e+01
2.398710757675039e+00 9.807005898575821e+01
2.421598652972163e+00 9.809838519559149e+01
2.444902691820149e+00 9.812631129631902e+01
2.468634327711212e+00 9.815383305557627e+01
2.492805438341004e+00 9.818094627011628e+01
2.517428345431160e+00 9.820764677137093e+01
2.542515835673966e+00 9.823393043134105e+01
2.568081182873772e+00 9.825979316882807e+01
2.594138171365888e+00 9.828523095602046e+01
2.620701120799598e+00 9.831023982544778e+01
2.647784912379062e+00 9.833481587731529e+01
2.675405016663076e+00 9.835895528723158e+01
2.703577523032763e+00 9.838265431434172e+01
2.732319170945279e+00 9.840590930987779e+01
2.761647383100901e+00 9.842871672613786e+01
2.791580300661800e+00 9.845107312590441e+01
2.822136820671878e+00 9.847297519231128e+01
2.853336635840070e+00 9.849441973916834e+01
2.885200276862896e+00 9.851540372175081e+01
2.917749157477619e+00 9.853592424805906e+01
2.951005622453532e+00 9.855597859055283e+01
2.984992998747589e+00 9.857556419836187e+01
3.019735650070410e+00 9.859467870997241e+01
3.055259035130816e+00 9.861331996638607e+01
3.091589769851692e+00 9.863148602474513e+01
3.128755693876489e+00 9.864917517241393e+01
3.166785941715824e+00 9.866638594150284e+01
3.205711018916076e+00 9.868311712381612e+01
3.245562883668724e+00 9.869936778620060e+01
3.286375034319017e+00 9.871513728626626e+01
3.328182603277864e+00 9.873042528844350e+01
3.371022457890005e+00 9.874523178033581e+01
3.414933308867459e+00 9.875955708931806e+01
3.459955826958268e+00 9.877340189932363e+01
3.506132768589855e+00 9.878676726775390e+01
3.553509111302793e+00 9.879965464243449e+01
3.602132199876588e+00 9.881206587853205e+01
3.652051904145694e+00 9.882400325533449e+01
3.703320789611252e+00 9.883546949278529e+01
3.755994302075877e+00 9.884646776765032e+01
3.810130967664509e+00 9.885700172918197e+01
3.865792609748606e+00 9.886707551413133e+01
3.923044584463665e+00 9.887669376094483e+01
3.981956036706710e+00 9.888586162296667e+01
4.042600178721595e+00 9.889458478045260e+01
4.105054593632461e+00 9.890286945118589e+01
4.169401566570929e+00 9.891072239947016e+01
4.235728446369029e+00 9.891815094325938e+01
4.304128041160832e+00 9.892516295917076e+01
4.374699051660299e+00 9.893176688511305e+01
4.447546546369439e+00 9.893797172025158e+01
4.522782483528045e+00 9.894378702202175e+01
4.600526285258620e+00 9.894922289989606e+01
4.680905470098689e+00 9.895429000560709e+01
4.764056350967744e+00 9.895899951952988e+01
4.850124806604114e+00 9.896336313293359e+01
4.939267135656091e+00 9.896739302582566e+01
5.031651003946320e+00 9.897110184013096e+01
5.127456496988017e+00 9.897450264797794e+01
5.226877291653953e+00 9.897760891490081e+01
5.330121963037787e+00 9.898043445781640e+01
5.437415445064145e+00 9.898299339769470e+01
5.549000666371536e+00 9.898530010691590e+01
5.665140386507824e+00 9.898736915139379e+01
5.786119261649763e+00 9.898921522764775e+01
5.912246174031814e+00 9.899085309512127e+01
6.043856865213056e+00 9.899229750417625e+01
6.181316920446825e+00 9.899356312033618e+01
6.325025160009372e+00 9.899466444550725e+01
6.475417503737653e+00 9.899561573707129e+01
6.632971387643470e+00 9.899643092591400e+01
6.798210826861729e+00 9.899712353462198e+01
6.971712238040941e+00 9.899770659724368e+01
7.154111157485712e+00 9.899819258215682e+01
7.346110020059196e+00 9.899859331970519e+01
7.548487199528503e+00 9.899891993635187e+01
7.762107555635038e+00 9.899918279712861e+01
7.987934789233325e+00 9.899939145813050e+01
8.227045977749212e+00 9.899955463069651e+01
8.480648753447824e+00 9.899968015871826e+01
8.750101702627656e+00 9.899977501022154e+01
9.036938713044899e+00 9.899984528396323e+01
9.342898190823226e+00 9.899989623128302e+01
9.669958322241508e+00 9.899993229285541e+01
1.002037989161816e+01 9.899995714932754e+01
1.039675861428206e+01 9.899997378413761e+01
1.080208954638155e+01 9.899998455613874e+01
1.123984695304909e+01 9.899999127906489e+01
1.171408414360550e+01 9.899999530443844e+01
1.222955935073213e+01 9.899999760430474e+01
1.279189594032470e+01 9.899999885024076e+01
1.340778839559289e+01 9.899999948546134e+01
1.408527009638775e+01 9.899999978752383e+01
1.483406566042433e+01 9.899999992005891e+01
1.566606073157609e+01 9.899999997301896e+01
1.659593757580434e+01 9.899999999198596e+01
1.764204902556133e+01 9.899999999795476e+01
1.882764200195233e+01 9.899999999956493e+01
2.018260540354234e+01 9.899999999992581e+01
2.174602471306893e+01 9.899999999999037e+01
2.357001390751701e+01 9.899999999999910e+01
2.572563750095516e+01 9.899999999999994e+01
2.831238581308151e+01 9.900000000000000e+01
3.147396708345743e+01 9.900000000000000e+01
3.542594367142820e+01 9.900000000000000e+01
4.050705642738942e+01 9.900000000000000e+01
