0.000000000000000e+00 0.000000000000000e+00
3.537052606064152e-03 3.530804604169768e-03
7.077145222962910e-03 7.052161203962903e-03
1.062028177160449e-02 1.056408569448264e-02
1.416646617964275e-02 1.406659396597565e-02
1.771570238149171e-02 1.755970190379719e-02
2.126799431834011e-02 2.104342538837667e-02
2.482334593816599e-02 2.451778029518303e-02
2.838176119575130e-02 2.798278249469055e-02
3.194324405269660e-02 3.143844785234240e-02
3.550779847743573e-02 3.488479222851759e-02
3.907542844525057e-02 3.832183147849522e-02
4.264613793828578e-02 4.174958145241980e-02
4.621993094556369e-02 4.516805799526735e-02
4.979681146299907e-02 4.857727694680936e-02
5.337678349341408e-02 5.197725414157883e-02
5.695985104655320e-02 5.536800540883569e-02
6.054601813909814e-02 5.874954657253006e-02
6.413528879468292e-02 6.212189345127062e-02
6.772766704390891e-02 6.548506185828717e-02
7.132315692435987e-02 6.883906760139702e-02
7.492176248061710e-02 7.218392648296934e-02
7.852348776427465e-02 7.551965429989149e-02
8.212833683395446e-02 7.884626684353346e-02
8.573631375532162e-02 8.216377989971280e-02
8.934742260109968e-02 8.547220924865995e-02
9.296166745108597e-02 8.877157066498409e-02
9.657905239216695e-02 9.206187991763715e-02
1.001995815183336e-01 9.534315276988004e-02
1.038232589306970e-01 9.861540497924670e-02
1.074500887375034e-01 1.018786522975104e-01
1.110800750541504e-01 1.051329104706475e-01
1.147132220032020e-01 1.083781952388039e-01
1.183495337144044e-01 1.116145223362595e-01
1.219890143247014e-01 1.148419074913931e-01
1.256316679782507e-01 1.180603664266484e-01
1.292774988264389e-01 1.212699148584981e-01
1.329265110278978e-01 1.244705684974095e-01
1.365787087485199e-01 1.276623430478094e-01
1.402340961614744e-01 1.308452542080500e-01
1.438926774472232e-01 1.340193176703728e-01
1.475544567935364e-01 1.371845491208741e-01
1.512194383955087e-01 1.403409642394711e-01
1.548876264555756e-01 1.434885786998659e-01
1.585590251835288e-01 1.466274081695098e-01
1.622336387965326e-01 1.497574683095710e-01
1.659114715191406e-01 1.528787747748974e-01
1.695925275833108e-01 1.559913432139832e-01
1.732768112284229e-01 1.590951892689318e-01
1.769643267012938e-01 1.621903285754238e-01
1.806550782561945e-01 1.652767767626804e-01
1.843490701548660e-01 1.683545494534280e-01
1.880463066665358e-01 1.714236622638654e-01
1.917467920679347e-01 1.744841308036262e-01
1.954505306433128e-01 1.775359706757462e-01
1.991575266844565e-01 1.805791974766273e-01
2.028677844907045e-01 1.836138267960030e-01
2.065813083689651e-01 1.866398742169031e-01
2.102981026337323e-01 1.896573553156196e-01
2.140181716071028e-01 1.926662856616708e-01
2.177415196187927e-01 1.956666808177676e-01
2.214681510061544e-01 1.986585563397771e-01
2.251980701141930e-01 2.016419277766892e-01
2.289312812955838e-01 2.046168106705810e-01
2.326677889106888e-01 2.075832205565820e-01
2.364075973275740e-01 2.105411729628388e-01
2.401507109220260e-01 2.134906834104813e-01
2.438971340775695e-01 2.164317674135865e-01
2.476468711854841e-01 2.193644404791457e-01
2.513999266448216e-01 2.222887181070270e-01
2.551563048624233e-01 2.252046157899419e-01
2.589160102529369e-01 2.281121490134104e-01
2.626790472388342e-01 2.310113332557266e-01
2.664454202504283e-01 2.339021839879230e-01
2.702151337258907e-01 2.367847166737356e-01
2.739881921112692e-01 2.396589467695696e-01
2.777645998605052e-01 2.425248897244647e-01
2.815443614354510e-01 2.453825609800599e-01
2.853274813058876e-01 2.482319759705589e-01
2.891139639495424e-01 2.510731501226950e-01
2.929038138521066e-01 2.539060988556965e-01
2.966970355072531e-01 2.567308375812520e-01
3.004936334166544e-01 2.595473817034759e-01
3.042936120899999e-01 2.623557466188724e-01
3.080969760450143e-01 2.651559477163024e-01
3.119037298074752e-01 2.679480003769474e-01
3.157138779112313e-01 2.707319199742755e-01
3.195274248982199e-01 2.735077218740067e-01
3.233443753184857e-01 2.762754214340775e-01
3.271647337301981e-01 2.790350340046066e-01
3.309885046996700e-01 2.817865749278603e-01
3.348156928013756e-01 2.845300595382176e-01
3.386463026179686e-01 2.872655031621352e-01
3.424803387403011e-01 2.899929211181140e-01
3.463178057674410e-01 2.927123287166624e-01
3.501587083066911e-01 2.954237412602638e-01
3.540030509736073e-01 2.981271740433402e-01
3.578508383920173e-01 3.008226423522191e-01
3.617020751940385e-01 3.035101614650970e-01
3.655567660200975e-01 3.061897466520063e-01
3.694149155189478e-01 3.088614131747807e-01
3.732765283476894e-01 3.115251762870193e-01
3.771416091717868e-01 3.141810512340526e-01
3.810101626650884e-01 3.168290532529092e-01
3.848821935098445e-01 3.194691975722790e-01
3.887577063967272e-01 3.221014994124805e-01
3.926367060248487e-01 3.247259739854249e-01
3.965191971017804e-01 3.273426364945826e-01
4.004051843435720e-01 3.299515021349482e-01
4.042946724747706e-01 3.325525860930054e-01
4.081876662284398e-01 3.351459035466944e-01
4.120841703461792e-01 3.377314696653748e-01
4.159841895781429e-01 3.403092996097934e-01
4.198877286830596e-01 3.428794085320483e-01
4.237947924282517e-01 3.454418115755553e-01
4.277053855896544e-01 3.479965238750127e-01
4.316195129518356e-01 3.505435605563678e-01
4.355371793080151e-01 3.530829367367818e-01
4.394583894600845e-01 3.556146675245959e-01
4.433831482186263e-01 3.581387680192964e-01
4.473114604029341e-01 3.606552533114806e-01
4.512433308410321e-01 3.631641384828224e-01
4.551787643696947e-01 3.656654386060385e-01
4.591177658344667e-01 3.681591687448535e-01
4.630603400896829e-01 3.706453439539654e-01
4.670064919984883e-01 3.731239792790122e-01
4.709562264328577e-01 3.755950897565365e-01
4.749095482736163e-01 3.780586904139529e-01
4.788664624104590e-01 3.805147962695117e-01
4.828269737419717e-01 3.829634223322664e-01
4.867910871756502e-01 3.854045836020390e-01
4.907588076279218e-01 3.878382950693853e-01
4.947301400241647e-01 3.902645717155613e-01
4.987050892987282e-01 3.926834285124889e-01
5.026836603949542e-01 3.950948804227226e-01
5.066658582651967e-01 3.974989423994133e-01
5.106516878708433e-01 3.998956293862765e-01
5.146411541823341e-01 4.022849563175572e-01
5.186342621791847e-01 4.046669381179957e-01
5.226310168500050e-01 4.070415897027941e-01
5.266314231925210e-01 4.094089259775822e-01
5.306354862135949e-01 4.117689618383829e-01
5.346432109292470e-01 4.141217121715792e-01
5.386546023646753e-01 4.164671918538798e-01
5.426696655542782e-01 4.188054157522851e-01
5.466884055416736e-01 4.211363987240535e-01
5.507108273797218e-01 4.234601556166671e-01
5.547369361305453e-01 4.257767012677989e-01
5.587667368655512e-01 4.280860505052775e-01
5.628002346654517e-01 4.303882181470549e-01
5.668374346202854e-01 4.326832190011709e-01
5.708783418294394e-01 4.349710678657219e-01
5.749229614016704e-01 4.372517795288240e-01
5.789712984551258e-01 4.395253687685816e-01
5.830233581173662e-01 4.417918503530538e-01
5.870791455253858e-01 4.440512390402185e-01
5.911386658256356e-01 4.463035495779413e-01
5.952019241740439e-01 4.485487967039408e-01
5.992689257360390e-01 4.507869951457542e-01
6.033396756865704e-01 4.530181596207052e-01
6.074141792101315e-01 4.552423048358705e-01
6.114924415007807e-01 4.574594454880447e-01
6.155744677621643e-01 4.596695962637078e-01
6.196602632075381e-01 4.618727718389921e-01
6.237498330597897e-01 4.640689868796481e-01
6.278431825514612e-01 4.662582560410118e-01
6.319403169247708e-01 4.684405939679701e-01
6.360412414316359e-01 4.706160152949288e-01
6.401459613336946e-01 4.727845346457786e-01
6.442544819023295e-01 4.749461666338624e-01
6.483668084186887e-01 4.771009258619401e-01
6.524829461737101e-01 4.792488269221584e-01
6.566029004681425e-01 4.813898843960152e-01
6.607266766125699e-01 4.835241128543271e-01
6.648542799274331e-01 4.856515268571968e-01
6.689857157430527e-01 4.877721409539790e-01
6.731209893996530e-01 4.898859696832485e-01
6.772601062473840e-01 4.919930275727655e-01
6.814030716463448e-01 4.940933291394445e-01
6.855498909666070e-01 4.961868888893195e-01
6.897005695882374e-01 4.982737213175126e-01
6.938551129013220e-01 5.003538409081991e-01
6.980135263059883e-01 5.024272621345773e-01
7.021758152124298e-01 5.044939994588331e-01
7.063419850409285e-01 5.065540673321078e-01
7.105120412218793e-01 5.086074801944667e-01
7.146859891958126e-01 5.106542524748643e-01
7.188638344134191e-01 5.126943985911125e-01
7.230455823355726e-01 5.147279329498486e-01
7.272312384333544e-01 5.167548699465010e-01
7.314208081880765e-01 5.187752239652574e-01
7.356142970913064e-01 5.207890093790331e-01
7.398117106448903e-01 5.227962405494360e-01
7.440130543609774e-01 5.247969318267365e-01
7.482183337620445e-01 5.267910975498336e-01
7.524275543809196e-01 5.287787520462228e-01
7.566407217608062e-01 5.307599096319637e-01
7.608578414553082e-01 5.327345846116476e-01
7.650789190284536e-01 5.347027912783644e-01
7.693039600547192e-01 5.366645439136712e-01
7.735329701190555e-01 5.386198567875602e-01
7.777659548169110e-01 5.405687441584246e-01
7.820029197542565e-01 5.425112202730289e-01
7.862438705476111e-01 5.444472993664742e-01
7.904888128240652e-01 5.463769956621682e-01
7.947377522213069e-01 5.483003233717916e-01
7.989906943876465e-01 5.502172966952663e-01
8.032476449820409e-01 5.521279298207236e-01
8.075086096741199e-01 5.540322369244728e-01
8.117735941442100e-01 5.559302321709672e-01
8.160426040833613e-01 5.578219297127744e-01
8.203156451933711e-01 5.597073436905435e-01
8.245927231868103e-01 5.615864882329729e-01
8.288738437870485e-01 5.634593774567782e-01
8.331590127282800e-01 5.653260254666619e-01
8.374482357555485e-01 5.671864463552798e-01
8.417415186247736e-01 5.690406542032111e-01
8.460388671027765e-01 5.708886630789252e-01
8.503402869673052e-01 5.727304870387508e-01
8.546457840070610e-01 5.745661401268440e-01
8.589553640217241e-01 5.763956363751574e-01
8.632690328219799e-01 5.782189898034078e-01
8.675867962295448e-01 5.800362144190447e-01
8.719086600771929e-01 5.818473242172200e-01
8.762346302087817e-01 5.836523331807553e-01
8.805647124792789e-01 5.854512552801112e-01
8.848989127547885e-01 5.872441044733558e-01
8.892372369125774e-01 5.890308947061338e-01
8.935796908411019e-01 5.908116399116348e-01
8.979262804400344e-01 5.925863540105625e-01
9.022770116202905e-01 5.943550509111029e-01
9.066318903040547e-01 5.961177445088945e-01
9.109909224248089e-01 5.978744486869960e-01
9.153541139273577e-01 5.996251773158559e-01
9.197214707678563e-01 6.013699442532814e-01
9.240929989138379e-01 6.031087633444074e-01
9.284687043442398e-01 6.048416484216665e-01
9.328485930494317e-01 6.065686133047561e-01
9.372326710312425e-01 6.082896718006103e-01
9.416209443029883e-01 6.100048377033673e-01
9.460134188894989e-01 6.117141247943392e-01
9.504101008271458e-01 6.134175468419816e-01
9.548109961638706e-01 6.151151176018623e-01
9.592161109592114e-01 6.168068508166327e-01
9.636254512843322e-01 6.184927602159944e-01
9.680390232220489e-01 6.201728595166709e-01
9.724568328668589e-01 6.218471624223771e-01
9.768788863249684e-01 6.235156826237878e-01
9.813051897143210e-01 6.251784337985080e-01
9.857357491646246e-01 6.268354296110430e-01
9.901705708173817e-01 6.284866837127681e-01
9.946096608259162e-01 6.301322097418975e-01
9.990530253554026e-01 6.317720213234559e-01
1.003500670582894e+00 6.334061320692466e-01
1.007952602697352e+00 6.350345555778227e-01
1.012408827899674e+00 6.366573054344573e-01
1.016869352402721e+00 6.382743952111123e-01
1.021334182431350e+00 6.398858384664101e-01
1.025803324222441e+00 6.414916487456028e-01
1.030276784024924e+00 6.430918395805425e-01
1.034754568099811e+00 6.446864244896522e-01
1.039236682720226e+00 6.462754169778959e-01
1.043723134171429e+00 6.478588305367481e-01
1.048213928750853e+00 6.494366786441663e-01
1.052709072768126e+00 6.510089747645591e-01
1.057208572545105e+00 6.525757323487587e-01
1.061712434415906e+00 6.541369648339903e-01
1.066220664726931e+00 6.556926856438439e-01
1.070733269836899e+00 6.572429081882434e-01
1.075250256116877e+00 6.587876458634192e-01
1.079771629950308e+00 6.603269120518775e-01
1.084297397733042e+00 6.618607201223727e-01
1.088827565873368e+00 6.633890834298768e-01
1.093362140792041e+00 6.649120153155517e-01
1.097901128922313e+00 6.664295291067186e-01
1.102444536709966e+00 6.679416381168317e-01
1.106992370613340e+00 6.694483556454467e-01
1.111544637103365e+00 6.709496949781939e-01
1.116101342663590e+00 6.724456693867484e-01
1.120662493790215e+00 6.739362921288019e-01
1.125228096992122e+00 6.754215764480338e-01
1.129798158790905e+00 6.769015355740833e-01
1.134372685720904e+00 6.783761827225201e-01
1.138951684329232e+00 6.798455310948168e-01
1.143535161175808e+00 6.813095938783196e-01
1.148123122833387e+00 6.827683842462207e-01
1.152715575887597e+00 6.842219153575293e-01
1.157312526936963e+00 6.856702003570452e-01
1.161913982592942e+00 6.871132523753278e-01
1.166519949479957e+00 6.885510845286711e-01
1.171130434235425e+00 6.899837099190727e-01
1.175745443509788e+00 6.914111416342086e-01
1.180364983966551e+00 6.928333927474033e-01
1.184989062282310e+00 6.942504763176032e-01
1.189617685146781e+00 6.956624053893479e-01
1.194250859262840e+00 6.970691929927431e-01
1.198888591346549e+00 6.984708521434329e-01
1.203530888127191e+00 6.998673958425718e-01
1.208177756347302e+00 7.012588370767983e-01
1.212829202762703e+00 7.026451888182050e-01
1.217485234142535e+00 7.040264640243148e-01
1.222145857269290e+00 7.054026756380498e-01
1.226811078938845e+00 7.067738365877070e-01
1.231480905960492e+00 7.081399597869293e-01
1.236155345156974e+00 7.095010581346792e-01
1.240834403364521e+00 7.108571445152114e-01
1.245518087432876e+00 7.122082317980458e-01
1.250206404225334e+00 7.135543328379406e-01
1.254899360618774e+00 7.148954604748656e-01
1.259596963503693e+00 7.162316275339748e-01
1.264299219784238e+00 7.175628468255806e-01
1.269006136378243e+00 7.188891311451262e-01
1.273717720217259e+00 7.202104932731592e-01
1.278433978246592e+00 7.215269459753055e-01
1.283154917425334e+00 7.228385020022428e-01
1.287880544726397e+00 7.241451740896725e-01
1.292610867136553e+00 7.254469749582961e-01
1.297345891656461e+00 7.267439173137871e-01
1.302085625300704e+00 7.280360138467650e-01
1.306830075097828e+00 7.293232772327698e-01
1.311579248090369e+00 7.306057201322349e-01
1.316333151334895e+00 7.318833551904618e-01
1.321091791902036e+00 7.331561950375942e-01
1.325855176876522e+00 7.344242522885920e-01
1.330623313357217e+00 7.356875395432054e-01
1.335396208457154e+00 7.369460693859486e-01
1.340173869303572e+00 7.381998543860755e-01
1.344956303037948e+00 7.394489070975530e-01
1.349743516816037e+00 7.406932400590356e-01
1.354535517807903e+00 7.419328657938407e-01
1.359332313197961e+00 7.431677968099217e-01
1.364133910185006e+00 7.443980455998451e-01
1.368940315982253e+00 7.456236246407624e-01
1.373751537817373e+00 7.468445463943871e-01
1.378567582932528e+00 7.480608233069683e-01
1.383388458584409e+00 7.492724678092673e-01
1.388214172044269e+00 7.504794923165299e-01
1.393044730597965e+00 7.516819092284648e-01
1.397880141545988e+00 7.528797309292163e-01
1.402720412203508e+00 7.540729697873407e-01
1.407565549900401e+00 7.552616381557815e-01
1.412415561981295e+00 7.564457483718443e-01
1.417270455805603e+00 7.576253127571730e-01
1.422130238747558e+00 7.588003436177257e-01
1.426994918196255e+00 7.599708532437484e-01
1.431864501555688e+00 7.611368539097529e-01
1.436738996244781e+00 7.622983578744917e-01
1.441618409697436e+00 7.634553773809338e-01
1.446502749362563e+00 7.646079246562407e-01
1.451392022704118e+00 7.657560119117424e-01
1.456286237201148e+00 7.668996513429136e-01
1.461185400347820e+00 7.680388551293498e-01
1.466089519653468e+00 7.691736354347440e-01
1.470998602642623e+00 7.703040044068619e-01
1.475912656855058e+00 7.714299741775199e-01
1.480831689845824e+00 7.725515568625596e-01
1.485755709185289e+00 7.736687645618268e-01
1.490684722459175e+00 7.747816093591453e-01
1.495618737268600e+00 7.758901033222969e-01
1.500557761230115e+00 7.769942585029948e-01
1.505501801975746e+00 7.780940869368631e-01
1.510450867153029e+00 7.791896006434127e-01
1.515404964425053e+00 7.802808116260178e-01
1.520364101470497e+00 7.813677318718946e-01
1.525328285983671e+00 7.824503733520767e-01
1.530297525674558e+00 7.835287480213935e-01
1.535271828268848e+00 7.846028678184473e-01
1.540251201507985e+00 7.856727446655909e-01
1.545235653149201e+00 7.867383904689049e-01
1.550225190965562e+00 7.877998171181750e-01
1.555219822746002e+00 7.888570364868706e-01
1.560219556295370e+00 7.899100604321214e-01
1.565224399434467e+00 7.909589007946962e-01
1.570234360000087e+00 7.920035693989809e-01
1.575249445845057e+00 7.930440780529555e-01
1.580269664838283e+00 7.940804385481730e-01
1.585295024864783e+00 7.951126626597373e-01
1.590325533825738e+00 7.961407621462826e-01
1.595361199638522e+00 7.971647487499489e-01
1.600402030236756e+00 7.981846341963639e-01
1.605448033570339e+00 7.992004301946192e-01
1.610499217605497e+00 8.002121484372495e-01
1.615555590324821e+00 8.012198006002120e-01
1.620617159727309e+00 8.022233983428639e-01
1.625683933828412e+00 8.032229533079427e-01
1.630755920660071e+00 8.042184771215435e-01
1.635833128270765e+00 8.052099813930997e-01
1.640915564725547e+00 8.061974777153613e-01
1.646003238106095e+00 8.071809776643737e-01
1.651096156510746e+00 8.081604927994579e-01
1.656194328054546e+00 8.091360346631895e-01
1.661297760869289e+00 8.101076147813777e-01
1.666406463103562e+00 8.110752446630458e-01
1.671520442922788e+00 8.120389358004103e-01
1.676639708509269e+00 8.129986996688603e-01
1.681764268062229e+00 8.139545477269381e-01
1.686894129797863e+00 8.149064914163184e-01
1.692029301949372e+00 8.158545421617891e-01
1.697169792767014e+00 8.167987113712307e-01
1.702315610518146e+00 8.177390104355968e-01
1.707466763487267e+00 8.186754507288938e-01
1.712623259976066e+00 8.196080436081623e-01
1.717785108303463e+00 8.205368004134572e-01
1.722952316805654e+00 8.214617324678273e-01
1.728124893836160e+00 8.223828510772972e-01
1.733302847765865e+00 8.233001675308478e-01
1.738486186983069e+00 8.242136931003963e-01
1.743674919893528e+00 8.251234390407776e-01
1.748869054920498e+00 8.260294165897255e-01
1.754068600504789e+00 8.269316369678543e-01
1.759273565104800e+00 8.278301113786384e-01
1.764483957196574e+00 8.287248510083951e-01
1.769699785273838e+00 8.296158670262648e-01
1.774921057848050e+00 8.305031705841937e-01
1.780147783448450e+00 8.313867728169146e-01
1.785379970622100e+00 8.322666848419282e-01
1.790617627933934e+00 8.331429177594860e-01
1.795860763966806e+00 8.340154826525707e-01
1.801109387321533e+00 8.348843905868795e-01
1.806363506616947e+00 8.357496526108052e-01
1.811623130489935e+00 8.366112797554193e-01
1.816888267595494e+00 8.374692830344523e-01
1.822158926606775e+00 8.383236734442785e-01
1.827435116215130e+00 8.391744619638963e-01
1.832716845130160e+00 8.400216595549126e-01
1.838004122079765e+00 8.408652771615237e-01
1.843296955810189e+00 8.417053257104985e-01
1.848595355086071e+00 8.425418161111624e-01
1.853899328690491e+00 8.433747592553784e-01
1.859208885425022e+00 8.442041660175315e-01
1.864524034109773e+00 8.450300472545114e-01
1.869844783583444e+00 8.458524138056949e-01
1.875171142703370e+00 8.466712764929307e-01
1.880503120345575e+00 8.474866461205213e-01
1.885840725404817e+00 8.482985334752076e-01
1.891183966794639e+00 8.491069493261514e-01
1.896532853447418e+00 8.499119044249204e-01
1.901887394314419e+00 8.507134095054707e-01
1.907247598365837e+00 8.515114752841313e-01
1.912613474590854e+00 8.523061124595883e-01
1.917985031997688e+00 8.530973317128687e-01
1.923362279613638e+00 8.538851437073238e-01
1.928745226485144e+00 8.546695590886153e-01
1.934133881677828e+00 8.554505884846977e-01
1.939528254276553e+00 8.562282425058043e-01
1.944928353385467e+00 8.570025317444310e-01
1.950334188128060e+00 8.577734667753210e-01
1.955745767647212e+00 8.585410581554496e-01
1.961163101105248e+00 8.593053164240094e-01
1.966586197683983e+00 8.600662521023956e-01
1.972015066584782e+00 8.608238756941895e-01
1.977449717028607e+00 8.615781976851455e-01
1.982890158256068e+00 8.623292285431754e-01
1.988336399527483e+00 8.630769787183343e-01
1.993788450122920e+00 8.638214586428055e-01
1.999246319342258e+00 8.645626787308862e-01
2.004710016505238e+00 8.653006493789746e-01
2.010179550951510e+00 8.660353809655528e-01
2.015654932040697e+00 8.667668838511760e-01
2.021136169152439e+00 8.674951683784562e-01
2.026623271686452e+00 8.682202448720493e-01
2.032116249062578e+00 8.689421236386408e-01
2.037615110720843e+00 8.696608149669329e-01
2.043119866121506e+00 8.703763291276303e-01
2.048630524745120e+00 8.710886763734265e-01
2.054147096092578e+00 8.717978669389914e-01
2.059669589685176e+00 8.725039110409574e-01
2.065198015064662e+00 8.732068188779056e-01
2.070732381793293e+00 8.739066006303549e-01
2.076272699453890e+00 8.746032664607462e-01
2.081818977649894e+00 8.752968265134320e-01
2.087371226005420e+00 8.759872909146624e-01
2.092929454165314e+00 8.766746697725727e-01
2.098493671795207e+00 8.773589731771712e-01
2.104063888581575e+00 8.780402112003265e-01
2.109640114231790e+00 8.787183938957550e-01
2.115222358474180e+00 8.793935312990098e-01
2.120810631058085e+00 8.800656334274668e-01
2.126404941753912e+00 8.807347102803147e-01
2.132005300353194e+00 8.814007718385417e-01
2.137611716668646e+00 8.820638280649242e-01
2.143224200534223e+00 8.827238889040154e-01
2.148842761805176e+00 8.833809642821338e-01
2.154467410358114e+00 8.840350641073504e-01
2.160098156091054e+00 8.846861982694803e-01
2.165735008923489e+00 8.853343766400683e-01
2.171377978796436e+00 8.859796090723799e-01
2.177027075672501e+00 8.866219054013891e-01
2.182682309535940e+00 8.872612754437685e-01
2.188343690392708e+00 8.878977289978780e-01
2.194011228270528e+00 8.885312758437542e-01
2.199684933218943e+00 8.891619257430996e-01
2.205364815309382e+00 8.897896884392724e-01
2.211050884635214e+00 8.904145736572771e-01
2.216743151311809e+00 8.910365911037521e-01
2.222441625476601e+00 8.916557504669620e-01
2.228146317289145e+00 8.922720614167854e-01
2.233857236931180e+00 8.928855336047072e-01
2.239574394606684e+00 8.934961766638068e-01
2.245297800541943e+00 8.941040002087501e-01
2.251027464985606e+00 8.947090138357789e-01
2.256763398208747e+00 8.953112271227019e-01
2.262505610504930e+00 8.959106496288851e-01
2.268254112190266e+00 8.965072908952427e-01
2.274008913603475e+00 8.971011604442287e-01
2.279770025105954e+00 8.976922677798265e-01
2.285537457081831e+00 8.982806223875415e-01
2.291311219938032e+00 8.988662337343909e-01
2.297091324104345e+00 8.994491112688967e-01
2.302877780033477e+00 9.000292644210759e-01
2.308670598201125e+00 9.006067026024323e-01
2.314469789106031e+00 9.011814352059486e-01
2.320275363270050e+00 9.017534716060780e-01
2.326087331238215e+00 9.023228211587364e-01
2.331905703578797e+00 9.028894932012934e-01
2.337730490883370e+00 9.034534970525658e-01
2.343561703766878e+00 9.040148420128098e-01
2.349399352867697e+00 9.045735373637116e-01
2.355243448847700e+00 9.051295923683822e-01
2.361094002392322e+00 9.056830162713490e-01
2.366951024210624e+00 9.062338182985479e-01
2.372814525035364e+00 9.067820076573174e-01
2.378684515623052e+00 9.073275935363907e-01
2.384561006754027e+00 9.078705851058892e-01
2.390444009232515e+00 9.084109915173155e-01
2.396333533886700e+00 9.089488219035466e-01
2.402229591568787e+00 9.094840853788277e-01
2.408132193155073e+00 9.100167910387655e-01
2.414041349546007e+00 9.105469479603219e-01
2.419957071666264e+00 9.110745652018077e-01
2.425879370464810e+00 9.115996518028766e-01
2.431808256914967e+00 9.121222167845193e-01
2.437743742014484e+00 9.126422691490577e-01
2.443685836785604e+00 9.131598178801383e-01
2.449634552275132e+00 9.136748719427283e-01
2.455589899554504e+00 9.141874402831083e-01
2.461551889719853e+00 9.146975318288675e-01
2.467520533892084e+00 9.152051554888994e-01
2.473495843216936e+00 9.157103201533947e-01
2.479477828865055e+00 9.162130346938384e-01
2.485466502032067e+00 9.167133079630034e-01
2.491461873938638e+00 9.172111487949459e-01
2.497463955830555e+00 9.177065660050014e-01
2.503472758978790e+00 9.181995683897792e-01
2.509488294679572e+00 9.186901647271593e-01
2.515510574254458e+00 9.191783637762858e-01
2.521539609050405e+00 9.196641742775655e-01
2.527575410439836e+00 9.201476049526616e-01
2.533617989820722e+00 9.206286645044910e-01
2.539667358616642e+00 9.211073616172194e-01
2.545723528276863e+00 9.215837049562587e-01
2.551786510276410e+00 9.220577031682626e-01
2.557856316116137e+00 9.225293648811235e-01
2.563932957322800e+00 9.229986987039689e-01
2.570016445449132e+00 9.234657132271580e-01
2.576106792073916e+00 9.239304170222791e-01
2.582204008802056e+00 9.243928186421464e-01
2.588308107264651e+00 9.248529266207963e-01
2.594419099119074e+00 9.253107494734862e-01
2.600536996049037e+00 9.257662956966906e-01
2.606661809764677e+00 9.262195737680987e-01
2.612793552002620e+00 9.266705921466127e-01
2.618932234526060e+00 9.271193592723448e-01
2.625077869124839e+00 9.275658835666152e-01
2.631230467615515e+00 9.280101734319504e-01
2.637390041841440e+00 9.284522372520809e-01
2.643556603672840e+00 9.288920833919394e-01
2.649730165006887e+00 9.293297201976594e-01
2.655910737767776e+00 9.297651559965736e-01
2.662098333906801e+00 9.301983990972122e-01
2.668292965402437e+00 9.306294577893017e-01
2.674494644260412e+00 9.310583403437636e-01
2.680703382513786e+00 9.314850550127141e-01
2.686919192223030e+00 9.319096100294617e-01
2.693142085476101e+00 9.323320136085078e-01
2.699372074388525e+00 9.327522739455449e-01
2.705609171103474e+00 9.331703992174574e-01
2.711853387791843e+00 9.335863975823191e-01
2.718104736652328e+00 9.340002771793947e-01
2.724363229911511e+00 9.344120461291390e-01
2.730628879823934e+00 9.348217125331961e-01
2.736901698672184e+00 9.352292844744010e-01
2.743181698766969e+00 9.356347700167778e-01
2.749468892447201e+00 9.360381772055417e-01
2.755763292080074e+00 9.364395140670982e-01
2.762064910061151e+00 9.368387886090443e-01
2.768373758814437e+00 9.372360088201692e-01
2.774689850792470e+00 9.376311826704544e-01
2.781013198476393e+00 9.380243181110750e-01
2.787343814376044e+00 9.384154230744011e-01
2.793681711030037e+00 9.388045054739982e-01
2.800026901005841e+00 9.391915732046292e-01
2.806379396899867e+00 9.395766341422549e-01
2.812739211337550e+00 9.399596961440364e-01
2.819106356973431e+00 9.403407670483364e-01
2.825480846491246e+00 9.407198546747204e-01
2.831862692604004e+00 9.410969668239599e-01
2.838251908054074e+00 9.414721112780331e-01
2.844648505613272e+00 9.418452958001271e-01
2.851052498082942e+00 9.422165281346413e-01
2.857463898294047e+00 9.425858160071889e-01
2.863882719107249e+00 9.429531671245992e-01
2.870308973412995e+00 9.433185891749210e-01
2.876742674131611e+00 9.436820898274245e-01
2.883183834213378e+00 9.440436767326048e-01
2.889632466638628e+00 9.444033575221848e-01
2.896088584417825e+00 9.447611398091178e-01
2.902552200591654e+00 9.451170311875916e-01
2.909023328231113e+00 9.454710392330312e-01
2.915501980437595e+00 9.458231715021024e-01
2.921988170342979e+00 9.461734355327158e-01
2.928481911109720e+00 9.465218388440297e-01
2.934983215930935e+00 9.468683889364553e-01
2.941492098030497e+00 9.472130932916591e-01
2.948008570663120e+00 9.475559593725686e-01
2.954532647114450e+00 9.478969946233753e-01
2.961064340701159e+00 9.482362064695393e-01
2.967603664771029e+00 9.485736023177944e-01
2.974150632703050e+00 9.489091895561523e-01
2.980705257907508e+00 9.492429755539074e-01
2.987267553826071e+00 9.495749676616410e-01
2.993837533931892e+00 9.499051732112274e-01
3.000415211729695e+00 9.502335995158386e-01
3.007000600755865e+00 9.505602538699494e-01
3.013593714578548e+00 9.508851435493424e-01
3.020194566797735e+00 9.512082758111140e-01
3.026803171045366e+00 9.515296578936800e-01
3.033419540985415e+00 9.518492970167813e-01
3.040043690313988e+00 9.521672003814892e-01
3.046675632759418e+00 9.524833751702124e-01
3.053315382082360e+00 9.527978285467020e-01
3.059962952075880e+00 9.531105676560587e-01
3.066618356565564e+00 9.534215996247382e-01
3.073281609409599e+00 9.537309315605589e-01
3.079952724498877e+00 9.540385705527068e-01
3.086631715757093e+00 9.543445236717443e-01
3.093318597140834e+00 9.546487979696148e-01
3.100013382639686e+00 9.549514004796520e-01
3.106716086276326e+00 9.552523382165850e-01
3.113426722106618e+00 9.555516181765462e-01
3.120145304219717e+00 9.558492473370797e-01
3.126871846738163e+00 9.561452326571471e-01
3.133606363817983e+00 9.564395810771360e-01
3.140348869648787e+00 9.567322995188676e-01
3.147099378453870e+00 9.570233948856046e-01
3.153857904490314e+00 9.573128740620589e-01
3.160624462049082e+00 9.576007439143999e-01
3.167399065455127e+00 9.578870112902627e-01
3.174181729067484e+00 9.581716830187565e-01
3.180972467279380e+00 9.584547659104730e-01
3.187771294518329e+00 9.587362667574943e-01
3.194578225246241e+00 9.590161923334035e-01
3.201393273959517e+00 9.592945493932912e-01
3.208216455189157e+00 9.595713446737657e-01
3.215047783500862e+00 9.598465848929625e-01
3.221887273495138e+00 9.601202767505526e-01
3.228734939807400e+00 9.603924269277517e-01
3.235590797108072e+00 9.606630420873312e-01
3.242454860102701e+00 9.609321288736254e-01
3.249327143532055e+00 9.611996939125436e-01
3.256207662172228e+00 9.614657438115779e-01
3.263096430834752e+00 9.617302851598146e-01
3.269993464366697e+00 9.619933245279435e-01
3.276898777650780e+00 9.622548684682684e-01
3.283812385605476e+00 9.625149235147170e-01
3.290734303185118e+00 9.627734961828520e-01
3.297664545380008e+00 9.630305929698815e-01
3.304603127216528e+00 9.632862203546686e-01
3.311550063757247e+00 9.635403847977437e-01
3.318505370101027e+00 9.637930927413152e-01
3.325469061383136e+00 9.640443506092791e-01
3.332441152775355e+00 9.642941648072321e-01
3.339421659486093e+00 9.645425417224818e-01
3.346410596760491e+00 9.647894877240579e-01
3.353407979880538e+00 9.650350091627251e-01
3.360413824165181e+00 9.652791123709927e-01
3.367428144970433e+00 9.655218036631281e-01
3.374450957689494e+00 9.657630893351685e-01
3.381482277752853e+00 9.660029756649318e-01
3.388522120628411e+00 9.662414689120298e-01
3.395570501821587e+00 9.664785753178804e-01
3.402627436875432e+00 9.667143011057191e-01
3.409692941370753e+00 9.669486524806128e-01
3.416767030926213e+00 9.671816356294713e-01
3.423849721198459e+00 9.674132567210612e-01
3.430941027882228e+00 9.676435219060173e-01
3.438040966710469e+00 9.678724373168568e-01
3.445149553454456e+00 9.681000090679921e-01
3.452266803923909e+00 9.683262432557440e-01
3.459392733967105e+00 9.685511459583547e-01
3.466527359471000e+00 9.687747232360018e-01
3.473670696361347e+00 9.689969811308115e-01
3.480822760602812e+00 9.692179256668729e-01
3.487983568199096e+00 9.694375628502512e-01
3.495153135193051e+00 9.696558986690016e-01
3.502331477666803e+00 9.698729390931844e-01
3.509518611741870e+00 9.700886900748780e-01
3.516714553579283e+00 9.703031575481933e-01
3.523919319379711e+00 9.705163474292895e-01
3.531132925383574e+00 9.707282656163869e-01
3.538355387871174e+00 9.709389179897827e-01
3.545586723162813e+00 9.711483104118654e-01
3.552826947618916e+00 9.713564487271296e-01
3.560076077640157e+00 9.715633387621914e-01
3.567334129667576e+00 9.717689863258032e-01
3.574601120182715e+00 9.719733972088691e-01
3.581877065707730e+00 9.721765771844606e-01
3.589161982805527e+00 9.723785320078311e-01
3.596455888079877e+00 9.725792674164329e-01
3.603758798175555e+00 9.727787891299320e-01
3.611070729778453e+00 9.729771028502239e-01
3.618391699615719e+00 9.731742142614506e-01
3.625721724455876e+00 9.733701290300152e-01
3.633060821108953e+00 9.735648528045993e-01
3.640409006426617e+00 9.737583912161789e-01
3.647766297302294e+00 9.739507498780406e-01
3.655132710671309e+00 9.741419343857987e-01
3.662508263511003e+00 9.743319503174110e-01
3.669892972840878e+00 9.745208032331969e-01
3.677286855722715e+00 9.747084986758530e-01
3.684689929260714e+00 9.748950421704712e-01
3.692102210601621e+00 9.750804392245545e-01
3.699523716934863e+00 9.752646953280359e-01
3.706954465492678e+00 9.754478159532947e-01
3.714394473550255e+00 9.756298065551738e-01
3.721843758425857e+00 9.758106725709981e-01
3.729302337480969e+00 9.759904194205917e-01
3.736770228120419e+00 9.761690525062960e-01
3.744247447792522e+00 9.763465772129876e-01
3.751734013989215e+00 9.765229989080952e-01
3.759229944246194e+00 9.766983229416204e-01
3.766735256143041e+00 9.768725546461530e-01
3.774249967303380e+00 9.770456993368917e-01
3.781774095394997e+00 9.772177623116614e-01
3.789307658129988e+00 9.773887488509314e-01
3.796850673264900e+00 9.775586642178362e-01
3.804403158600858e+00 9.777275136581918e-01
3.811965131983721e+00 9.778953024005164e-01
3.819536611304212e+00 9.780620356560485e-01
3.827117614498062e+00 9.782277186187671e-01
3.834708159546153e+00 9.783923564654096e-01
3.842308264474656e+00 9.785559543554927e-01
3.849917947355180e+00 9.787185174313306e-01
3.857537226304911e+00 9.788800508180557e-01
3.865166119486754e+00 9.790405596236373e-01
3.872804645109484e+00 9.792000489389026e-01
3.880452821427884e+00 9.793585238375553e-01
3.888110666742893e+00 9.795159893761971e-01
3.895778199401755e+00 9.796724505943470e-01
3.903455437798160e+00 9.798279125144616e-01
3.911142400372394e+00 9.799823801419556e-01
3.918839105611488e+00 9.801358584652224e-01
3.926545572049362e+00 9.802883524556552e-01
3.934261818266981e+00 9.804398670676664e-01
3.941987862892495e+00 9.805904072387095e-01
3.949723724601395e+00 9.807399778893000e-01
3.957469422116665e+00 9.808885839230359e-01
3.965224974208926e+00 9.810362302266193e-01
3.972990399696594e+00 9.811829216698775e-01
3.980765717446030e+00 9.813286631057843e-01
3.988550946371690e+00 9.814734593704812e-01
3.996346105436289e+00 9.816173152832999e-01
4.004151213650936e+00 9.817602356467832e-01
4.011966290075310e+00 9.819022252467065e-01
4.019791353817798e+00 9.820432888521009e-01
4.027626424035659e+00 9.821834312152737e-01
4.035471519935180e+00 9.823226570718322e-01
4.043326660771835e+00 9.824609711407040e-01
4.051191865850431e+00 9.825983781241610e-01
4.059067154525282e+00 9.827348827078404e-01
4.066952546200357e+00 9.828704895607685e-01
4.074848060329444e+00 9.830052033353827e-01
4.082753716416309e+00 9.831390286675539e-01
4.090669534014851e+00 9.832719701766099e-01
4.098595532729277e+00 9.834040324653581e-01
4.106531732214249e+00 9.835352201201086e-01
4.114478152175055e+00 9.836655377106973e-01
4.122434812367770e+00 9.837949897905087e-01
4.130401732599417e+00 9.839235808965003e-01
4.138378932728137e+00 9.840513155492248e-01
4.146366432663351e+00 9.841781982528548e-01
4.154364252365922e+00 9.843042334952050e-01
4.162372411848329e+00 9.844294257477579e-01
4.170390931174826e+00 9.845537794656856e-01
4.178419830461618e+00 9.846772990878752e-01
4.186459129877019e+00 9.847999890369521e-01
4.194508849641630e+00 9.849218537193045e-01
4.202569010028503e+00 9.850428975251071e-01
4.210639631363316e+00 9.851631248283463e-01
4.218720734024536e+00 9.852825399868439e-01
4.226812338443602e+00 9.854011473422817e-01
4.234914465105085e+00 9.855189512202265e-01
4.243027134546869e+00 9.856359559301544e-01
4.251150367360323e+00 9.857521657654760e-01
4.259284184190470e+00 9.858675850035612e-01
4.267428605736174e+00 9.859822179057638e-01
4.275583652750298e+00 9.860960687174469e-01
4.283749346039898e+00 9.862091416680088e-01
4.291925706466389e+00 9.863214409709069e-01
4.300112754945725e+00 9.864329708236841e-01
4.308310512448579e+00 9.865437354079940e-01
4.316519000000520e+00 9.866537388896262e-01
4.324738238682194e+00 9.867629854185322e-01
4.332968249629507e+00 9.868714791288520e-01
4.341209054033802e+00 9.869792241389379e-01
4.349460673142037e+00 9.870862245513827e-01
4.357723128256981e+00 9.871924844530440e-01
4.365996440737384e+00 9.872980079150715e-01
4.374280631998169e+00 9.874027989929322e-01
4.382575723510615e+00 9.875068617264380e-01
4.390881736802535e+00 9.876102001397709e-01
4.399198693458477e+00 9.877128182415098e-01
4.407526615119898e+00 9.878147200246574e-01
4.415865523485357e+00 9.879159094666670e-01
4.424215440310706e+00 9.880163905294681e-01
4.432576387409272e+00 9.881161671594951e-01
4.440948386652052e+00 9.882152432877125e-01
4.449331459967905e+00 9.883136228296425e-01
4.457725629343739e+00 9.884113096853930e-01
4.466130916824707e+00 9.885083077396835e-01
4.474547344514396e+00 9.886046208618726e-01
4.482974934575027e+00 9.887002529059863e-01
4.491413709227643e+00 9.887952077107443e-01
4.499863690752308e+00 9.888894890995885e-01
4.508324901488302e+00 9.889831008807097e-01
4.516797363834315e+00 9.890760468470763e-01
4.525281100248654e+00 9.891683307764609e-01
4.533776133249431e+00 9.892599564314692e-01
4.542282485414765e+00 9.893509275595678e-01
4.550800179382986e+00 9.894412478931112e-01
4.559329237852834e+00 9.895309211493717e-01
4.567869683583654e+00 9.896199510305661e-01
4.576421539395613e+00 9.897083412238843e-01
4.584984828169886e+00 9.897960954015186e-01
4.593559572848874e+00 9.898832172206904e-01
4.602145796436402e+00 9.899697103236809e-01
4.610743521997924e+00 9.900555783378577e-01
4.619352772660736e+00 9.901408248757044e-01
4.627973571614176e+00 9.902254535348496e-01
4.636605942109834e+00 9.903094678980953e-01
4.645249907461767e+00 9.903928715334458e-01
4.653905491046699e+00 9.904756679941371e-01
4.662572716304241e+00 9.905578608186651e-01
4.671251606737095e+00 9.906394535308163e-01
4.679942185911273e+00 9.907204496396953e-01
4.688644477456306e+00 9.908008526397554e-01
4.697358505065458e+00 9.908806660108267e-01
4.706084292495946e+00 9.909598932181471e-01
4.714821863569149e+00 9.910385377123907e-01
4.723571242170829e+00 9.911166029296978e-01
4.732332452251348e+00 9.911940922917044e-01
4.741105517825888e+00 9.912710092055721e-01
4.749890462974664e+00 9.913473570640177e-01
4.758687311843155e+00 9.914231392453436e-01
4.767496088642314e+00 9.914983591134674e-01
4.776316817648800e+00 9.915730200179513e-01
4.785149523205193e+00 9.916471252940338e-01
4.793994229720221e+00 9.917206782626582e-01
4.802850961668989e+00 9.917936822305038e-01
4.811719743593198e+00 9.918661404900164e-01
4.820600600101374e+00 9.919380563194375e-01
4.829493555869098e+00 9.920094329828359e-01
4.838398635639232e+00 9.920802737301384e-01
4.847315864222148e+00 9.921505817971588e-01
4.856245266495964e+00 9.922203604056301e-01
4.865186867406766e+00 9.922896127632348e-01
4.874140691968846e+00 9.923583420636355e-01
4.883106765264938e+00 9.924265514865058e-01
4.892085112446445e+00 9.924942441975613e-01
4.901075758733682e+00 9.925614233485902e-01
4.910078729416101e+00 9.926280920774857e-01
4.919094049852544e+00 9.926942535082748e-01
4.928121745471467e+00 9.927599107511516e-01
4.937161841771183e+00 9.928250669025074e-01
4.946214364320110e+00 9.928897250449624e-01
4.955279338757000e+00 9.929538882473972e-01
4.964356790791187e+00 9.930175595649833e-01
4.973446746202833e+00 9.930807420392163e-01
4.982549230843163e+00 9.931434386979452e-01
4.991664270634723e+00 9.932056525554065e-01
5.000791891571612e+00 9.932673866122534e-01
5.009932119719738e+00 9.933286438555895e-01
5.019084981217070e+00 9.933894272589994e-01
5.028250502273870e+00 9.934497397825810e-01
5.037428709172965e+00 9.935095843729773e-01
5.046619628269981e+00 9.935689639634084e-01
5.055823285993603e+00 9.936278814737034e-01
5.065039708845829e+00 9.936863398103324e-01
5.074268923402224e+00 9.937443418664391e-01
5.083510956312167e+00 9.938018905218724e-01
5.092765834299123e+00 9.938589886432188e-01
5.102033584160886e+00 9.939156390838344e-01
5.111314232769849e+00 9.939718446838783e-01
5.120607807073253e+00 9.940276082703439e-01
5.129914334093455e+00 9.940829326570912e-01
5.139233840928190e+00 9.941378206448803e-01
5.148566354750831e+00 9.941922750214036e-01
5.157911902810656e+00 9.942462985613176e-01
5.167270512433108e+00 9.942998940262764e-01
5.176642211020066e+00 9.943530641649641e-01
5.186027026050112e+00 9.944058117131276e-01
5.195424985078802e+00 9.944581393936094e-01
5.204836115738924e+00 9.945100499163806e-01
5.214260445740789e+00 9.945615459785728e-01
5.223698002872478e+00 9.946126302645129e-01
5.233148815000138e+00 9.946633054457537e-01
5.242612910068248e+00 9.947135741811095e-01
5.252090316099883e+00 9.947634391166871e-01
5.261581061197010e+00 9.948129028859198e-01
5.271085173540753e+00 9.948619681096005e-01
5.280602681391673e+00 9.949106373959149e-01
5.290133613090059e+00 9.949589133404748e-01
5.299677997056189e+00 9.950067985263507e-01
5.309235861790634e+00 9.950542955241064e-01
5.318807235874527e+00 9.951014068918314e-01
5.328392147969852e+00 9.951481351751743e-01
5.337990626819738e+00 9.951944829073771e-01
5.347602701248730e+00 9.952404526093075e-01
5.357228400163092e+00 9.952860467894935e-01
5.366867752551093e+00 9.953312679441564e-01
5.376520787483292e+00 9.953761185572447e-01
5.386187534112838e+00 9.954206011004672e-01
5.395868021675760e+00 9.954647180333269e-01
5.405562279491258e+00 9.955084718031559e-01
5.415270336962013e+00 9.955518648451471e-01
5.424992223574463e+00 9.955948995823893e-01
5.434727968899118e+00 9.956375784259011e-01
5.444477602590856e+00 9.956799037746640e-01
5.454241154389220e+00 9.957218780156567e-01
5.464018654118724e+00 9.957635035238894e-01
5.473810131689159e+00 9.958047826624370e-01
5.483615617095886e+00 9.958457177824738e-01
5.493435140420162e+00 9.958863112233067e-01
5.503268731829429e+00 9.959265653124105e-01
5.513116421577635e+00 9.959664823654606e-01
5.522978240005537e+00 9.960060646863682e-01
5.532854217541017e+00 9.960453145673134e-01
5.542744384699391e+00 9.960842342887808e-01
5.552648772083733e+00 9.961228261195922e-01
5.562567410385171e+00 9.961610923169419e-01
5.572500330383230e+00 9.961990351264303e-01
5.582447562946126e+00 9.962366567820986e-01
5.592409139031103e+00 9.962739595064629e-01
5.602385089684747e+00 9.963109455105486e-01
5.612375446043304e+00 9.963476169939247e-01
5.622380239333014e+00 9.963839761447384e-01
5.632399500870434e+00 9.964200251397490e-01
5.642433262062754e+00 9.964557661443629e-01
5.652481554408142e+00 9.964912013126681e-01
5.662544409496060e+00 9.965263327874678e-01
5.672621859007599e+00 9.965611627003157e-01
5.682713934715818e+00 9.965956931715505e-01
5.692820668486066e+00 9.966299263103302e-01
5.702942092276331e+00 9.966638642146664e-01
5.713078238137562e+00 9.966975089714594e-01
5.723229138214021e+00 9.967308626565328e-01
5.733394824743615e+00 9.967639273346673e-01
5.743575330058237e+00 9.967967050596365e-01
5.753770686584113e+00 9.968291978742405e-01
5.763980926842144e+00 9.968614078103415e-01
5.774206083448248e+00 9.968933368888973e-01
5.784446189113720e+00 9.969249871199974e-01
5.794701276645565e+00 9.969563605028968e-01
5.804971378946855e+00 9.969874590260506e-01
5.815256529017086e+00 9.970182846671494e-01
5.825556759952521e+00 9.970488393931536e-01
5.835872104946557e+00 9.970791251603284e-01
5.846202597290070e+00 9.971091439142781e-01
5.856548270371778e+00 9.971388975899813e-01
5.866909157678609e+00 9.971683881118263e-01
5.877285292796046e+00 9.971976173936443e-01
5.887676709408500e+00 9.972265873387456e-01
5.898083441299677e+00 9.972552998399538e-01
5.908505522352933e+00 9.972837567796409e-01
5.918942986551657e+00 9.973119600297622e-01
5.929395867979625e+00 9.973399114518906e-01
5.939864200821382e+00 9.973676128972517e-01
5.950348019362609e+00 9.973950662067597e-01
5.960847357990500e+00 9.974222732110503e-01
5.971362251194135e+00 9.974492357305169e-01
5.981892733564863e+00 9.974759555753456e-01
5.992438839796674e+00 9.975024345455492e-01
6.003000604686588e+00 9.975286744310028e-01
6.013578063135030e+00 9.975546770114783e-01
6.024171250146221e+00 9.975804440566791e-01
6.034780200828562e+00 9.976059773262760e-01
6.045404950395014e+00 9.976312785699408e-01
6.056045534163503e+00 9.976563495273820e-01
6.066701987557300e+00 9.976811919283790e-01
6.077374346105413e+00 9.977058074928182e-01
6.088062645442998e+00 9.977301979307263e-01
6.098766921311727e+00 9.977543649423064e-01
6.109487209560215e+00 9.977783102179725e-01
6.120223546144405e+00 9.978020354383841e-01
6.130975967127973e+00 9.978255422744815e-01
6.141744508682729e+00 9.978488323875201e-01
6.152529207089031e+00 9.978719074291063e-01
6.163330098736181e+00 9.978947690412308e-01
6.174147220122848e+00 9.979174188563047e-01
6.184980607857466e+00 9.979398584971946e-01
6.195830298658651e+00 9.979620895772556e-01
6.206696329355621e+00 9.979841137003682e-01
6.217578736888606e+00 9.980059324609718e-01
6.228477558309274e+00 9.980275474441003e-01
6.239392830781144e+00 9.980489602254159e-01
6.250324591580010e+00 9.980701723712455e-01
6.261272878094370e+00 9.980911854386136e-01
6.272237727825845e+00 9.981120009752782e-01
6.283219178389618e+00 9.981326205197658e-01
6.294217267514851e+00 9.981530456014049e-01
6.305232033045124e+00 9.981732777403622e-01
6.316263512938875e+00 9.981933184476759e-01
6.327311745269821e+00 9.982131692252918e-01
6.338376768227410e+00 9.982328315660967e-01
6.349458620117255e+00 9.982523069539539e-01
6.360557339361573e+00 9.982715968637377e-01
6.371672964499637e+00 9.982907027613679e-01
6.382805534188218e+00 9.983096261038440e-01
6.393955087202028e+00 9.983283683392812e-01
6.405121662434181e+00 9.983469309069430e-01
6.416305298896633e+00 9.983653152372776e-01
6.427506035720650e+00 9.983835227519511e-01
6.438723912157252e+00 9.984015548638829e-01
6.449958967577677e+00 9.984194129772801e-01
6.461211241473841e+00 9.984370984876711e-01
6.472480773458804e+00 9.984546127819414e-01
6.483767603267227e+00 9.984719572383667e-01
6.495071770755849e+00 9.984891332266486e-01
6.506393315903945e+00 9.985061421079477e-01
6.517732278813807e+00 9.985229852349198e-01
6.529088699711214e+00 9.985396639517479e-01
6.540462618945904e+00 9.985561795941780e-01
6.551854076992060e+00 9.985725334895537e-01
6.563263114448779e+00 9.985887269568490e-01
6.574689772040568e+00 9.986047613067042e-01
6.586134090617816e+00 9.986206378414588e-01
6.597596111157286e+00 9.986363578551865e-01
6.609075874762607e+00 9.986519226337287e-01
6.620573422664761e+00 9.986673334547296e-01
6.632088796222575e+00 9.986825915876691e-01
6.643622036923228e+00 9.986976982938982e-01
6.655173186382731e+00 9.987126548266714e-01
6.666742286346445e+00 9.987274624311822e-01
6.678329378689575e+00 9.987421223445965e-01
6.689934505417673e+00 9.987566357960862e-01
6.701557708667155e+00 9.987710040068640e-01
6.713199030705804e+00 9.987852281902161e-01
6.724858513933277e+00 9.987993095515373e-01
6.736536200881639e+00 9.988132492883637e-01
6.748232134215856e+00 9.988270485904072e-01
6.759946356734335e+00 9.988407086395890e-01
6.771678911369430e+00 9.988542306100732e-01
6.783429841187977e+00 9.988676156683005e-01
6.795199189391822e+00 9.988808649730225e-01
6.806986999318339e+00 9.988939796753338e-01
6.818793314440973e+00 9.989069609187073e-01
6.830618178369771e+00 9.989198098390264e-01
6.842461634851914e+00 9.989325275646188e-01
6.854323727772267e+00 9.989451152162909e-01
6.866204501153915e+00 9.989575739073593e-01
6.878103999158697e+00 9.989699047436862e-01
6.890022266087779e+00 9.989821088237112e-01
6.901959346382180e+00 9.989941872384853e-01
6.913915284623332e+00 9.990061410717042e-01
6.925890125533642e+00 9.990179713997407e-01
6.937883913977037e+00 9.990296792916791e-01
6.949896694959533e+00 9.990412658093473e-01
6.961928513629801e+00 9.990527320073499e-01
6.973979415279718e+00 9.990640789331018e-01
6.986049445344956e+00 9.990753076268610e-01
6.998138649405528e+00 9.990864191217612e-01
7.010247073186389e+00 9.990974144438447e-01
7.022374762557992e+00 9.991082946120957e-01
7.034521763536874e+00 9.991190606384723e-01
7.046688122286239e+00 9.991297135279402e-01
7.058873885116546e+00 9.991402542785048e-01
7.071079098486084e+00 9.991506838812438e-01
7.083303809001583e+00 9.991610033203397e-01
7.095548063418785e+00 9.991712135731130e-01
7.107811908643053e+00 9.991813156100542e-01
7.120095391729972e+00 9.991913103948558e-01
7.132398559885938e+00 9.992011988844458e-01
7.144721460468781e+00 9.992109820290187e-01
7.157064140988352e+00 9.992206607720695e-01
7.169426649107151e+00 9.992302360504237e-01
7.181809032640934e+00 9.992397087942717e-01
7.194211339559323e+00 9.992490799271991e-01
7.206633617986438e+00 9.992583503662207e-01
7.219075916201510e+00 9.992675210218100e-01
7.231538282639507e+00 9.992765927979335e-01
7.244020765891774e+00 9.992855665920817e-01
7.256523414706643e+00 9.992944432953001e-01
7.269046277990091e+00 9.993032237922228e-01
7.281589404806359e+00 9.993119089611027e-01
7.294152844378605e+00 9.993204996738436e-01
7.306736646089541e+00 9.993289967960324e-01
7.319340859482087e+00 9.993374011869698e-01
7.331965534260006e+00 9.993457136997022e-01
7.344610720288584e+00 9.993539351810534e-01
7.357276467595255e+00 9.993620664716556e-01
7.369962826370285e+00 9.993701084059807e-01
7.382669846967427e+00 9.993780618123722e-01
7.395397579904576e+00 9.993859275130752e-01
7.408146075864464e+00 9.993937063242688e-01
7.420915385695306e+00 9.994013990560966e-01
7.433705560411492e+00 9.994090065126975e-01
7.446516651194265e+00 9.994165294922368e-01
7.459348709392391e+00 9.994239687869377e-01
7.472201786522866e+00 9.994313251831113e-01
7.485075934271588e+00 9.994385994611876e-01
7.497971204494055e+00 9.994457923957467e-01
7.510887649216070e+00 9.994529047555485e-01
7.523825320634420e+00 9.994599373035640e-01
7.536784271117603e+00 9.994668907970057e-01
7.549764553206522e+00 9.994737659873578e-01
7.562766219615191e+00 9.994805636204069e-01
7.575789323231458e+00 9.994872844362717e-01
7.588833917117721e+00 9.994939291694340e-01
7.601900054511637e+00 9.995004985487685e-01
7.614987788826869e+00 9.995069932975726e-01
7.628097173653787e+00 9.995134141335973e-01
7.641228262760219e+00 9.995197617690759e-01
7.654381110092181e+00 9.995260369107548e-01
7.667555769774610e+00 9.995322402599238e-01
7.680752296112114e+00 9.995383725124443e-01
7.693970743589714e+00 9.995444343587800e-01
7.707211166873592e+00 9.995504264840269e-01
7.720473620811855e+00 9.995563495679418e-01
7.733758160435276e+00 9.995622042849728e-01
7.747064840958070e+00 9.995679913042872e-01
7.760393717778651e+00 9.995737112898031e-01
7.773744846480398e+00 9.995793649002163e-01
7.787118282832444e+00 9.995849527890308e-01
7.800514082790429e+00 9.995904756045881e-01
7.813932302497297e+00 9.995959339900955e-01
7.827372998284078e+00 9.996013285836551e-01
7.840836226670667e+00 9.996066600182931e-01
7.854322044366629e+00 9.996119289219882e-01
7.867830508271991e+00 9.996171359177013e-01
7.881361675478030e+00 9.996222816234026e-01
7.894915603268104e+00 9.996273666521012e-01
7.908492349118428e+00 9.996323916118737e-01
7.922091970698912e+00 9.996373571058919e-01
7.935714525873970e+00 9.996422637324518e-01
7.949360072703328e+00 9.996471120850019e-01
7.963028669442873e+00 9.996519027521709e-01
7.976720374545462e+00 9.996566363177957e-01
7.990435246661756e+00 9.996613133609507e-01
8.004173344641080e+00 9.996659344559740e-01
8.017934727532229e+00 9.996705001724966e-01
8.031719454584350e+00 9.996750110754700e-01
8.045527585247765e+00 9.996794677251930e-01
8.059359179174837e+00 9.996838706773405e-01
8.073214296220835e+00 9.996882204829909e-01
8.087092996444781e+00 9.996925176886522e-01
8.100995340110336e+00 9.996967628362918e-01
8.114921387686662e+00 9.997009564633614e-01
8.128871199849291e+00 9.997050991028262e-01
8.142844837481030e+00 9.997091912831906e-01
8.156842361672826e+00 9.997132335285261e-01
8.170863833724654e+00 9.997172263584981e-01
8.184909315146438e+00 9.997211702883928e-01
8.198978867658916e+00 9.997250658291441e-01
8.213072553194573e+00 9.997289134873599e-01
8.227190433898535e+00 9.997327137653493e-01
8.241332572129474e+00 9.997364671611495e-01
8.255499030460555e+00 9.997401741685510e-01
8.269689871680329e+00 9.997438352771255e-01
8.283905158793679e+00 9.997474509722508e-01
8.298144955022741e+00 9.997510217351386e-01
8.312409323807847e+00 9.997545480428591e-01
8.326698328808474e+00 9.997580303683686e-01
8.341012033904175e+00 9.997614691805339e-01
8.355350503195544e+00 9.997648649441595e-01
8.369713801005165e+00 9.997682181200125e-01
8.384101991878580e+00 9.997715291648495e-01
8.398515140585257e+00 9.997747985314405e-01
8.412953312119548e+00 9.997780266685961e-01
8.427416571701681e+00 9.997812140211924e-01
8.441904984778741e+00 9.997843610301955e-01
8.456418617025646e+00 9.997874681326888e-01
8.470957534346155e+00 9.997905357618957e-01
8.485521802873849e+00 9.997935643472069e-01
8.500111488973142e+00 9.997965543142044e-01
8.514726659240296e+00 9.997995060846863e-01
8.529367380504420e+00 9.998024200766920e-01
8.544033719828498e+00 9.998052967045270e-01
8.558725744510411e+00 9.998081363787878e-01
8.573443522083966e+00 9.998109395063859e-01
8.588187120319935e+00 9.998137064905721e-01
8.602956607227078e+00 9.998164377309622e-01
8.617752051053216e+00 9.998191336235600e-01
8.632573520286259e+00 9.998217945607824e-01
8.647421083655278e+00 9.998244209314826e-01
8.662294810131552e+00 9.998270131209754e-01
8.677194768929654e+00 9.998295715110601e-01
8.692121029508513e+00 9.998320964800449e-01
8.707073661572496e+00 9.998345884027706e-01
8.722052735072486e+00 9.998370476506337e-01
8.737058320206989e+00 9.998394745916115e-01
8.752090487423219e+00 9.998418695902838e-01
8.767149307418205e+00 9.998442330078574e-01
8.782234851139886e+00 9.998465652021893e-01
8.797347189788248e+00 9.998488665278098e-01
8.812486394816432e+00 9.998511373359453e-01
8.827652537931852e+00 9.998533779745427e-01
8.842845691097347e+00 9.998555887882898e-01
8.858065926532298e+00 9.998577701186411e-01
8.873313316713785e+00 9.998599223038387e-01
8.888587934377743e+00 9.998620456789351e-01
8.903889852520098e+00 9.998641405758169e-01
8.919219144397948e+00 9.998662073232258e-01
8.934575883530728e+00 9.998682462467827e-01
8.949960143701379e+00 9.998702576690082e-01
8.965371998957542e+00 9.998722419093462e-01
8.980811523612726e+00 9.998741992841853e-01
8.996278792247523e+00 9.998761301068810e-01
9.011773879710800e+00 9.998780346877782e-01
9.027296861120908e+00 9.998799133342320e-01
9.042847811866888e+00 9.998817663506303e-01
9.058426807609706e+00 9.998835940384148e-01
9.074033924283464e+00 9.998853966961032e-01
9.089669238096656e+00 9.998871746193103e-01
9.105332825533376e+00 9.998889281007699e-01
9.121024763354599e+00 9.998906574303548e-01
9.136745128599411e+00 9.998923628950998e-01
9.152493998586280e+00 9.998940447792208e-01
9.168271450914323e+00 9.998957033641378e-01
9.184077563464580e+00 9.998973389284942e-01
9.199912414401290e+00 9.998989517481789e-01
9.215776082173189e+00 9.999005420963456e-01
9.231668645514803e+00 9.999021102434349e-01
9.247590183447741e+00 9.999036564571937e-01
9.263540775282015e+00 9.999051810026964e-01
9.279520500617355e+00 9.999066841423647e-01
9.295529439344538e+00 9.999081661359883e-01
9.311567671646698e+00 9.999096272407446e-01
9.327635278000693e+00 9.999110677112191e-01
9.343732339178437e+00 9.999124877994250e-01
9.359858936248250e+00 9.999138877548239e-01
9.376015150576226e+00 9.999152678243448e-01
9.392201063827597e+00 9.999166282524037e-01
9.408416757968117e+00 9.999179692809235e-01
9.424662315265437e+00 9.999192911493537e-01
9.440937818290488e+00 9.999205940946896e-01
9.457243349918908e+00 9.999218783514914e-01
9.473578993332421e+00 9.999231441519039e-01
9.489944832020271e+00 9.999243917256746e-01
9.506340949780620e+00 9.999256213001744e-01
9.522767430722006e+00 9.999268331004145e-01
9.539224359264766e+00 9.999280273490672e-01
9.555711820142486e+00 9.999292042664831e-01
9.572229898403453e+00 9.999303640707109e-01
9.588778679412115e+00 9.999315069775148e-01
9.605358248850559e+00 9.999326332003937e-01
9.621968692719989e+00 9.999337429505999e-01
9.638610097342207e+00 9.999348364371565e-01
9.655282549361106e+00 9.999359138668762e-01
9.671986135744184e+00 9.999369754443785e-01
9.688720943784054e+00 9.999380213721092e-01
9.705487061099960e+00 9.999390518503568e-01
9.722284575639302e+00 9.999400670772711e-01
9.739113575679186e+00 9.999410672488809e-01
9.755974149827962e+00 9.999420525591112e-01
9.772866387026784e+00 9.999430231998006e-01
9.789790376551169e+00 9.999439793607197e-01
9.806746208012569e+00 9.999449212295872e-01
9.823733971359959e+00 9.999458489920880e-01
9.840753756881430e+00 9.999467628318903e-01
9.857805655205766e+00 9.999476629306618e-01
9.874889757304089e+00 9.999485494680875e-01
9.892006154491444e+00 9.999494226218864e-01
9.909154938428443e+00 9.999502825678279e-01
9.926336201122901e+00 9.999511294797487e-01
9.943550034931468e+00 9.999519635295699e-01
9.960796532561305e+00 9.999527848873124e-01
9.978075787071734e+00 9.999535937211141e-01
9.995387891875904e+00 9.999543901972461e-01
1.001273294074250e+01 9.999551744801287e-01
1.003011102779742e+01 9.999559467323473e-01
1.004752224752546e+01 9.999567071146693e-01
1.006496669477206e+01 9.999574557860589e-01
1.008244446474502e+01 9.999581929036936e-01
1.009995565301621e+01 9.999589186229800e-01
1.011750035552332e+01 9.999596330975691e-01
1.013507866857164e+01 9.999603364793723e-01
1.015269068883577e+01 9.999610289185761e-01
1.017033651336144e+01 9.999617105636587e-01
1.018801623956728e+01 9.999623815614036e-01
1.020572996524660e+01 9.999630420569168e-01
1.022347778856918e+01 9.999636921936399e-01
1.024125980808314e+01 9.999643321133667e-01
1.025907612271669e+01 9.999649619562574e-01
1.027692683178005e+01 9.999655818608533e-01
1.029481203496720e+01 9.999661919640916e-01
1.031273183235780e+01 9.999667924013211e-01
1.033068632441905e+01 9.999673833063145e-01
1.034867561200756e+01 9.999679648112856e-01
1.036669979637121e+01 9.999685370469011e-01
1.038475897915110e+01 9.999691001422970e-01
1.040285326238343e+01 9.999696542250913e-01
1.042098274850143e+01 9.999701994213990e-01
1.043914754033728e+01 9.999707358558458e-01
1.045734774112408e+01 9.999712636515818e-01
1.047558345449777e+01 9.999717829302961e-01
1.049385478449916e+01 9.999722938122295e-01
1.051216183557581e+01 9.999727964161889e-01
1.053050471258412e+01 9.999732908595604e-01
1.054888352079127e+01 9.999737772583239e-01
1.056729836587726e+01 9.999742557270648e-01
1.058574935393692e+01 9.999747263789887e-01
1.060423659148197e+01 9.999751893259334e-01
1.062276018544303e+01 9.999756446783836e-01
1.064132024317173e+01 9.999760925454828e-01
1.065991687244275e+01 9.999765330350461e-01
1.067855018145593e+01 9.999769662535738e-01
1.069722027883833e+01 9.999773923062643e-01
1.071592727364639e+01 9.999778112970259e-01
1.073467127536802e+01 9.999782233284900e-01
1.075345239392473e+01 9.999786285020236e-01
1.077227073967383e+01 9.999790269177418e-01
1.079112642341053e+01 9.999794186745199e-01
1.081001955637014e+01 9.999798038700061e-01
1.082895025023027e+01 9.999801826006329e-01
1.084791861711300e+01 9.999805549616303e-01
1.086692476958713e+01 9.999809210470367e-01
1.088596882067039e+01 9.999812809497117e-01
1.090505088383166e+01 9.999816347613479e-01
1.092417107299324e+01 9.999819825724814e-01
1.094332950253315e+01 9.999823244725057e-01
1.096252628728736e+01 9.999826605496811e-01
1.098176154255209e+01 9.999829908911475e-01
1.100103538408617e+01 9.999833155829358e-01
1.102034792811327e+01 9.999836347099786e-01
1.103969929132436e+01 9.999839483561219e-01
1.105908959087994e+01 9.999842566041364e-01
1.107851894441246e+01 9.999845595357284e-01
1.109798747002872e+01 9.999848572315504e-01
1.111749528631222e+01 9.999851497712131e-01
1.113704251232558e+01 9.999854372332955e-01
1.115662926761299e+01 9.999857196953552e-01
1.117625567220259e+01 9.999859972339407e-01
1.119592184660899e+01 9.999862699246005e-01
1.121562791183570e+01 9.999865378418942e-01
1.123537398937758e+01 9.999868010594029e-01
1.125516020122341e+01 9.999870596497396e-01
1.127498666985834e+01 9.999873136845601e-01
1.129485351826646e+01 9.999875632345716e-01
1.131476086993332e+01 9.999878083695450e-01
1.133470884884847e+01 9.999880491583231e-01
1.135469757950809e+01 9.999882856688314e-01
1.137472718691752e+01 9.999885179680881e-01
1.139479779659391e+01 9.999887461222137e-01
1.141490953456882e+01 9.999889701964411e-01
1.143506252739086e+01 9.999891902551246e-01
1.145525690212834e+01 9.999894063617503e-01
1.147549278637197e+01 9.999896185789445e-01
1.149577030823749e+01 9.999898269684848e-01
1.151608959636844e+01 9.999900315913082e-01
1.153645077993884e+01 9.999902325075203e-01
1.155685398865593e+01 9.999904297764055e-01
1.157729935276292e+01 9.999906234564353e-01
1.159778700304181e+01 9.999908136052782e-01
1.161831707081609e+01 9.999910002798074e-01
1.163888968795364e+01 9.999911835361111e-01
1.165950498686948e+01 9.999913634295003e-01
1.168016310052865e+01 9.999915400145190e-01
1.170086416244908e+01 9.999917133449503e-01
1.172160830670440e+01 9.999918834738284e-01
1.174239566792692e+01 9.999920504534441e-01
1.176322638131050e+01 9.999922143353555e-01
1.178410058261344e+01 9.999923751703950e-01
1.180501840816155e+01 9.999925330086785e-01
1.182597999485096e+01 9.999926878996130e-01
1.184698548015124e+01 9.999928398919058e-01
1.186803500210833e+01 9.999929890335713e-01
1.188912869934761e+01 9.999931353719398e-01
1.191026671107688e+01 9.999932789536659e-01
1.193144917708949e+01 9.999934198247358e-01
1.195267623776739e+01 9.999935580304751e-01
1.197394803408424e+01 9.999936936155571e-01
1.199526470760850e+01 9.999938266240100e-01
1.201662640050662e+01 9.999939570992247e-01
1.203803325554618e+01 9.999940850839628e-01
1.205948541609905e+01 9.999942106203636e-01
1.208098302614463e+01 9.999943337499515e-01
1.210252623027301e+01 9.999944545136439e-01
1.212411517368828e+01 9.999945729517581e-01
1.214575000221177e+01 9.999946891040186e-01
1.216743086228531e+01 9.999948030095642e-01
1.218915790097456e+01 9.999949147069558e-01
1.221093126597231e+01 9.999950242341822e-01
1.223275110560186e+01 9.999951316286682e-01
1.225461756882037e+01 9.999952369272811e-01
1.227653080522223e+01 9.999953401663375e-01
1.229849096504250e+01 9.999954413816101e-01
1.232049819916036e+01 9.999955406083347e-01
1.234255265910250e+01 9.999956378812165e-01
1.236465449704667e+01 9.999957332344365e-01
1.238680386582513e+01 9.999958267016593e-01
1.240900091892819e+01 9.999959183160381e-01
1.243124581050776e+01 9.999960081102215e-01
1.245353869538093e+01 9.999960961163608e-01
1.247587972903352e+01 9.999961823661148e-01
1.249826906762373e+01 9.999962668906572e-01
1.252070686798579e+01 9.999963497206825e-01
1.254319328763358e+01 9.999964308864118e-01
1.256572848476432e+01 9.999965104175990e-01
1.258831261826235e+01 9.999965883435367e-01
1.261094584770276e+01 9.999966646930629e-01
1.263362833335523e+01 9.999967394945655e-01
1.265636023618777e+01 9.999968127759895e-01
1.267914171787055e+01 9.999968845648419e-01
1.270197294077970e+01 9.999969548881977e-01
1.272485406800124e+01 9.999970237727054e-01
1.274778526333484e+01 9.999970912445926e-01
1.277076669129788e+01 9.999971573296722e-01
1.279379851712925e+01 9.999972220533468e-01
1.281688090679341e+01 9.999972854406147e-01
1.284001402698430e+01 9.999973475160755e-01
1.286319804512941e+01 9.999974083039347e-01
1.288643312939378e+01 9.999974678280099e-01
1.290971944868409e+01 9.999975261117349e-01
1.293305717265274e+01 9.999975831781660e-01
1.295644647170199e+01 9.999976390499863e-01
1.297988751698807e+01 9.999976937495108e-01
1.300338048042540e+01 9.999977472986918e-01
1.302692553469075e+01 9.999977997191236e-01
1.305052285322749e+01 9.999978510320475e-01
1.307417261024988e+01 9.999979012583566e-01
1.309787498074728e+01 9.999979504185998e-01
1.312163014048856e+01 9.999979985329883e-01
1.314543826602636e+01 9.999980456213986e-01
1.316929953470151e+01 9.999980917033779e-01
1.319321412464746e+01 9.999981367981485e-01
1.321718221479462e+01 9.999981809246126e-01
1.324120398487493e+01 9.999982241013561e-01
1.326527961542626e+01 9.999982663466540e-01
1.328940928779702e+01 9.999983076784742e-01
1.331359318415063e+01 9.999983481144818e-01
1.333783148747017e+01 9.999983876720433e-01
1.336212438156295e+01 9.999984263682313e-01
1.338647205106518e+01 9.999984642198285e-01
1.341087468144665e+01 9.999985012433319e-01
1.343533245901542e+01 9.999985374549560e-01
1.345984557092259e+01 9.999985728706386e-01
1.348441420516702e+01 9.999986075060434e-01
1.350903855060023e+01 9.999986413765645e-01
1.353371879693112e+01 9.999986744973302e-01
1.355845513473095e+01 9.999987068832066e-01
1.358324775543817e+01 9.999987385488021e-01
1.360809685136341e+01 9.999987695084711e-01
1.363300261569440e+01 9.999987997763167e-01
1.365796524250103e+01 9.999988293661954e-01
1.368298492674037e+01 9.999988582917210e-01
1.370806186426172e+01 9.999988865662668e-01
1.373319625181175e+01 9.999989142029710e-01
1.375838828703965e+01 9.999989412147388e-01
1.378363816850228e+01 9.999989676142464e-01
1.380894609566944e+01 9.999989934139444e-01
1.383431226892903e+01 9.999990186260614e-01
1.385973688959245e+01 9.999990432626069e-01
1.388522015989984e+01 9.999990673353754e-01
1.391076228302549e+01 9.999990908559486e-01
1.393636346308323e+01 9.999991138356998e-01
1.396202390513185e+01 9.999991362857958e-01
1.398774381518057e+01 9.999991582172016e-01
1.401352340019460e+01 9.999991796406822e-01
1.403936286810066e+01 9.999992005668061e-01
1.406526242779254e+01 9.999992210059490e-01
1.409122228913679e+01 9.999992409682956e-01
1.411724266297834e+01 9.999992604638437e-01
1.414332376114625e+01 9.999992795024062e-01
1.416946579645941e+01 9.999992980936150e-01
1.419566898273236e+01 9.999993162469227e-01
1.422193353478113e+01 9.999993339716067e-01
1.424825966842908e+01 9.999993512767706e-01
1.427464760051282e+01 9.999993681713484e-01
1.430109754888818e+01 9.999993846641058e-01
1.432760973243618e+01 9.999994007636441e-01
1.435418437106911e+01 9.999994164784018e-01
1.438082168573655e+01 9.999994318166583e-01
1.440752189843153e+01 9.999994467865356e-01
1.443428523219672e+01 9.999994613960013e-01
1.446111191113059e+01 9.999994756528705e-01
1.448800216039368e+01 9.999994895648094e-01
1.451495620621492e+01 9.999995031393369e-01
1.454197427589797e+01 9.999995163838271e-01
1.456905659782760e+01 9.999995293055115e-01
1.459620340147611e+01 9.999995419114824e-01
1.462341491740983e+01 9.999995542086937e-01
1.465069137729566e+01 9.999995662039645e-01
1.467803301390762e+01 9.999995779039803e-01
1.470544006113349e+01 9.999995893152962e-01
1.473291275398146e+01 9.999996004443388e-01
1.476045132858685e+01 9.999996112974072e-01
1.478805602221891e+01 9.999996218806773e-01
1.481572707328758e+01 9.999996322002018e-01
1.484346472135041e+01 9.999996422619140e-01
1.487126920711940e+01 9.999996520716283e-01
1.489914077246806e+01 9.999996616350439e-01
1.492707966043833e+01 9.999996709577452e-01
1.495508611524771e+01 9.999996800452045e-01
1.498316038229633e+01 9.999996889027840e-01
1.501130270817417e+01 9.999996975357379e-01
1.503951334066821e+01 9.999997059492134e-01
1.506779252876978e+01 9.999997141482533e-01
1.509614052268180e+01 9.999997221377981e-01
1.512455757382626e+01 9.999997299226868e-01
1.515304393485156e+01 9.999997375076597e-01
1.518159985964004e+01 9.999997448973592e-01
1.521022560331554e+01 9.999997520963324e-01
1.523892142225095e+01 9.999997591090324e-01
1.526768757407591e+01 9.999997659398197e-01
1.529652431768450e+01 9.999997725929646e-01
1.532543191324297e+01 9.999997790726480e-01
1.535441062219766e+01 9.999997853829634e-01
1.538346070728277e+01 9.999997915279186e-01
1.541258243252840e+01 9.999997975114374e-01
1.544177606326846e+01 9.999998033373600e-01
1.547104186614878e+01 9.999998090094462e-01
1.550038010913525e+01 9.999998145313755e-01
1.552979106152194e+01 9.999998199067495e-01
1.555927499393935e+01 9.999998251390927e-01
1.558883217836278e+01 9.999998302318540e-01
1.561846288812059e+01 9.999998351884090e-01
1.564816739790271e+01 9.999998400120598e-01
1.567794598376906e+01 9.999998447060374e-01
1.570779892315818e+01 9.999998492735034e-01
1.573772649489578e+01 9.999998537175501e-01
1.576772897920343e+01 9.999998580412024e-01
1.579780665770734e+01 9.999998622474198e-01
1.582795981344715e+01 9.999998663390963e-01
1.585818873088479e+01 9.999998703190627e-01
1.588849369591347e+01 9.999998741900871e-01
1.591887499586666e+01 9.999998779548764e-01
1.594933291952717e+01 9.999998816160782e-01
1.597986775713631e+01 9.999998851762804e-01
1.601047980040313e+01 9.999998886380133e-01
1.604116934251367e+01 9.999998920037512e-01
1.607193667814032e+01 9.999998952759119e-01
1.610278210345131e+01 9.999998984568599e-01
1.613370591612014e+01 9.999999015489056e-01
1.616470841533520e+01 9.999999045543073e-01
1.619578990180941e+01 9.999999074752723e-01
1.622695067778992e+01 9.999999103139572e-01
1.625819104706796e+01 9.999999130724695e-01
1.628951131498867e+01 9.999999157528685e-01
1.632091178846101e+01 9.999999183571662e-01
1.635239277596791e+01 9.999999208873283e-01
1.638395458757623e+01 9.999999233452748e-01
1.641559753494705e+01 9.999999257328815e-01
1.644732193134585e+01 9.999999280519807e-01
1.647912809165289e+01 9.999999303043612e-01
1.651101633237362e+01 9.999999324917708e-01
1.654298697164919e+01 9.999999346159161e-01
1.657504032926700e+01 9.999999366784631e-01
1.660717672667139e+01 9.999999386810390e-01
1.663939648697435e+01 9.999999406252322e-01
1.667169993496642e+01 9.999999425125938e-01
1.670408739712752e+01 9.999999443446372e-01
1.673655920163799e+01 9.999999461228404e-01
1.676911567838970e+01 9.999999478486452e-01
1.680175715899714e+01 9.999999495234597e-01
1.683448397680880e+01 9.999999511486575e-01
1.686729646691839e+01 9.999999527255790e-01
1.690019496617636e+01 9.999999542555318e-01
1.693317981320142e+01 9.999999557397925e-01
1.696625134839212e+01 9.999999571796059e-01
1.699940991393858e+01 9.999999585761865e-01
1.703265585383430e+01 9.999999599307190e-01
1.706598951388806e+01 9.999999612443589e-01
1.709941124173589e+01 9.999999625182332e-01
1.713292138685316e+01 9.999999637534411e-01
1.716652030056676e+01 9.999999649510543e-01
1.720020833606740e+01 9.999999661121175e-01
1.723398584842197e+01 9.999999672376501e-01
1.726785319458598e+01 9.999999683286451e-01
1.730181073341621e+01 9.999999693860708e-01
1.733585882568332e+01 9.999999704108715e-01
1.736999783408466e+01 9.999999714039669e-01
1.740422812325712e+01 9.999999723662538e-01
1.743855005979015e+01 9.999999732986060e-01
1.747296401223882e+01 9.999999742018748e-01
1.750747035113702e+01 9.999999750768900e-01
1.754206944901075e+01 9.999999759244600e-01
1.757676168039154e+01 9.999999767453722e-01
1.761154742182996e+01 9.999999775403938e-01
1.764642705190924e+01 9.999999783102720e-01
1.768140095125901e+01 9.999999790557346e-01
1.771646950256913e+01 9.999999797774901e-01
1.775163309060365e+01 9.999999804762290e-01
1.778689210221495e+01 9.999999811526235e-01
1.782224692635779e+01 9.999999818073273e-01
1.785769795410375e+01 9.999999824409782e-01
1.789324557865554e+01 9.999999830541959e-01
1.792889019536164e+01 9.999999836475841e-01
1.796463220173088e+01 9.999999842217306e-01
1.800047199744722e+01 9.999999847772070e-01
1.803640998438471e+01 9.999999853145698e-01
1.807244656662244e+01 9.999999858343607e-01
1.810858215045972e+01 9.999999863371061e-01
1.814481714443135e+01 9.999999868233187e-01
1.818115195932301e+01 9.999999872934975e-01
1.821758700818679e+01 9.999999877481269e-01
1.825412270635683e+01 9.999999881876791e-01
1.829075947146509e+01 9.999999886126127e-01
1.832749772345731e+01 9.999999890233739e-01
1.836433788460901e+01 9.999999894203964e-01
1.840128037954169e+01 9.999999898041023e-01
1.843832563523912e+01 9.999999901749013e-01
1.847547408106385e+01 9.999999905331922e-01
1.851272614877373e+01 9.999999908793626e-01
1.855008227253866e+01 9.999999912137889e-01
1.858754288895748e+01 9.999999915368374e-01
1.862510843707495e+01 9.999999918488631e-01
1.866277935839892e+01 9.999999921502123e-01
1.870055609691762e+01 9.999999924412204e-01
1.873843909911712e+01 9.999999927222136e-01
1.877642881399885e+01 9.999999929935088e-01
1.881452569309747e+01 9.999999932554138e-01
1.885273019049861e+01 9.999999935082273e-01
1.889104276285705e+01 9.999999937522395e-01
1.892946386941481e+01 9.999999939877324e-01
1.896799397201953e+01 9.999999942149798e-01
1.900663353514302e+01 9.999999944342468e-01
1.904538302589987e+01 9.999999946457918e-01
1.908424291406627e+01 9.999999948498650e-01
1.912321367209906e+01 9.999999950467091e-01
1.916229577515480e+01 9.999999952365601e-01
1.920148970110913e+01 9.999999954196468e-01
1.924079593057621e+01 9.999999955961907e-01
1.928021494692842e+01 9.999999957664076e-01
1.931974723631613e+01 9.999999959305064e-01
1.935939328768769e+01 9.999999960886892e-01
1.939915359280960e+01 9.999999962411530e-01
1.943902864628684e+01 9.999999963880883e-01
1.947901894558338e+01 9.999999965296797e-01
1.951912499104286e+01 9.999999966661064e-01
1.955934728590947e+01 9.999999967975424e-01
1.959968633634898e+01 9.999999969241555e-01
1.964014265147001e+01 9.999999970461093e-01
1.968071674334539e+01 9.999999971635618e-01
1.972140912703382e+01 9.999999972766664e-01
1.976222032060163e+01 9.999999973855715e-01
1.980315084514479e+01 9.999999974904210e-01
1.984420122481106e+01 9.999999975913543e-01
1.988537198682239e+01 9.999999976885066e-01
1.992666366149749e+01 9.999999977820082e-01
1.996807678227457e+01 9.999999978719862e-01
2.000961188573434e+01 9.999999979585630e-01
2.005126951162322e+01 9.999999980418575e-01
2.009305020287660e+01 9.999999981219845e-01
2.013495450564256e+01 9.999999981990553e-01
2.017698296930561e+01 9.999999982731778e-01
2.021913614651070e+01 9.999999983444559e-01
2.026141459318741e+01 9.999999984129908e-01
2.030381886857447e+01 9.999999984788799e-01
2.034634953524435e+01 9.999999985422177e-01
2.038900715912818e+01 9.999999986030956e-01
2.043179230954080e+01 9.999999986616017e-01
2.047470555920616e+01 9.999999987178219e-01
2.051774748428280e+01 9.999999987718384e-01
2.056091866438972e+01 9.999999988237314e-01
2.060421968263228e+01 9.999999988735782e-01
2.064765112562859e+01 9.999999989214530e-01
2.069121358353590e+01 9.999999989674286e-01
2.073490765007736e+01 9.999999990115742e-01
2.077873392256904e+01 9.999999990539579e-01
2.082269300194705e+01 9.999999990946442e-01
2.086678549279510e+01 9.999999991336963e-01
2.091101200337216e+01 9.999999991711750e-01
2.095537314564050e+01 9.999999992071389e-01
2.099986953529378e+01 9.999999992416451e-01
2.104450179178571e+01 9.999999992747479e-01
2.108927053835864e+01 9.999999993065005e-01
2.113417640207270e+01 9.999999993369537e-01
2.117922001383496e+01 9.999999993661570e-01
2.122440200842905e+01 9.999999993941582e-01
2.126972302454496e+01 9.999999994210025e-01
2.131518370480916e+01 9.999999994467348e-01
2.136078469581491e+01 9.999999994713977e-01
2.140652664815298e+01 9.999999994950324e-01
2.145241021644256e+01 9.999999995176785e-01
2.149843605936250e+01 9.999999995393747e-01
2.154460483968281e+01 9.999999995601576e-01
2.159091722429650e+01 9.999999995800632e-01
2.163737388425166e+01 9.999999995991260e-01
2.168397549478391e+01 9.999999996173787e-01
2.173072273534907e+01 9.999999996348536e-01
2.177761628965621e+01 9.999999996515814e-01
2.182465684570099e+01 9.999999996675917e-01
2.187184509579929e+01 9.999999996829130e-01
2.191918173662118e+01 9.999999996975732e-01
2.196666746922518e+01 9.999999997115985e-01
2.201430299909291e+01 9.999999997250146e-01
2.206208903616401e+01 9.999999997378459e-01
2.211002629487142e+01 9.999999997501166e-01
2.215811549417695e+01 9.999999997618487e-01
2.220635735760726e+01 9.999999997730649e-01
2.225475261329012e+01 9.999999997837861e-01
2.230330199399110e+01 9.999999997940323e-01
2.235200623715044e+01 9.999999998038234e-01
2.240086608492051e+01 9.999999998131783e-01
2.244988228420345e+01 9.999999998221147e-01
2.249905558668923e+01 9.999999998306504e-01
2.254838674889405e+01 9.999999998388018e-01
2.259787653219922e+01 9.999999998465854e-01
2.264752570289022e+01 9.999999998540163e-01
2.269733503219637e+01 9.999999998611095e-01
2.274730529633064e+01 9.999999998678792e-01
2.279743727653007e+01 9.999999998743394e-01
2.284773175909643e+01 9.999999998805031e-01
2.289818953543737e+01 9.999999998863831e-01
2.294881140210786e+01 9.999999998919915e-01
2.299959816085220e+01 9.999999998973399e-01
2.305055061864627e+01 9.999999999024398e-01
2.310166958774033e+01 9.999999999073015e-01
2.315295588570213e+01 9.999999999119358e-01
2.320441033546053e+01 9.999999999163525e-01
2.325603376534949e+01 9.999999999205611e-01
2.330782700915255e+01 9.999999999245708e-01
2.335979090614773e+01 9.999999999283904e-01
2.341192630115279e+01 9.999999999320281e-01
2.346423404457108e+01 9.999999999354920e-01
2.351671499243778e+01 9.999999999387903e-01
2.356937000646657e+01 9.999999999419298e-01
2.362219995409678e+01 9.999999999449181e-01
2.367520570854106e+01 9.999999999477618e-01
2.372838814883348e+01 9.999999999504674e-01
2.378174815987815e+01 9.999999999530411e-01
2.383528663249821e+01 9.999999999554892e-01
2.388900446348550e+01 9.999999999578171e-01
2.394290255565061e+01 9.999999999600304e-01
2.399698181787342e+01 9.999999999621345e-01
2.405124316515421e+01 9.999999999641345e-01
2.410568751866528e+01 9.999999999660349e-01
2.416031580580309e+01 9.999999999678406e-01
2.421512896024087e+01 9.999999999695559e-01
2.427012792198181e+01 9.999999999711850e-01
2.432531363741288e+01 9.999999999727323e-01
2.438068705935901e+01 9.999999999742011e-01
2.443624914713802e+01 9.999999999755953e-01
2.449200086661594e+01 9.999999999769187e-01
2.454794319026300e+01 9.999999999781746e-01
2.460407709721022e+01 9.999999999793658e-01
2.466040357330649e+01 9.999999999804960e-01
2.471692361117630e+01 9.999999999815679e-01
2.477363821027801e+01 9.999999999825842e-01
2.483054837696283e+01 9.999999999835476e-01
2.488765512453429e+01 9.999999999844609e-01
2.494495947330844e+01 9.999999999853262e-01
2.500246245067451e+01 9.999999999861462e-01
2.506016509115644e+01 9.999999999869229e-01
2.511806843647483e+01 9.999999999876588e-01
2.517617353560966e+01 9.999999999883553e-01
2.523448144486363e+01 9.999999999890150e-01
2.529299322792619e+01 9.999999999896392e-01
2.535170995593817e+01 9.999999999902300e-01
2.541063270755722e+01 9.999999999907891e-01
2.546976256902378e+01 9.999999999913178e-01
2.552910063422791e+01 9.999999999918181e-01
2.558864800477665e+01 9.999999999922911e-01
2.564840579006234e+01 9.999999999927383e-01
2.570837510733133e+01 9.999999999931610e-01
2.576855708175376e+01 9.999999999935605e-01
2.582895284649384e+01 9.999999999939377e-01
2.588956354278105e+01 9.999999999942943e-01
2.595039031998195e+01 9.999999999946310e-01
2.601143433567283e+01 9.999999999949489e-01
2.607269675571325e+01 9.999999999952491e-01
2.613417875432011e+01 9.999999999955325e-01
2.619588151414280e+01 9.999999999957998e-01
2.625780622633895e+01 9.999999999960520e-01
2.631995409065112e+01 9.999999999962899e-01
2.638232631548428e+01 9.999999999965141e-01
2.644492411798411e+01 9.999999999967257e-01
2.650774872411617e+01 9.999999999969251e-01
2.657080136874600e+01 9.999999999971130e-01
2.663408329571992e+01 9.999999999972899e-01
2.669759575794696e+01 9.999999999974567e-01
2.676134001748138e+01 9.999999999976139e-01
2.682531734560642e+01 9.999999999977618e-01
2.688952902291873e+01 9.999999999979010e-01
2.695397633941386e+01 9.999999999980320e-01
2.701866059457255e+01 9.999999999981553e-01
2.708358309744822e+01 9.999999999982712e-01
2.714874516675516e+01 9.999999999983802e-01
2.721414813095789e+01 9.999999999984828e-01
2.727979332836136e+01 9.999999999985791e-01
2.734568210720232e+01 9.999999999986697e-01
2.741181582574158e+01 9.999999999987550e-01
2.747819585235732e+01 9.999999999988349e-01
2.754482356563956e+01 9.999999999989100e-01
2.761170035448546e+01 9.999999999989806e-01
2.767882761819595e+01 9.999999999990468e-01
2.774620676657327e+01 9.999999999991087e-01
2.781383922001969e+01 9.999999999991671e-01
2.788172640963727e+01 9.999999999992217e-01
2.794986977732888e+01 9.999999999992730e-01
2.801827077590023e+01 9.999999999993210e-01
2.808693086916315e+01 9.999999999993661e-01
2.815585153203996e+01 9.999999999994083e-01
2.822503425066916e+01 9.999999999994480e-01
2.829448052251218e+01 9.999999999994849e-01
2.836419185646148e+01 9.999999999995197e-01
2.843416977294977e+01 9.999999999995521e-01
2.850441580406062e+01 9.999999999995826e-01
2.857493149364023e+01 9.999999999996110e-01
2.864571839741055e+01 9.999999999996374e-01
2.871677808308362e+01 9.999999999996623e-01
2.878811213047744e+01 9.999999999996856e-01
2.885972213163295e+01 9.999999999997073e-01
2.893160969093247e+01 9.999999999997276e-01
2.900377642521956e+01 9.999999999997466e-01
2.907622396392020e+01 9.999999999997644e-01
2.914895394916550e+01 9.999999999997808e-01
2.922196803591568e+01 9.999999999997962e-01
2.929526789208560e+01 9.999999999998106e-01
2.936885519867187e+01 9.999999999998241e-01
2.944273164988128e+01 9.999999999998366e-01
2.951689895326080e+01 9.999999999998483e-01
2.959135882982921e+01 9.999999999998592e-01
2.966611301421013e+01 9.999999999998694e-01
2.974116325476681e+01 9.999999999998788e-01
2.981651131373840e+01 9.999999999998876e-01
2.989215896737789e+01 9.999999999998959e-01
2.996810800609163e+01 9.999999999999034e-01
3.004436023458066e+01 9.999999999999105e-01
3.012091747198365e+01 9.999999999999172e-01
3.019778155202154e+01 9.999999999999232e-01
3.027495432314391e+01 9.999999999999289e-01
3.035243764867722e+01 9.999999999999343e-01
3.043023340697479e+01 9.999999999999392e-01
3.050834349156852e+01 9.999999999999438e-01
3.058676981132254e+01 9.999999999999480e-01
3.066551429058874e+01 9.999999999999518e-01
3.074457886936416e+01 9.999999999999556e-01
3.082396550345028e+01 9.999999999999589e-01
3.090367616461430e+01 9.999999999999620e-01
3.098371284075239e+01 9.999999999999649e-01
3.106407753605499e+01 9.999999999999678e-01
3.114477227117404e+01 9.999999999999702e-01
3.122579908339233e+01 9.999999999999725e-01
3.130716002679503e+01 9.999999999999747e-01
3.138885717244319e+01 9.999999999999767e-01
3.147089260854952e+01 9.999999999999785e-01
3.155326844065631e+01 9.999999999999802e-01
3.163598679181550e+01 9.999999999999818e-01
3.171904980277120e+01 9.999999999999831e-01
3.180245963214424e+01 9.999999999999847e-01
3.188621845661928e+01 9.999999999999858e-01
3.197032847113402e+01 9.999999999999869e-01
3.205479188907110e+01 9.999999999999880e-01
3.213961094245212e+01 9.999999999999889e-01
3.222478788213436e+01 9.999999999999898e-01
3.231032497800972e+01 9.999999999999907e-01
3.239622451920660e+01 9.999999999999916e-01
3.248248881429390e+01 9.999999999999922e-01
3.256912019148798e+01 9.999999999999929e-01
3.265612099886198e+01 9.999999999999933e-01
3.274349360455808e+01 9.999999999999940e-01
3.283124039700235e+01 9.999999999999944e-01
3.291936378512237e+01 9.999999999999949e-01
3.300786619856760e+01 9.999999999999953e-01
3.309675008793288e+01 9.999999999999958e-01
3.318601792498438e+01 9.999999999999962e-01
3.327567220288895e+01 9.999999999999964e-01
3.336571543644600e+01 9.999999999999967e-01
3.345615016232288e+01 9.999999999999971e-01
3.354697893929290e+01 9.999999999999973e-01
3.363820434847676e+01 9.999999999999976e-01
3.372982899358704e+01 9.999999999999978e-01
3.382185550117586e+01 9.999999999999980e-01
3.391428652088595e+01 9.999999999999982e-01
3.400712472570490e+01 9.999999999999982e-01
3.410037281222284e+01 9.999999999999984e-01
3.419403350089350e+01 9.999999999999987e-01
3.428810953629885e+01 9.999999999999987e-01
3.438260368741710e+01 9.999999999999989e-01
3.447751874789447e+01 9.999999999999989e-01
3.457285753632038e+01 9.999999999999991e-01
3.466862289650659e+01 9.999999999999991e-01
3.476481769776987e+01 9.999999999999991e-01
3.486144483521862e+01 9.999999999999993e-01
3.495850723004325e+01 9.999999999999993e-01
3.505600782981065e+01 9.999999999999993e-01
3.515394960876252e+01 9.999999999999996e-01
3.525233556811781e+01 9.999999999999996e-01
3.535116873637925e+01 9.999999999999996e-01
3.545045216964417e+01 9.999999999999996e-01
3.555018895191942e+01 9.999999999999996e-01
3.565038219544079e+01 9.999999999999998e-01
3.575103504099665e+01 9.999999999999998e-01
3.585215065825622e+01 9.999999999999998e-01
3.595373224610224e+01 9.999999999999998e-01
3.605578303296834e+01 9.999999999999998e-01
3.615830627718105e+01 9.999999999999998e-01
3.626130526730656e+01 9.999999999999998e-01
3.636478332250242e+01 9.999999999999998e-01
3.646874379287402e+01 9.999999999999998e-01
3.657319005983617e+01 9.999999999999998e-01
3.667812553647962e+01 9.999999999999998e-01
3.678355366794299e+01 1.000000000000000e+00
3.688947793178971e+01 1.000000000000000e+00
3.699590183839045e+01 1.000000000000000e+00
3.710282893131080e+01 1.000000000000000e+00
3.721026278770469e+01 1.000000000000000e+00
3.731820701871330e+01 1.000000000000000e+00
3.742666526986958e+01 1.000000000000000e+00
3.753564122150868e+01 1.000000000000000e+00
3.764513858918433e+01 1.000000000000000e+00
3.775516112409105e+01 1.000000000000000e+00
3.786571261349253e+01 1.000000000000000e+00
3.797679688115616e+01 1.000000000000000e+00
3.808841778779401e+01 1.000000000000000e+00
3.820057923151002e+01 1.000000000000000e+00
3.831328514825379e+01 1.000000000000000e+00
3.842653951228096e+01 1.000000000000000e+00
3.854034633662047e+01 1.000000000000000e+00
3.865470967354842e+01 1.000000000000000e+00
3.876963361506917e+01 1.000000000000000e+00
3.888512229340331e+01 1.000000000000000e+00
3.900117988148291e+01 1.000000000000000e+00
3.911781059345427e+01 1.000000000000000e+00
3.923501868518785e+01 1.000000000000000e+00
3.935280845479607e+01 1.000000000000000e+00
3.947118424315853e+01 1.000000000000000e+00
3.959015043445547e+01 1.000000000000000e+00
3.970971145670890e+01 1.000000000000000e+00
3.982987178233204e+01 1.000000000000000e+00
3.995063592868694e+01 1.000000000000000e+00
4.007200845865066e+01 1.000000000000000e+00
4.019399398118998e+01 1.000000000000000e+00
4.031659715194470e+01 1.000000000000000e+00
4.043982267381998e+01 1.000000000000000e+00
4.056367529758775e+01 1.000000000000000e+00
4.068815982249720e+01 1.000000000000000e+00
4.081328109689469e+01 1.000000000000000e+00
4.093904401885318e+01 1.000000000000000e+00
4.106545353681145e+01 1.000000000000000e+00
4.119251465022312e+01 1.000000000000000e+00
4.132023241021575e+01 1.000000000000000e+00
4.144861192026013e+01 1.000000000000000e+00
4.157765833685020e+01 1.000000000000000e+00
4.170737687019333e+01 1.000000000000000e+00
4.183777278491163e+01 1.000000000000000e+00
4.196885140075414e+01 1.000000000000000e+00
4.210061809332019e+01 1.000000000000000e+00
4.223307829479450e+01 1.000000000000000e+00
4.236623749469346e+01 1.000000000000000e+00
4.250010124062368e+01 1.000000000000000e+00
4.263467513905216e+01 1.000000000000000e+00
4.276996485608930e+01 1.000000000000000e+00
4.290597611828399e+01 1.000000000000000e+00
4.304271471343160e+01 1.000000000000000e+00
4.318018649139500e+01 1.000000000000000e+00
4.331839736493885e+01 1.000000000000000e+00
4.345735331057726e+01 1.000000000000000e+00
4.359706036943538e+01 1.000000000000000e+00
4.373752464812468e+01 1.000000000000000e+00
4.387875231963293e+01 1.000000000000000e+00
4.402074962422843e+01 1.000000000000000e+00
4.416352287037913e+01 1.000000000000000e+00
4.430707843568678e+01 1.000000000000000e+00
4.445142276783679e+01 1.000000000000000e+00
4.459656238556337e+01 1.000000000000000e+00
4.474250387963102e+01 1.000000000000000e+00
4.488925391383198e+01 1.000000000000000e+00
4.503681922600072e+01 1.000000000000000e+00
4.518520662904506e+01 1.000000000000000e+00
4.533442301199469e+01 1.000000000000000e+00
4.548447534106727e+01 1.000000000000000e+00
4.563537066075261e+01 1.000000000000000e+00
4.578711609491505e+01 1.000000000000000e+00
4.593971884791457e+01 1.000000000000000e+00
4.609318620574698e+01 1.000000000000000e+00
4.624752553720341e+01 1.000000000000000e+00
4.640274429504989e+01 1.000000000000000e+00
4.655885001722694e+01 1.000000000000000e+00
4.671585032806978e+01 1.000000000000000e+00
4.687375293954962e+01 1.000000000000000e+00
4.703256565253655e+01 1.000000000000000e+00
4.719229635808409e+01 1.000000000000000e+00
4.735295303873630e+01 1.000000000000000e+00
4.751454376985738e+01 1.000000000000000e+00
4.767707672098499e+01 1.000000000000000e+00
4.784056015720692e+01 1.000000000000000e+00
4.800500244056216e+01 1.000000000000000e+00
4.817041203146650e+01 1.000000000000000e+00
4.833679749016379e+01 1.000000000000000e+00
4.850416747820248e+01 1.000000000000000e+00
4.867253075993877e+01 1.000000000000000e+00
4.884189620406631e+01 1.000000000000000e+00
4.901227278517371e+01 1.000000000000000e+00
4.918366958532967e+01 1.000000000000000e+00
4.935609579569680e+01 1.000000000000000e+00
4.952956071817454e+01 1.000000000000000e+00
4.970407376707210e+01 1.000000000000000e+00
4.987964447081144e+01 1.000000000000000e+00
