0.000000000000000e+00 0.000000000000000e+00
8.843240963617902e-05 4.009567485212528e-02
1.769530311522944e-04 8.019588932542376e-02
2.655619966020585e-04 1.203006438419436e-01
3.542594383028959e-04 1.604099388229798e-01
4.430454888366012e-04 2.005237746892448e-01
5.319202810500003e-04 2.406421518605839e-01
6.208839480556129e-04 2.807650707562885e-01
7.099366232323165e-04 3.208925317949252e-01
7.990784402260140e-04 3.610245353944492e-01
8.883095329503011e-04 4.011610819719778e-01
9.776300355871374e-04 4.413021719440451e-01
1.067040082587519e-03 4.814478057264466e-01
1.156539808672155e-03 5.215979837342104e-01
1.246129348832138e-03 5.617527063817960e-01
1.335808838329632e-03 6.019119740828813e-01
1.425578412698544e-03 6.420757872504481e-01
1.515438207745214e-03 6.822441462967674e-01
1.605388359549096e-03 7.224170516334283e-01
1.695429004463444e-03 7.625945036712096e-01
1.785560279116005e-03 8.027765028203504e-01
1.875782320409706e-03 8.429630494901517e-01
1.966095265523351e-03 8.831541440893744e-01
2.056499251912312e-03 9.233497870259413e-01
2.146994417309229e-03 9.635499787071922e-01
2.237580899724711e-03 1.003754719539629e+00
2.328258837448033e-03 1.043964009928970e+00
2.419028369047842e-03 1.084177850280327e+00
2.509889633372866e-03 1.124396240998024e+00
2.600842769552618e-03 1.164619182485666e+00
2.691887916998105e-03 1.204846675146072e+00
2.783025215402544e-03 1.245078719381368e+00
2.874254804742077e-03 1.285315315592939e+00
2.965576825276484e-03 1.325556464181446e+00
3.056991417549900e-03 1.365802165546697e+00
3.148498722391546e-03 1.406052420087818e+00
3.240098880916440e-03 1.446307228203224e+00
3.331792034526132e-03 1.486566590290479e+00
3.423578324909423e-03 1.526830506746506e+00
3.515457894043104e-03 1.567098977967404e+00
3.607430884192682e-03 1.607372004348520e+00
3.699497437913112e-03 1.647649586284359e+00
3.791657698049544e-03 1.687931724168806e+00
3.883911807738050e-03 1.728218418394846e+00
3.976259910406370e-03 1.768509669354842e+00
4.068702149774658e-03 1.808805477440202e+00
4.161238669856225e-03 1.849105843041656e+00
4.253869614958281e-03 1.889410766549148e+00
4.346595129682698e-03 1.929720248351842e+00
4.439415358926752e-03 1.970034288838121e+00
4.532330447883881e-03 2.010352888395587e+00
4.625340542044443e-03 2.050676047411031e+00
4.718445787196474e-03 2.091003766270518e+00
4.811646329426449e-03 2.131336045359134e+00
4.904942315120049e-03 2.171672885061383e+00
4.998333890962926e-03 2.212014285760858e+00
5.091821203941469e-03 2.252360247840429e+00
5.185404401343580e-03 2.292710771682067e+00
5.279083630759444e-03 2.333065857667009e+00
5.372859040082305e-03 2.373425506175636e+00
5.466730777509248e-03 2.413789717587548e+00
5.560698991541975e-03 2.454158492281550e+00
5.654763830987586e-03 2.494531830635495e+00
5.748925444959379e-03 2.534909733026737e+00
5.843183982877615e-03 2.575292199831352e+00
5.937539594470330e-03 2.615679231425005e+00
6.031992429774115e-03 2.656070828182337e+00
6.126542639134913e-03 2.696466990477134e+00
6.221190373208822e-03 2.736867718682518e+00
6.315935782962892e-03 2.777273013170529e+00
6.410779019675921e-03 2.817682874312524e+00
6.505720234939273e-03 2.858097302479081e+00
6.600759580657679e-03 2.898516298039866e+00
6.695897209050043e-03 2.938939861363593e+00
6.791133272650263e-03 2.979367992818325e+00
6.886467924308039e-03 3.019800692771085e+00
6.981901317189699e-03 3.060237961588214e+00
7.077433604779007e-03 3.100679799635074e+00
7.173064940877999e-03 3.141126207276201e+00
7.268795479607797e-03 3.181577184875337e+00
7.364625375409449e-03 3.222032732795228e+00
7.460554783044747e-03 3.262492851397923e+00
7.556583857597069e-03 3.302957541044464e+00
7.652712754472210e-03 3.343426802095053e+00
7.748941629399224e-03 3.383900634909111e+00
7.845270638431262e-03 3.424379039844979e+00
7.941699937946413e-03 3.464862017260288e+00
8.038229684648559e-03 3.505349567511814e+00
8.134860035568217e-03 3.545841690955271e+00
8.231591148063391e-03 3.586338387945659e+00
8.328423179820427e-03 3.626839658837000e+00
8.425356288854872e-03 3.667345503982418e+00
8.522390633512329e-03 3.707855923734144e+00
8.619526372469323e-03 3.748370918443555e+00
8.716763664734166e-03 3.788890488461163e+00
8.814102669647822e-03 3.829414634136370e+00
8.911543546884776e-03 3.869943355817909e+00
9.009086456453918e-03 3.910476653853451e+00
9.106731558699404e-03 3.951014528589809e+00
9.204479014301539e-03 3.991556980372920e+00
9.302328984277667e-03 4.032104009547709e+00
9.400281629983045e-03 4.072655616458263e+00
9.498337113111738e-03 4.113211801447704e+00
9.596495595697498e-03 4.153772564858144e+00
9.694757240114668e-03 4.194337907030942e+00
9.793122209079068e-03 4.234907828306447e+00
9.891590665648901e-03 4.275482329023987e+00
9.990162773225651e-03 4.316061409522007e+00
1.008883869555498e-02 4.356645070138043e+00
1.018761859672765e-02 4.397233311208723e+00
1.028650264118042e-02 4.437826133069592e+00
1.038549099369696e-02 4.478423536055317e+00
1.048458381940877e-02 4.519025520499696e+00
1.058378128379608e-02 4.559632086735320e+00
1.068308355268883e-02 4.600243235094183e+00
1.078249079226752e-02 4.640858965906915e+00
1.088200316906415e-02 4.681479279503534e+00
1.098162084996322e-02 4.722104176212824e+00
1.108134400220257e-02 4.762733656362798e+00
1.118117279337438e-02 4.803367720280306e+00
1.128110739142608e-02 4.844006368291431e+00
1.138114796466129e-02 4.884649600721090e+00
1.148129468174078e-02 4.925297417893233e+00
1.158154771168341e-02 4.965949820130930e+00
1.168190722386708e-02 5.006606807756199e+00
1.178237338802970e-02 5.047268381090078e+00
1.188294637427010e-02 5.087934540452551e+00
1.198362635304906e-02 5.128605286162681e+00
1.208441349519022e-02 5.169280618538465e+00
1.218530797188104e-02 5.209960537896933e+00
1.228630995467382e-02 5.250645044554091e+00
1.238741961548664e-02 5.291334138824936e+00
1.248863712660433e-02 5.332027821023459e+00
1.258996266067945e-02 5.372726091462539e+00
1.269139639073330e-02 5.413428950454232e+00
1.279293849015686e-02 5.454136398309331e+00
1.289458913271182e-02 5.494848435337758e+00
1.299634849253155e-02 5.535565061848402e+00
1.309821674412208e-02 5.576286278148999e+00
1.320019406236314e-02 5.617012084546374e+00
1.330228062250911e-02 5.657742481346233e+00
1.340447660019008e-02 5.698477468853326e+00
1.350678217141280e-02 5.739217047371170e+00
1.360919751256172e-02 5.779961217202384e+00
1.371172280040001e-02 5.820709978648537e+00
1.381435821207056e-02 5.861463332010047e+00
1.391710392509703e-02 5.902221277586364e+00
1.401996011738480e-02 5.942983815675859e+00
1.412292696722212e-02 5.983750946575697e+00
1.422600465328100e-02 6.024522670582115e+00
1.432919335461835e-02 6.065298987990303e+00
1.443249325067696e-02 6.106079899094240e+00
1.453590452128658e-02 6.146865404186883e+00
1.463942734666493e-02 6.187655503560165e+00
1.474306190741876e-02 6.228450197504827e+00
1.484680838454489e-02 6.269249486310528e+00
1.495066695943129e-02 6.310053370265933e+00
1.505463781385810e-02 6.350861849658557e+00
1.515872112999874e-02 6.391674924774705e+00
1.526291709042091e-02 6.432492595899731e+00
1.536722587808772e-02 6.473314863317839e+00
1.547164767635872e-02 6.514141727312008e+00
1.557618266899099e-02 6.554973188164269e+00
1.568083104014021e-02 6.595809246155383e+00
1.578559297436176e-02 6.636649901565065e+00
1.589046865661178e-02 6.677495154671973e+00
1.599545827224827e-02 6.718345005753491e+00
1.610056200703220e-02 6.759199455085863e+00
1.620578004712856e-02 6.800058502944367e+00
1.631111257910750e-02 6.840922149603017e+00
1.641655978994544e-02 6.881790395334633e+00
1.652212186702611e-02 6.922663240411012e+00
1.662779899814176e-02 6.963540685102700e+00
1.673359137149416e-02 7.004422729679121e+00
1.683949917569584e-02 7.045309374408589e+00
1.694552259977109e-02 7.086200619558170e+00
1.705166183315720e-02 7.127096465393763e+00
1.715791706570546e-02 7.167996912180257e+00
1.726428848768243e-02 7.208901960181109e+00
1.737077628977098e-02 7.249811609658778e+00
1.747738066307144e-02 7.290725860874460e+00
1.758410179910279e-02 7.331644714088299e+00
1.769093988980376e-02 7.372568169558988e+00
1.779789512753402e-02 7.413496227544343e+00
1.790496770507527e-02 7.454428888300754e+00
1.801215781563249e-02 7.495366152083463e+00
1.811946565283502e-02 7.536308019146546e+00
1.822689141073777e-02 7.577254489742870e+00
1.833443528382239e-02 7.618205564124068e+00
1.844209746699840e-02 7.659161242540520e+00
1.854987815560444e-02 7.700121525241457e+00
1.865777754540938e-02 7.741086412474814e+00
1.876579583261356e-02 7.782055904487351e+00
1.887393321384994e-02 7.823030001524657e+00
1.898218988618531e-02 7.864008703830933e+00
1.909056604712149e-02 7.904992011649256e+00
1.919906189459654e-02 7.945979925221337e+00
1.930767762698591e-02 7.986972444787853e+00
1.941641344310374e-02 8.027969570587985e+00
1.952526954220401e-02 8.068971302859879e+00
1.963424612398175e-02 8.109977641840246e+00
1.974334338857430e-02 8.150988587764616e+00
1.985256153656253e-02 8.192004140867226e+00
1.996190076897203e-02 8.233024301381093e+00
2.007136128727439e-02 8.274049069537881e+00
2.018094329338840e-02 8.315078445568076e+00
2.029064698968133e-02 8.356112429700758e+00
2.040047257897014e-02 8.397151022163811e+00
2.051042026452275e-02 8.438194223183785e+00
2.062049025005929e-02 8.479242032985923e+00
2.073068273975335e-02 8.520294451794257e+00
2.084099793823327e-02 8.561351479831359e+00
2.095143605058335e-02 8.602413117318619e+00
2.106199728234521e-02 8.643479364476121e+00
2.117268183951895e-02 8.684550221522585e+00
2.128348992856453e-02 8.725625688675350e+00
2.139442175640303e-02 8.766705766150579e+00
2.150547753041787e-02 8.807790454162912e+00
2.161665745845622e-02 8.848879752925853e+00
2.172796174883017e-02 8.889973662651443e+00
2.183939061031814e-02 8.931072183550469e+00
2.195094425216612e-02 8.972175315832246e+00
2.206262288408901e-02 9.013283059704847e+00
2.217442671627189e-02 9.054395415374984e+00
2.228635595937141e-02 9.095512383047975e+00
2.239841082451706e-02 9.136633962927760e+00
2.251059152331250e-02 9.177760155216930e+00
2.262289826783694e-02 9.218890960116738e+00
2.273533127064638e-02 9.260026377826975e+00
2.284789074477508e-02 9.301166408546194e+00
2.296057690373679e-02 9.342311052471388e+00
2.307338996152616e-02 9.383460309798295e+00
2.318633013262007e-02 9.424614180721207e+00
2.329939763197903e-02 9.465772665433022e+00
2.341259267504849e-02 9.506935764125245e+00
2.352591547776024e-02 9.548103476987933e+00
2.363936625653378e-02 9.589275804209805e+00
2.375294522827768e-02 9.630452745978076e+00
2.386665261039100e-02 9.671634302478594e+00
2.398048862076462e-02 9.712820473895789e+00
2.409445347778270e-02 9.754011260412625e+00
2.420854740032401e-02 9.795206662210660e+00
2.432277060776339e-02 9.836406679469988e+00
2.443712331997310e-02 9.877611312369311e+00
2.455160575732429e-02 9.918820561085809e+00
2.466621814068836e-02 9.960034425795286e+00
2.478096069143843e-02 1.000125290667199e+01
2.489583363145071e-02 1.004247600388877e+01
2.501083718310598e-02 1.008370371761704e+01
2.512597156929101e-02 1.012493604802670e+01
2.524123701339999e-02 1.016617299528615e+01
2.535663373933596e-02 1.020741455956237e+01
2.547216197151233e-02 1.024866074102084e+01
2.558782193485422e-02 1.028991153982543e+01
2.570361385480004e-02 1.033116695613870e+01
2.581953795730288e-02 1.037242699012160e+01
2.593559446883200e-02 1.041369164193357e+01
2.605178361637429e-02 1.045496091173260e+01
2.616810562743578e-02 1.049623479967515e+01
2.628456073004311e-02 1.053751330591612e+01
2.640114915274501e-02 1.057879643060889e+01
2.651787112461380e-02 1.062008417390537e+01
2.663472687524692e-02 1.066137653595587e+01
2.675171663476838e-02 1.070267351690920e+01
2.686884063383031e-02 1.074397511691262e+01
2.698609910361447e-02 1.078528133611184e+01
2.710349227583377e-02 1.082659217465094e+01
2.722102038273377e-02 1.086790763267255e+01
2.733868365709427e-02 1.090922771031775e+01
2.745648233223079e-02 1.095055240772592e+01
2.757441664199613e-02 1.099188172503493e+01
2.769248682078194e-02 1.103321566238120e+01
2.781069310352025e-02 1.107455421989934e+01
2.792903572568501e-02 1.111589739772252e+01
2.804751492329370e-02 1.115724519598226e+01
2.816613093290887e-02 1.119859761480852e+01
2.828488399163970e-02 1.123995465432958e+01
2.840377433714365e-02 1.128131631467218e+01
2.852280220762792e-02 1.132268259596145e+01
2.864196784185119e-02 1.136405349832087e+01
2.876127147912509e-02 1.140542902187227e+01
2.888071335931588e-02 1.144680916673590e+01
2.900029372284602e-02 1.148819393303035e+01
2.912001281069580e-02 1.152958332087255e+01
2.923987086440495e-02 1.157097733037781e+01
2.935986812607428e-02 1.161237596165984e+01
2.948000483836728e-02 1.165377921483055e+01
2.960028124451177e-02 1.169518709000027e+01
2.972069758830159e-02 1.173659958727774e+01
2.984125411409814e-02 1.177801670676986e+01
2.996195106683214e-02 1.181943844858203e+01
3.008278869200522e-02 1.186086481281781e+01
3.020376723569162e-02 1.190229579957915e+01
3.032488694453985e-02 1.194373140896630e+01
3.044614806577436e-02 1.198517164107778e+01
3.056755084719723e-02 1.202661649601042e+01
3.068909553718985e-02 1.206806597385936e+01
3.081078238471462e-02 1.210952007471805e+01
3.093261163931667e-02 1.215097879867810e+01
3.105458355112550e-02 1.219244214582947e+01
3.117669837085679e-02 1.223391011626043e+01
3.129895634981401e-02 1.227538271005739e+01
3.142135773989025e-02 1.231685992730513e+01
3.154390279356987e-02 1.235834176808663e+01
3.166659176393025e-02 1.239982823248313e+01
3.178942490464360e-02 1.244131932057400e+01
3.191240246997859e-02 1.248281503243707e+01
3.203552471480221e-02 1.252431536814821e+01
3.215879189458148e-02 1.256582032778151e+01
3.228220426538522e-02 1.260732991140932e+01
3.240576208388585e-02 1.264884411910232e+01
3.252946560736112e-02 1.269036295092920e+01
3.265331509369595e-02 1.273188640695692e+01
3.277731080138419e-02 1.277341448725065e+01
3.290145298953041e-02 1.281494719187376e+01
3.302574191785175e-02 1.285648452088770e+01
3.315017784667967e-02 1.289802647435221e+01
3.327476103696184e-02 1.293957305232517e+01
3.339949175026388e-02 1.298112425486259e+01
3.352437024877124e-02 1.302268008201865e+01
3.364939679529107e-02 1.306424053384568e+01
3.377457165325397e-02 1.310580561039414e+01
3.389989508671595e-02 1.314737531171261e+01
3.402536736036019e-02 1.318894963784793e+01
3.415098873949895e-02 1.323052858884488e+01
3.427675949007546e-02 1.327211216474646e+01
3.440267987866572e-02 1.331370036559377e+01
3.452875017248051e-02 1.335529319142609e+01
3.465497063936714e-02 1.339689064228058e+01
3.478134154781145e-02 1.343849271819278e+01
3.490786316693965e-02 1.348009941919614e+01
3.503453576652026e-02 1.352171074532218e+01
3.516135961696605e-02 1.356332669660060e+01
3.528833498933591e-02 1.360494727305912e+01
3.541546215533681e-02 1.364657247472348e+01
3.554274138732575e-02 1.368820230161759e+01
3.567017295831169e-02 1.372983675376325e+01
3.579775714195749e-02 1.377147583118044e+01
3.592549421258189e-02 1.381311953388712e+01
3.605338444516148e-02 1.385476786189930e+01
3.618142811533265e-02 1.389642081523101e+01
3.630962549939359e-02 1.393807839389423e+01
3.643797687430624e-02 1.397974059789912e+01
3.656648251769835e-02 1.402140742725368e+01
3.669514270786545e-02 1.406307888196395e+01
3.682395772377281e-02 1.410475496203402e+01
3.695292784505754e-02 1.414643566746591e+01
3.708205335203058e-02 1.418812099825965e+01
3.721133452567868e-02 1.422981095441321e+01
3.734077164766653e-02 1.427150553592257e+01
3.747036500033873e-02 1.431320474278164e+01
3.760011486672190e-02 1.435490857498226e+01
3.773002153052667e-02 1.439661703251424e+01
3.786008527614983e-02 1.443833011536533e+01
3.799030638867634e-02 1.448004782352125e+01
3.812068515388145e-02 1.452177015696554e+01
3.825122185823279e-02 1.456349711567982e+01
3.838191678889243e-02 1.460522869964342e+01
3.851277023371903e-02 1.464696490883377e+01
3.864378248126995e-02 1.468870574322605e+01
3.877495382080330e-02 1.473045120279340e+01
3.890628454228021e-02 1.477220128750687e+01
3.903777493636680e-02 1.481395599733528e+01
3.916942529443648e-02 1.485571533224545e+01
3.930123590857196e-02 1.489747929220196e+01
3.943320707156755e-02 1.493924787716732e+01
3.956533907693119e-02 1.498102108710182e+01
3.969763221888675e-02 1.502279892196364e+01
3.983008679237612e-02 1.506458138170882e+01
3.996270309306142e-02 1.510636846629114e+01
4.009548141732730e-02 1.514816017566228e+01
4.022842206228298e-02 1.518995650977165e+01
4.036152532576461e-02 1.523175746856657e+01
4.049479150633740e-02 1.527356305199211e+01
4.062822090329792e-02 1.531537325999106e+01
4.076181381667626e-02 1.535718809250412e+01
4.089557054723841e-02 1.539900754946970e+01
4.102949139648835e-02 1.544083163082388e+01
4.116357666667047e-02 1.548266033650076e+01
4.129782666077172e-02 1.552449366643195e+01
4.143224168252399e-02 1.556633162054692e+01
4.156682203640635e-02 1.560817419877284e+01
4.170156802764732e-02 1.565002140103468e+01
4.183647996222726e-02 1.569187322725494e+01
4.197155814688062e-02 1.573372967735415e+01
4.210680288909829e-02 1.577559075125025e+01
4.224221449712991e-02 1.581745644885905e+01
4.237779327998627e-02 1.585932677009399e+01
4.251353954744160e-02 1.590120171486626e+01
4.264945361003591e-02 1.594308128308461e+01
4.278553577907749e-02 1.598496547465562e+01
4.292178636664509e-02 1.602685428948335e+01
4.305820568559050e-02 1.606874772746969e+01
4.319479404954078e-02 1.611064578851404e+01
4.333155177290080e-02 1.615254847251358e+01
4.346847917085556e-02 1.619445577936290e+01
4.360557655937265e-02 1.623636770895450e+01
4.374284425520467e-02 1.627828426117825e+01
4.388028257589167e-02 1.632020543592174e+01
4.401789183976360e-02 1.636213123307014e+01
4.415567236594278e-02 1.640406165250623e+01
4.429362447434634e-02 1.644599669411036e+01
4.443174848568872e-02 1.648793635776043e+01
4.457004472148415e-02 1.652988064333195e+01
4.470851350404912e-02 1.657182955069792e+01
4.484715515650495e-02 1.661378307972904e+01
4.498597000278019e-02 1.665574123029332e+01
4.512495836761329e-02 1.669770400225656e+01
4.526412057655500e-02 1.673967139548185e+01
4.540345695597098e-02 1.678164340982998e+01
4.554296783304433e-02 1.682362004515917e+01
4.568265353577818e-02 1.686560130132512e+01
4.582251439299821e-02 1.690758717818105e+01
4.596255073435528e-02 1.694957767557770e+01
4.610276289032799e-02 1.699157279336324e+01
4.624315119222529e-02 1.703357253138327e+01
4.638371597218909e-02 1.707557688948098e+01
4.652445756319687e-02 1.711758586749684e+01
4.666537629906432e-02 1.715959946526891e+01
4.680647251444797e-02 1.720161768263259e+01
4.694774654484785e-02 1.724364051942074e+01
4.708919872661016e-02 1.728566797546364e+01
4.723082939692991e-02 1.732770005058898e+01
4.737263889385358e-02 1.736973674462178e+01
4.751462755628190e-02 1.741177805738457e+01
4.765679572397245e-02 1.745382398869712e+01
4.779914373754244e-02 1.749587453837672e+01
4.794167193847138e-02 1.753792970623787e+01
4.808438066910382e-02 1.757998949209261e+01
4.822727027265217e-02 1.762205389575013e+01
4.837034109319930e-02 1.766412291701703e+01
4.851359347570144e-02 1.770619655569730e+01
4.865702776599088e-02 1.774827481159220e+01
4.880064431077880e-02 1.779035768450027e+01
4.894444345765797e-02 1.783244517421738e+01
4.908842555510571e-02 1.787453728053671e+01
4.923259095248654e-02 1.791663400324864e+01
4.937694000005511e-02 1.795873534214092e+01
4.952147304895902e-02 1.800084129699852e+01
4.966619045124163e-02 1.804295186760368e+01
4.981109255984496e-02 1.808506705373579e+01
4.995617972861253e-02 1.812718685517166e+01
5.010145231229227e-02 1.816931127168515e+01
5.024691066653936e-02 1.821144030304738e+01
5.039255514791923e-02 1.825357394902679e+01
5.053838611391032e-02 1.829571220938885e+01
5.068440392290717e-02 1.833785508389629e+01
5.083060893422325e-02 1.838000257230910e+01
5.097700150809393e-02 1.842215467438427e+01
5.112358200567948e-02 1.846431138987613e+01
5.127035078906795e-02 1.850647271853597e+01
5.141730822127826e-02 1.854863866011236e+01
5.156445466626312e-02 1.859080921435098e+01
5.171179048891206e-02 1.863298438099454e+01
5.185931605505441e-02 1.867516415978299e+01
5.200703173146242e-02 1.871734855045326e+01
5.215493788585419e-02 1.875953755273949e+01
5.230303488689678e-02 1.880173116637276e+01
5.245132310420930e-02 1.884392939108131e+01
5.259980290836588e-02 1.888613222659043e+01
5.274847467089887e-02 1.892833967262246e+01
5.289733876430189e-02 1.897055172889679e+01
5.304639556203294e-02 1.901276839512977e+01
5.319564543851753e-02 1.905498967103485e+01
5.334508876915182e-02 1.909721555632245e+01
5.349472593030571e-02 1.913944605069997e+01
5.364455729932615e-02 1.918168115387191e+01
5.379458325454011e-02 1.922392086553956e+01
5.394480417525793e-02 1.926616518540136e+01
5.409522044177642e-02 1.930841411315256e+01
5.424583243538211e-02 1.935066764848549e+01
5.439664053835448e-02 1.939292579108929e+01
5.454764513396915e-02 1.943518854065017e+01
5.469884660650119e-02 1.947745589685108e+01
5.485024534122830e-02 1.951972785937200e+01
5.500184172443419e-02 1.956200442788979e+01
5.515363614341172e-02 1.960428560207816e+01
5.530562898646636e-02 1.964657138160770e+01
5.545782064291936e-02 1.968886176614583e+01
5.561021150311117e-02 1.973115675535693e+01
5.576280195840475e-02 1.977345634890212e+01
5.591559240118887e-02 1.981576054643932e+01
5.606858322488157e-02 1.985806934762340e+01
5.622177482393344e-02 1.990038275210592e+01
5.637516759383109e-02 1.994270075953529e+01
5.652876193110048e-02 1.998502336955669e+01
5.668255823331039e-02 2.002735058181204e+01
5.683655689907584e-02 2.006968239594008e+01
5.699075832806152e-02 2.011201881157628e+01
5.714516292098526e-02 2.015435982835287e+01
5.729977107962150e-02 2.019670544589876e+01
5.745458320680474e-02 2.023905566383960e+01
5.760959970643310e-02 2.028141048179774e+01
5.776482098347182e-02 2.032376989939225e+01
5.792024744395671e-02 2.036613391623889e+01
5.807587949499781e-02 2.040850253195001e+01
5.823171754478283e-02 2.045087574613471e+01
5.838776200258081e-02 2.049325355839868e+01
5.854401327874566e-02 2.053563596834429e+01
5.870047178471974e-02 2.057802297557050e+01
5.885713793303752e-02 2.062041457967290e+01
5.901401213732917e-02 2.066281078024372e+01
5.917109481232419e-02 2.070521157687170e+01
5.932838637385511e-02 2.074761696914220e+01
5.948588723886112e-02 2.079002695663716e+01
5.964359782539176e-02 2.083244153893498e+01
5.980151855261066e-02 2.087486071561075e+01
5.995964984079918e-02 2.091728448623599e+01
6.011799211136021e-02 2.095971285037877e+01
6.027654578682184e-02 2.100214580760368e+01
6.043531129084122e-02 2.104458335747172e+01
6.059428904820820e-02 2.108702549954044e+01
6.075347948484927e-02 2.112947223336386e+01
6.091288302783122e-02 2.117192355849249e+01
6.107250010536504e-02 2.121437947447313e+01
6.123233114680977e-02 2.125683998084919e+01
6.139237658267629e-02 2.129930507716040e+01
6.155263684463123e-02 2.134177476294296e+01
6.171311236550080e-02 2.138424903772935e+01
6.187380357927479e-02 2.142672790104855e+01
6.203471092111033e-02 2.146921135242584e+01
6.219583482733596e-02 2.151169939138288e+01
6.235717573545549e-02 2.155419201743769e+01
6.251873408415201e-02 2.159668923010452e+01
6.268051031329180e-02 2.163919102889407e+01
6.284250486392842e-02 2.168169741331329e+01
6.300471817830662e-02 2.172420838286540e+01
6.316715069986641e-02 2.176672393704988e+01
6.332980287324710e-02 2.180924407536253e+01
6.349267514429137e-02 2.185176879729539e+01
6.365576796004931e-02 2.189429810233668e+01
6.381908176878251e-02 2.193683198997090e+01
6.398261701996824e-02 2.197937045967873e+01
6.414637416430347e-02 2.202191351093708e+01
6.431035365370910e-02 2.206446114321904e+01
6.447455594133403e-02 2.210701335599381e+01
6.463898148155939e-02 2.214957014872687e+01
6.480363073000275e-02 2.219213152087966e+01
6.496850414352227e-02 2.223469747190989e+01
6.513360218022098e-02 2.227726800127140e+01
6.529892529945096e-02 2.231984310841403e+01
6.546447396181769e-02 2.236242279278374e+01
6.563024862918423e-02 2.240500705382265e+01
6.579624976467560e-02 2.244759589096881e+01
6.596247783268301e-02 2.249018930365639e+01
6.612893329886829e-02 2.253278729131559e+01
6.629561663016811e-02 2.257538985337260e+01
6.646252829479848e-02 2.261799698924963e+01
6.662966876225905e-02 2.266060869836489e+01
6.679703850333754e-02 2.270322498013254e+01
6.696463799011414e-02 2.274584583396269e+01
6.713246769596598e-02 2.278847125926151e+01
6.730052809557159e-02 2.283110125543088e+01
6.746881966491529e-02 2.287373582186883e+01
6.763734288129182e-02 2.291637495796916e+01
6.780609822331074e-02 2.295901866312153e+01
6.797508617090101e-02 2.300166693671162e+01
6.814430720531554e-02 2.304431977812078e+01
6.831376180913575e-02 2.308697718672641e+01
6.848345046627616e-02 2.312963916190154e+01
6.865337366198898e-02 2.317230570301512e+01
6.882353188286877e-02 2.321497680943192e+01
6.899392561685704e-02 2.325765248051238e+01
6.916455535324695e-02 2.330033271561284e+01
6.933542158268799e-02 2.334301751408535e+01
6.950652479719066e-02 2.338570687527760e+01
6.967786549013123e-02 2.342840079853315e+01
6.984944415625643e-02 2.347109928319118e+01
7.002126129168830e-02 2.351380232858656e+01
7.019331739392881e-02 2.355650993404988e+01
7.036561296186487e-02 2.359922209890740e+01
7.053814849577297e-02 2.364193882248091e+01
7.071092449732416e-02 2.368466010408796e+01
7.088394146958879e-02 2.372738594304167e+01
7.105719991704153e-02 2.377011633865073e+01
7.123070034556611e-02 2.381285129021941e+01
7.140444326246041e-02 2.385559079704760e+01
7.157842917644128e-02 2.389833485843071e+01
7.175265859764955e-02 2.394108347365967e+01
7.192713203765504e-02 2.398383664202090e+01
7.210185000946151e-02 2.402659436279638e+01
7.227681302751175e-02 2.406935663526355e+01
7.245202160769257e-02 2.411212345869532e+01
7.262747626733995e-02 2.415489483236003e+01
7.280317752524403e-02 2.419767075552147e+01
7.297912590165431e-02 2.424045122743887e+01
7.315532191828474e-02 2.428323624736683e+01
7.333176609831887e-02 2.432602581455538e+01
7.350845896641506e-02 2.436881992824983e+01
7.368540104871167e-02 2.441161858769092e+01
7.386259287283227e-02 2.445442179211469e+01
7.404003496789088e-02 2.449722954075252e+01
7.421772786449729e-02 2.454004183283106e+01
7.439567209476225e-02 2.458285866757228e+01
7.457386819230291e-02 2.462568004419338e+01
7.475231669224801e-02 2.466850596190683e+01
7.493101813124335e-02 2.471133641992031e+01
7.510997304745712e-02 2.475417141743673e+01
7.528918198058533e-02 2.479701095365422e+01
7.546864547185717e-02 2.483985502776603e+01
7.564836406404056e-02 2.488270363896059e+01
7.582833830144753e-02 2.492555678642152e+01
7.600856872993979e-02 2.496841446932750e+01
7.618905589693419e-02 2.501127668685236e+01
7.636980035140824e-02 2.505414343816500e+01
7.655080264390582e-02 2.509701472242941e+01
7.673206332654256e-02 2.513989053880459e+01
7.691358295301164e-02 2.518277088644465e+01
7.709536207858932e-02 2.522565576449861e+01
7.727740126014065e-02 2.526854517211058e+01
7.745970105612512e-02 2.531143910841964e+01
7.764226202660243e-02 2.535433757255977e+01
7.782508473323811e-02 2.539724056365998e+01
7.800816973930942e-02 2.544014808084410e+01
7.819151760971108e-02 2.548306012323095e+01
7.837512891096099e-02 2.552597668993420e+01
7.855900421120623e-02 2.556889778006236e+01
7.874314408022881e-02 2.561182339271891e+01
7.892754908945156e-02 2.565475352700199e+01
7.911221981194408e-02 2.569768818200469e+01
7.929715682242867e-02 2.574062735681478e+01
7.948236069728624e-02 2.578357105051489e+01
7.966783201456240e-02 2.582651926218236e+01
7.985357135397333e-02 2.586947199088926e+01
8.003957929691198e-02 2.591242923570235e+01
8.022585642645401e-02 2.595539099568320e+01
8.041240332736393e-02 2.599835726988792e+01
8.059922058610129e-02 2.604132805736730e+01
8.078630879082666e-02 2.608430335716685e+01
8.097366853140794e-02 2.612728316832656e+01
8.116130039942653e-02 2.617026748988116e+01
8.134920498818350e-02 2.621325632085981e+01
8.153738289270594e-02 2.625624966028632e+01
8.172583470975316e-02 2.629924750717901e+01
8.191456103782302e-02 2.634224986055070e+01
8.210356247715829e-02 2.638525671940874e+01
8.229283962975301e-02 2.642826808275492e+01
8.248239309935879e-02 2.647128394958543e+01
8.267222349149139e-02 2.651430431889098e+01
8.286233141343706e-02 2.655732918965667e+01
8.305271747425902e-02 2.660035856086196e+01
8.324338228480398e-02 2.664339243148066e+01
8.343432645770874e-02 2.668643080048098e+01
8.362555060740658e-02 2.672947366682544e+01
8.381705535013409e-02 2.677252102947084e+01
8.400884130393754e-02 2.681557288736828e+01
8.420090908867973e-02 2.685862923946310e+01
8.439325932604655e-02 2.690169008469496e+01
8.458589263955370e-02 2.694475542199756e+01
8.477880965455351e-02 2.698782525029902e+01
8.497201099824157e-02 2.703089956852143e+01
8.516549729966372e-02 2.707397837558121e+01
8.535926918972263e-02 2.711706167038876e+01
8.555332730118489e-02 2.716014945184867e+01
8.574767226868774e-02 2.720324171885961e+01
8.594230472874607e-02 2.724633847031431e+01
8.613722531975934e-02 2.728943970509948e+01
8.633243468201857e-02 2.733254542209597e+01
8.652793345771329e-02 2.737565562017846e+01
8.672372229093872e-02 2.741877029821578e+01
8.691980182770272e-02 2.746188945507057e+01
8.711617271593293e-02 2.750501308959948e+01
8.731283560548396e-02 2.754814120065304e+01
8.750979114814442e-02 2.759127378707564e+01
8.770703999764429e-02 2.763441084770554e+01
8.790458280966203e-02 2.767755238137485e+01
8.810242024183194e-02 2.772069838690946e+01
8.830055295375133e-02 2.776384886312907e+01
8.849898160698803e-02 2.780700380884714e+01
8.869770686508754e-02 2.785016322287086e+01
8.889672939358063e-02 2.789332710400115e+01
8.909604985999064e-02 2.793649545103260e+01
8.929566893384096e-02 2.797966826275350e+01
8.949558728666256e-02 2.802284553794575e+01
8.969580559200152e-02 2.806602727538486e+01
8.989632452542658e-02 2.810921347383998e+01
9.009714476453672e-02 2.815240413207380e+01
9.029826698896883e-02 2.819559924884254e+01
9.049969188040535e-02 2.823879882289599e+01
9.070142012258199e-02 2.828200285297741e+01
9.090345240129546e-02 2.832521133782351e+01
9.110578940441121e-02 2.836842427616446e+01
9.130843182187127e-02 2.841164166672387e+01
9.151138034570212e-02 2.845486350821869e+01
9.171463567002250e-02 2.849808979935931e+01
9.191819849105140e-02 2.854132053884944e+01
9.212206950711591e-02 2.858455572538607e+01
9.232624941865930e-02 2.862779535765954e+01
9.253073892824903e-02 2.867103943435341e+01
9.273553874058471e-02 2.871428795414449e+01
9.294064956250632e-02 2.875754091570283e+01
9.314607210300230e-02 2.880079831769168e+01
9.335180707321762e-02 2.884406015876738e+01
9.355785518646222e-02 2.888732643757946e+01
9.376421715821896e-02 2.893059715277055e+01
9.397089370615221e-02 2.897387230297640e+01
9.417788555011584e-02 2.901715188682574e+01
9.438519341216187e-02 2.906043590294036e+01
9.459281801654867e-02 2.910372434993507e+01
9.480076008974955e-02 2.914701722641767e+01
9.500902036046104e-02 2.919031453098884e+01
9.521759955961159e-02 2.923361626224224e+01
9.542649842037007e-02 2.927692241876438e+01
9.563571767815421e-02 2.932023299913468e+01
9.584525807063950e-02 2.936354800192536e+01
9.605512033776763e-02 2.940686742570150e+01
9.626530522175529e-02 2.945019126902085e+01
9.647581346710292e-02 2.949351953043404e+01
9.668664582060353e-02 2.953685220848432e+01
9.689780303135143e-02 2.958018930170775e+01
9.710928585075121e-02 2.962353080863296e+01
9.732109503252660e-02 2.966687672778121e+01
9.753323133272947e-02 2.971022705766649e+01
9.774569550974872e-02 2.975358179679522e+01
9.795848832431944e-02 2.979694094366649e+01
9.817161053953188e-02 2.984030449677182e+01
9.838506292084073e-02 2.988367245459532e+01
9.859884623607408e-02 2.992704481561346e+01
9.881296125544277e-02 2.997042157829523e+01
9.902740875154961e-02 3.001380274110198e+01
9.924218949939864e-02 3.005718830248742e+01
9.945730427640455e-02 3.010057826089769e+01
9.967275386240189e-02 3.014397261477110e+01
9.988853903965467e-02 3.018737136253840e+01
1.001046605928658e-01 3.023077450262248e+01
1.003211193091864e-01 3.027418203343848e+01
1.005379159782257e-01 3.031759395339378e+01
1.007550513920604e-01 3.036101026088787e+01
1.009725263452443e-01 3.040443095431240e+01
1.011903416348182e-01 3.044785603205106e+01
1.014084980603194e-01 3.049128549247970e+01
1.016269964237915e-01 3.053471933396612e+01
1.018458375297946e-01 3.057815755487020e+01
1.020650221854147e-01 3.062160015354372e+01
1.022845512002738e-01 3.066504712833047e+01
1.025044253865399e-01 3.070849847756609e+01
1.027246455589370e-01 3.075195419957814e+01
1.029452125347551e-01 3.079541429268601e+01
1.031661271338607e-01 3.083887875520087e+01
1.033873901787062e-01 3.088234758542574e+01
1.036090024943406e-01 3.092582078165533e+01
1.038309649084200e-01 3.096929834217603e+01
1.040532782512173e-01 3.101278026526607e+01
1.042759433556330e-01 3.105626654919511e+01
1.044989610572053e-01 3.109975719222459e+01
1.047223321941208e-01 3.114325219260743e+01
1.049460576072249e-01 3.118675154858820e+01
1.051701381400324e-01 3.123025525840288e+01
1.053945746387379e-01 3.127376332027896e+01
1.056193679522267e-01 3.131727573243543e+01
1.058445189320854e-01 3.136079249308260e+01
1.060700284326127e-01 3.140431360042221e+01
1.062958973108300e-01 3.144783905264736e+01
1.065221264264927e-01 3.149136884794242e+01
1.067487166421006e-01 3.153490298448300e+01
1.069756688229091e-01 3.157844146043605e+01
1.072029838369404e-01 3.162198427395963e+01
1.074306625549940e-01 3.166553142320298e+01
1.076587058506587e-01 3.170908290630650e+01
1.078871146003228e-01 3.175263872140165e+01
1.081158896831861e-01 3.179619886661101e+01
1.083450319812707e-01 3.183976334004806e+01
1.085745423794325e-01 3.188333213981743e+01
1.088044217653727e-01 3.192690526401452e+01
1.090346710296490e-01 3.197048271072583e+01
1.092652910656876e-01 3.201406447802857e+01
1.094962827697938e-01 3.205765056399089e+01
1.097276470411648e-01 3.210124096667169e+01
1.099593847819003e-01 3.214483568412066e+01
1.101914968970151e-01 3.218843471437823e+01
1.104239842944501e-01 3.223203805547547e+01
1.106568478850850e-01 3.227564570543415e+01
1.108900885827491e-01 3.231925766226664e+01
1.111237073042345e-01 3.236287392397582e+01
1.113577049693070e-01 3.240649448855524e+01
1.115920825007189e-01 3.245011935398881e+01
1.118268408242209e-01 3.249374851825099e+01
1.120619808685740e-01 3.253738197930660e+01
1.122975035655624e-01 3.258101973511090e+01
1.125334098500052e-01 3.262466178360945e+01
1.127697006597690e-01 3.266830812273812e+01
1.130063769357804e-01 3.271195875042300e+01
1.132434396220383e-01 3.275561366458052e+01
1.134808896656267e-01 3.279927286311717e+01
1.137187280167272e-01 3.284293634392964e+01
1.139569556286313e-01 3.288660410490468e+01
1.141955734577540e-01 3.293027614391917e+01
1.144345824636458e-01 3.297395245883990e+01
1.146739836090057e-01 3.301763304752381e+01
1.149137778596947e-01 3.306131790781757e+01
1.151539661847480e-01 3.310500703755789e+01
1.153945495563886e-01 3.314870043457127e+01
1.156355289500401e-01 3.319239809667408e+01
1.158769053443401e-01 3.323610002167238e+01
1.161186797211533e-01 3.327980620736201e+01
1.163608530655851e-01 3.332351665152849e+01
1.166034263659945e-01 3.336723135194696e+01
1.168464006140079e-01 3.341095030638220e+01
1.170897768045324e-01 3.345467351258846e+01
1.173335559357698e-01 3.349840096830965e+01
1.175777390092296e-01 3.354213267127896e+01
1.178223270297432e-01 3.358586861921921e+01
1.180673210054775e-01 3.362960880984237e+01
1.183127219479490e-01 3.367335324084998e+01
1.185585308720372e-01 3.371710190993272e+01
1.188047487959991e-01 3.376085481477057e+01
1.190513767414830e-01 3.380461195303270e+01
1.192984157335427e-01 3.384837332237745e+01
1.195458668006518e-01 3.389213892045228e+01
1.197937309747176e-01 3.393590874489366e+01
1.200420092910960e-01 3.397968279332717e+01
1.202907027886053e-01 3.402346106336729e+01
1.205398125095416e-01 3.406724355261746e+01
1.207893394996921e-01 3.411103025867004e+01
1.210392848083508e-01 3.415482117910614e+01
1.212896494883328e-01 3.419861631149572e+01
1.215404345959890e-01 3.424241565339748e+01
1.217916411912211e-01 3.428621920235882e+01
1.220432703374964e-01 3.433002695591573e+01
1.222953231018631e-01 3.437383891159286e+01
1.225478005549651e-01 3.441765506690340e+01
1.228007037710571e-01 3.446147541934901e+01
1.230540338280202e-01 3.450529996641987e+01
1.233077918073768e-01 3.454912870559448e+01
1.235619787943062e-01 3.459296163433979e+01
1.238165958776603e-01 3.463679875011096e+01
1.240716441499785e-01 3.468064005035147e+01
1.243271247075041e-01 3.472448553249304e+01
1.245830386501993e-01 3.476833519395546e+01
1.248393870817616e-01 3.481218903214668e+01
1.250961711096392e-01 3.485604704446270e+01
1.253533918450472e-01 3.489990922828753e+01
1.256110504029836e-01 3.494377558099315e+01
1.258691479022452e-01 3.498764609993938e+01
1.261276854654442e-01 3.503152078247400e+01
1.263866642190241e-01 3.507539962593250e+01
1.266460852932762e-01 3.511928262763816e+01
1.269059498223560e-01 3.516316978490193e+01
1.271662589443000e-01 3.520706109502245e+01
1.274270138010418e-01 3.525095655528591e+01
1.276882155384294e-01 3.529485616296605e+01
1.279498653062412e-01 3.533875991532412e+01
1.282119642582038e-01 3.538266780960878e+01
1.284745135520083e-01 3.542657984305603e+01
1.287375143493274e-01 3.547049601288930e+01
1.290009678158330e-01 3.551441631631914e+01
1.292648751212129e-01 3.555834075054348e+01
1.295292374391882e-01 3.560226931274727e+01
1.297940559475310e-01 3.564620200010266e+01
1.300593318280817e-01 3.569013880976876e+01
1.303250662667665e-01 3.573407973889178e+01
1.305912604536150e-01 3.577802478460477e+01
1.308579155827785e-01 3.582197394402774e+01
1.311250328525471e-01 3.586592721426747e+01
1.313926134653682e-01 3.590988459241750e+01
1.316606586278643e-01 3.595384607555814e+01
1.319291695508513e-01 3.599781166075628e+01
1.321981474493566e-01 3.604178134506547e+01
1.324675935426373e-01 3.608575512552575e+01
1.327375090541990e-01 3.612973299916367e+01
1.330078952118139e-01 3.617371496299218e+01
1.332787532475400e-01 3.621770101401057e+01
1.335500843977388e-01 3.626169114920449e+01
1.338218899030954e-01 3.630568536554579e+01
1.340941710086363e-01 3.634968365999248e+01
1.343669289637491e-01 3.639368602948878e+01
1.346401650222012e-01 3.643769247096484e+01
1.349138804421595e-01 3.648170298133694e+01
1.351880764862090e-01 3.652571755750721e+01
1.354627544213727e-01 3.656973619636371e+01
1.357379155191313e-01 3.661375889478027e+01
1.360135610554424e-01 3.665778564961649e+01
1.362896923107601e-01 3.670181645771771e+01
1.365663105700554e-01 3.674585131591482e+01
1.368434171228358e-01 3.678989022102432e+01
1.371210132631654e-01 3.683393316984824e+01
1.373991002896847e-01 3.687798015917397e+01
1.376776795056315e-01 3.692203118577429e+01
1.379567522188607e-01 3.696608624640739e+01
1.382363197418652e-01 3.701014533781658e+01
1.385163833917960e-01 3.705420845673041e+01
1.387969444904834e-01 3.709827559986255e+01
1.390780043644572e-01 3.714234676391170e+01
1.393595643449685e-01 3.718642194556154e+01
1.396416257680096e-01 3.723050114148068e+01
1.399241899743360e-01 3.727458434832258e+01
1.402072583094872e-01 3.731867156272546e+01
1.404908321238083e-01 3.736276278131229e+01
1.407749127724714e-01 3.740685800069066e+01
1.410595016154970e-01 3.745095721745275e+01
1.413446000177760e-01 3.749506042817525e+01
1.416302093490914e-01 3.753916762941928e+01
1.419163309841401e-01 3.758327881773037e+01
1.422029663025551e-01 3.762739398963829e+01
1.424901166889277e-01 3.767151314165712e+01
1.427777835328298e-01 3.771563627028505e+01
1.430659682288361e-01 3.775976337200434e+01
1.433546721765469e-01 3.780389444328134e+01
1.436438967806107e-01 3.784802948056630e+01
1.439336434507467e-01 3.789216848029337e+01
1.442239136017684e-01 3.793631143888051e+01
1.445147086536056e-01 3.798045835272936e+01
1.448060300313285e-01 3.802460921822531e+01
1.450978791651704e-01 3.806876403173725e+01
1.453902574905515e-01 3.811292278961763e+01
1.456831664481021e-01 3.815708548820235e+01
1.459766074836863e-01 3.820125212381063e+01
1.462705820484262e-01 3.824542269274500e+01
1.465650915987252e-01 3.828959719129121e+01
1.468601375962925e-01 3.833377561571815e+01
1.471557215081671e-01 3.837795796227776e+01
1.474518448067423e-01 3.842214422720497e+01
1.477485089697897e-01 3.846633440671762e+01
1.480457154804843e-01 3.851052849701640e+01
1.483434658274291e-01 3.855472649428469e+01
1.486417615046797e-01 3.859892839468865e+01
1.489406040117694e-01 3.864313419437693e+01
1.492399948537345e-01 3.868734388948075e+01
1.495399355411393e-01 3.873155747611379e+01
1.498404275901020e-01 3.877577495037205e+01
1.501414725223193e-01 3.881999630833378e+01
1.504430718650932e-01 3.886422154605953e+01
1.507452271513562e-01 3.890845065959186e+01
1.510479399196971e-01 3.895268364495544e+01
1.513512117143876e-01 3.899692049815683e+01
1.516550440854085e-01 3.904116121518450e+01
1.519594385884756e-01 3.908540579200871e+01
1.522643967850670e-01 3.912965422458141e+01
1.525699202424490e-01 3.917390650883615e+01
1.528760105337038e-01 3.921816264068805e+01
1.531826692377556e-01 3.926242261603368e+01
1.534898979393987e-01 3.930668643075096e+01
1.537976982293239e-01 3.935095408069908e+01
1.541060717041465e-01 3.939522556171845e+01
1.544150199664339e-01 3.943950086963059e+01
1.547245446247330e-01 3.948378000023801e+01
1.550346472935984e-01 3.952806294932417e+01
1.553453295936207e-01 3.957234971265340e+01
1.556565931514539e-01 3.961664028597072e+01
1.559684395998450e-01 3.966093466500190e+01
1.562808705776613e-01 3.970523284545320e+01
1.565938877299200e-01 3.974953482301147e+01
1.569074927078168e-01 3.979384059334389e+01
1.572216871687548e-01 3.983815015209793e+01
1.575364727763738e-01 3.988246349490135e+01
1.578518512005795e-01 3.992678061736195e+01
1.581678241175737e-01 3.997110151506763e+01
1.584843932098829e-01 4.001542618358618e+01
1.588015601663890e-01 4.005975461846526e+01
1.591193266823593e-01 4.010408681523226e+01
1.594376944594762e-01 4.014842276939428e+01
1.597566652058679e-01 4.019276247643791e+01
1.600762406361390e-01 4.023710593182924e+01
1.603964224714012e-01 4.028145313101376e+01
1.607172124393040e-01 4.032580406941617e+01
1.610386122740658e-01 4.037015874244035e+01
1.613606237165056e-01 4.041451714546934e+01
1.616832485140739e-01 4.045887927386508e+01
1.620064884208844e-01 4.050324512296842e+01
1.623303451977461e-01 4.054761468809900e+01
1.626548206121949e-01 4.059198796455512e+01
1.629799164385261e-01 4.063636494761368e+01
1.633056344578263e-01 4.068074563253004e+01
1.636319764580064e-01 4.072513001453799e+01
1.639589442338339e-01 4.076951808884952e+01
1.642865395869664e-01 4.081390985065485e+01
1.646147643259838e-01 4.085830529512227e+01
1.649436202664224e-01 4.090270441739803e+01
1.652731092308080e-01 4.094710721260621e+01
1.656032330486895e-01 4.099151367584872e+01
1.659339935566730e-01 4.103592380220504e+01
1.662653925984556e-01 4.108033758673228e+01
1.665974320248601e-01 4.112475502446490e+01
1.669301136938688e-01 4.116917611041479e+01
1.672634394706588e-01 4.121360083957098e+01
1.675974112276363e-01 4.125802920689966e+01
1.679320308444723e-01 4.130246120734402e+01
1.682673002081370e-01 4.134689683582415e+01
1.686032212129361e-01 4.139133608723694e+01
1.689397957605461e-01 4.143577895645591e+01
1.692770257600503e-01 4.148022543833118e+01
1.696149131279744e-01 4.152467552768932e+01
1.699534597883239e-01 4.156912921933323e+01
1.702926676726192e-01 4.161358650804203e+01
1.706325387199338e-01 4.165804738857101e+01
1.709730748769300e-01 4.170251185565133e+01
1.713142780978968e-01 4.174697990399017e+01
1.716561503447871e-01 4.179145152827039e+01
1.719986935872552e-01 4.183592672315052e+01
1.723419098026947e-01 4.188040548326462e+01
1.726858009762766e-01 4.192488780322218e+01
1.730303691009877e-01 4.196937367760795e+01
1.733756161776686e-01 4.201386310098187e+01
1.737215442150531e-01 4.205835606787893e+01
1.740681552298066e-01 4.210285257280907e+01
1.744154512465655e-01 4.214735261025704e+01
1.747634342979767e-01 4.219185617468224e+01
1.751121064247372e-01 4.223636326051869e+01
1.754614696756340e-01 4.228087386217479e+01
1.758115261075843e-01 4.232538797403335e+01
1.761622777856753e-01 4.236990559045127e+01
1.765137267832060e-01 4.241442670575956e+01
1.768658751817268e-01 4.245895131426322e+01
1.772187250710813e-01 4.250347941024098e+01
1.775722785494475e-01 4.254801098794529e+01
1.779265377233792e-01 4.259254604160218e+01
1.782815047078483e-01 4.263708456541109e+01
1.786371816262863e-01 4.268162655354471e+01
1.789935706106272e-01 4.272617200014898e+01
1.793506738013494e-01 4.277072089934281e+01
1.797084933475194e-01 4.281527324521804e+01
1.800670314068344e-01 4.285982903183926e+01
1.804262901456656e-01 4.290438825324373e+01
1.807862717391020e-01 4.294895090344115e+01
1.811469783709945e-01 4.299351697641364e+01
1.815084122339997e-01 4.303808646611552e+01
1.818705755296245e-01 4.308265936647317e+01
1.822334704682708e-01 4.312723567138498e+01
1.825970992692803e-01 4.317181537472113e+01
1.829614641609802e-01 4.321639847032347e+01
1.833265673807281e-01 4.326098495200536e+01
1.836924111749582e-01 4.330557481355161e+01
1.840589977992273e-01 4.335016804871818e+01
1.844263295182613e-01 4.339476465123223e+01
1.847944086060013e-01 4.343936461479188e+01
1.851632373456512e-01 4.348396793306601e+01
1.855328180297245e-01 4.352857459969417e+01
1.859031529600916e-01 4.357318460828650e+01
1.862742444480286e-01 4.361779795242345e+01
1.866460948142640e-01 4.366241462565576e+01
1.870187063890280e-01 4.370703462150422e+01
1.873920815121009e-01 4.375165793345953e+01
1.877662225328622e-01 4.379628455498221e+01
1.881411318103397e-01 4.384091447950239e+01
1.885168117132591e-01 4.388554770041966e+01
1.888932646200938e-01 4.393018421110298e+01
1.892704929191157e-01 4.397482400489044e+01
1.896484990084449e-01 4.401946707508914e+01
1.900272852961009e-01 4.406411341497505e+01
1.904068542000536e-01 4.410876301779282e+01
1.907872081482752e-01 4.415341587675569e+01
1.911683495787912e-01 4.419807198504525e+01
1.915502809397331e-01 4.424273133581129e+01
1.919330046893907e-01 4.428739392217168e+01
1.923165232962646e-01 4.433205973721221e+01
1.927008392391195e-01 4.437672877398638e+01
1.930859550070376e-01 4.442140102551527e+01
1.934718730994723e-01 4.446607648478737e+01
1.938585960263019e-01 4.451075514475839e+01
1.942461263078848e-01 4.455543699835117e+01
1.946344664751138e-01 4.460012203845539e+01
1.950236190694708e-01 4.464481025792750e+01
1.954135866430829e-01 4.468950164959053e+01
1.958043717587782e-01 4.473419620623389e+01
1.961959769901412e-01 4.477889392061321e+01
1.965884049215701e-01 4.482359478545018e+01
1.969816581483332e-01 4.486829879343236e+01
1.973757392766264e-01 4.491300593721304e+01
1.977706509236304e-01 4.495771620941100e+01
1.981663957175690e-01 4.500242960261038e+01
1.985629762977673e-01 4.504714610936051e+01
1.989603953147101e-01 4.509186572217570e+01
1.993586554301015e-01 4.513658843353503e+01
1.997577593169239e-01 4.518131423588230e+01
2.001577096594977e-01 4.522604312162564e+01
2.005585091535419e-01 4.527077508313756e+01
2.009601605062345e-01 4.531551011275455e+01
2.013626664362732e-01 4.536024820277707e+01
2.017660296739372e-01 4.540498934546922e+01
2.021702529611484e-01 4.544973353305865e+01
2.025753390515340e-01 4.549448075773631e+01
2.029812907104888e-01 4.553923101165633e+01
2.033881107152382e-01 4.558398428693576e+01
2.037958018549013e-01 4.562874057565435e+01
2.042043669305553e-01 4.567349986985449e+01
2.046138087552985e-01 4.571826216154089e+01
2.050241301543162e-01 4.576302744268040e+01
2.054353339649447e-01 4.580779570520187e+01
2.058474230367371e-01 4.585256694099591e+01
2.062604002315290e-01 4.589734114191468e+01
2.066742684235050e-01 4.594211829977173e+01
2.070890304992649e-01 4.598689840634173e+01
2.075046893578913e-01 4.603168145336036e+01
2.079212479110169e-01 4.607646743252401e+01
2.083387090828925e-01 4.612125633548963e+01
2.087570758104555e-01 4.616604815387450e+01
2.091763510433986e-01 4.621084287925605e+01
2.095965377442395e-01 4.625564050317157e+01
2.100176388883901e-01 4.630044101711812e+01
2.104396574642273e-01 4.634524441255223e+01
2.108625964731634e-01 4.639005068088967e+01
2.112864589297173e-01 4.643485981350533e+01
2.117112478615860e-01 4.647967180173292e+01
2.121369663097170e-01 4.652448663686473e+01
2.125636173283807e-01 4.656930431015151e+01
2.129912039852431e-01 4.661412481280220e+01
2.134197293614401e-01 4.665894813598364e+01
2.138491965516506e-01 4.670377427082045e+01
2.142796086641719e-01 4.674860320839476e+01
2.147109688209939e-01 4.679343493974598e+01
2.151432801578750e-01 4.683826945587055e+01
2.155765458244181e-01 4.688310674772176e+01
2.160107689841469e-01 4.692794680620948e+01
2.164459528145831e-01 4.697278962219998e+01
2.168821005073237e-01 4.701763518651556e+01
2.173192152681192e-01 4.706248348993451e+01
2.177573003169519e-01 4.710733452319072e+01
2.181963588881153e-01 4.715218827697348e+01
2.186363942302937e-01 4.719704474192733e+01
2.190774096066417e-01 4.724190390865164e+01
2.195194082948655e-01 4.728676576770052e+01
2.199623935873042e-01 4.733163030958254e+01
2.204063687910108e-01 4.737649752476040e+01
2.208513372278355e-01 4.742136740365082e+01
2.212973022345074e-01 4.746623993662415e+01
2.217442671627189e-01 4.751111511400426e+01
2.221922353792092e-01 4.755599292606812e+01
2.226412102658490e-01 4.760087336304573e+01
2.230911952197253e-01 4.764575641511971e+01
2.235421936532274e-01 4.769064207242511e+01
2.239942089941331e-01 4.773553032504915e+01
2.244472446856956e-01 4.778042116303098e+01
2.249013041867305e-01 4.782531457636134e+01
2.253563909717043e-01 4.787021055498236e+01
2.258125085308231e-01 4.791510908878729e+01
2.262696603701213e-01 4.796001016762024e+01
2.267278500115518e-01 4.800491378127582e+01
2.271870809930766e-01 4.804981991949900e+01
2.276473568687571e-01 4.809472857198475e+01
2.281086812088470e-01 4.813963972837774e+01
2.285710575998835e-01 4.818455337827223e+01
2.290344896447809e-01 4.822946951121158e+01
2.294989809629237e-01 4.827438811668804e+01
2.299645351902613e-01 4.831930918414258e+01
2.304311559794027e-01 4.836423270296443e+01
2.308988469997119e-01 4.840915866249094e+01
2.313676119374041e-01 4.845408705200717e+01
2.318374544956426e-01 4.849901786074571e+01
2.323083783946367e-01 4.854395107788631e+01
2.327803873717390e-01 4.858888669255562e+01
2.332534851815452e-01 4.863382469382688e+01
2.337276755959928e-01 4.867876507071963e+01
2.342029624044624e-01 4.872370781219946e+01
2.346793494138775e-01 4.876865290717755e+01
2.351568404488069e-01 4.881360034451058e+01
2.356354393515667e-01 4.885855011300026e+01
2.361151499823236e-01 4.890350220139309e+01
2.365959762191986e-01 4.894845659838005e+01
2.370779219583714e-01 4.899341329259627e+01
2.375609911141856e-01 4.903837227262073e+01
2.380451876192548e-01 4.908333352697591e+01
2.385305154245695e-01 4.912829704412755e+01
2.390169784996043e-01 4.917326281248425e+01
2.395045808324261e-01 4.921823082039718e+01
2.399933264298031e-01 4.926320105615973e+01
2.404832193173148e-01 4.930817350800723e+01
2.409742635394623e-01 4.935314816411662e+01
2.414664631597795e-01 4.939812501260602e+01
2.419598222609455e-01 4.944310404153454e+01
2.424543449448973e-01 4.948808523890186e+01
2.429500353329435e-01 4.953306859264787e+01
2.434468975658786e-01 4.957805409065242e+01
2.439449358040988e-01 4.962304172073488e+01
2.444441542277176e-01 4.966803147065386e+01
2.449445570366831e-01 4.971302332810684e+01
2.454461484508955e-01 4.975801728072981e+01
2.459489327103260e-01 4.980301331609695e+01
2.464529140751361e-01 4.984801142172026e+01
2.469580968257980e-01 4.989301158504914e+01
2.474644852632156e-01 4.993801379347019e+01
2.479720837088469e-01 4.998301803430665e+01
2.484808965048266e-01 5.002802429481817e+01
2.489909280140901e-01 5.007303256220045e+01
2.495021826204981e-01 5.011804282358474e+01
2.500146647289623e-01 5.016305506603764e+01
2.505283787655718e-01 5.020806927656059e+01
2.510433291777207e-01 5.025308544208957e+01
2.515595204342362e-01 5.029810354949468e+01
2.520769570255082e-01 5.034312358557978e+01
2.525956434636190e-01 5.038814553708208e+01
2.531155842824748e-01 5.043316939067181e+01
2.536367840379380e-01 5.047819513295177e+01
2.541592473079600e-01 5.052322275045695e+01
2.546829786927150e-01 5.056825222965416e+01
2.552079828147355e-01 5.061328355694160e+01
2.557342643190480e-01 5.065831671864848e+01
2.562618278733102e-01 5.070335170103462e+01
2.567906781679486e-01 5.074838849029001e+01
2.573208199162979e-01 5.079342707253446e+01
2.578522578547410e-01 5.083846743381713e+01
2.583849967428499e-01 5.088350956011614e+01
2.589190413635277e-01 5.092855343733815e+01
2.594543965231518e-01 5.097359905131793e+01
2.599910670517185e-01 5.101864638781797e+01
2.605290578029878e-01 5.106369543252801e+01
2.610683736546296e-01 5.110874617106462e+01
2.616090195083717e-01 5.115379858897079e+01
2.621510002901477e-01 5.119885267171549e+01
2.626943209502469e-01 5.124390840469320e+01
2.632389864634653e-01 5.128896577322351e+01
2.637850018292567e-01 5.133402476255063e+01
2.643323720718862e-01 5.137908535784298e+01
2.648811022405844e-01 5.142414754419275e+01
2.654311974097023e-01 5.146921130661536e+01
2.659826626788678e-01 5.151427663004911e+01
2.665355031731433e-01 5.155934349935465e+01
2.670897240431850e-01 5.160441189931457e+01
2.676453304654017e-01 5.164948181463285e+01
2.682023276421170e-01 5.169455322993448e+01
2.687607208017314e-01 5.173962612976494e+01
2.693205151988857e-01 5.178470049858969e+01
2.698817161146257e-01 5.182977632079375e+01
2.704443288565688e-01 5.187485358068123e+01
2.710083587590710e-01 5.191993226247474e+01
2.715738111833954e-01 5.196501235031500e+01
2.721406915178823e-01 5.201009382826030e+01
2.727090051781200e-01 5.205517668028598e+01
2.732787576071179e-01 5.210026089028403e+01
2.738499542754794e-01 5.214534644206243e+01
2.744226006815780e-01 5.219043331934478e+01
2.749967023517327e-01 5.223552150576968e+01
2.755722648403865e-01 5.228061098489032e+01
2.761492937302853e-01 5.232570174017384e+01
2.767277946326583e-01 5.237079375500092e+01
2.773077731874001e-01 5.241588701266518e+01
2.778892350632539e-01 5.246098149637267e+01
2.784721859579957e-01 5.250607718924130e+01
2.790566315986216e-01 5.255117407430041e+01
2.796425777415341e-01 5.259627213449006e+01
2.802300301727316e-01 5.264137135266064e+01
2.808189947079992e-01 5.268647171157223e+01
2.814094771930999e-01 5.273157319389405e+01
2.820014835039687e-01 5.277667578220394e+01
2.825950195469069e-01 5.282177945898776e+01
2.831900912587789e-01 5.286688420663884e+01
2.837867046072101e-01 5.291199000745738e+01
2.843848655907865e-01 5.295709684364995e+01
2.849845802392553e-01 5.300220469732881e+01
2.855858546137279e-01 5.304731355051139e+01
2.861886948068840e-01 5.309242338511967e+01
2.867931069431774e-01 5.313753418297964e+01
2.873990971790435e-01 5.318264592582064e+01
2.880066717031078e-01 5.322775859527474e+01
2.886158367363974e-01 5.327287217287625e+01
2.892265985325528e-01 5.331798664006099e+01
2.898389633780420e-01 5.336310197816573e+01
2.904529375923761e-01 5.340821816842755e+01
2.910685275283268e-01 5.345333519198323e+01
2.916857395721456e-01 5.349845302986863e+01
2.923045801437846e-01 5.354357166301803e+01
2.929250556971187e-01 5.358869107226350e+01
2.935471727201707e-01 5.363381123833425e+01
2.941709377353367e-01 5.367893214185601e+01
2.947963572996146e-01 5.372405376335037e+01
2.954234380048334e-01 5.376917608323409e+01
2.960521864778853e-01 5.381429908181843e+01
2.966826093809586e-01 5.385942273930858e+01
2.973147134117735e-01 5.390454703580288e+01
2.979485053038188e-01 5.394967195129216e+01
2.985839918265916e-01 5.399479746565912e+01
2.992211797858375e-01 5.403992355867755e+01
2.998600760237946e-01 5.408505021001174e+01
3.005006874194375e-01 5.413017739921568e+01
3.011430208887247e-01 5.417530510573244e+01
3.017870833848471e-01 5.422043330889339e+01
3.024328818984791e-01 5.426556198791755e+01
3.030804234580319e-01 5.431069112191082e+01
3.037297151299079e-01 5.435582068986528e+01
3.043807640187579e-01 5.440095067065847e+01
3.050335772677401e-01 5.444608104305259e+01
3.056881620587820e-01 5.449121178569388e+01
3.063445256128431e-01 5.453634287711172e+01
3.070026751901806e-01 5.458147429571801e+01
3.076626180906170e-01 5.462660601980630e+01
3.083243616538104e-01 5.467173802755117e+01
3.089879132595263e-01 5.471687029700727e+01
3.096532803279117e-01 5.476200280610869e+01
3.103204703197720e-01 5.480713553266812e+01
3.109894907368501e-01 5.485226845437609e+01
3.116603491221070e-01 5.489740154880013e+01
3.123330530600057e-01 5.494253479338400e+01
3.130076101767966e-01 5.498766816544688e+01
3.136840281408061e-01 5.503280164218256e+01
3.143623146627274e-01 5.507793520065860e+01
3.150424774959126e-01 5.512306881781555e+01
3.157245244366690e-01 5.516820247046604e+01
3.164084633245564e-01 5.521333613529400e+01
3.170943020426880e-01 5.525846978885384e+01
3.177820485180327e-01 5.530360340756951e+01
3.184717107217211e-01 5.534873696773371e+01
3.191632966693526e-01 5.539387044550701e+01
3.198568144213073e-01 5.543900381691697e+01
3.205522720830576e-01 5.548413705785724e+01
3.212496778054852e-01 5.552927014408674e+01
3.219490397851985e-01 5.557440305122868e+01
3.226503662648549e-01 5.561953575476976e+01
3.233536655334837e-01 5.566466823005914e+01
3.240589459268128e-01 5.570980045230766e+01
3.247662158275985e-01 5.575493239658681e+01
3.254754836659568e-01 5.580006403782784e+01
3.261867579196996e-01 5.584519535082089e+01
3.269000471146711e-01 5.589032631021389e+01
3.276153598250894e-01 5.593545689051179e+01
3.283327046738894e-01 5.598058706607547e+01
3.290520903330701e-01 5.602571681112082e+01
3.297735255240434e-01 5.607084609971778e+01
3.304970190179867e-01 5.611597490578937e+01
3.312225796361983e-01 5.616110320311061e+01
3.319502162504563e-01 5.620623096530766e+01
3.326799377833800e-01 5.625135816585670e+01
3.334117532087940e-01 5.629648477808297e+01
3.341456715520970e-01 5.634161077515974e+01
3.348817018906327e-01 5.638673613010729e+01
3.356198533540632e-01 5.643186081579187e+01
3.363601351247476e-01 5.647698480492461e+01
3.371025564381218e-01 5.652210807006056e+01
3.378471265830831e-01 5.656723058359750e+01
3.385938549023776e-01 5.661235231777500e+01
3.393427507929910e-01 5.665747324467326e+01
3.400938237065421e-01 5.670259333621202e+01
3.408470831496814e-01 5.674771256414951e+01
3.416025386844916e-01 5.679283090008128e+01
3.423601999288927e-01 5.683794831543919e+01
3.431200765570492e-01 5.688306478149014e+01
3.438821782997830e-01 5.692818026933505e+01
3.446465149449883e-01 5.697329474990768e+01
3.454130963380502e-01 5.701840819397345e+01
3.461819323822682e-01 5.706352057212835e+01
3.469530330392820e-01 5.710863185479770e+01
3.477264083295025e-01 5.715374201223499e+01
3.485020683325449e-01 5.719885101452071e+01
3.492800231876673e-01 5.724395883156110e+01
3.500602830942122e-01 5.728906543308703e+01
3.508428583120525e-01 5.733417078865267e+01
3.516277591620410e-01 5.737927486763434e+01
3.524149960264639e-01 5.742437763922926e+01
3.532045793494992e-01 5.746947907245423e+01
3.539965196376778e-01 5.751457913614450e+01
3.547908274603502e-01 5.755967779895234e+01
3.555875134501564e-01 5.760477502934592e+01
3.563865883035002e-01 5.764987079560785e+01
3.571880627810282e-01 5.769496506583405e+01
3.579919477081128e-01 5.774005780793233e+01
3.587982539753391e-01 5.778514898962104e+01
3.596069925389975e-01 5.783023857842782e+01
3.604181744215793e-01 5.787532654168822e+01
3.612318107122778e-01 5.792041284654432e+01
3.620479125674937e-01 5.796549745994340e+01
3.628664912113445e-01 5.801058034863649e+01
3.636875579361797e-01 5.805566147917707e+01
3.645111241030995e-01 5.810074081791958e+01
3.653372011424795e-01 5.814581833101809e+01
3.661658005544988e-01 5.819089398442478e+01
3.669969339096742e-01 5.823596774388857e+01
3.678306128493982e-01 5.828103957495362e+01
3.686668490864835e-01 5.832610944295794e+01
3.695056544057103e-01 5.837117731303180e+01
3.703470406643810e-01 5.841624315009634e+01
3.711910197928779e-01 5.846130691886200e+01
3.720376037952283e-01 5.850636858382708e+01
3.728868047496726e-01 5.855142810927613e+01
3.737386348092389e-01 5.859648545927845e+01
3.745931062023232e-01 5.864154059768657e+01
3.754502312332743e-01 5.868659348813460e+01
3.763100222829842e-01 5.873164409403674e+01
3.771724918094844e-01 5.877669237858559e+01
3.780376523485479e-01 5.882173830475065e+01
3.789055165142958e-01 5.886678183527661e+01
3.797760969998115e-01 5.891182293268176e+01
3.806494065777581e-01 5.895686155925632e+01
3.815254581010046e-01 5.900189767706081e+01
3.824042645032548e-01 5.904693124792431e+01
3.832858387996854e-01 5.909196223344284e+01
3.841701940875874e-01 5.913699059497761e+01
3.850573435470152e-01 5.918201629365329e+01
3.859473004414410e-01 5.922703929035630e+01
3.868400781184166e-01 5.927205954573307e+01
3.877356900102399e-01 5.931707702018822e+01
3.886341496346284e-01 5.936209167388282e+01
3.895354705954003e-01 5.940710346673258e+01
3.904396665831605e-01 5.945211235840605e+01
3.913467513759933e-01 5.949711830832278e+01
3.922567388401632e-01 5.954212127565147e+01
3.931696429308208e-01 5.958712121930807e+01
3.940854776927163e-01 5.963211809795401e+01
3.950042572609204e-01 5.967711186999421e+01
3.959259958615503e-01 5.972210249357518e+01
3.968507078125046e-01 5.976708992658315e+01
3.977784075242052e-01 5.981207412664207e+01
3.987091095003450e-01 5.985705505111167e+01
3.996428283386441e-01 5.990203265708546e+01
4.005795787316129e-01 5.994700690138875e+01
4.015193754673231e-01 5.999197774057664e+01
4.024622334301855e-01 6.003694513093203e+01
4.034081676017359e-01 6.008190902846344e+01
4.043571930614286e-01 6.012686938890307e+01
4.053093249874376e-01 6.017182616770467e+01
4.062645786574665e-01 6.021677932004141e+01
4.072229694495645e-01 6.026172880080381e+01
4.081845128429523e-01 6.030667456459753e+01
4.091492244188553e-01 6.035161656574126e+01
4.101171198613454e-01 6.039655475826453e+01
4.110882149581909e-01 6.044148909590547e+01
4.120625256017147e-01 6.048641953210864e+01
4.130400677896615e-01 6.053134602002278e+01
4.140208576260730e-01 6.057626851249849e+01
4.150049113221733e-01 6.062118696208603e+01
4.159922451972606e-01 6.066610132103300e+01
4.169828756796103e-01 6.071101154128193e+01
4.179768193073857e-01 6.075591757446807e+01
4.189740927295592e-01 6.080081937191696e+01
4.199747127068407e-01 6.084571688464199e+01
4.209786961126172e-01 6.089061006334209e+01
4.219860599339013e-01 6.093549885839923e+01
4.229968212722893e-01 6.098038321987602e+01
4.240109973449286e-01 6.102526309751319e+01
4.250286054854957e-01 6.107013844072709e+01
4.260496631451833e-01 6.111500919860724e+01
4.270741878936983e-01 6.115987531991367e+01
4.281021974202695e-01 6.120473675307448e+01
4.291337095346655e-01 6.124959344618316e+01
4.301687421682233e-01 6.129444534699602e+01
4.312073133748870e-01 6.133929240292952e+01
4.322494413322588e-01 6.138413456105764e+01
4.332951443426575e-01 6.142897176810918e+01
4.343444408341917e-01 6.147380397046503e+01
4.353973493618410e-01 6.151863111415547e+01
4.364538886085515e-01 6.156345314485738e+01
4.375140773863386e-01 6.160827000789145e+01
4.385779346374052e-01 6.165308164821938e+01
4.396454794352692e-01 6.169788801044107e+01
4.407167309859037e-01 6.174268903879168e+01
4.417917086288882e-01 6.178748467713880e+01
4.428704318385731e-01 6.183227486897948e+01
4.439529202252550e-01 6.187705955743735e+01
4.450391935363658e-01 6.192183868525956e+01
4.461292716576733e-01 6.196661219481388e+01
4.472231746144941e-01 6.201138002808557e+01
4.483209225729206e-01 6.205614212667437e+01
4.494225358410597e-01 6.210089843179141e+01
4.505280348702859e-01 6.214564888425609e+01
4.516374402565059e-01 6.219039342449292e+01
4.527507727414381e-01 6.223513199252838e+01
4.538680532139054e-01 6.227986452798764e+01
4.549893027111418e-01 6.232459097009144e+01
4.561145424201122e-01 6.236931125765268e+01
4.572437936788470e-01 6.241402532907325e+01
4.583770779777916e-01 6.245873312234063e+01
4.595144169611690e-01 6.250343457502453e+01
4.606558324283579e-01 6.254812962427353e+01
4.618013463352853e-01 6.259281820681163e+01
4.629509807958347e-01 6.263750025893478e+01
4.641047580832688e-01 6.268217571650742e+01
4.652627006316686e-01 6.272684451495897e+01
4.664248310373863e-01 6.277150658928016e+01
4.675911720605159e-01 6.281616187401960e+01
4.687617466263791e-01 6.286081030328000e+01
4.699365778270274e-01 6.290545181071465e+01
4.711156889227601e-01 6.295008632952360e+01
4.722991033436597e-01 6.299471379244997e+01
4.734868446911437e-01 6.303933413177620e+01
4.746789367395344e-01 6.308394727932024e+01
4.758754034376441e-01 6.312855316643168e+01
4.770762689103791e-01 6.317315172398789e+01
4.782815574603614e-01 6.321774288239008e+01
4.794912935695691e-01 6.326232657155941e+01
4.807055019009920e-01 6.330690272093288e+01
4.819242073003090e-01 6.335147125945942e+01
4.831474347975827e-01 6.339603211559571e+01
4.843752096089725e-01 6.344058521730214e+01
4.856075571384681e-01 6.348513049203864e+01
4.868445029796410e-01 6.352966786676047e+01
4.880860729174165e-01 6.357419726791398e+01
4.893322929298649e-01 6.361871862143234e+01
4.905831891900151e-01 6.366323185273127e+01
4.918387880676847e-01 6.370773688670459e+01
4.930991161313342e-01 6.375223364771988e+01
4.943642001499407e-01 6.379672205961398e+01
4.956340670948937e-01 6.384120204568860e+01
4.969087441419109e-01 6.388567352870563e+01
4.981882586729776e-01 6.393013643088270e+01
4.994726382783066e-01 6.397459067388846e+01
5.007619107583228e-01 6.401903617883794e+01
5.020561041256673e-01 6.406347286628785e+01
5.033552466072273e-01 6.410790065623181e+01
5.046593666461878e-01 6.415231946809543e+01
5.059684929041077e-01 6.419672922073164e+01
5.072826542630199e-01 6.424112983241561e+01
5.086018798275541e-01 6.428552122083988e+01
5.099261989270865e-01 6.432990330310932e+01
5.112556411179126e-01 6.437427599573601e+01
5.125902361854477e-01 6.441863921463433e+01
5.139300141464490e-01 6.446299287511550e+01
5.152750052512673e-01 6.450733689188262e+01
5.166252399861239e-01 6.455167117902526e+01
5.179807490754136e-01 6.459599565001420e+01
5.193415634840352e-01 6.464031021769603e+01
5.207077144197493e-01 6.468461479428771e+01
5.220792333355644e-01 6.472890929137111e+01
5.234561519321504e-01 6.477319361988748e+01
5.248385021602813e-01 6.481746769013182e+01
5.262263162233060e-01 6.486173141174721e+01
5.276196265796496e-01 6.490598469371916e+01
5.290184659453435e-01 6.495022744436980e+01
5.304228672965872e-01 6.499445957135204e+01
5.318328638723377e-01 6.503868098164371e+01
5.332484891769337e-01 6.508289158154159e+01
5.346697769827476e-01 6.512709127665539e+01
5.360967613328738e-01 6.517127997190177e+01
5.375294765438438e-01 6.521545757149802e+01
5.389679572083791e-01 6.525962397895604e+01
5.404122381981744e-01 6.530377909707600e+01
5.418623546667166e-01 6.534792282794000e+01
5.433183420521355e-01 6.539205507290571e+01
5.447802360800915e-01 6.543617573259988e+01
5.462480727666976e-01 6.548028470691186e+01
5.477218884214775e-01 6.552438189498699e+01
5.492017196503584e-01 6.556846719521988e+01
5.506876033587030e-01 6.561254050524776e+01
5.521795767543770e-01 6.565660172194364e+01
5.536776773508544e-01 6.570065074140943e+01
5.551819429703627e-01 6.574468745896903e+01
5.566924117470650e-01 6.578871176916124e+01
5.582091221302825e-01 6.583272356573275e+01
5.597321128877574e-01 6.587672274163094e+01
5.612614231089564e-01 6.592070918899665e+01
5.627970922084141e-01 6.596468279915682e+01
5.643391599291195e-01 6.600864346261717e+01
5.658876663459447e-01 6.605259106905466e+01
5.674426518691165e-01 6.609652550730998e+01
5.690041572477315e-01 6.614044666537990e+01
5.705722235733154e-01 6.618435443040954e+01
5.721468922834277e-01 6.622824868868466e+01
5.737282051653131e-01 6.627212932562367e+01
5.753162043595953e-01 6.631599622576977e+01
5.769109323640228e-01 6.635984927278281e+01
5.785124320372587e-01 6.640368834943126e+01
5.801207466027214e-01 6.644751333758393e+01
5.817359196524718e-01 6.649132411820166e+01
5.833579951511527e-01 6.653512057132896e+01
5.849870174399779e-01 6.657890257608554e+01
5.866230312407721e-01 6.662267001065767e+01
5.882660816600646e-01 6.666642275228958e+01
5.899162141932330e-01 6.671016067727466e+01
5.915734747287049e-01 6.675388366094667e+01
5.932379095522088e-01 6.679759157767066e+01
5.949095653510860e-01 6.684128430083410e+01
5.965884892186540e-01 6.688496170283761e+01
5.982747286586299e-01 6.692862365508574e+01
5.999683315896095e-01 6.697227002797766e+01
6.016693463496091e-01 6.701590069089772e+01
6.033778217006613e-01 6.705951551220589e+01
6.050938068334764e-01 6.710311435922810e+01
6.068173513721626e-01 6.714669709824648e+01
6.085485053790111e-01 6.719026359448958e+01
6.102873193593412e-01 6.723381371212228e+01
6.120338442664134e-01 6.727734731423584e+01
6.137881315064060e-01 6.732086426283760e+01
6.155502329434582e-01 6.736436441884078e+01
6.173202009047833e-01 6.740784764205404e+01
6.190980881858460e-01 6.745131379117089e+01
6.208839480556129e-01 6.749476272375918e+01
6.226778342618728e-01 6.753819429625024e+01
6.244798010366298e-01 6.758160836392805e+01
6.262899031015662e-01 6.762500478091826e+01
6.281081956735838e-01 6.766838340017704e+01
6.299347344704175e-01 6.771174407347984e+01
6.317695757163281e-01 6.775508665141011e+01
6.336127761478692e-01 6.779841098334774e+01
6.354643930197368e-01 6.784171691745743e+01
6.373244841106974e-01 6.788500430067704e+01
6.391931077295986e-01 6.792827297870564e+01
6.410703227214603e-01 6.797152279599153e+01
6.429561884736531e-01 6.801475359572012e+01
6.448507649221609e-01 6.805796521980164e+01
6.467541125579299e-01 6.810115750885876e+01
6.486662924333084e-01 6.814433030221402e+01
6.505873661685725e-01 6.818748343787711e+01
6.525173959585462e-01 6.823061675253216e+01
6.544564445793140e-01 6.827373008152463e+01
6.564045753950272e-01 6.831682325884834e+01
6.583618523648047e-01 6.835989611713207e+01
6.603283400497342e-01 6.840294848762620e+01
6.623041036199696e-01 6.844598020018923e+01
6.642892088619322e-01 6.848899108327393e+01
6.662837221856103e-01 6.853198096391363e+01
6.682877106319661e-01 6.857494966770801e+01
6.703012418804470e-01 6.861789701880909e+01
6.723243842566061e-01 6.866082283990683e+01
6.743572067398282e-01 6.870372695221459e+01
6.763997789711712e-01 6.874660917545452e+01
6.784521712613188e-01 6.878946932784271e+01
6.805144545986475e-01 6.883230722607416e+01
6.825867006574128e-01 6.887512268530770e+01
6.846689818060512e-01 6.891791551915057e+01
6.867613711156052e-01 6.896068553964290e+01
6.888639423682709e-01 6.900343255724209e+01
6.909767700660721e-01 6.904615638080695e+01
6.930999294396571e-01 6.908885681758152e+01
6.952334964572304e-01 6.913153367317901e+01
6.973775478336119e-01 6.917418675156524e+01
6.995321610394342e-01 6.921681585504221e+01
7.016974143104704e-01 6.925942078423112e+01
7.038733866571057e-01 6.930200133805552e+01
7.060601578739474e-01 6.934455731372407e+01
7.082578085495794e-01 6.938708850671321e+01
7.104664200764618e-01 6.942959471074963e+01
7.126860746609784e-01 6.947207571779232e+01
7.149168553336381e-01 6.951453131801486e+01
7.171588459594262e-01 6.955696129978702e+01
7.194121312483170e-01 6.959936544965647e+01
7.216767967659397e-01 6.964174355233023e+01
7.239529289444109e-01 6.968409539065571e+01
7.262406150933307e-01 6.972642074560184e+01
7.285399434109480e-01 6.976871939623976e+01
7.308510029954918e-01 6.981099111972333e+01
7.331738838566828e-01 6.985323569126945e+01
7.355086769274181e-01 6.989545288413821e+01
7.378554740756381e-01 6.993764246961267e+01
7.402143681163749e-01 6.997980421697851e+01
7.425854528239889e-01 7.002193789350342e+01
7.449688229445952e-01 7.006404326441623e+01
7.473645742086855e-01 7.010612009288589e+01
7.497728033439430e-01 7.014816814000005e+01
7.521936080882620e-01 7.019018716474355e+01
7.546270872029701e-01 7.023217692397654e+01
7.570733404862589e-01 7.027413717241244e+01
7.595324687868286e-01 7.031606766259563e+01
7.620045740177442e-01 7.035796814487877e+01
7.644897591705166e-01 7.039983836740005e+01
7.669881283294041e-01 7.044167807606000e+01
7.694997866859454e-01 7.048348701449815e+01
7.720248405537219e-01 7.052526492406940e+01
7.745633973833581e-01 7.056701154382002e+01
7.771155657777641e-01 7.060872661046346e+01
7.796814555076242e-01 7.065040985835599e+01
7.822611775271333e-01 7.069206101947175e+01
7.848548439899909e-01 7.073367982337784e+01
7.874625682656551e-01 7.077526599720892e+01
7.900844649558613e-01 7.081681926564161e+01
7.927206499114090e-01 7.085833935086852e+01
7.953712402492277e-01 7.089982597257202e+01
7.980363543697193e-01 7.094127884789779e+01
8.007161119743890e-01 7.098269769142786e+01
8.034106340837681e-01 7.102408221515356e+01
8.061200430556299e-01 7.106543212844801e+01
8.088444626035132e-01 7.110674713803836e+01
8.115840178155509e-01 7.114802694797768e+01
8.143388351736170e-01 7.118927125961656e+01
8.171090425727896e-01 7.123047977157432e+01
8.198947693411455e-01 7.127165217970995e+01
8.226961462598847e-01 7.131278817709268e+01
8.255133055838005e-01 7.135388745397231e+01
8.283463810620887e-01 7.139494969774894e+01
8.311955079595174e-01 7.143597459294269e+01
8.340608230779536e-01 7.147696182116280e+01
8.369424647782618e-01 7.151791106107659e+01
8.398405730025716e-01 7.155882198837779e+01
8.427552892969349e-01 7.159969427575486e+01
8.456867568343693e-01 7.164052759285863e+01
8.486351204383014e-01 7.168132160626973e+01
8.516005266064185e-01 7.172207597946567e+01
8.545831235349305e-01 7.176279037278742e+01
8.575830611432594e-01 7.180346444340570e+01
8.606004910991583e-01 7.184409784528688e+01
8.636355668442733e-01 7.188469022915851e+01
8.666884436201515e-01 7.192524124247431e+01
8.697592784947115e-01 7.196575052937904e+01
8.728482303891797e-01 7.200621773067265e+01
8.759554601055093e-01 7.204664248377431e+01
8.790811303542800e-01 7.208702442268584e+01
8.822254057831030e-01 7.212736317795479e+01
8.853884530055303e-01 7.216765837663716e+01
8.885704406304876e-01 7.220790964225961e+01
8.917715392922315e-01 7.224811659478128e+01
8.949919216808532e-01 7.228827885055522e+01
8.982317625733338e-01 7.232839602228933e+01
9.014912388651621e-01 7.236846771900690e+01
9.047705296025342e-01 7.240849354600671e+01
9.080698160151340e-01 7.244847310482267e+01
9.113892815495236e-01 7.248840599318299e+01
9.147291119031418e-01 7.252829180496900e+01
9.180894950589368e-01 7.256813013017343e+01
9.214706213206317e-01 7.260792055485815e+01
9.248726833486528e-01 7.264766266111171e+01
9.282958761967233e-01 7.268735602700609e+01
9.317403973491437e-01 7.272700022655327e+01
9.352064467587667e-01 7.276659482966110e+01
9.386942268856915e-01 7.280613940208889e+01
9.422039427366843e-01 7.284563350540228e+01
9.457358019053497e-01 7.288507669692794e+01
9.492900146130572e-01 7.292446852970750e+01
9.528667937506549e-01 7.296380855245110e+01
9.564663549209760e-01 7.300309630949050e+01
9.600889164821613e-01 7.304233134073164e+01
9.637346995918165e-01 7.308151318160665e+01
9.674039282520159e-01 7.312064136302548e+01
9.710968293551845e-01 7.315971541132689e+01
9.748136327308647e-01 7.319873484822905e+01
9.785545711934007e-01 7.323769919077958e+01
9.823198805905461e-01 7.327660795130502e+01
9.861097998530322e-01 7.331546063735991e+01
9.899245710451077e-01 7.335425675167524e+01
9.937644394160792e-01 7.339299579210646e+01
9.976296534528657e-01 7.343167725158089e+01
1.001520464933604e+00 7.347030061804470e+01
1.005437128982321e+00 7.350886537440928e+01
1.009379904124696e+00 7.354737099849714e+01
1.013349052344947e+00 7.358581696298727e+01
1.017344839143857e+00 7.362420273535996e+01
1.021367533597978e+00 7.366252777784108e+01
1.025417408420032e+00 7.370079154734590e+01
1.029494740020541e+00 7.373899349542229e+01
1.033599808570714e+00 7.377713306819348e+01
1.037732898066622e+00 7.381520970630014e+01
1.041894296394692e+00 7.385322284484216e+01
1.046084295398558e+00 7.389117191331975e+01
1.050303190947278e+00 7.392905633557397e+01
1.054551283004986e+00 7.396687552972691e+01
1.058828875701982e+00 7.400462890812113e+01
1.063136277407321e+00 7.404231587725886e+01
1.067473800802907e+00 7.407993583774034e+01
1.071841762959163e+00 7.411748818420196e+01
1.076240485412294e+00 7.415497230525371e+01
1.080670294243187e+00 7.419238758341614e+01
1.085131520157986e+00 7.422973339505687e+01
1.089624498570399e+00 7.426700911032660e+01
1.094149569685759e+00 7.430421409309454e+01
1.098707078586890e+00 7.434134770088352e+01
1.103297375321844e+00 7.437840928480441e+01
1.107920814993512e+00 7.441539818949025e+01
1.112577757851207e+00 7.445231375302981e+01
1.117268569384229e+00 7.448915530690076e+01
1.121993620417494e+00 7.452592217590228e+01
1.126753287209244e+00 7.456261367808743e+01
1.131547951550933e+00 7.459922912469487e+01
1.136378000869313e+00 7.463576782008028e+01
1.141243828330793e+00 7.467222906164744e+01
1.146145832948120e+00 7.470861213977877e+01
1.151084419689457e+00 7.474491633776555e+01
1.156059999589904e+00 7.478114093173784e+01
1.161072989865544e+00 7.481728519059403e+01
1.166123814030056e+00 7.485334837592994e+01
1.171212902013997e+00 7.488932974196780e+01
1.176340690286789e+00 7.492522853548473e+01
1.181507621981509e+00 7.496104399574116e+01
1.186714147022550e+00 7.499677535440888e+01
1.191960722256215e+00 7.503242183549877e+01
1.197247811584348e+00 7.506798265528850e+01
1.202575886101070e+00 7.510345702224998e+01
1.207945424232709e+00 7.513884413697663e+01
1.213356911881002e+00 7.517414319211048e+01
1.218810842569674e+00 7.520935337226932e+01
1.224307717594475e+00 7.524447385397360e+01
1.229848046176786e+00 7.527950380557350e+01
1.235432345620862e+00 7.531444238717570e+01
1.241061141474850e+00 7.534928875057057e+01
1.246734967695670e+00 7.538404203915906e+01
1.252454366817862e+00 7.541870138787998e+01
1.258219890126524e+00 7.545326592313728e+01
1.264032097834446e+00 7.548773476272757e+01
1.269891559263571e+00 7.552210701576790e+01
1.275798853030891e+00 7.555638178262380e+01
1.281754567238929e+00 7.559055815483772e+01
1.287759299670901e+00 7.562463521505779e+01
1.293813657990740e+00 7.565861203696707e+01
1.299918259948087e+00 7.569248768521332e+01
1.306073733588414e+00 7.572626121533936e+01
1.312280717468408e+00 7.575993167371399e+01
1.318539860876806e+00 7.579349809746368e+01
1.324851824060801e+00 7.582695951440500e+01
1.331217278458220e+00 7.586031494297792e+01
1.337636906935618e+00 7.589356339218003e+01
1.344111404032480e+00 7.592670386150169e+01
1.350641476211718e+00 7.595973534086245e+01
1.357227842116641e+00 7.599265681054837e+01
1.363871232834593e+00 7.602546724115088e+01
1.370572392167483e+00 7.605816559350681e+01
1.377332076909395e+00 7.609075081863998e+01
1.384151057131497e+00 7.612322185770429e+01
1.391030116474500e+00 7.615557764192862e+01
1.397970052448857e+00 7.618781709256322e+01
1.404971676742987e+00 7.621993912082840e+01
1.412035815539741e+00 7.625194262786492e+01
1.419163309841400e+00 7.628382650468673e+01
1.426355015803435e+00 7.631558963213590e+01
1.433611805077343e+00 7.634723088084000e+01
1.440934565162830e+00 7.637874911117214e+01
1.448324199769648e+00 7.641014317321361e+01
1.455781629189372e+00 7.644141190671948e+01
1.463307790677481e+00 7.647255414108723e+01
1.470903638846034e+00 7.650356869532864e+01
1.478570146067319e+00 7.653445437804501e+01
1.486308302888803e+00 7.656520998740605e+01
1.494119118459785e+00 7.659583431113245e+01
1.502003620970115e+00 7.662632612648252e+01
1.509962858101395e+00 7.665668420024295e+01
1.517997897491069e+00 7.668690728872407e+01
1.526109827209831e+00 7.671699413775964e+01
1.534299756252813e+00 7.674694348271150e+01
1.542568815045000e+00 7.677675404847949e+01
1.550918155961384e+00 7.680642454951656e+01
1.559348953862319e+00 7.683595368984956e+01
1.567862406644636e+00 7.686534016310598e+01
1.576459735809043e+00 7.689458265254684e+01
1.585142187044386e+00 7.692367983110609e+01
1.593911030829334e+00 7.695263036143666e+01
1.602767563052132e+00 7.698143289596393e+01
1.611713105649027e+00 7.701008607694627e+01
1.620749007262053e+00 7.703858853654359e+01
1.629876643916837e+00 7.706693889689397e+01
1.639097419721159e+00 7.709513577019878e+01
1.648412767585012e+00 7.712317775881669e+01
1.657824149962924e+00 7.715106345536694e+01
1.667333059619365e+00 7.717879144284231e+01
1.676941020418061e+00 7.720636029473228e+01
1.686649588136115e+00 7.723376857515657e+01
1.696460351303831e+00 7.726101483900989e+01
1.706374932071207e+00 7.728809763211795e+01
1.716394987102066e+00 7.731501549140569e+01
1.726522208496891e+00 7.734176694507774e+01
1.736758324745423e+00 7.736835051281199e+01
1.747105101710156e+00 7.739476470596672e+01
1.757564343641898e+00 7.742100802780173e+01
1.768137894228630e+00 7.744707897371414e+01
1.778827637678952e+00 7.747297603148949e+01
1.789635499841434e+00 7.749869768156876e+01
1.800563449361277e+00 7.752424239733166e+01
1.811613498875754e+00 7.754960864539734e+01
1.822787706249946e+00 7.757479488594278e+01
1.834088175854351e+00 7.759979957303966e+01
1.845517059886082e+00 7.762462115501062e+01
1.857076559735319e+00 7.764925807480525e+01
1.868768927398914e+00 7.767370877039704e+01
1.880596466943011e+00 7.769797167520164e+01
1.892561536016693e+00 7.772204521851752e+01
1.904666547418722e+00 7.774592782598970e+01
1.916913970719598e+00 7.776961792009737e+01
1.929306333941192e+00 7.779311392066656e+01
1.941846225296380e+00 7.781641424540823e+01
1.954536294991150e+00 7.783951731048315e+01
1.967379257091882e+00 7.786242153109431e+01
1.980377891460498e+00 7.788512532210778e+01
1.993535045760442e+00 7.790762709870306e+01
2.006853637536458e+00 7.792992527705388e+01
2.020336656371438e+00 7.795201827504054e+01
2.033987166123623e+00 7.797390451299462e+01
2.047808307247707e+00 7.799558241447738e+01
2.061803299203544e+00 7.801705040709278e+01
2.075975442956290e+00 7.803830692333607e+01
2.090328123572128e+00 7.805935040147934e+01
2.104864812913806e+00 7.808017928649497e+01
2.119589072440542e+00 7.810079203101810e+01
2.134504556116976e+00 7.812118709634926e+01
2.149615013436240e+00 7.814136295349847e+01
2.164924292562332e+00 7.816131808427166e+01
2.180436343597382e+00 7.818105098240088e+01
2.196155221979567e+00 7.820056015471931e+01
2.212085092017888e+00 7.821984412238210e+01
2.228230230570238e+00 7.823890142213450e+01
2.244595030871601e+00 7.825773060762816e+01
2.261184006519560e+00 7.827633025078683e+01
2.278001795624731e+00 7.829469894322256e+01
2.295053165134141e+00 7.831283529770354e+01
2.312343015335987e+00 7.833073794967456e+01
2.329876384554763e+00 7.834840555883113e+01
2.347658454046146e+00 7.836583681074829e+01
2.365694553101693e+00 7.838303041856510e+01
2.383990164373861e+00 7.839998512472555e+01
2.402550929432587e+00 7.841669970277680e+01
2.421382654565163e+00 7.843317295922562e+01
2.440491316832041e+00 7.844940373545339e+01
2.459883070391758e+00 7.846539090969068e+01
2.479564253109087e+00 7.848113339905147e+01
2.499541393461263e+00 7.849663016162764e+01
2.519821217758169e+00 7.851188019864392e+01
2.540410657693192e+00 7.852688255667341e+01
2.561316858242602e+00 7.854163632991352e+01
2.582547185932315e+00 7.855614066252230e+01
2.604109237492179e+00 7.857039475101466e+01
2.626010848919128e+00 7.858439784671781e+01
2.648260104971897e+00 7.859814925828530e+01
2.670865349121514e+00 7.861164835426848e+01
2.693835193983223e+00 7.862489456574392e+01
2.717178532257317e+00 7.863788738899562e+01
2.740904548208030e+00 7.865062638824971e+01
2.765022729711653e+00 7.866311119845949e+01
2.789542880907002e+00 7.867534152813852e+01
2.814475135483787e+00 7.868731716223844e+01
2.839829970646613e+00 7.869903796506841e+01
2.865618221795133e+00 7.871050388325227e+01
2.891851097963456e+00 7.872171494871924e+01
2.918540198065142e+00 7.873267128172338e+01
2.945697527993167e+00 7.874337309388663e+01
2.973335518627888e+00 7.875382069125939e+01
3.001467044809657e+00 7.876401447739261e+01
3.030105445337044e+00 7.877395495641397e+01
3.059264544055839e+00 7.878364273610079e+01
3.088958672108917e+00 7.879307853094102e+01
3.119202691422243e+00 7.880226316517357e+01
3.150012019507781e+00 7.881119757579781e+01
3.181402655670405e+00 7.881988281554170e+01
3.213391208712310e+00 7.882832005577733e+01
3.245994926235797e+00 7.883651058937116e+01
3.279231725652944e+00 7.884445583345619e+01
3.313120227019447e+00 7.885215733211179e+01
3.347679787818942e+00 7.885961675893601e+01
3.382930539834435e+00 7.886683591949497e+01
3.418893428254282e+00 7.887381675363173e+01
3.455590253172492e+00 7.888056133761737e+01
3.493043713656019e+00 7.888707188612509e+01
3.531277454566294e+00 7.889335075400768e+01
3.570316116337837e+00 7.889940043785762e+01
3.610185387934307e+00 7.890522357732807e+01
3.650912063221024e+00 7.891082295619221e+01
3.692524101013965e+00 7.891620150311766e+01
3.735050689088079e+00 7.892136229213166e+01
3.778522312452728e+00 7.892630854275214e+01
3.822970826230067e+00 7.893104361975938e+01
3.868429533502335e+00 7.893557103258195e+01
3.914933268527998e+00 7.893989443427101e+01
3.962518485763560e+00 7.894401762003602e+01
4.011223355169371e+00 7.894794452531568e+01
4.061087864322929e+00 7.895167922335742e+01
4.112153927913933e+00 7.895522592227974e+01
4.164465505251059e+00 7.895858896159207e+01
4.218068726473052e+00 7.896177280814787e+01
4.273012028225583e+00 7.896478205150818e+01
4.329346299642748e+00 7.896762139869432e+01
4.387125039557788e+00 7.897029566831070e+01
4.446404525964128e+00 7.897280978402118e+01
4.507243998854845e+00 7.897516876736546e+01
4.569705857689302e+00 7.897737772990544e+01
4.633855874870649e+00 7.897944186469581e+01
4.699763426769294e+00 7.898136643707737e+01
4.767501743998457e+00 7.898315677479731e+01
4.837148182839694e+00 7.898481825746617e+01
4.908784519933553e+00 7.898635630536789e+01
4.982497272595349e+00 7.898777636764659e+01
5.058378047394258e+00 7.898908390990118e+01
5.136523919948341e+00 7.899028440122787e+01
5.217037849246504e+00 7.899138330075893e+01
5.300029130215380e+00 7.899238604375634e+01
5.385613888714534e+00 7.899329802732819e+01
5.473915623673959e+00 7.899412459584674e+01
5.565065801696611e+00 7.899487102615710e+01
5.659204510146235e+00 7.899554251267651e+01
5.756481175544179e+00 7.899614415249464e+01
5.857055355023411e+00 7.899668093059545e+01
5.961097609657076e+00 7.899715770533143e+01
6.068790469716507e+00 7.899757919428897e+01
6.180329503349490e+00 7.899794996069218e+01
6.295924501841853e+00 7.899827440049813e+01
6.415800796574648e+00 7.899855673034064e+01
6.540200725070972e+00 7.899880097648202e+01
6.669385266201769e+00 7.899901096493076e+01
6.803635867769069e+00 7.899919031287965e+01
6.943256493399030e+00 7.899934242161046e+01
7.088575920075144e+00 7.899947047100068e+01
7.239950322862762e+00 7.899957741575054e+01
7.397766189598790e+00 7.899966598342974e+01
7.562443615758087e+00 7.899973867441682e+01
7.734440038635612e+00 7.899979776377553e+01
7.914254480734844e+00 7.899984530507820e+01
8.102432385257297e+00 7.899988313614861e+01
8.299571142376054e+00 7.899991288665613e+01
8.506326424232268e+00 7.899993598744972e+01
8.723419470181341e+00 7.899995368147717e+01
8.951645492845751e+00 7.899996703609222e+01
9.191883411439866e+00 7.899997695651193e+01
9.445107163471446e+00 7.899998420015210e+01
9.712398901727060e+00 7.899998939154014e+01
9.994964453597280e+00 7.899999303748649e+01
1.029415150851869e+01 7.899999554218780e+01
1.061147111222315e+01 7.899999722194087e+01
1.094862319115920e+01 7.899999831916554e+01
1.130752701712340e+01 7.899999901546781e+01
1.169035776481853e+01 7.899999944352126e+01
1.209959063304428e+01 7.899999969760204e+01
1.253805442042910e+01 7.899999984267785e+01
1.300899700687947e+01 7.899999992202068e+01
1.351616594613371e+01 7.899999996337968e+01
1.406390840052830e+01 7.899999998381159e+01
1.465729605945563e+01 7.899999999331436e+01
1.530228264524635e+01 7.899999999744327e+01
1.600590437519986e+01 7.899999999910406e+01
1.677653769848229e+01 7.899999999971588e+01
1.762423435409276e+01 7.899999999991968e+01
1.856116223660980e+01 7.899999999998012e+01
1.960219321718429e+01 7.899999999999579e+01
2.076569843076756e+01 7.899999999999926e+01
2.207464179604843e+01 7.899999999999990e+01
2.355811094336707e+01 7.899999999999999e+01
2.525350425458838e+01 7.900000000000000e+01
2.720972730599760e+01 7.900000000000000e+01
2.949198753264116e+01 7.900000000000000e+01
3.218920416412957e+01 7.900000000000000e+01
3.542586412191569e+01 7.900000000000000e+01
3.938178184809876e+01 7.900000000000000e+01
4.432667900582766e+01 7.900000000000000e+01
