0.000000000000000e+00 0.000000000000000e+00
1.334827501141600e-04 3.369611660348681e-02
2.670983849969753e-04 6.738696359784768e-02
4.008471031814666e-04 1.010725418631964e-01
5.347291035963362e-04 1.347528522786021e-01
6.687445855669534e-04 1.684278957224166e-01
8.028937488163442e-04 2.020976730720818e-01
9.371767934661836e-04 2.357621852040168e-01
1.071593920037790e-03 2.694214329939726e-01
1.206145329453124e-03 3.030754173167125e-01
1.340831223035791e-03 3.367241390460620e-01
1.475651802512039e-03 3.703675990551218e-01
1.610607270011776e-03 4.040057982160263e-01
1.745697828069571e-03 4.376387373999009e-01
1.880923679625670e-03 4.712664174772598e-01
2.016285028027017e-03 5.048888393175019e-01
2.151782077028264e-03 5.385060037892089e-01
2.287415030792802e-03 5.721179117601167e-01
2.423184093893783e-03 6.057245640969882e-01
2.559089471315147e-03 6.393259616657545e-01
2.695131368452654e-03 6.729221053314873e-01
2.831309991114922e-03 7.065129959582634e-01
2.967625545524463e-03 7.400986344093283e-01
3.104078238318722e-03 7.736790215470037e-01
3.240668276551122e-03 8.072541582327943e-01
3.377395867692116e-03 8.408240453272171e-01
3.514261219630229e-03 8.743886836898440e-01
3.651264540673117e-03 9.079480741795081e-01
3.788406039548627e-03 9.415022176540546e-01
3.925685925405847e-03 9.750511149702916e-01
4.063104407816179e-03 1.008594766984423e+00
4.200661696774400e-03 1.042133174551424e+00
4.338358002699734e-03 1.075666338525600e+00
4.476193536436923e-03 1.109194259760237e+00
4.614168509257307e-03 1.142716939107679e+00
4.752283132859898e-03 1.176234377419476e+00
4.890537619372466e-03 1.209746575546184e+00
5.028932181352625e-03 1.243253534337413e+00
5.167467031788923e-03 1.276755254641998e+00
5.306142384101930e-03 1.310251737307681e+00
5.444958452145341e-03 1.343742983181386e+00
5.583915450207070e-03 1.377228993109121e+00
5.723013593010356e-03 1.410709767935906e+00
5.862253095714864e-03 1.444185308505922e+00
6.001634173917801e-03 1.477655615662407e+00
6.141157043655023e-03 1.511120690247580e+00
6.280821921402156e-03 1.544580533102931e+00
6.420629024075712e-03 1.578035145068789e+00
6.560578569034213e-03 1.611484526984682e+00
6.700670774079319e-03 1.644928679689244e+00
6.840905857456953e-03 1.678367604020103e+00
6.981284037858442e-03 1.711801300813917e+00
7.121805534421648e-03 1.745229770906548e+00
7.262470566732109e-03 1.778653015132846e+00
7.403279354824185e-03 1.812071034326628e+00
7.544232119182205e-03 1.845483829320933e+00
7.685329080741613e-03 1.878891400947793e+00
7.826570460890130e-03 1.912293750038245e+00
7.967956481468908e-03 1.945690877422528e+00
8.109487364773687e-03 1.979082783929734e+00
8.251163333555972e-03 2.012469470388226e+00
8.392984611024185e-03 2.045850937625183e+00
8.534951420844856e-03 2.079227186467072e+00
8.677063987143780e-03 2.112598217739283e+00
8.819322534507215e-03 2.145964032266257e+00
8.961727287983048e-03 2.179324630871491e+00
9.104278473081991e-03 2.212680014377568e+00
9.246976315778773e-03 2.246030183606031e+00
9.389821042513326e-03 2.279375139377592e+00
9.532812880191996e-03 2.312714882511827e+00
9.675952056188725e-03 2.346049413827565e+00
9.819238798346279e-03 2.379378734142520e+00
9.962673334977431e-03 2.412702844273504e+00
1.010625589486620e-02 2.446021745036262e+00
1.024998670726906e-02 2.479335437245766e+00
1.039386600191613e-02 2.512643921715906e+00
1.053789400901245e-02 2.545947199259544e+00
1.068207095923917e-02 2.579245270688631e+00
1.082639708375479e-02 2.612538136814223e+00
1.097087261419641e-02 2.645825798446310e+00
1.111549778268096e-02 2.679108256393896e+00
1.126027282180642e-02 2.712385511465079e+00
1.140519796465311e-02 2.745657564466931e+00
1.155027344478492e-02 2.778924416205534e+00
1.169549949625054e-02 2.812186067486032e+00
1.184087635358476e-02 2.845442519112545e+00
1.198640425180972e-02 2.878693771888265e+00
1.213208342643616e-02 2.911939826615288e+00
1.227791411346471e-02 2.945180684094879e+00
1.242389654938714e-02 2.978416345127172e+00
1.257003097118769e-02 3.011646810511401e+00
1.271631761634428e-02 3.044872081045803e+00
1.286275672282984e-02 3.078092157527529e+00
1.300934852911363e-02 3.111307040752820e+00
1.315609327416244e-02 3.144516731516937e+00
1.330299119744199e-02 3.177721230614040e+00
1.345004253891818e-02 3.210920538837463e+00
1.359724753905840e-02 3.244114656979299e+00
1.374460643883285e-02 3.277303585830850e+00
1.389211947971585e-02 3.310487326182354e+00
1.403978690368716e-02 3.343665878822947e+00
1.418760895323331e-02 3.376839244540889e+00
1.433558587134892e-02 3.410007424123322e+00
1.448371790153803e-02 3.443170418356488e+00
1.463200528781542e-02 3.476328228025537e+00
1.478044827470801e-02 3.509480853914603e+00
1.492904710725614e-02 3.542628296806811e+00
1.507780203101492e-02 3.575770557484319e+00
1.522671329205563e-02 3.608907636728205e+00
1.537578113696705e-02 3.642039535318588e+00
1.552500581285680e-02 3.675166254034480e+00
1.567438756735276e-02 3.708287793653916e+00
1.582392664860437e-02 3.741404154953877e+00
1.597362330528407e-02 3.774515338710430e+00
1.612347778658863e-02 3.807621345698443e+00
1.627349034224056e-02 3.840722176691855e+00
1.642366122248947e-02 3.873817832463544e+00
1.657399067811352e-02 3.906908313785408e+00
1.672447896042075e-02 3.939993621428172e+00
1.687512632125050e-02 3.973073756161696e+00
1.702593301297483e-02 4.006148718754638e+00
1.717689928849993e-02 4.039218509974745e+00
1.732802540126751e-02 4.072283130588637e+00
1.747931160525624e-02 4.105342581361903e+00
1.763075815498317e-02 4.138396863059178e+00
1.778236530550515e-02 4.171445976443884e+00
1.793413331242025e-02 4.204489922278533e+00
1.808606243186923e-02 4.237528701324493e+00
1.823815292053696e-02 4.270562314342136e+00
1.839040503565386e-02 4.303590762090785e+00
1.854281903499735e-02 4.336614045328631e+00
1.869539517689334e-02 4.369632164812828e+00
1.884813372021764e-02 4.402645121299592e+00
1.900103492439744e-02 4.435652915543869e+00
1.915409904941282e-02 4.468655548299736e+00
1.930732635579815e-02 4.501653020320049e+00
1.946071710464362e-02 4.534645332356725e+00
1.961427155759672e-02 4.567632485160537e+00
1.976798997686370e-02 4.600614479481116e+00
1.992187262521110e-02 4.633591316067196e+00
2.007591976596720e-02 4.666562995666276e+00
2.023013166302358e-02 4.699529519024892e+00
2.038450858083658e-02 4.732490886888428e+00
2.053905078442881e-02 4.765447100001190e+00
2.069375853939072e-02 4.798398159106434e+00
2.084863211188207e-02 4.831344064946343e+00
2.100367176863346e-02 4.864284818261929e+00
2.115887777694789e-02 4.897220419793172e+00
2.131425040470227e-02 4.930150870279036e+00
2.146978992034897e-02 4.963076170457242e+00
2.162549659291739e-02 4.995996321064482e+00
2.178137069201544e-02 5.028911322836414e+00
2.193741248783119e-02 5.061821176507550e+00
2.209362225113436e-02 5.094725882811240e+00
2.225000025327792e-02 5.127625442479790e+00
2.240654676619966e-02 5.160519856244427e+00
2.256326206242373e-02 5.193409124835256e+00
2.272014641506229e-02 5.226293248981193e+00
2.287720009781702e-02 5.259172229410161e+00
2.303442338498078e-02 5.292046066848954e+00
2.319181655143915e-02 5.324914762023155e+00
2.334937987267207e-02 5.357778315657271e+00
2.350711362475543e-02 5.390636728474803e+00
2.366501808436269e-02 5.423490001197990e+00
2.382309352876650e-02 5.456338134547984e+00
2.398134023584029e-02 5.489181129244855e+00
2.413975848405997e-02 5.522018986007545e+00
2.429834855250548e-02 5.554851705553766e+00
2.445711072086249e-02 5.587679288600249e+00
2.461604526942401e-02 5.620501735862511e+00
2.477515247909206e-02 5.653319048054925e+00
2.493443263137932e-02 5.686131225890705e+00
2.509388600841077e-02 5.718938270082049e+00
2.525351289292539e-02 5.751740181339905e+00
2.541331356827781e-02 5.784536960374105e+00
2.557328831843997e-02 5.817328607893316e+00
2.573343742800286e-02 5.850115124605097e+00
2.589376118217815e-02 5.882896511215812e+00
2.605425986679988e-02 5.915672768430746e+00
2.621493376832622e-02 5.948443896953975e+00
2.637578317384113e-02 5.981209897488426e+00
2.653680837105605e-02 6.013970770735860e+00
2.669800964831166e-02 6.046726517396898e+00
2.685938729457959e-02 6.079477138170994e+00
2.702094159946412e-02 6.112222633756453e+00
2.718267285320395e-02 6.144963004850361e+00
2.734458134667390e-02 6.177698252148716e+00
2.750666737138670e-02 6.210428376346272e+00
2.766893121949467e-02 6.243153378136661e+00
2.783137318379158e-02 6.275873258212314e+00
2.799399355771429e-02 6.308588017264462e+00
2.815679263534461e-02 6.341297655983169e+00
2.831977071141102e-02 6.374002175057441e+00
2.848292808129048e-02 6.406701575174878e+00
2.864626504101022e-02 6.439395857022049e+00
2.880978188724946e-02 6.472085021284315e+00
2.897347891734132e-02 6.504769068645771e+00
2.913735642927450e-02 6.537447999789435e+00
2.930141472169520e-02 6.570121815397016e+00
2.946565409390887e-02 6.602790516149135e+00
2.963007484588202e-02 6.635454102725113e+00
2.979467727824409e-02 6.668112575803086e+00
2.995946169228925e-02 6.700765936060087e+00
3.012442838997828e-02 6.733414184171849e+00
3.028957767394034e-02 6.766057320812877e+00
3.045490984747489e-02 6.798695346656515e+00
3.062042521455352e-02 6.831328262374896e+00
3.078612407982182e-02 6.863956068638892e+00
3.095200674860124e-02 6.896578766118232e+00
3.111807352689095e-02 6.929196355481373e+00
3.128432472136976e-02 6.961808837395552e+00
3.145076063939801e-02 6.994416212526765e+00
3.161738158901939e-02 7.027018481539805e+00
3.178418787896292e-02 7.059615645098283e+00
3.195117981864486e-02 7.092207703864446e+00
3.211835771817052e-02 7.124794658499411e+00
3.228572188833634e-02 7.157376509663088e+00
3.245327264063165e-02 7.189953258014043e+00
3.262101028724074e-02 7.222524904209614e+00
3.278893514104470e-02 7.255091448906029e+00
3.295704751562344e-02 7.287652892758089e+00
3.312534772525756e-02 7.320209236419444e+00
3.329383608493040e-02 7.352760480542479e+00
3.346251291032995e-02 7.385306625778334e+00
3.363137851785082e-02 7.417847672776901e+00
3.380043322459624e-02 7.450383622186727e+00
3.396967734838002e-02 7.482914474655210e+00
3.413911120772859e-02 7.515440230828439e+00
3.430873512188293e-02 7.547960891351160e+00
3.447854941080063e-02 7.580476456867032e+00
3.464855439515788e-02 7.612986928018231e+00
3.481875039635149e-02 7.645492305445856e+00
3.498913773650091e-02 7.677992589789561e+00
3.515971673845027e-02 7.710487781687782e+00
3.533048772577042e-02 7.742977881777755e+00
3.550145102276098e-02 7.775462890695323e+00
3.567260695445237e-02 7.807942809075072e+00
3.584395584660791e-02 7.840417637550324e+00
3.601549802572582e-02 7.872887376753070e+00
3.618723381904139e-02 7.905352027314052e+00
3.635916355452897e-02 7.937811589862683e+00
3.653128756090410e-02 7.970266065027026e+00
3.670360616762563e-02 8.002715453434007e+00
3.687611970489773e-02 8.035159755709032e+00
3.704882850367212e-02 8.067598972476347e+00
3.722173289565012e-02 8.100033104358864e+00
3.739483321328474e-02 8.132462151978132e+00
3.756812978978290e-02 8.164886115954417e+00
3.774162295910748e-02 8.197304996906681e+00
3.791531305597954e-02 8.229718795452541e+00
3.808920041588042e-02 8.262127512208266e+00
3.826328537505391e-02 8.294531147788859e+00
3.843756827050844e-02 8.326929702807945e+00
3.861204944001923e-02 8.359323177877840e+00
3.878672922213049e-02 8.391711573609513e+00
3.896160795615759e-02 8.424094890612615e+00
3.913668598218929e-02 8.456473129495436e+00
3.931196364108988e-02 8.488846290864906e+00
3.948744127450149e-02 8.521214375326636e+00
3.966311922484621e-02 8.553577383484921e+00
3.983899783532840e-02 8.585935315942599e+00
4.001507744993685e-02 8.618288173301266e+00
4.019135841344709e-02 8.650635956161125e+00
4.036784107142358e-02 8.682978665120956e+00
4.054452577022203e-02 8.715316300778277e+00
4.072141285699160e-02 8.747648863729168e+00
4.089850267967726e-02 8.779976354568355e+00
4.107579558702194e-02 8.812298773889211e+00
4.125329192856898e-02 8.844616122283753e+00
4.143099205466429e-02 8.876928400342543e+00
4.160889631645873e-02 8.909235608654789e+00
4.178700506591041e-02 8.941537747808432e+00
4.196531865578699e-02 8.973834818389832e+00
4.214383743966803e-02 9.006126820984122e+00
4.232256177194733e-02 9.038413756174940e+00
4.250149200783523e-02 9.070695624544584e+00
4.268062850336105e-02 9.102972426673936e+00
4.285997161537537e-02 9.135244163142467e+00
4.303952170155242e-02 9.167510834528315e+00
4.321927912039250e-02 9.199772441408065e+00
4.339924423122430e-02 9.232028984356994e+00
4.357941739420736e-02 9.264280463949021e+00
4.375979897033441e-02 9.296526880756524e+00
4.394038932143382e-02 9.328768235350509e+00
4.412118881017205e-02 9.361004528300562e+00
4.430219780005595e-02 9.393235760174861e+00
4.448341665543539e-02 9.425461931540141e+00
4.466484574150551e-02 9.457683042961726e+00
4.484648542430932e-02 9.489899095003459e+00
4.502833607074008e-02 9.522110088227755e+00
4.521039804854380e-02 9.554316023195646e+00
4.539267172632172e-02 9.586516900466634e+00
4.557515747353276e-02 9.618712720598872e+00
4.575785566049608e-02 9.650903484148962e+00
4.594076665839356e-02 9.683089191672117e+00
4.612389083927226e-02 9.715269843722076e+00
4.630722857604703e-02 9.747445440851095e+00
4.649078024250299e-02 9.779615983610014e+00
4.667454621329806e-02 9.811781472548184e+00
4.685852686396556e-02 9.843941908213466e+00
4.704272257091671e-02 9.876097291152263e+00
4.722713371144325e-02 9.908247621909510e+00
4.741176066371997e-02 9.940392901028687e+00
4.759660380680731e-02 9.972533129051719e+00
4.778166352065399e-02 1.000466830651910e+01
4.796694018609955e-02 1.003679843396980e+01
4.815243418487699e-02 1.006892351194137e+01
4.833814589961546e-02 1.010104354096980e+01
4.852407571384275e-02 1.013315852158956e+01
4.871022401198805e-02 1.016526845433367e+01
4.889659117938455e-02 1.019737333973363e+01
4.908317760227210e-02 1.022947317831943e+01
4.926998366779991e-02 1.026156797061952e+01
4.945700976402916e-02 1.029365771716090e+01
4.964425627993575e-02 1.032574241846900e+01
4.983172360541299e-02 1.035782207506769e+01
5.001941213127427e-02 1.038989668747939e+01
5.020732224925582e-02 1.042196625622493e+01
5.039545435201938e-02 1.045403078182369e+01
5.058380883315500e-02 1.048609026479343e+01
5.077238608718376e-02 1.051814470565039e+01
5.096118650956048e-02 1.055019410490929e+01
5.115021049667653e-02 1.058223846308329e+01
5.133945844586263e-02 1.061427778068396e+01
5.152893075539157e-02 1.064631205822141e+01
5.171862782448105e-02 1.067834129620411e+01
5.190855005329644e-02 1.071036549513897e+01
5.209869784295366e-02 1.074238465553137e+01
5.228907159552194e-02 1.077439877788515e+01
5.247967171402669e-02 1.080640786270246e+01
5.267049860245232e-02 1.083841191048405e+01
5.286155266574512e-02 1.087041092172890e+01
5.305283430981612e-02 1.090240489693455e+01
5.324434394154395e-02 1.093439383659689e+01
5.343608196877770e-02 1.096637774121022e+01
5.362804880033990e-02 1.099835661126730e+01
5.382024484602933e-02 1.103033044725920e+01
5.401267051662400e-02 1.106229924967545e+01
5.420532622388407e-02 1.109426301900401e+01
5.439821238055473e-02 1.112622175573114e+01
5.459132940036921e-02 1.115817546034154e+01
5.478467769805176e-02 1.119012413331831e+01
5.497825768932049e-02 1.122206777514285e+01
5.517206979089050e-02 1.125400638629503e+01
5.536611442047679e-02 1.128593996725307e+01
5.556039199679728e-02 1.131786851849353e+01
5.575490293957582e-02 1.134979204049135e+01
5.594964766954519e-02 1.138171053371983e+01
5.614462660845019e-02 1.141362399865057e+01
5.633984017905062e-02 1.144553243575367e+01
5.653528880512437e-02 1.147743584549740e+01
5.673097291147051e-02 1.150933422834855e+01
5.692689292391230e-02 1.154122758477207e+01
5.712304926930035e-02 1.157311591523144e+01
5.731944237551565e-02 1.160499922018828e+01
5.751607267147276e-02 1.163687750010271e+01
5.771294058712288e-02 1.166875075543305e+01
5.791004655345697e-02 1.170061898663602e+01
5.810739100250894e-02 1.173248219416661e+01
5.830497436735880e-02 1.176434037847815e+01
5.850279708213579e-02 1.179619354002227e+01
5.870085958202162e-02 1.182804167924893e+01
5.889916230325357e-02 1.185988479660634e+01
5.909770568312778e-02 1.189172289254101e+01
5.929649016000246e-02 1.192355596749784e+01
5.949551617330104e-02 1.195538402191990e+01
5.969478416351549e-02 1.198720705624863e+01
5.989429457220951e-02 1.201902507092366e+01
6.009404784202185e-02 1.205083806638299e+01
6.029404441666953e-02 1.208264604306286e+01
6.049428474095114e-02 1.211444900139772e+01
6.069476926075017e-02 1.214624694182040e+01
6.089549842303828e-02 1.217803986476189e+01
6.109647267587864e-02 1.220982777065150e+01
6.129769246842925e-02 1.224161065991672e+01
6.149915825094629e-02 1.227338853298334e+01
6.170087047478751e-02 1.230516139027543e+01
6.190282959241557e-02 1.233692923221518e+01
6.210503605740141e-02 1.236869205922315e+01
6.230749032442769e-02 1.240044987171802e+01
6.251019284929211e-02 1.243220267011679e+01
6.271314408891097e-02 1.246395045483458e+01
6.291634450132251e-02 1.249569322628480e+01
6.311979454569031e-02 1.252743098487908e+01
6.332349468230687e-02 1.255916373102721e+01
6.352744537259701e-02 1.259089146513717e+01
6.373164707912136e-02 1.262261418761521e+01
6.393610026557985e-02 1.265433189886577e+01
6.414080539681523e-02 1.268604459929138e+01
6.434576293881664e-02 1.271775228929285e+01
6.455097335872305e-02 1.274945496926918e+01
6.475643712482686e-02 1.278115263961748e+01
6.496215470657751e-02 1.281284530073304e+01
6.516812657458494e-02 1.284453295300941e+01
6.537435320062332e-02 1.287621559683818e+01
6.558083505763451e-02 1.290789323260915e+01
6.578757261973178e-02 1.293956586071035e+01
6.599456636220340e-02 1.297123348152779e+01
6.620181676151628e-02 1.300289609544581e+01
6.640932429531961e-02 1.303455370284674e+01
6.661708944244858e-02 1.306620630411112e+01
6.682511268292803e-02 1.309785389961764e+01
6.703339449797613e-02 1.312949648974307e+01
6.724193537000812e-02 1.316113407486228e+01
6.745073578264002e-02 1.319276665534834e+01
6.765979622069239e-02 1.322439423157234e+01
6.786911717019405e-02 1.325601680390357e+01
6.807869911838585e-02 1.328763437270933e+01
6.828854255372449e-02 1.331924693835508e+01
6.849864796588628e-02 1.335085450120434e+01
6.870901584577095e-02 1.338245706161874e+01
6.891964668550547e-02 1.341405461995797e+01
6.913054097844791e-02 1.344564717657983e+01
6.934169921919128e-02 1.347723473184016e+01
6.955312190356740e-02 1.350881728609288e+01
6.976480952865075e-02 1.354039483968996e+01
6.997676259276242e-02 1.357196739298148e+01
7.018898159547397e-02 1.360353494631547e+01
7.040146703761142e-02 1.363509750003816e+01
7.061421942125908e-02 1.366665505449367e+01
7.082723924976361e-02 1.369820761002424e+01
7.104052702773797e-02 1.372975516697014e+01
7.125408326106535e-02 1.376129772566963e+01
7.146790845690321e-02 1.379283528645905e+01
7.168200312368730e-02 1.382436784967270e+01
7.189636777113569e-02 1.385589541564293e+01
7.211100291025280e-02 1.388741798470006e+01
7.232590905333341e-02 1.391893555717247e+01
7.254108671396690e-02 1.395044813338647e+01
7.275653640704112e-02 1.398195571366643e+01
7.297225864874668e-02 1.401345829833465e+01
7.318825395658100e-02 1.404495588771142e+01
7.340452284935241e-02 1.407644848211505e+01
7.362106584718435e-02 1.410793608186177e+01
7.383788347151958e-02 1.413941868726577e+01
7.405497624512426e-02 1.417089629863928e+01
7.427234469209225e-02 1.420236891629240e+01
7.448998933784927e-02 1.423383654053320e+01
7.470791070915715e-02 1.426529917166771e+01
7.492610933411811e-02 1.429675680999988e+01
7.514458574217896e-02 1.432820945583164e+01
7.536334046413541e-02 1.435965710946274e+01
7.558237403213643e-02 1.439109977119098e+01
7.580168697968846e-02 1.442253744131200e+01
7.602127984165985e-02 1.445397012011937e+01
7.624115315428509e-02 1.448539780790458e+01
7.646130745516927e-02 1.451682050495696e+01
7.668174328329244e-02 1.454823821156382e+01
7.690246117901396e-02 1.457965092801032e+01
7.712346168407701e-02 1.461105865457947e+01
7.734474534161291e-02 1.464246139155221e+01
7.756631269614565e-02 1.467385913920733e+01
7.778816429359633e-02 1.470525189782146e+01
7.801030068128763e-02 1.473663966766913e+01
7.823272240794836e-02 1.476802244902271e+01
7.845543002371791e-02 1.479940024215242e+01
7.867842408015081e-02 1.483077304732630e+01
7.890170513022136e-02 1.486214086481028e+01
7.912527372832803e-02 1.489350369486808e+01
7.934913043029827e-02 1.492486153776124e+01
7.957327579339289e-02 1.495621439374916e+01
7.979771037631085e-02 1.498756226308899e+01
8.002243473919386e-02 1.501890514603576e+01
8.024744944363098e-02 1.505024304284221e+01
8.047275505266337e-02 1.508157595375901e+01
8.069835213078892e-02 1.511290387903449e+01
8.092424124396708e-02 1.514422681891483e+01
8.115042295962345e-02 1.517554477364398e+01
8.137689784665461e-02 1.520685774346362e+01
8.160366647543289e-02 1.523816572861329e+01
8.183072941781115e-02 1.526946872933015e+01
8.205808724712758e-02 1.530076674584928e+01
8.228574053821046e-02 1.533205977840336e+01
8.251368986738321e-02 1.536334782722287e+01
8.274193581246900e-02 1.539463089253607e+01
8.297047895279576e-02 1.542590897456885e+01
8.319931986920115e-02 1.545718207354492e+01
8.342845914403731e-02 1.548845018968564e+01
8.365789736117590e-02 1.551971332321008e+01
8.388763510601314e-02 1.555097147433509e+01
8.411767296547459e-02 1.558222464327511e+01
8.434801152802032e-02 1.561347283024233e+01
8.457865138364978e-02 1.564471603544663e+01
8.480959312390707e-02 1.567595425909555e+01
8.504083734188569e-02 1.570718750139430e+01
8.527238463223388e-02 1.573841576254574e+01
8.550423559115959e-02 1.576963904275045e+01
8.573639081643560e-02 1.580085734220658e+01
8.596885090740466e-02 1.583207066110998e+01
8.620161646498473e-02 1.586327899965412e+01
8.643468809167404e-02 1.589448235803012e+01
8.666806639155636e-02 1.592568073642668e+01
8.690175197030621e-02 1.595687413503013e+01
8.713574543519408e-02 1.598806255402450e+01
8.737004739509167e-02 1.601924599359130e+01
8.760465846047726e-02 1.605042445390971e+01
8.783957924344092e-02 1.608159793515647e+01
8.807481035768987e-02 1.611276643750594e+01
8.831035241855381e-02 1.614392996113003e+01
8.854620604299034e-02 1.617508850619823e+01
8.878237184959024e-02 1.620624207287759e+01
8.901885045858297e-02 1.623739066133270e+01
8.925564249184212e-02 1.626853427172574e+01
8.949274857289073e-02 1.629967290421644e+01
8.973016932690689e-02 1.633080655896200e+01
8.996790538072919e-02 1.636193523611720e+01
9.020595736286219e-02 1.639305893583433e+01
9.044432590348211e-02 1.642417765826321e+01
9.068301163444213e-02 1.645529140355114e+01
9.092201518927830e-02 1.648640017184296e+01
9.116133720321483e-02 1.651750396328095e+01
9.140097831316993e-02 1.654860277800494e+01
9.164093915776143e-02 1.657969661615218e+01
9.188122037731231e-02 1.661078547785743e+01
9.212182261385657e-02 1.664186936325288e+01
9.236274651114490e-02 1.667294827246825e+01
9.260399271465032e-02 1.670402220563064e+01
9.284556187157408e-02 1.673509116286459e+01
9.308745463085140e-02 1.676615514429214e+01
9.332967164315725e-02 1.679721415003269e+01
9.357221356091219e-02 1.682826818020312e+01
9.381508103828827e-02 1.685931723491766e+01
9.405827473121491e-02 1.689036131428800e+01
9.430179529738471e-02 1.692140041842318e+01
9.454564339625952e-02 1.695243454742968e+01
9.478981968907629e-02 1.698346370141134e+01
9.503432483885310e-02 1.701448788046938e+01
9.527915951039508e-02 1.704550708470236e+01
9.552432437030059e-02 1.707652131420625e+01
9.576982008696709e-02 1.710753056907434e+01
9.601564733059734e-02 1.713853484939725e+01
9.626180677320552e-02 1.716953415526297e+01
9.650829908862313e-02 1.720052848675682e+01
9.675512495250548e-02 1.723151784396138e+01
9.700228504233753e-02 1.726250222695665e+01
9.724978003744036e-02 1.729348163581986e+01
9.749761061897727e-02 1.732445607062553e+01
9.774577746995991e-02 1.735542553144550e+01
9.799428127525484e-02 1.738639001834888e+01
9.824312272158957e-02 1.741734953140206e+01
9.849230249755901e-02 1.744830407066871e+01
9.874182129363182e-02 1.747925363620971e+01
9.899167980215672e-02 1.751019822808325e+01
9.924187871736900e-02 1.754113784634468e+01
9.949241873539683e-02 1.757207249104669e+01
9.974330055426782e-02 1.760300216223909e+01
9.999452487391541e-02 1.763392685996898e+01
1.002460923961855e-01 1.766484658428062e+01
1.004980038248428e-01 1.769576133521549e+01
1.007502598655776e-01 1.772667111281227e+01
1.010028612260123e-01 1.775757591710680e+01
1.012558086157078e-01 1.778847574813214e+01
1.015091027461705e-01 1.781937060591843e+01
1.017627443308589e-01 1.785026049049304e+01
1.020167340851900e-01 1.788114540188048e+01
1.022710727265462e-01 1.791202534010238e+01
1.025257609742823e-01 1.794290030517751e+01
1.027807995497319e-01 1.797377029712175e+01
1.030361891762145e-01 1.800463531594813e+01
1.032919305790421e-01 1.803549536166675e+01
1.035480244855262e-01 1.806635043428481e+01
1.038044716249848e-01 1.809720053380660e+01
1.040612727287491e-01 1.812804566023353e+01
1.043184285301705e-01 1.815888581356401e+01
1.045759397646278e-01 1.818972099379354e+01
1.048338071695338e-01 1.822055120091470e+01
1.050920314843428e-01 1.825137643491708e+01
1.053506134505573e-01 1.828219669578732e+01
1.056095538117354e-01 1.831301198350909e+01
1.058688533134977e-01 1.834382229806304e+01
1.061285127035345e-01 1.837462763942688e+01
1.063885327316129e-01 1.840542800757526e+01
1.066489141495845e-01 1.843622340247988e+01
1.069096577113919e-01 1.846701382410937e+01
1.071707641730766e-01 1.849779927242935e+01
1.074322342927858e-01 1.852857974740242e+01
1.076940688307804e-01 1.855935524898807e+01
1.079562685494417e-01 1.859012577714282e+01
1.082188342132790e-01 1.862089133182005e+01
1.084817665889374e-01 1.865165191297007e+01
1.087450664452046e-01 1.868240752054015e+01
1.090087345530190e-01 1.871315815447444e+01
1.092727716854771e-01 1.874390381471394e+01
1.095371786178404e-01 1.877464450119661e+01
1.098019561275442e-01 1.880538021385724e+01
1.100671049942041e-01 1.883611095262750e+01
1.103326259996242e-01 1.886683671743588e+01
1.105985199278048e-01 1.889755750820778e+01
1.108647875649497e-01 1.892827332486537e+01
1.111314296994746e-01 1.895898416732773e+01
1.113984471220143e-01 1.898969003551063e+01
1.116658406254309e-01 1.902039092932679e+01
1.119336110048212e-01 1.905108684868561e+01
1.122017590575252e-01 1.908177779349333e+01
1.124702855831336e-01 1.911246376365297e+01
1.127391913834955e-01 1.914314475906429e+01
1.130084772627273e-01 1.917382077962384e+01
1.132781440272197e-01 1.920449182522487e+01
1.135481924856462e-01 1.923515789575740e+01
1.138186234489713e-01 1.926581899110815e+01
1.140894377304585e-01 1.929647511116059e+01
1.143606361456784e-01 1.932712625579487e+01
1.146322195125166e-01 1.935777242488783e+01
1.149041886511828e-01 1.938841361831299e+01
1.151765443842181e-01 1.941904983594057e+01
1.154492875365038e-01 1.944968107763744e+01
1.157224189352696e-01 1.948030734326710e+01
1.159959394101020e-01 1.951092863268970e+01
1.162698497929528e-01 1.954154494576205e+01
1.165441509181470e-01 1.957215628233753e+01
1.168188436223923e-01 1.960276264226619e+01
1.170939287447865e-01 1.963336402539460e+01
1.173694071268267e-01 1.966396043156599e+01
1.176452796124177e-01 1.969455186062011e+01
1.179215470478808e-01 1.972513831239333e+01
1.181982102819620e-01 1.975571978671854e+01
1.184752701658411e-01 1.978629628342517e+01
1.187527275531405e-01 1.981686780233916e+01
1.190305832999335e-01 1.984743434328304e+01
1.193088382647534e-01 1.987799590607580e+01
1.195874933086026e-01 1.990855249053293e+01
1.198665492949609e-01 1.993910409646641e+01
1.201460070897949e-01 1.996965072368469e+01
1.204258675615667e-01 2.000019237199272e+01
1.207061315812430e-01 2.003072904119186e+01
1.209868000223042e-01 2.006126073107994e+01
1.212678737607531e-01 2.009178744145117e+01
1.215493536751246e-01 2.012230917209624e+01
1.218312406464945e-01 2.015282592280224e+01
1.221135355584887e-01 2.018333769335258e+01
1.223962392972924e-01 2.021384448352718e+01
1.226793527516597e-01 2.024434629310218e+01
1.229628768129222e-01 2.027484312185020e+01
1.232468123749994e-01 2.030533496954018e+01
1.235311603344072e-01 2.033582183593735e+01
1.238159215902676e-01 2.036630372080329e+01
1.241010970443183e-01 2.039678062389591e+01
1.243866876009222e-01 2.042725254496939e+01
1.246726941670769e-01 2.045771948377422e+01
1.249591176524242e-01 2.048818144005716e+01
1.252459589692600e-01 2.051863841356121e+01
1.255332190325437e-01 2.054909040402566e+01
1.258208987599083e-01 2.057953741118600e+01
1.261089990716695e-01 2.060997943477396e+01
1.263975208908364e-01 2.064041647451748e+01
1.266864651431206e-01 2.067084853014070e+01
1.269758327569467e-01 2.070127560136397e+01
1.272656246634617e-01 2.073169768790378e+01
1.275558417965452e-01 2.076211478947280e+01
1.278464850928198e-01 2.079252690577984e+01
1.281375554916606e-01 2.082293403652987e+01
1.284290539352055e-01 2.085333618142398e+01
1.287209813683657e-01 2.088373334015931e+01
1.290133387388354e-01 2.091412551242919e+01
1.293061269971024e-01 2.094451269792299e+01
1.295993470964582e-01 2.097489489632612e+01
1.298929999930087e-01 2.100527210732012e+01
1.301870866456842e-01 2.103564433058250e+01
1.304816080162496e-01 2.106601156578688e+01
1.307765650693160e-01 2.109637381260284e+01
1.310719587723499e-01 2.112673107069597e+01
1.313677900956846e-01 2.115708333972790e+01
1.316640600125305e-01 2.118743061935616e+01
1.319607694989860e-01 2.121777290923433e+01
1.322579195340479e-01 2.124811020901187e+01
1.325555110996226e-01 2.127844251833424e+01
1.328535451805364e-01 2.130876983684279e+01
1.331520227645468e-01 2.133909216417473e+01
1.334509448423532e-01 2.136940949996328e+01
1.337503124076080e-01 2.139972184383745e+01
1.340501264569272e-01 2.143002919542217e+01
1.343503879899021e-01 2.146033155433818e+01
1.346510980091100e-01 2.149062892020209e+01
1.349522575201254e-01 2.152092129262634e+01
1.352538675315312e-01 2.155120867121915e+01
1.355559290549301e-01 2.158149105558460e+01
1.358584431049559e-01 2.161176844532247e+01
1.361614106992845e-01 2.164204084002837e+01
1.364648328586459e-01 2.167230823929366e+01
1.367687106068352e-01 2.170257064270539e+01
1.370730449707242e-01 2.173282804984638e+01
1.373778369802732e-01 2.176308046029517e+01
1.376830876685424e-01 2.179332787362597e+01
1.379887980717036e-01 2.182357028940866e+01
1.382949692290518e-01 2.185380770720879e+01
1.386016021830175e-01 2.188404012658762e+01
1.389086979791779e-01 2.191426754710197e+01
1.392162576662690e-01 2.194448996830431e+01
1.395242822961978e-01 2.197470738974273e+01
1.398327729240538e-01 2.200491981096087e+01
1.401417306081215e-01 2.203512723149800e+01
1.404511564098924e-01 2.206532965088890e+01
1.407610513940769e-01 2.209552706866393e+01
1.410714166286168e-01 2.212571948434896e+01
1.413822531846974e-01 2.215590689746539e+01
1.416935621367598e-01 2.218608930753006e+01
1.420053445625135e-01 2.221626671405540e+01
1.423176015429488e-01 2.224643911654921e+01
1.426303341623490e-01 2.227660651451478e+01
1.429435435083031e-01 2.230676890745082e+01
1.432572306717187e-01 2.233692629485150e+01
1.435713967468341e-01 2.236707867620631e+01
1.438860428312316e-01 2.239722605100025e+01
1.442011700258498e-01 2.242736841871354e+01
1.445167794349969e-01 2.245750577882187e+01
1.448328721663633e-01 2.248763813079623e+01
1.451494493310344e-01 2.251776547410292e+01
1.454665120435041e-01 2.254788780820355e+01
1.457840614216875e-01 2.257800513255504e+01
1.461020985869342e-01 2.260811744660956e+01
1.464206246640413e-01 2.263822474981454e+01
1.467396407812671e-01 2.266832704161263e+01
1.470591480703439e-01 2.269842432144173e+01
1.473791476664916e-01 2.272851658873495e+01
1.476996407084315e-01 2.275860384292053e+01
1.480206283383990e-01 2.278868608342196e+01
1.483421117021579e-01 2.281876330965781e+01
1.486640919490139e-01 2.284883552104183e+01
1.489865702318279e-01 2.287890271698288e+01
1.493095477070302e-01 2.290896489688491e+01
1.496330255346339e-01 2.293902206014697e+01
1.499570048782495e-01 2.296907420616315e+01
1.502814869050980e-01 2.299912133432263e+01
1.506064727860255e-01 2.302916344400957e+01
1.509319636955169e-01 2.305920053460318e+01
1.512579608117105e-01 2.308923260547763e+01
1.515844653164118e-01 2.311925965600213e+01
1.519114783951080e-01 2.314928168554076e+01
1.522390012369821e-01 2.317929869345262e+01
1.525670350349279e-01 2.320931067909169e+01
1.528955809855636e-01 2.323931764180686e+01
1.532246402892473e-01 2.326931958094191e+01
1.535542141500907e-01 2.329931649583549e+01
1.538843037759745e-01 2.332930838582109e+01
1.542149103785629e-01 2.335929525022705e+01
1.545460351733184e-01 2.338927708837648e+01
1.548776793795167e-01 2.341925389958733e+01
1.552098442202616e-01 2.344922568317227e+01
1.555425309225002e-01 2.347919243843881e+01
1.558757407170379e-01 2.350915416468908e+01
1.562094748385536e-01 2.353911086122001e+01
1.565437345256150e-01 2.356906252732323e+01
1.568785210206939e-01 2.359900916228499e+01
1.572138355701814e-01 2.362895076538623e+01
1.575496794244037e-01 2.365888733590254e+01
1.578860538376374e-01 2.368881887310412e+01
1.582229600681252e-01 2.371874537625574e+01
1.585603993780917e-01 2.374866684461681e+01
1.588983730337588e-01 2.377858327744123e+01
1.592368823053619e-01 2.380849467397749e+01
1.595759284671660e-01 2.383840103346859e+01
1.599155127974807e-01 2.386830235515200e+01
1.602556365786776e-01 2.389819863825971e+01
1.605963010972056e-01 2.392808988201816e+01
1.609375076436071e-01 2.395797608564819e+01
1.612792575125347e-01 2.398785724836510e+01
1.616215520027673e-01 2.401773336937855e+01
1.619643924172268e-01 2.404760444789265e+01
1.623077800629944e-01 2.407747048310576e+01
1.626517162513270e-01 2.410733147421065e+01
1.629962022976746e-01 2.413718742039437e+01
1.633412395216963e-01 2.416703832083830e+01
1.636868292472777e-01 2.419688417471803e+01
1.640329728025475e-01 2.422672498120345e+01
1.643796715198947e-01 2.425656073945865e+01
1.647269267359857e-01 2.428639144864196e+01
1.650747397917812e-01 2.431621710790586e+01
1.654231120325540e-01 2.434603771639698e+01
1.657720448079055e-01 2.437585327325617e+01
1.661215394717842e-01 2.440566377761830e+01
1.664715973825024e-01 2.443546922861240e+01
1.668222199027540e-01 2.446526962536157e+01
1.671734083996323e-01 2.449506496698293e+01
1.675251642446477e-01 2.452485525258767e+01
1.678774888137456e-01 2.455464048128095e+01
1.682303834873242e-01 2.458442065216194e+01
1.685838496502528e-01 2.461419576432380e+01
1.689378886918896e-01 2.464396581685354e+01
1.692925020060999e-01 2.467373080883218e+01
1.696476909912749e-01 2.470349073933460e+01
1.700034570503494e-01 2.473324560742954e+01
1.703598015908208e-01 2.476299541217960e+01
1.707167260247673e-01 2.479274015264119e+01
1.710742317688668e-01 2.482247982786453e+01
1.714323202444156e-01 2.485221443689363e+01
1.717909928773470e-01 2.488194397876625e+01
1.721502510982505e-01 2.491166845251385e+01
1.725100963423908e-01 2.494138785716163e+01
1.728705300497267e-01 2.497110219172844e+01
1.732315536649306e-01 2.500081145522684e+01
1.735931686374076e-01 2.503051564666297e+01
1.739553764213149e-01 2.506021476503659e+01
1.743181784755813e-01 2.508990880934106e+01
1.746815762639270e-01 2.511959777856330e+01
1.750455712548830e-01 2.514928167168375e+01
1.754101649218109e-01 2.517896048767635e+01
1.757753587429230e-01 2.520863422550858e+01
1.761411542013023e-01 2.523830288414132e+01
1.765075527849220e-01 2.526796646252891e+01
1.768745559866666e-01 2.529762495961910e+01
1.772421653043512e-01 2.532727837435301e+01
1.776103822407428e-01 2.535692670566515e+01
1.779792083035800e-01 2.538656995248331e+01
1.783486450055942e-01 2.541620811372866e+01
1.787186938645295e-01 2.544584118831559e+01
1.790893564031647e-01 2.547546917515177e+01
1.794606341493329e-01 2.550509207313809e+01
1.798325286359432e-01 2.553470988116864e+01
1.802050414010017e-01 2.556432259813070e+01
1.805781739876327e-01 2.559393022290470e+01
1.809519279440999e-01 2.562353275436417e+01
1.813263048238278e-01 2.565313019137576e+01
1.817013061854236e-01 2.568272253279917e+01
1.820769335926981e-01 2.571230977748715e+01
1.824531886146882e-01 2.574189192428546e+01
1.828300728256783e-01 2.577146897203288e+01
1.832075878052224e-01 2.580104091956109e+01
1.835857351381660e-01 2.583060776569474e+01
1.839645164146686e-01 2.586016950925138e+01
1.843439332302257e-01 2.588972614904143e+01
1.847239871856915e-01 2.591927768386818e+01
1.851046798873008e-01 2.594882411252770e+01
1.854860129466926e-01 2.597836543380886e+01
1.858679879809318e-01 2.600790164649333e+01
1.862506066125328e-01 2.603743274935547e+01
1.866338704694822e-01 2.606695874116240e+01
1.870177811852619e-01 2.609647962067383e+01
1.874023403988723e-01 2.612599538664222e+01
1.877875497548557e-01 2.615550603781254e+01
1.881734109033196e-01 2.618501157292246e+01
1.885599254999604e-01 2.621451199070213e+01
1.889470952060870e-01 2.624400728987427e+01
1.893349216886447e-01 2.627349746915408e+01
1.897234066202390e-01 2.630298252724923e+01
1.901125516791597e-01 2.633246246285984e+01
1.905023585494052e-01 2.636193727467845e+01
1.908928289207064e-01 2.639140696138996e+01
1.912839644885515e-01 2.642087152167162e+01
1.916757669542105e-01 2.645033095419299e+01
1.920682380247597e-01 2.647978525761597e+01
1.924613794131066e-01 2.650923443059465e+01
1.928551928380147e-01 2.653867847177538e+01
1.932496800241290e-01 2.656811737979671e+01
1.936448427020001e-01 2.659755115328933e+01
1.940406826081111e-01 2.662697979087607e+01
1.944372014849015e-01 2.665640329117187e+01
1.948344010807936e-01 2.668582165278372e+01
1.952322831502182e-01 2.671523487431067e+01
1.956308494536401e-01 2.674464295434372e+01
1.960301017575843e-01 2.677404589146593e+01
1.964300418346618e-01 2.680344368425221e+01
1.968306714635964e-01 2.683283633126943e+01
1.972319924292505e-01 2.686222383107633e+01
1.976340065226518e-01 2.689160618222343e+01
1.980367155410201e-01 2.692098338325312e+01
1.984401212877939e-01 2.695035543269956e+01
1.988442255726574e-01 2.697972232908861e+01
1.992490302115673e-01 2.700908407093787e+01
1.996545370267807e-01 2.703844065675660e+01
2.000607478468816e-01 2.706779208504569e+01
2.004676645068089e-01 2.709713835429764e+01
2.008752888478839e-01 2.712647946299653e+01
2.012836227178381e-01 2.715581540961795e+01
2.016926679708409e-01 2.718514619262902e+01
2.021024264675282e-01 2.721447181048829e+01
2.025129000750300e-01 2.724379226164577e+01
2.029240906669990e-01 2.727310754454285e+01
2.033360001236392e-01 2.730241765761226e+01
2.037486303317347e-01 2.733172259927809e+01
2.041619831846779e-01 2.736102236795571e+01
2.045760605824992e-01 2.739031696205171e+01
2.049908644318957e-01 2.741960637996392e+01
2.054063966462604e-01 2.744889062008136e+01
2.058226591457118e-01 2.747816968078415e+01
2.062396538571236e-01 2.750744356044357e+01
2.066573827141540e-01 2.753671225742191e+01
2.070758476572761e-01 2.756597577007253e+01
2.074950506338077e-01 2.759523409673978e+01
2.079149935979412e-01 2.762448723575896e+01
2.083356785107745e-01 2.765373518545628e+01
2.087571073403416e-01 2.768297794414883e+01
2.091792820616422e-01 2.771221551014457e+01
2.096022046566742e-01 2.774144788174222e+01
2.100258771144634e-01 2.777067505723132e+01
2.104503014310950e-01 2.779989703489207e+01
2.108754796097456e-01 2.782911381299543e+01
2.113014136607138e-01 2.785832538980294e+01
2.117281056014524e-01 2.788753176356679e+01
2.121555574566001e-01 2.791673293252975e+01
2.125837712580138e-01 2.794592889492508e+01
2.130127490448001e-01 2.797511964897656e+01
2.134424928633485e-01 2.800430519289840e+01
2.138730047673636e-01 2.803348552489524e+01
2.143042868178974e-01 2.806266064316207e+01
2.147363410833829e-01 2.809183054588424e+01
2.151691696396669e-01 2.812099523123734e+01
2.156027745700427e-01 2.815015469738723e+01
2.160371579652847e-01 2.817930894249001e+01
2.164723219236807e-01 2.820845796469186e+01
2.169082685510666e-01 2.823760176212915e+01
2.173449999608600e-01 2.826674033292832e+01
2.177825182740946e-01 2.829587367520582e+01
2.182208256194539e-01 2.832500178706812e+01
2.186599241333067e-01 2.835412466661161e+01
2.190998159597411e-01 2.838324231192263e+01
2.195405032505993e-01 2.841235472107735e+01
2.199819881655134e-01 2.844146189214178e+01
2.204242728719400e-01 2.847056382317171e+01
2.208673595451960e-01 2.849966051221265e+01
2.213112503684943e-01 2.852875195729980e+01
2.217559475329792e-01 2.855783815645803e+01
2.222014532377632e-01 2.858691910770179e+01
2.226477696899627e-01 2.861599480903509e+01
2.230948991047345e-01 2.864506525845147e+01
2.235428437053127e-01 2.867413045393389e+01
2.239916057230451e-01 2.870319039345478e+01
2.244411873974309e-01 2.873224507497590e+01
2.248915909761575e-01 2.876129449644840e+01
2.253428187151380e-01 2.879033865581265e+01
2.257948728785488e-01 2.881937755099829e+01
2.262477557388677e-01 2.884841117992413e+01
2.267014695769121e-01 2.887743954049816e+01
2.271560166818766e-01 2.890646263061741e+01
2.276113993513723e-01 2.893548044816800e+01
2.280676198914651e-01 2.896449299102503e+01
2.285246806167145e-01 2.899350025705255e+01
2.289825838502134e-01 2.902250224410354e+01
2.294413319236263e-01 2.905149895001981e+01
2.299009271772303e-01 2.908049037263196e+01
2.303613719599537e-01 2.910947650975940e+01
2.308226686294166e-01 2.913845735921020e+01
2.312848195519711e-01 2.916743291878109e+01
2.317478271027416e-01 2.919640318625744e+01
2.322116936656658e-01 2.922536815941317e+01
2.326764216335350e-01 2.925432783601068e+01
2.331420134080359e-01 2.928328221380086e+01
2.336084713997917e-01 2.931223129052297e+01
2.340757980284036e-01 2.934117506390467e+01
2.345439957224931e-01 2.937011353166189e+01
2.350130669197430e-01 2.939904669149882e+01
2.354830140669411e-01 2.942797454110785e+01
2.359538396200219e-01 2.945689707816953e+01
2.364255460441094e-01 2.948581430035249e+01
2.368981358135603e-01 2.951472620531338e+01
2.373716114120073e-01 2.954363279069691e+01
2.378459753324027e-01 2.957253405413564e+01
2.383212300770617e-01 2.960142999325008e+01
2.387973781577070e-01 2.963032060564851e+01
2.392744220955124e-01 2.965920588892703e+01
2.397523644211479e-01 2.968808584066943e+01
2.402312076748243e-01 2.971696045844718e+01
2.407109544063377e-01 2.974582973981935e+01
2.411916071751157e-01 2.977469368233255e+01
2.416731685502618e-01 2.980355228352091e+01
2.421556411106021e-01 2.983240554090600e+01
2.426390274447310e-01 2.986125345199675e+01
2.431233301510572e-01 2.989009601428943e+01
2.436085518378509e-01 2.991893322526760e+01
2.440946951232899e-01 2.994776508240200e+01
2.445817626355073e-01 2.997659158315054e+01
2.450697570126386e-01 3.000541272495823e+01
2.455586809028692e-01 3.003422850525712e+01
2.460485369644825e-01 3.006303892146623e+01
2.465393278659080e-01 3.009184397099150e+01
2.470310562857699e-01 3.012064365122575e+01
2.475237249129355e-01 3.014943795954860e+01
2.480173364465646e-01 3.017822689332638e+01
2.485118935961585e-01 3.020701044991213e+01
2.490073990816097e-01 3.023578862664550e+01
2.495038556332518e-01 3.026456142085271e+01
2.500012659919095e-01 3.029332882984648e+01
2.504996329089493e-01 3.032209085092596e+01
2.509989591463299e-01 3.035084748137668e+01
2.514992474766534e-01 3.037959871847044e+01
2.520005006832167e-01 3.040834455946538e+01
2.525027215600629e-01 3.043708500160573e+01
2.530059129120334e-01 3.046582004212192e+01
2.535100775548201e-01 3.049454967823040e+01
2.540152183150179e-01 3.052327390713361e+01
2.545213380301773e-01 3.055199272601994e+01
2.550284395488578e-01 3.058070613206364e+01
2.555365257306815e-01 3.060941412242477e+01
2.560455994463861e-01 3.063811669424909e+01
2.565556635778802e-01 3.066681384466809e+01
2.570667210182963e-01 3.069550557079880e+01
2.575787746720465e-01 3.072419186974384e+01
2.580918274548773e-01 3.075287273859125e+01
2.586058822939244e-01 3.078154817441451e+01
2.591209421277694e-01 3.081021817427242e+01
2.596370099064947e-01 3.083888273520903e+01
2.601540885917404e-01 3.086754185425362e+01
2.606721811567613e-01 3.089619552842058e+01
2.611912905864828e-01 3.092484375470935e+01
2.617114198775594e-01 3.095348653010437e+01
2.622325720384316e-01 3.098212385157501e+01
2.627547500893842e-01 3.101075571607545e+01
2.632779570626048e-01 3.103938212054470e+01
2.638021960022419e-01 3.106800306190643e+01
2.643274699644647e-01 3.109661853706898e+01
2.648537820175219e-01 3.112522854292522e+01
2.653811352418018e-01 3.115383307635253e+01
2.659095327298922e-01 3.118243213421270e+01
2.664389775866408e-01 3.121102571335186e+01
2.669694729292164e-01 3.123961381060042e+01
2.675010218871693e-01 3.126819642277298e+01
2.680336276024940e-01 3.129677354666823e+01
2.685672932296900e-01 3.132534517906897e+01
2.691020219358246e-01 3.135391131674190e+01
2.696378169005956e-01 3.138247195643766e+01
2.701746813163940e-01 3.141102709489070e+01
2.707126183883679e-01 3.143957672881917e+01
2.712516313344857e-01 3.146812085492494e+01
2.717917233856008e-01 3.149665946989344e+01
2.723328977855157e-01 3.152519257039359e+01
2.728751577910473e-01 3.155372015307776e+01
2.734185066720919e-01 3.158224221458167e+01
2.739629477116915e-01 3.161075875152428e+01
2.745084842060991e-01 3.163926976050779e+01
2.750551194648459e-01 3.166777523811745e+01
2.756028568108079e-01 3.169627518092160e+01
2.761516995802734e-01 3.172476958547146e+01
2.767016511230105e-01 3.175325844830117e+01
2.772527148023355e-01 3.178174176592762e+01
2.778048939951814e-01 3.181021953485041e+01
2.783581920921669e-01 3.183869175155176e+01
2.789126124976655e-01 3.186715841249640e+01
2.794681586298758e-01 3.189561951413155e+01
2.800248339208914e-01 3.192407505288674e+01
2.805826418167717e-01 3.195252502517381e+01
2.811415857776131e-01 3.198096942738680e+01
2.817016692776203e-01 3.200940825590182e+01
2.822628958051785e-01 3.203784150707704e+01
2.828252688629259e-01 3.206626917725252e+01
2.833887919678261e-01 3.209469126275019e+01
2.839534686512419e-01 3.212310775987373e+01
2.845193024590090e-01 3.215151866490848e+01
2.850862969515100e-01 3.217992397412135e+01
2.856544557037493e-01 3.220832368376077e+01
2.862237823054278e-01 3.223671779005652e+01
2.867942803610192e-01 3.226510628921970e+01
2.873659534898457e-01 3.229348917744265e+01
2.879388053261542e-01 3.232186645089880e+01
2.885128395191940e-01 3.235023810574263e+01
2.890880597332939e-01 3.237860413810953e+01
2.896644696479400e-01 3.240696454411575e+01
2.902420729578545e-01 3.243531931985829e+01
2.908208733730745e-01 3.246366846141478e+01
2.914008746190315e-01 3.249201196484344e+01
2.919820804366312e-01 3.252034982618292e+01
2.925644945823340e-01 3.254868204145227e+01
2.931481208282360e-01 3.257700860665075e+01
2.937329629621502e-01 3.260532951775784e+01
2.943190247876889e-01 3.263364477073308e+01
2.949063101243456e-01 3.266195436151598e+01
2.954948228075784e-01 3.269025828602591e+01
2.960845666888934e-01 3.271855654016203e+01
2.966755456359283e-01 3.274684911980315e+01
2.972677635325377e-01 3.277513602080766e+01
2.978612242788777e-01 3.280341723901346e+01
2.984559317914915e-01 3.283169277023774e+01
2.990518900033957e-01 3.285996261027701e+01
2.996491028641672e-01 3.288822675490691e+01
3.002475743400298e-01 3.291648519988216e+01
3.008473084139427e-01 3.294473794093639e+01
3.014483090856887e-01 3.297298497378213e+01
3.020505803719626e-01 3.300122629411057e+01
3.026541263064615e-01 3.302946189759163e+01
3.032589509399741e-01 3.305769177987366e+01
3.038650583404719e-01 3.308591593658348e+01
3.044724525932001e-01 3.311413436332619e+01
3.050811378007693e-01 3.314234705568510e+01
3.056911180832483e-01 3.317055400922160e+01
3.063023975782566e-01 3.319875521947507e+01
3.069149804410579e-01 3.322695068196272e+01
3.075288708446551e-01 3.325514039217953e+01
3.081440729798838e-01 3.328332434559813e+01
3.087605910555088e-01 3.331150253766865e+01
3.093784292983193e-01 3.333967496381865e+01
3.099975919532258e-01 3.336784161945299e+01
3.106180832833575e-01 3.339600249995367e+01
3.112399075701596e-01 3.342415760067979e+01
3.118630691134925e-01 3.345230691696738e+01
3.124875722317303e-01 3.348045044412932e+01
3.131134212618610e-01 3.350858817745515e+01
3.137406205595862e-01 3.353672011221104e+01
3.143691744994233e-01 3.356484624363964e+01
3.149990874748058e-01 3.359296656695989e+01
3.156303638981870e-01 3.362108107736702e+01
3.162630082011422e-01 3.364918977003232e+01
3.168970248344726e-01 3.367729264010310e+01
3.175324182683097e-01 3.370538968270250e+01
3.181691929922204e-01 3.373348089292938e+01
3.188073535153125e-01 3.376156626585823e+01
3.194469043663415e-01 3.378964579653902e+01
3.200878500938179e-01 3.381771947999709e+01
3.207301952661141e-01 3.384578731123295e+01
3.213739444715737e-01 3.387384928522228e+01
3.220191023186209e-01 3.390190539691567e+01
3.226656734358695e-01 3.392995564123856e+01
3.233136624722350e-01 3.395800001309112e+01
3.239630740970448e-01 3.398603850734808e+01
3.246139130001509e-01 3.401407111885861e+01
3.252661838920426e-01 3.404209784244620e+01
3.259198915039606e-01 3.407011867290849e+01
3.265750405880106e-01 3.409813360501718e+01
3.272316359172794e-01 3.412614263351787e+01
3.278896822859498e-01 3.415414575312992e+01
3.285491845094182e-01 3.418214295854632e+01
3.292101474244114e-01 3.421013424443358e+01
3.298725758891053e-01 3.423811960543149e+01
3.305364747832435e-01 3.426609903615311e+01
3.312018490082577e-01 3.429407253118454e+01
3.318687034873875e-01 3.432204008508483e+01
3.325370431658027e-01 3.435000169238579e+01
3.332068730107249e-01 3.437795734759187e+01
3.338781980115511e-01 3.440590704518005e+01
3.345510231799768e-01 3.443385077959960e+01
3.352253535501216e-01 3.446178854527203e+01
3.359011941786542e-01 3.448972033659089e+01
3.365785501449188e-01 3.451764614792165e+01
3.372574265510629e-01 3.454556597360153e+01
3.379378285221646e-01 3.457347980793934e+01
3.386197612063621e-01 3.460138764521533e+01
3.393032297749836e-01 3.462928947968112e+01
3.399882394226775e-01 3.465718530555941e+01
3.406747953675445e-01 3.468507511704390e+01
3.413629028512699e-01 3.471295890829916e+01
3.420525671392571e-01 3.474083667346041e+01
3.427437935207618e-01 3.476870840663342e+01
3.434365873090274e-01 3.479657410189431e+01
3.441309538414207e-01 3.482443375328938e+01
3.448268984795695e-01 3.485228735483503e+01
3.455244266095001e-01 3.488013490051750e+01
3.462235436417768e-01 3.490797638429275e+01
3.469242550116414e-01 3.493581180008634e+01
3.476265661791541e-01 3.496364114179318e+01
3.483304826293354e-01 3.499146440327742e+01
3.490360098723088e-01 3.501928157837226e+01
3.497431534434449e-01 3.504709266087981e+01
3.504519189035055e-01 3.507489764457087e+01
3.511623118387902e-01 3.510269652318485e+01
3.518743378612824e-01 3.513048929042948e+01
3.525880026087977e-01 3.515827593998073e+01
3.533033117451321e-01 3.518605646548259e+01
3.540202709602124e-01 3.521383086054692e+01
3.547388859702467e-01 3.524159911875327e+01
3.554591625178763e-01 3.526936123364868e+01
3.561811063723292e-01 3.529711719874753e+01
3.569047233295736e-01 3.532486700753135e+01
3.576300192124727e-01 3.535261065344864e+01
3.583569998709419e-01 3.538034812991467e+01
3.590856711821052e-01 3.540807943031135e+01
3.598160390504537e-01 3.543580454798696e+01
3.605481094080061e-01 3.546352347625606e+01
3.612818882144676e-01 3.549123620839926e+01
3.620173814573928e-01 3.551894273766298e+01
3.627545951523482e-01 3.554664305725937e+01
3.634935353430763e-01 3.557433716036604e+01
3.642342081016606e-01 3.560202504012586e+01
3.649766195286925e-01 3.562970668964685e+01
3.657207757534377e-01 3.565738210200189e+01
3.664666829340059e-01 3.568505127022860e+01
3.672143472575200e-01 3.571271418732908e+01
3.679637749402877e-01 3.574037084626976e+01
3.687149722279733e-01 3.576802123998119e+01
3.694679453957716e-01 3.579566536135782e+01
3.702227007485825e-01 3.582330320325782e+01
3.709792446211869e-01 3.585093475850286e+01
3.717375833784238e-01 3.587856001987792e+01
3.724977234153690e-01 3.590617898013105e+01
3.732596711575150e-01 3.593379163197324e+01
3.740234330609519e-01 3.596139796807810e+01
3.747890156125495e-01 3.598899798108178e+01
3.755564253301414e-01 3.601659166358262e+01
3.763256687627097e-01 3.604417900814103e+01
3.770967524905711e-01 3.607176000727928e+01
3.778696831255651e-01 3.609933465348121e+01
3.786444673112427e-01 3.612690293919208e+01
3.794211117230562e-01 3.615446485681831e+01
3.801996230685520e-01 3.618202039872732e+01
3.809800080875629e-01 3.620956955724720e+01
3.817622735524026e-01 3.623711232466660e+01
3.825464262680623e-01 3.626464869323446e+01
3.833324730724072e-01 3.629217865515975e+01
3.841204208363755e-01 3.631970220261128e+01
3.849102764641792e-01 3.634721932771748e+01
3.857020468935049e-01 3.637473002256614e+01
3.864957390957172e-01 3.640223427920417e+01
3.872913600760637e-01 3.642973208963741e+01
3.880889168738806e-01 3.645722344583037e+01
3.888884165628007e-01 3.648470833970596e+01
3.896898662509620e-01 3.651218676314532e+01
3.904932730812190e-01 3.653965870798751e+01
3.912986442313542e-01 3.656712416602932e+01
3.921059869142928e-01 3.659458312902498e+01
3.929153083783170e-01 3.662203558868595e+01
3.937266159072836e-01 3.664948153668065e+01
3.945399168208422e-01 3.667692096463424e+01
3.953552184746557e-01 3.670435386412835e+01
3.961725282606213e-01 3.673178022670078e+01
3.969918536070949e-01 3.675920004384535e+01
3.978132019791153e-01 3.678661330701156e+01
3.986365808786316e-01 3.681402000760435e+01
3.994619978447307e-01 3.684142013698386e+01
4.002894604538684e-01 3.686881368646515e+01
4.011189763201008e-01 3.689620064731794e+01
4.019505530953177e-01 3.692358101076636e+01
4.027841984694779e-01 3.695095476798865e+01
4.036199201708464e-01 3.697832191011692e+01
4.044577259662334e-01 3.700568242823687e+01
4.052976236612342e-01 3.703303631338751e+01
4.061396211004725e-01 3.706038355656090e+01
4.069837261678442e-01 3.708772414870186e+01
4.078299467867631e-01 3.711505808070770e+01
4.086782909204096e-01 3.714238534342792e+01
4.095287665719798e-01 3.716970592766396e+01
4.103813817849377e-01 3.719701982416890e+01
4.112361446432680e-01 3.722432702364714e+01
4.120930632717330e-01 3.725162751675418e+01
4.129521458361284e-01 3.727892129409629e+01
4.138134005435439e-01 3.730620834623017e+01
4.146768356426237e-01 3.733348866366277e+01
4.155424594238304e-01 3.736076223685089e+01
4.164102802197100e-01 3.738802905620089e+01
4.172803064051601e-01 3.741528911206849e+01
4.181525463976978e-01 3.744254239475836e+01
4.190270086577325e-01 3.746978889452379e+01
4.199037016888386e-01 3.749702860156654e+01
4.207826340380319e-01 3.752426150603635e+01
4.216638142960465e-01 3.755148759803075e+01
4.225472510976156e-01 3.757870686759468e+01
4.234329531217529e-01 3.760591930472022e+01
4.243209290920369e-01 3.763312489934624e+01
4.252111877768975e-01 3.766032364135807e+01
4.261037379899044e-01 3.768751552058720e+01
4.269985885900581e-01 3.771470052681097e+01
4.278957484820833e-01 3.774187864975217e+01
4.287952266167235e-01 3.776904987907882e+01
4.296970319910395e-01 3.779621420440373e+01
4.306011736487085e-01 3.782337161528422e+01
4.315076606803275e-01 3.785052210122178e+01
4.324165022237167e-01 3.787766565166172e+01
4.333277074642281e-01 3.790480225599282e+01
4.342412856350532e-01 3.793193190354700e+01
4.351572460175362e-01 3.795905458359896e+01
4.360755979414880e-01 3.798617028536586e+01
4.369963507855022e-01 3.801327899800690e+01
4.379195139772757e-01 3.804038071062305e+01
4.388450969939294e-01 3.806747541225661e+01
4.397731093623328e-01 3.809456309189093e+01
4.407035606594311e-01 3.812164373844998e+01
4.416364605125744e-01 3.814871734079800e+01
4.425718185998497e-01 3.817578388773916e+01
4.435096446504161e-01 3.820284336801716e+01
4.444499484448414e-01 3.822989577031488e+01
4.453927398154423e-01 3.825694108325398e+01
4.463380286466276e-01 3.828397929539450e+01
4.472858248752431e-01 3.831101039523457e+01
4.482361384909199e-01 3.833803437120989e+01
4.491889795364258e-01 3.836505121169346e+01
4.501443581080182e-01 3.839206090499511e+01
4.511022843558015e-01 3.841906343936118e+01
4.520627684840863e-01 3.844605880297406e+01
4.530258207517515e-01 3.847304698395179e+01
4.539914514726097e-01 3.850002797034770e+01
4.549596710157761e-01 3.852700175014999e+01
4.559304898060382e-01 3.855396831128130e+01
4.569039183242311e-01 3.858092764159831e+01
4.578799671076143e-01 3.860787972889135e+01
4.588586467502518e-01 3.863482456088393e+01
4.598399679033957e-01 3.866176212523237e+01
4.608239412758726e-01 3.868869240952534e+01
4.618105776344725e-01 3.871561540128346e+01
4.627998878043424e-01 3.874253108795884e+01
4.637918826693815e-01 3.876943945693468e+01
4.647865731726408e-01 3.879634049552479e+01
4.657839703167251e-01 3.882323419097320e+01
4.667840851641996e-01 3.885012053045368e+01
4.677869288379972e-01 3.887699950106931e+01
4.687925125218326e-01 3.890387108985199e+01
4.698008474606169e-01 3.893073528376207e+01
4.708119449608773e-01 3.895759206968780e+01
4.718258163911794e-01 3.898444143444492e+01
4.728424731825539e-01 3.901128336477622e+01
4.738619268289254e-01 3.903811784735098e+01
4.748841888875457e-01 3.906494486876460e+01
4.759092709794313e-01 3.909176441553805e+01
4.769371847898027e-01 3.911857647411745e+01
4.779679420685292e-01 3.914538103087354e+01
4.790015546305762e-01 3.917217807210125e+01
4.800380343564570e-01 3.919896758401910e+01
4.810773931926875e-01 3.922574955276887e+01
4.821196431522454e-01 3.925252396441496e+01
4.831647963150334e-01 3.927929080494393e+01
4.842128648283450e-01 3.930605006026406e+01
4.852638609073363e-01 3.933280171620473e+01
4.863177968354997e-01 3.935954575851601e+01
4.873746849651425e-01 3.938628217286806e+01
4.884345377178699e-01 3.941301094485070e+01
4.894973675850712e-01 3.943973205997278e+01
4.905631871284108e-01 3.946644550366172e+01
4.916320089803234e-01 3.949315126126298e+01
4.927038458445120e-01 3.951984931803948e+01
4.937787104964527e-01 3.954653965917108e+01
4.948566157839010e-01 3.957322226975406e+01
4.959375746274044e-01 3.959989713480053e+01
4.970216000208182e-01 3.962656423923789e+01
4.981087050318272e-01 3.965322356790829e+01
4.991989028024691e-01 3.967987510556803e+01
5.002922065496657e-01 3.970651883688703e+01
5.013886295657557e-01 3.973315474644824e+01
5.024881852190347e-01 3.975978281874706e+01
5.035908869542971e-01 3.978640303819075e+01
5.046967482933856e-01 3.981301538909791e+01
5.058057828357426e-01 3.983961985569779e+01
5.069180042589685e-01 3.986621642212977e+01
5.080334263193835e-01 3.989280507244273e+01
5.091520628525950e-01 3.991938579059445e+01
5.102739277740699e-01 3.994595856045102e+01
5.113990350797109e-01 3.997252336578619e+01
5.125273988464391e-01 3.999908019028078e+01
5.136590332327809e-01 4.002562901752205e+01
5.147939524794606e-01 4.005216983100306e+01
5.159321709099967e-01 4.007870261412207e+01
5.170737029313059e-01 4.010522735018186e+01
5.182185630343100e-01 4.013174402238912e+01
5.193667657945491e-01 4.015825261385375e+01
5.205183258728007e-01 4.018475310758830e+01
5.216732580157029e-01 4.021124548650720e+01
5.228315770563848e-01 4.023772973342619e+01
5.239932979151012e-01 4.026420583106157e+01
5.251584355998727e-01 4.029067376202963e+01
5.263270052071324e-01 4.031713350884582e+01
5.274990219223782e-01 4.034358505392422e+01
5.286745010208299e-01 4.037002837957672e+01
5.298534578680935e-01 4.039646346801245e+01
5.310359079208307e-01 4.042289030133694e+01
5.322218667274335e-01 4.044930886155153e+01
5.334113499287068e-01 4.047571913055255e+01
5.346043732585554e-01 4.050212109013071e+01
5.358009525446776e-01 4.052851472197031e+01
5.370011037092657e-01 4.055490000764847e+01
5.382048427697123e-01 4.058127692863452e+01
5.394121858393218e-01 4.060764546628911e+01
5.406231491280307e-01 4.063400560186356e+01
5.418377489431321e-01 4.066035731649907e+01
5.430560016900081e-01 4.068670059122595e+01
5.442779238728686e-01 4.071303540696286e+01
5.455035320954966e-01 4.073936174451607e+01
5.467328430619995e-01 4.076567958457859e+01
5.479658735775692e-01 4.079198890772949e+01
5.492026405492465e-01 4.081828969443304e+01
5.504431609866953e-01 4.084458192503792e+01
5.516874520029811e-01 4.087086557977642e+01
5.529355308153592e-01 4.089714063876362e+01
5.541874147460678e-01 4.092340708199661e+01
5.554431212231298e-01 4.094966488935358e+01
5.567026677811613e-01 4.097591404059307e+01
5.579660720621883e-01 4.100215451535306e+01
5.592333518164698e-01 4.102838629315021e+01
5.605045249033299e-01 4.105460935337888e+01
5.617796092919958e-01 4.108082367531041e+01
5.630586230624449e-01 4.110702923809214e+01
5.643415844062596e-01 4.113322602074658e+01
5.656285116274895e-01 4.115941400217053e+01
5.669194231435218e-01 4.118559316113416e+01
5.682143374859606e-01 4.121176347628017e+01
5.695132733015125e-01 4.123792492612281e+01
5.708162493528826e-01 4.126407748904700e+01
5.721232845196775e-01 4.129022114330746e+01
5.734343977993175e-01 4.131635586702765e+01
5.747496083079561e-01 4.134248163819900e+01
5.760689352814106e-01 4.136859843467982e+01
5.773923980760984e-01 4.139470623419443e+01
5.787200161699847e-01 4.142080501433220e+01
5.800518091635374e-01 4.144689475254650e+01
5.813877967806917e-01 4.147297542615384e+01
5.827279988698243e-01 4.149904701233278e+01
5.840724354047364e-01 4.152510948812303e+01
5.854211264856449e-01 4.155116283042435e+01
5.867740923401855e-01 4.157720701599563e+01
5.881313533244231e-01 4.160324202145380e+01
5.894929299238729e-01 4.162926782327285e+01
5.908588427545309e-01 4.165528439778276e+01
5.922291125639153e-01 4.168129172116851e+01
5.936037602321156e-01 4.170728976946892e+01
5.949828067728541e-01 4.173327851857571e+01
5.963662733345566e-01 4.175925794423235e+01
5.977541812014331e-01 4.178522802203296e+01
5.991465517945694e-01 4.181118872742132e+01
6.005434066730301e-01 4.183714003568967e+01
6.019447675349696e-01 4.186308192197764e+01
6.033506562187571e-01 4.188901436127111e+01
6.047610947041101e-01 4.191493732840113e+01
6.061761051132406e-01 4.194085079804272e+01
6.075957097120113e-01 4.196675474471375e+01
6.090199309111031e-01 4.199264914277380e+01
6.104487912671953e-01 4.201853396642295e+01
6.118823134841557e-01 4.204440918970062e+01
6.133205204142433e-01 4.207027478648440e+01
6.147634350593227e-01 4.209613073048880e+01
6.162110805720913e-01 4.212197699526411e+01
6.176634802573155e-01 4.214781355419512e+01
6.191206575730833e-01 4.217364038049991e+01
6.205826361320662e-01 4.219945744722860e+01
6.220494397027948e-01 4.222526472726213e+01
6.235210922109471e-01 4.225106219331092e+01
6.249976177406498e-01 4.227684981791371e+01
6.264790405357910e-01 4.230262757343615e+01
6.279653850013479e-01 4.232839543206960e+01
6.294566757047270e-01 4.235415336582975e+01
6.309529373771174e-01 4.237990134655535e+01
6.324541949148578e-01 4.240563934590685e+01
6.339604733808181e-01 4.243136733536507e+01
6.354717980057935e-01 4.245708528622983e+01
6.369881941899131e-01 4.248279316961860e+01
6.385096875040633e-01 4.250849095646507e+01
6.400363036913252e-01 4.253417861751787e+01
6.415680686684259e-01 4.255985612333900e+01
6.431050085272061e-01 4.258552344430258e+01
6.446471495361007e-01 4.261118055059331e+01
6.461945181416355e-01 4.263682741220506e+01
6.477471409699397e-01 4.266246399893942e+01
6.493050448282720e-01 4.268809028040420e+01
6.508682567065645e-01 4.271370622601204e+01
6.524368037789809e-01 4.273931180497877e+01
6.540107134054910e-01 4.276490698632203e+01
6.555900131334619e-01 4.279049173885969e+01
6.571747306992646e-01 4.281606603120829e+01
6.587648940298981e-01 4.284162983178155e+01
6.603605312446301e-01 4.286718310878879e+01
6.619616706566545e-01 4.289272583023330e+01
6.635683407747651e-01 4.291825796391083e+01
6.651805703050493e-01 4.294377947740789e+01
6.667983881525962e-01 4.296929033810022e+01
6.684218234232249e-01 4.299479051315110e+01
6.700509054252293e-01 4.302027996950971e+01
6.716856636711435e-01 4.304575867390947e+01
6.733261278795215e-01 4.307122659286635e+01
6.749723279767400e-01 4.309668369267717e+01
6.766242940988174e-01 4.312212993941793e+01
6.782820565932531e-01 4.314756529894202e+01
6.799456460208850e-01 4.317298973687850e+01
6.816150931577696e-01 4.319840321863037e+01
6.832904289970769e-01 4.322380570937275e+01
6.849716847510107e-01 4.324919717405113e+01
6.866588918527461e-01 4.327457757737953e+01
6.883520819583884e-01 4.329994688383867e+01
6.900512869489527e-01 4.332530505767417e+01
6.917565389323663e-01 4.335065206289466e+01
6.934678702454891e-01 4.337598786326988e+01
6.951853134561586e-01 4.340131242232887e+01
6.969089013652564e-01 4.342662570335795e+01
6.986386670087953e-01 4.345192766939888e+01
7.003746436600308e-01 4.347721828324687e+01
7.021168648315946e-01 4.350249750744863e+01
7.038653642776507e-01 4.352776530430037e+01
7.056201759960752e-01 4.355302163584584e+01
7.073813342306602e-01 4.357826646387423e+01
7.091488734733417e-01 4.360349974991824e+01
7.109228284664499e-01 4.362872145525193e+01
7.127032342049880e-01 4.365393154088868e+01
7.144901259389306e-01 4.367912996757912e+01
7.162835391755518e-01 4.370431669580893e+01
7.180835096817768e-01 4.372949168579682e+01
7.198900734865590e-01 4.375465489749225e+01
7.217032668832857e-01 4.377980629057338e+01
7.235231264322062e-01 4.380494582444476e+01
7.253496889628908e-01 4.383007345823519e+01
7.271829915767143e-01 4.385518915079543e+01
7.290230716493691e-01 4.388029286069598e+01
7.308699668334036e-01 4.390538454622475e+01
7.327237150607930e-01 4.393046416538485e+01
7.345843545455333e-01 4.395553167589214e+01
7.364519237862690e-01 4.398058703517297e+01
7.383264615689477e-01 4.400563020036181e+01
7.402080069695055e-01 4.403066112829879e+01
7.420965993565819e-01 4.405567977552736e+01
7.439922783942668e-01 4.408068609829184e+01
7.458950840448754e-01 4.410568005253489e+01
7.478050565717574e-01 4.413066159389515e+01
7.497222365421372e-01 4.415563067770460e+01
7.516466648299852e-01 4.418058725898611e+01
7.535783826189233e-01 4.420553129245086e+01
7.555174314051631e-01 4.423046273249576e+01
7.574638530004761e-01 4.425538153320086e+01
7.594176895351999e-01 4.428028764832669e+01
7.613789834612776e-01 4.430518103131162e+01
7.633477775553327e-01 4.433006163526916e+01
7.653241149217783e-01 4.435492941298529e+01
7.673080389959650e-01 4.437978431691571e+01
7.692995935473601e-01 4.440462629918305e+01
7.712988226827683e-01 4.442945531157413e+01
7.733057708495873e-01 4.445427130553709e+01
7.753204828391020e-01 4.447907423217861e+01
7.773430037898160e-01 4.450386404226100e+01
7.793733791908244e-01 4.452864068619932e+01
7.814116548852218e-01 4.455340411405844e+01
7.834578770735545e-01 4.457815427555011e+01
7.855120923173106e-01 4.460289112002994e+01
7.875743475424510e-01 4.462761459649443e+01
7.896446900429840e-01 4.465232465357790e+01
7.917231674845802e-01 4.467702123954943e+01
7.938098279082300e-01 4.470170430230975e+01
7.959047197339453e-01 4.472637378938813e+01
7.980078917645055e-01 4.475102964793920e+01
8.001193931892461e-01 4.477567182473973e+01
8.022392735878940e-01 4.480030026618548e+01
8.043675829344494e-01 4.482491491828786e+01
8.065043716011108e-01 4.484951572667071e+01
8.086496903622495e-01 4.487410263656690e+01
8.108035903984331e-01 4.489867559281508e+01
8.129661233004930e-01 4.492323453985620e+01
8.151373410736453e-01 4.494777942173010e+01
8.173172961416597e-01 4.497231018207216e+01
8.195060413510773e-01 4.499682676410964e+01
8.217036299754825e-01 4.502132911065830e+01
8.239101157198245e-01 4.504581716411877e+01
8.261255527247927e-01 4.507029086647297e+01
8.283499955712441e-01 4.509475015928049e+01
8.305834992846876e-01 4.511919498367492e+01
8.328261193398186e-01 4.514362528036012e+01
8.350779116651137e-01 4.516804098960652e+01
8.373389326474796e-01 4.519244205124732e+01
8.396092391369601e-01 4.521682840467469e+01
8.418888884514998e-01 4.524119998883587e+01
8.441779383817699e-01 4.526555674222938e+01
8.464764471960493e-01 4.528989860290094e+01
8.487844736451706e-01 4.531422550843966e+01
8.511020769675247e-01 4.533853739597388e+01
8.534293168941296e-01 4.536283420216724e+01
8.557662536537618e-01 4.538711586321450e+01
8.581129479781527e-01 4.541138231483747e+01
8.604694611072482e-01 4.543563349228081e+01
8.628358547945371e-01 4.545986933030778e+01
8.652121913124446e-01 4.548408976319603e+01
8.675985334577956e-01 4.550829472473328e+01
8.699949445573468e-01 4.553248414821296e+01
8.724014884733867e-01 4.555665796642984e+01
8.748182296094098e-01 4.558081611167557e+01
8.772452329158619e-01 4.560495851573422e+01
8.796825638959583e-01 4.562908510987774e+01
8.821302886115773e-01 4.565319582486139e+01
8.845884736892290e-01 4.567729059091915e+01
8.870571863261000e-01 4.570136933775900e+01
8.895364942961763e-01 4.572543199455824e+01
8.920264659564466e-01 4.574947848995873e+01
8.945271702531836e-01 4.577350875206208e+01
8.970386767283077e-01 4.579752270842474e+01
8.995610555258355e-01 4.582152028605319e+01
9.020943773984066e-01 4.584550141139889e+01
9.046387137139020e-01 4.586946601035328e+01
9.071941364621448e-01 4.589341400824279e+01
9.097607182616898e-01 4.591734532982364e+01
9.123385323667029e-01 4.594125989927671e+01
9.149276526739315e-01 4.596515764020234e+01
9.175281537297630e-01 4.598903847561498e+01
9.201401107373827e-01 4.601290232793799e+01
9.227635995640203e-01 4.603674911899811e+01
9.253986967482981e-01 4.606057877002014e+01
9.280454795076719e-01 4.608439120162139e+01
9.307040257459768e-01 4.610818633380611e+01
9.333744140610669e-01 4.613196408595994e+01
9.360567237525635e-01 4.615572437684419e+01
9.387510348297047e-01 4.617946712459014e+01
9.414574280192993e-01 4.620319224669325e+01
9.441759847737905e-01 4.622689966000730e+01
9.469067872794286e-01 4.625058928073852e+01
9.496499184645504e-01 4.627426102443957e+01
9.524054620079757e-01 4.629791480600359e+01
9.551735023475164e-01 4.632155053965800e+01
9.579541246886006e-01 4.634516813895844e+01
9.607474150130150e-01 4.636876751678249e+01
9.635534600877695e-01 4.639234858532344e+01
9.663723474740791e-01 4.641591125608389e+01
9.692041655364726e-01 4.643945543986936e+01
9.720490034520265e-01 4.646298104678178e+01
9.749069512197258e-01 4.648648798621301e+01
9.777780996699545e-01 4.650997616683812e+01
9.806625404741199e-01 4.653344549660879e+01
9.835603661544068e-01 4.655689588274650e+01
9.864716700936718e-01 4.658032723173571e+01
9.893965465454738e-01 4.660373944931699e+01
9.923350906442472e-01 4.662713244048002e+01
9.952873984156138e-01 4.665050610945652e+01
9.982535667868464e-01 4.667386035971322e+01
1.001233693597473e+00 4.669719509394456e+01
1.004227877610037e+00 4.672051021406550e+01
1.007236218521005e+00 4.674380562120410e+01
1.010258816971835e+00 4.676708121569420e+01
1.013295774560199e+00 4.679033689706782e+01
1.016347193851365e+00 4.681357256404765e+01
1.019413178389744e+00 4.683678811453935e+01
1.022493832710604e+00 4.685998344562383e+01
1.025589262351947e+00 4.688315845354943e+01
1.028699573866566e+00 4.690631303372400e+01
1.031824874834266e+00 4.692944708070697e+01
1.034965273874276e+00 4.695256048820120e+01
1.038120880657820e+00 4.697565314904490e+01
1.041291805920896e+00 4.699872495520333e+01
1.044478161477223e+00 4.702177579776051e+01
1.047680060231386e+00 4.704480556691083e+01
1.050897616192170e+00 4.706781415195048e+01
1.054130944486095e+00 4.709080144126891e+01
1.057380161371146e+00 4.711376732234014e+01
1.060645384250704e+00 4.713671168171398e+01
1.063926731687692e+00 4.715963440500717e+01
1.067224323418923e+00 4.718253537689443e+01
1.070538280369663e+00 4.720541448109935e+01
1.073868724668417e+00 4.722827160038538e+01
1.077215779661928e+00 4.725110661654641e+01
1.080579569930407e+00 4.727391941039756e+01
1.083960221302988e+00 4.729670986176571e+01
1.087357860873421e+00 4.731947784947992e+01
1.090772617015997e+00 4.734222325136184e+01
1.094204619401718e+00 4.736494594421598e+01
1.097653999014709e+00 4.738764580381979e+01
1.101120888168882e+00 4.741032270491384e+01
1.104605420524857e+00 4.743297652119166e+01
1.108107731107138e+00 4.745560712528962e+01
1.111627956321554e+00 4.747821438877673e+01
1.115166233972967e+00 4.750079818214420e+01
1.118722703283256e+00 4.752335837479499e+01
1.122297504909578e+00 4.754589483503321e+01
1.125890780962909e+00 4.756840743005348e+01
1.129502675026878e+00 4.759089602593006e+01
1.133133332176895e+00 4.761336048760596e+01
1.136782898999568e+00 4.763580067888189e+01
1.140451523612437e+00 4.765821646240517e+01
1.144139355684013e+00 4.768060769965837e+01
1.147846546454127e+00 4.770297425094802e+01
1.151573248754610e+00 4.772531597539305e+01
1.155319617030294e+00 4.774763273091321e+01
1.159085807360346e+00 4.776992437421731e+01
1.162871977479948e+00 4.779219076079137e+01
1.166678286802313e+00 4.781443174488664e+01
1.170504896441065e+00 4.783664717950749e+01
1.174351969232964e+00 4.785883691639916e+01
1.178219669761013e+00 4.788100080603545e+01
1.182108164377923e+00 4.790313869760622e+01
1.186017621229965e+00 4.792525043900473e+01
1.189948210281207e+00 4.794733587681497e+01
1.193900103338146e+00 4.796939485629874e+01
1.197873474074743e+00 4.799142722138268e+01
1.201868498057860e+00 4.801343281464512e+01
1.205885352773127e+00 4.803541147730280e+01
1.209924217651216e+00 4.805736304919750e+01
1.213985274094569e+00 4.807928736878245e+01
1.218068705504553e+00 4.810118427310871e+01
1.222174697309066e+00 4.812305359781133e+01
1.226303436990614e+00 4.814489517709539e+01
1.230455114114836e+00 4.816670884372191e+01
1.234629920359528e+00 4.818849442899362e+01
1.238828049544134e+00 4.821025176274061e+01
1.243049697659747e+00 4.823198067330574e+01
1.247295062899603e+00 4.825368098753005e+01
1.251564345690108e+00 4.827535253073792e+01
1.255857748722367e+00 4.829699512672209e+01
1.260175476984270e+00 4.831860859772858e+01
1.264517737793116e+00 4.834019276444148e+01
1.268884740828793e+00 4.836174744596743e+01
1.273276698167530e+00 4.838327245982020e+01
1.277693824316232e+00 4.840476762190494e+01
1.282136336247398e+00 4.842623274650224e+01
1.286604453434652e+00 4.844766764625227e+01
1.291098397888883e+00 4.846907213213851e+01
1.295618394195024e+00 4.849044601347146e+01
1.300164669549454e+00 4.851178909787216e+01
1.304737453798081e+00 4.853310119125562e+01
1.309336979475062e+00 4.855438209781394e+01
1.313963481842231e+00 4.857563161999943e+01
1.318617198929207e+00 4.859684955850746e+01
1.323298371574218e+00 4.861803571225924e+01
1.328007243465648e+00 4.863918987838438e+01
1.332744061184328e+00 4.866031185220330e+01
1.337509074246572e+00 4.868140142720948e+01
1.342302535147993e+00 4.870245839505158e+01
1.347124699408105e+00 4.872348254551533e+01
1.351975825615726e+00 4.874447366650533e+01
1.356856175475198e+00 4.876543154402663e+01
1.361766013853460e+00 4.878635596216620e+01
1.366705608827954e+00 4.880724670307420e+01
1.371675231735424e+00 4.882810354694506e+01
1.376675157221597e+00 4.884892627199845e+01
1.381705663291783e+00 4.886971465446009e+01
1.386767031362401e+00 4.889046846854234e+01
1.391859546313453e+00 4.891118748642467e+01
1.396983496541980e+00 4.893187147823390e+01
1.402139174016505e+00 4.895252021202445e+01
1.407326874332487e+00 4.897313345375814e+01
1.412546896768816e+00 4.899371096728413e+01
1.417799544345373e+00 4.901425251431849e+01
1.423085123881658e+00 4.903475785442367e+01
1.428403946056536e+00 4.905522674498783e+01
1.433756325469110e+00 4.907565894120399e+01
1.439142580700751e+00 4.909605419604900e+01
1.444563034378307e+00 4.911641226026240e+01
1.450018013238523e+00 4.913673288232506e+01
1.455507848193692e+00 4.915701580843769e+01
1.461032874398575e+00 4.917726078249925e+01
1.466593431318600e+00 4.919746754608506e+01
1.472189862799401e+00 4.921763583842494e+01
1.477822517137681e+00 4.923776539638103e+01
1.483491747153484e+00 4.925785595442558e+01
1.489197910263852e+00 4.927790724461852e+01
1.494941368557948e+00 4.929791899658493e+01
1.500722488873644e+00 4.931789093749230e+01
1.506541642875628e+00 4.933782279202778e+01
1.512399207135050e+00 4.935771428237508e+01
1.518295563210761e+00 4.937756512819148e+01
1.524231097732157e+00 4.939737504658451e+01
1.530206202483696e+00 4.941714375208856e+01
1.536221274491098e+00 4.943687095664143e+01
1.542276716109288e+00 4.945655636956066e+01
1.548372935112111e+00 4.947619969751980e+01
1.554510344783873e+00 4.949580064452452e+01
1.560689364012732e+00 4.951535891188868e+01
1.566910417386005e+00 4.953487419821019e+01
1.573173935287423e+00 4.955434619934683e+01
1.579480353996385e+00 4.957377460839201e+01
1.585830115789257e+00 4.959315911565035e+01
1.592223669042770e+00 4.961249940861322e+01
1.598661468339560e+00 4.963179517193421e+01
1.605143974575911e+00 4.965104608740447e+01
1.611671655071748e+00 4.967025183392807e+01
1.618244983682942e+00 4.968941208749723e+01
1.624864440915966e+00 4.970852652116748e+01
1.631530514045000e+00 4.972759480503286e+01
1.638243697231482e+00 4.974661660620099e+01
1.645004491646238e+00 4.976559158876815e+01
1.651813405594194e+00 4.978451941379437e+01
1.658670954641779e+00 4.980339973927842e+01
1.665577661747051e+00 4.982223222013286e+01
1.672534057392650e+00 4.984101650815913e+01
1.679540679721611e+00 4.985975225202255e+01
1.686598074676144e+00 4.987843909722745e+01
1.693706796139438e+00 4.989707668609227e+01
1.700867406080565e+00 4.991566465772478e+01
1.708080474702579e+00 4.993420264799726e+01
1.715346580593873e+00 4.995269028952191e+01
1.722666310882889e+00 4.997112721162618e+01
1.730040261396269e+00 4.998951304032834e+01
1.737469036820528e+00 5.000784739831307e+01
1.744953250867357e+00 5.002612990490729e+01
1.752493526442625e+00 5.004436017605605e+01
1.760090495819212e+00 5.006253782429861e+01
1.767744800813735e+00 5.008066245874478e+01
1.775457092967308e+00 5.009873368505133e+01
1.783228033730414e+00 5.011675110539875e+01
1.791058294652017e+00 5.013471431846820e+01
1.798948557573018e+00 5.015262291941870e+01
1.806899514824181e+00 5.017047649986467e+01
1.814911869428635e+00 5.018827464785373e+01
1.822986335309093e+00 5.020601694784484e+01
1.831123637499905e+00 5.022370298068684e+01
1.839324512364083e+00 5.024133232359728e+01
1.847589707815429e+00 5.025890455014176e+01
1.855919983545921e+00 5.027641923021370e+01
1.864316111258472e+00 5.029387593001447e+01
1.872778874905249e+00 5.031127421203411e+01
1.881309070931683e+00 5.032861363503258e+01
1.889907508526326e+00 5.034589375402155e+01
1.898575009876751e+00 5.036311412024671e+01
1.907312410431615e+00 5.038027428117085e+01
1.916120559169110e+00 5.039737378045750e+01
1.925000318871950e+00 5.041441215795528e+01
1.933952566409099e+00 5.043138894968304e+01
1.942978193024419e+00 5.044830368781573e+01
1.952078104632460e+00 5.046515590067112e+01
1.961253222121560e+00 5.048194511269737e+01
1.970504481664510e+00 5.049867084446156e+01
1.979832835036985e+00 5.051533261263907e+01
1.989239249943958e+00 5.053192993000411e+01
1.998724710354349e+00 5.054846230542118e+01
2.008290216844154e+00 5.056492924383774e+01
2.017936786948280e+00 5.058133024627798e+01
2.027665455521377e+00 5.059766480983782e+01
2.037477275107920e+00 5.061393242768126e+01
2.047373316321814e+00 5.063013258903791e+01
2.057354668235827e+00 5.064626477920213e+01
2.067422438781132e+00 5.066232847953352e+01
2.077577755157265e+00 5.067832316745887e+01
2.087821764252840e+00 5.069424831647593e+01
2.098155633077325e+00 5.071010339615864e+01
2.108580549204227e+00 5.072588787216426e+01
2.119097721226056e+00 5.074160120624224e+01
2.129708379221414e+00 5.075724285624509e+01
2.140413775234588e+00 5.077281227614111e+01
2.151215183768059e+00 5.078830891602935e+01
2.162113902288319e+00 5.080373222215663e+01
2.173111251745413e+00 5.081908163693686e+01
2.184208577106661e+00 5.083435659897270e+01
2.195407247905000e+00 5.084955654307972e+01
2.206708658802405e+00 5.086468090031303e+01
2.218114230168912e+00 5.087972909799664e+01
2.229625408677701e+00 5.089470055975553e+01
2.241243667916805e+00 5.090959470555070e+01
2.252970509017953e+00 5.092441095171705e+01
2.264807461303153e+00 5.093914871100456e+01
2.276756082949534e+00 5.095380739262254e+01
2.288817961673131e+00 5.096838640228740e+01
2.300994715432192e+00 5.098288514227374e+01
2.313287993150669e+00 5.099730301146925e+01
2.325699475462591e+00 5.101163940543326e+01
2.338230875478012e+00 5.102589371645927e+01
2.350883939571252e+00 5.104006533364147e+01
2.363660448192232e+00 5.105415364294557e+01
2.376562216701652e+00 5.106815802728393e+01
2.389591096230870e+00 5.108207786659527e+01
2.402748974567305e+00 5.109591253792906e+01
2.416037777066294e+00 5.110966141553481e+01
2.429459467590274e+00 5.112332387095635e+01
2.443016049476303e+00 5.113689927313146e+01
2.456709566532898e+00 5.115038698849683e+01
2.470542104067225e+00 5.116378638109861e+01
2.484515789943737e+00 5.117709681270893e+01
2.498632795675395e+00 5.119031764294827e+01
2.512895337548616e+00 5.120344822941411e+01
2.527305677783218e+00 5.121648792781608e+01
2.541866125728597e+00 5.122943609211769e+01
2.556579039097488e+00 5.124229207468504e+01
2.571446825238680e+00 5.125505522644249e+01
2.586471942450152e+00 5.126772489703592e+01
2.601656901334086e+00 5.128030043500334e+01
2.617004266195389e+00 5.129278118795357e+01
2.632516656485308e+00 5.130516650275285e+01
2.648196748291875e+00 5.131745572571992e+01
2.664047275878945e+00 5.132964820282969e+01
2.680071033275713e+00 5.134174327992583e+01
2.696270875918599e+00 5.135374030294248e+01
2.712649722347594e+00 5.136563861813551e+01
2.729210555959134e+00 5.137743757232347e+01
2.745956426817727e+00 5.138913651313859e+01
2.762890453528667e+00 5.140073478928812e+01
2.780015825174193e+00 5.141223175082635e+01
2.797335803315692e+00 5.142362674943750e+01
2.814853724064522e+00 5.143491913872994e+01
2.832573000224258e+00 5.144610827454201e+01
2.850497123507224e+00 5.145719351525966e+01
2.868629666828368e+00 5.146817422214635e+01
2.886974286679584e+00 5.147904975968554e+01
2.905534725587874e+00 5.148981949593596e+01
2.924314814660758e+00 5.150048280290024e+01
2.943318476222605e+00 5.151103905690695e+01
2.962549726545668e+00 5.152148763900652e+01
2.982012678679856e+00 5.153182793538153e+01
3.001711545385368e+00 5.154205933777131e+01
3.021650642172654e+00 5.155218124391163e+01
3.041834390454263e+00 5.156219305798946e+01
3.062267320813423e+00 5.157209419111333e+01
3.082954076394430e+00 5.158188406179954e+01
3.103899416420206e+00 5.159156209647453e+01
3.125108219842531e+00 5.160112772999377e+01
3.146585489130962e+00 5.161058040617740e+01
3.168336354206507e+00 5.161991957836300e+01
3.190366076526610e+00 5.162914470997571e+01
3.212680053328258e+00 5.163825527511602e+01
3.235283822036426e+00 5.164725075916542e+01
3.258183064845354e+00 5.165613065941025e+01
3.281383613480716e+00 5.166489448568384e+01
3.304891454150983e+00 5.167354176102732e+01
3.328712732696853e+00 5.168207202236915e+01
3.352853759948033e+00 5.169048482122347e+01
3.377321017297205e+00 5.169877972440766e+01
3.402121162501469e+00 5.170695631477891e+01
3.427261035722230e+00 5.171501419199002e+01
3.452747665815001e+00 5.172295297326446e+01
3.478588276881283e+00 5.173077229419066e+01
3.504790295095340e+00 5.173847180953538e+01
3.531361355819459e+00 5.174605119407632e+01
3.558309311021934e+00 5.175351014345338e+01
3.585642237013017e+00 5.176084837503888e+01
3.613368442514762e+00 5.176806562882609e+01
3.641496477081750e+00 5.177516166833581e+01
3.670035139890586e+00 5.178213628154076e+01
3.698993488917205e+00 5.178898928180708e+01
3.728380850521996e+00 5.179572050885260e+01
3.758206829464172e+00 5.180232982972095e+01
3.788481319367885e+00 5.180881713977116e+01
3.819214513664078e+00 5.181518236368151e+01
3.850416917033489e+00 5.182142545646697e+01
3.882099357377820e+00 5.182754640450911e+01
3.914272998347645e+00 5.183354522659720e+01
3.946949352457624e+00 5.183942197497940e+01
3.980140294821303e+00 5.184517673642248e+01
4.013858077539961e+00 5.185080963327845e+01
4.048115344782110e+00 5.185632082455662e+01
4.082925148592689e+00 5.186171050699897e+01
4.118300965473357e+00 5.186697891615697e+01
4.154256713778301e+00 5.187212632746750e+01
4.190806771972580e+00 5.187715305732569e+01
4.227965997803432e+00 5.188205946415187e+01
4.265749748438155e+00 5.188684594945011e+01
4.304173901626018e+00 5.189151295885517e+01
4.343254877945297e+00 5.189606098316484e+01
4.383009664201115e+00 5.190049055935419e+01
4.423455838043991e+00 5.190480227156813e+01
4.464611593884110e+00 5.190899675208851e+01
4.506495770181568e+00 5.191307468227146e+01
4.549127878198632e+00 5.191703679345100e+01
4.592528132306094e+00 5.192088386780391e+01
4.636717481942783e+00 5.192461673917139e+01
4.681717645334272e+00 5.192823629383229e+01
4.727551145084855e+00 5.193174347122257e+01
4.774241345765364e+00 5.193513926459540e+01
4.821812493628523e+00 5.193842472161619e+01
4.870289758593840e+00 5.194160094488632e+01
4.919699278654642e+00 5.194466909238930e+01
4.970068206871966e+00 5.194763037785289e+01
5.021424761132755e+00 5.195048607102034e+01
5.073798276864066e+00 5.195323749782381e+01
5.127219262910003e+00 5.195588604045274e+01
5.181719460795251e+00 5.195843313731007e+01
5.237331907616935e+00 5.196088028284861e+01
5.294091002826693e+00 5.196322902728009e+01
5.352032579186643e+00 5.196548097614937e+01
5.411193978206814e+00 5.196763778976601e+01
5.471614130397628e+00 5.196970118248556e+01
5.533333640700071e+00 5.197167292183310e+01
5.596394879487351e+00 5.197355482746149e+01
5.660842079566660e+00 5.197534876993702e+01
5.726721439647715e+00 5.197705666934559e+01
5.794081234786788e+00 5.197868049371260e+01
5.862971934360838e+00 5.198022225723045e+01
5.933446328177971e+00 5.198168401828779e+01
6.005559661386199e+00 5.198306787729550e+01
6.079369778905209e+00 5.198437597430497e+01
6.154937280174656e+00 5.198561048641527e+01
6.232325685089165e+00 5.198677362496636e+01
6.311601612074762e+00 5.198786763251726e+01
6.392834969356298e+00 5.198889477960862e+01
6.476099160569872e+00 5.198985736131097e+01
6.561471305991386e+00 5.199075769356142e+01
6.649032480782663e+00 5.199159810929292e+01
6.738867971802304e+00 5.199238095436245e+01
6.831067554690883e+00 5.199310858328626e+01
6.925725793123158e+00 5.199378335479235e+01
7.022942362323872e+00 5.199440762720277e+01
7.122822399173921e+00 5.199498375366075e+01
7.225476881492005e+00 5.199551407722002e+01
7.331023039368366e+00 5.199600092581643e+01
7.439584801755483e+00 5.199644660714473e+01
7.551293281892949e+00 5.199685340346594e+01
7.666287305563873e+00 5.199722356637377e+01
7.784713986657806e+00 5.199755931155104e+01
7.906729355057590e+00 5.199786281355002e+01
8.032499042485089e+00 5.199813620063311e+01
8.162199032644693e+00 5.199838154971246e+01
8.296016482809369e+00 5.199860088142989e+01
8.434150624914839e+00 5.199879615541956e+01
8.576813755286063e+00 5.199896926579818e+01
8.724232323336294e+00 5.199912203692777e+01
8.876648130981479e+00 5.199925621949706e+01
9.034319656131675e+00 5.199937348696703e+01
9.197523515497664e+00 5.199947543242533e+01
9.366556084126726e+00 5.199956356589254e+01
9.541735291615026e+00 5.199963931212048e+01
9.723402617899149e+00 5.199970400891930e+01
9.911925314986489e+00 5.199975890604506e+01
1.010769888503872e+01 5.199980516467420e+01
1.031114984999497e+01 5.199984385748400e+01
1.052273885354947e+01 5.199987596935044e+01
1.074296414296333e+01 5.199990239866612e+01
1.097236548610272e+01 5.199992395927051e+01
1.121152858852469e+01 5.199994138297497e+01
1.146109008670414e+01 5.199995532265338e+01
1.172174320702489e+01 5.199996635585810e+01
1.199424419645114e+01 5.199997498890951e+01
1.227941965050186e+01 5.199998166139707e+01
1.257817488807874e+01 5.199998675101907e+01
1.289150355187895e+01 5.199999057868047e+01
1.322049864886917e+01 5.199999341376095e+01
1.356636528929479e+01 5.199999547946086e+01
1.393043543711123e+01 5.199999695813098e+01
1.431418505237721e+01 5.199999799649322e+01
1.471925409071343e+01 5.199999871066387e+01
1.514746993124038e+01 5.199999919089862e+01
1.560087493885715e+01 5.199999950598968e+01
1.608175903784464e+01 5.199999970725922e+01
1.659269839301885e+01 5.199999983210910e+01
1.713660157755901e+01 5.199999990710481e+01
1.771676497440198e+01 5.199999995058899e+01
1.833693963999274e+01 5.199999997483795e+01
1.900141249598284e+01 5.199999998778948e+01
1.971510556352776e+01 5.199999999438354e+01
2.048369809780691e+01 5.199999999756642e+01
2.131377803482821e+01 5.199999999901378e+01
2.221303129993480e+01 5.199999999962931e+01
2.319048050113762e+01 5.199999999987203e+01
2.425678872063161e+01 5.199999999995990e+01
2.542465010388694e+01 5.199999999998875e+01
2.670929762546780e+01 5.199999999999722e+01
2.812917120195158e+01 5.199999999999940e+01
2.970680850915613e+01 5.199999999999989e+01
3.147005020544356e+01 5.199999999999999e+01
3.345369711376693e+01 5.200000000000000e+01
3.570183027653342e+01 5.200000000000000e+01
3.827112531969513e+01 5.200000000000000e+01
4.123569652334258e+01 5.200000000000000e+01
4.469436292759864e+01 5.200000000000000e+01
