0.000000000000000e+00 0.000000000000000e+00
1.443792654428535e-04 3.258264712937375e-02
2.889021918463466e-04 6.515924937906448e-02
4.335689937365530e-04 9.772980791272090e-02
5.783798860668891e-04 1.302943238927412e-01
7.233350842191786e-04 1.628527984802588e-01
8.684348040047207e-04 1.954052328350713e-01
1.013679261665361e-03 2.279516281157896e-01
1.159068673874564e-03 2.604919854796890e-01
1.304603257738495e-03 2.930263060827158e-01
1.450283230797094e-03 3.255545910796869e-01
1.596108811025168e-03 3.580768416240119e-01
1.742080216833470e-03 3.905930588678359e-01
1.888197667069794e-03 4.231032439620392e-01
2.034461381020068e-03 4.556073980562161e-01
2.180871578409451e-03 4.881055222986674e-01
2.327428479403433e-03 5.205976178363585e-01
2.474132304608938e-03 5.530836858150394e-01
2.620983275075431e-03 5.855637273790961e-01
2.767981612296030e-03 6.180377436716711e-01
2.915127538208617e-03 6.505057358345994e-01
3.062421275196959e-03 6.829677050084015e-01
3.209863046091821e-03 7.154236523322908e-01
3.357453074172097e-03 7.478735789441942e-01
3.505191583165936e-03 7.803174859807243e-01
3.653078797251866e-03 8.127553745772218e-01
3.801114941059937e-03 8.451872458676775e-01
3.949300239672853e-03 8.776131009847532e-01
4.097634918627113e-03 9.100329410598533e-01
4.246119203914156e-03 9.424467672230747e-01
4.394753321981509e-03 9.748545806031785e-01
4.543537499733936e-03 1.007256382327562e+00
4.692471964534599e-03 1.039652173522398e+00
4.841556944206207e-03 1.072041955312486e+00
4.990792667032186e-03 1.104425728821269e+00
5.140179361757836e-03 1.136803495170930e+00
5.289717257591507e-03 1.169175255482322e+00
5.439406584205771e-03 1.201541010874962e+00
5.589247571738589e-03 1.233900762467030e+00
5.739240450794503e-03 1.266254511375351e+00
5.889385452445807e-03 1.298602258715498e+00
6.039682808233745e-03 1.330944005601580e+00
6.190132750169690e-03 1.363279753146543e+00
6.340735510736347e-03 1.395609502461816e+00
6.491491322888946e-03 1.427933254657631e+00
6.642400420056443e-03 1.460251010842846e+00
6.793463036142728e-03 1.492562772124892e+00
6.944679405527827e-03 1.524868539610004e+00
7.096049763069124e-03 1.557168314402894e+00
7.247574344102566e-03 1.589462097607061e+00
7.399253384443892e-03 1.621749890324658e+00
7.551087120389850e-03 1.654031693656350e+00
7.703075788719424e-03 1.686307508701631e+00
7.855219626695074e-03 1.718577336558525e+00
8.007518872063957e-03 1.750841178323675e+00
8.159973763059176e-03 1.783099035092484e+00
8.312584538401016e-03 1.815350907958866e+00
8.465351437298192e-03 1.847596798015481e+00
8.618274699449100e-03 1.879836706353565e+00
8.771354565043073e-03 1.912070634062964e+00
8.924591274761629e-03 1.944298582232243e+00
9.077985069779743e-03 1.976520551948475e+00
9.231536191767104e-03 2.008736544297520e+00
9.385244882889396e-03 2.040946560363700e+00
9.539111385809554e-03 2.073150601230061e+00
9.693135943689056e-03 2.105348667978255e+00
9.847318800189193e-03 2.137540761688541e+00
1.000166019947236e-02 2.169726883439829e+00
1.015616038620336e-02 2.201907034309563e+00
1.031081960555064e-02 2.234081215373891e+00
1.046563810318768e-02 2.266249427707557e+00
1.062061612529421e-02 2.298411672383850e+00
1.077575391855755e-02 2.330567950474723e+00
1.093105173017391e-02 2.362718263050795e+00
1.108650980784974e-02 2.394862611181168e+00
1.124212839980298e-02 2.427000995933618e+00
1.139790775476444e-02 2.459133418374485e+00
1.155384812197909e-02 2.491259879568752e+00
1.170994975120740e-02 2.523380380579994e+00
1.186621289272669e-02 2.555494922470317e+00
1.202263779733243e-02 2.587603506300503e+00
1.217922471633964e-02 2.619706133129874e+00
1.233597390158416e-02 2.651802804016384e+00
1.249288560542405e-02 2.683893520016483e+00
1.264996008074096e-02 2.715978282185311e+00
1.280719758094144e-02 2.748057091576563e+00
1.296459835995833e-02 2.780129949242465e+00
1.312216267225211e-02 2.812196856233832e+00
1.327989077281231e-02 2.844257813600180e+00
1.343778291715885e-02 2.876312822389366e+00
1.359583936134342e-02 2.908361883648027e+00
1.375406036195087e-02 2.940404998421300e+00
1.391244617610063e-02 2.972442167752888e+00
1.407099706144804e-02 3.004473392685007e+00
1.422971327618580e-02 3.036498674258496e+00
1.438859507904535e-02 3.068518013512787e+00
1.454764272929829e-02 3.100531411485790e+00
1.470685648675775e-02 3.132538869214045e+00
1.486623661177987e-02 3.164540387732565e+00
1.502578336526516e-02 3.196535968075032e+00
1.518549700865995e-02 3.228525611273568e+00
1.534537780395783e-02 3.260509318358892e+00
1.550542601370104e-02 3.292487090360268e+00
1.566564190098196e-02 3.324458928305525e+00
1.582602572944452e-02 3.356424833220991e+00
1.598657776328564e-02 3.388384806131562e+00
1.614729826725671e-02 3.420338848060609e+00
1.630818750666503e-02 3.452286960030179e+00
1.646924574737524e-02 3.484229143060752e+00
1.663047325581084e-02 3.516165398171303e+00
1.679187029895563e-02 3.548095726379422e+00
1.695343714435518e-02 3.580020128701172e+00
1.711517406011830e-02 3.611938606151170e+00
1.727708131491856e-02 3.643851159742560e+00
1.743915917799575e-02 3.675757790486948e+00
1.760140791915736e-02 3.707658499394540e+00
1.776382780878010e-02 3.739553287474010e+00
1.792641911781143e-02 3.771442155732515e+00
1.808918211777099e-02 3.803325105175787e+00
1.825211708075215e-02 3.835202136808057e+00
1.841522427942357e-02 3.867073251631986e+00
1.857850398703066e-02 3.898938450648828e+00
1.874195647739712e-02 3.930797734858317e+00
1.890558202492649e-02 3.962651105258672e+00
1.906938090460366e-02 3.994498562846587e+00
1.923335339199644e-02 4.026340108617312e+00
1.939749976325709e-02 4.058175743564497e+00
1.956182029512384e-02 4.090005468680367e+00
1.972631526492252e-02 4.121829284955616e+00
1.989098495056803e-02 4.153647193379413e+00
2.005582963056598e-02 4.185459194939362e+00
2.022084958401422e-02 4.217265290621597e+00
2.038604509060444e-02 4.249065481410774e+00
2.055141643062369e-02 4.280859768289908e+00
2.071696388495607e-02 4.312648152240584e+00
2.088268773508421e-02 4.344430634242840e+00
2.104858826309097e-02 4.376207215275151e+00
2.121466575166092e-02 4.407977896314442e+00
2.138092048408207e-02 4.439742678336174e+00
2.154735274424740e-02 4.471501562314231e+00
2.171396281665650e-02 4.503254549220898e+00
2.188075098641718e-02 4.535001640027019e+00
2.204771753924712e-02 4.566742835701795e+00
2.221486276147550e-02 4.598478137212943e+00
2.238218694004458e-02 4.630207545526595e+00
2.254969036251144e-02 4.661931061607362e+00
2.271737331704954e-02 4.693648686418264e+00
2.288523609245041e-02 4.725360420920737e+00
2.305327897812532e-02 4.757066266074723e+00
2.322150226410691e-02 4.788766222838547e+00
2.338990624105089e-02 4.820460292169010e+00
2.355849120023768e-02 4.852148475021309e+00
2.372725743357414e-02 4.883830772349043e+00
2.389620523359520e-02 4.915507185104289e+00
2.406533489346559e-02 4.947177714237540e+00
2.423464670698150e-02 4.978842360697698e+00
2.440414096857231e-02 5.010501125432036e+00
2.457381797330232e-02 5.042154009386294e+00
2.474367801687237e-02 5.073801013504671e+00
2.491372139562167e-02 5.105442138729622e+00
2.508394840652944e-02 5.137077386002169e+00
2.525435934721670e-02 5.168706756261642e+00
2.542495451594794e-02 5.200330250445816e+00
2.559573421163291e-02 5.231947869490853e+00
2.576669873382838e-02 5.263559614331299e+00
2.593784838273981e-02 5.295165485900071e+00
2.610918345922318e-02 5.326765485128519e+00
2.628070426478676e-02 5.358359612946387e+00
2.645241110159282e-02 5.389947870281759e+00
2.662430427245943e-02 5.421530258061139e+00
2.679638408086228e-02 5.453106777209399e+00
2.696865083093639e-02 5.484677428649732e+00
2.714110482747797e-02 5.516242213303819e+00
2.731374637594619e-02 5.547801132091600e+00
2.748657578246498e-02 5.579354185931479e+00
2.765959335382483e-02 5.610901375740127e+00
2.783279939748463e-02 5.642442702432668e+00
2.800619422157349e-02 5.673978166922495e+00
2.817977813489255e-02 5.705507770121443e+00
2.835355144691681e-02 5.737031512939623e+00
2.852751446779700e-02 5.768549396285600e+00
2.870166750836137e-02 5.800061421066189e+00
2.887601088011763e-02 5.831567588186580e+00
2.905054489525469e-02 5.863067898550284e+00
2.922526986664464e-02 5.894562353059264e+00
2.940018610784455e-02 5.926050952613629e+00
2.957529393309834e-02 5.957533698111995e+00
2.975059365733871e-02 5.989010590451208e+00
2.992608559618899e-02 6.020481630526483e+00
3.010177006596506e-02 6.051946819231354e+00
3.027764738367721e-02 6.083406157457638e+00
3.045371786703210e-02 6.114859646095532e+00
3.062998183443464e-02 6.146307286033526e+00
3.080643960498989e-02 6.177749078158421e+00
3.098309149850505e-02 6.209185023355261e+00
3.115993783549134e-02 6.240615122507542e+00
3.133697893716594e-02 6.272039376496927e+00
3.151421512545395e-02 6.303457786203467e+00
3.169164672299036e-02 6.334870352505433e+00
3.186927405312194e-02 6.366277076279459e+00
3.204709743990930e-02 6.397677958400436e+00
3.222511720812880e-02 6.429072999741607e+00
3.240333368327449e-02 6.460462201174344e+00
3.258174719156020e-02 6.491845563568489e+00
3.276035805992145e-02 6.523223087792026e+00
3.293916661601746e-02 6.554594774711319e+00
3.311817318823319e-02 6.585960625190886e+00
3.329737810568128e-02 6.617320640093602e+00
3.347678169820415e-02 6.648674820280611e+00
3.365638429637596e-02 6.680023166611271e+00
3.383618623150469e-02 6.711365679943249e+00
3.401618783563411e-02 6.742702361132373e+00
3.419638944154589e-02 6.774033211032894e+00
3.437679138276163e-02 6.805358230497170e+00
3.455739399354491e-02 6.836677420375835e+00
3.473819760890336e-02 6.867990781517783e+00
3.491920256459071e-02 6.899298314770178e+00
3.510040919710891e-02 6.930600020978389e+00
3.528181784371019e-02 6.961895900985994e+00
3.546342884239913e-02 6.993185955634871e+00
3.564524253193483e-02 7.024470185765061e+00
3.582725925183295e-02 7.055748592214833e+00
3.600947934236781e-02 7.087021175820745e+00
3.619190314457460e-02 7.118287937417477e+00
3.637453100025143e-02 7.149548877838001e+00
3.655736325196145e-02 7.180803997913479e+00
3.674040024303511e-02 7.212053298473244e+00
3.692364231757215e-02 7.243296780344899e+00
3.710708982044387e-02 7.274534444354146e+00
3.729074309729525e-02 7.305766291324993e+00
3.747460249454715e-02 7.336992322079610e+00
3.765866835939843e-02 7.368212537438346e+00
3.784294103982818e-02 7.399426938219676e+00
3.802742088459795e-02 7.430635525240397e+00
3.821210824325384e-02 7.461838299315346e+00
3.839700346612881e-02 7.493035261257646e+00
3.858210690434487e-02 7.524226411878509e+00
3.876741890981525e-02 7.555411751987400e+00
3.895293983524670e-02 7.586591282391844e+00
3.913867003414170e-02 7.617765003897631e+00
3.932460986080068e-02 7.648932917308684e+00
3.951075967032432e-02 7.680095023427008e+00
3.969711981861579e-02 7.711251323052863e+00
3.988369066238300e-02 7.742401816984611e+00
4.007047255914090e-02 7.773546506018754e+00
4.025746586721374e-02 7.804685390949942e+00
4.044467094573741e-02 7.835818472570935e+00
4.063208815466166e-02 7.866945751672723e+00
4.081971785475250e-02 7.898067229044287e+00
4.100756040759444e-02 7.929182905472857e+00
4.119561617559284e-02 7.960292781743711e+00
4.138388552197624e-02 7.991396858640272e+00
4.157236881079871e-02 8.022495136944073e+00
4.176106640694219e-02 8.053587617434815e+00
4.194997867611882e-02 8.084674300890178e+00
4.213910598487335e-02 8.115755188086077e+00
4.232844870058545e-02 8.146830279796454e+00
4.251800719147215e-02 8.177899576793386e+00
4.270778182659020e-02 8.208963079847010e+00
4.289777297583844e-02 8.240020789725584e+00
4.308798100996025e-02 8.271072707195465e+00
4.327840630054594e-02 8.302118833020998e+00
4.346904922003515e-02 8.333159167964730e+00
4.365991014171932e-02 8.364193712787220e+00
4.385098943974410e-02 8.395222468247091e+00
4.404228748911176e-02 8.426245435101016e+00
4.423380466568375e-02 8.457262614103811e+00
4.442554134618305e-02 8.488274006008282e+00
4.461749790819667e-02 8.519279611565295e+00
4.480967473017818e-02 8.550279431523791e+00
4.500207219145014e-02 8.581273466630741e+00
4.519469067220662e-02 8.612261717631178e+00
4.538753055351569e-02 8.643244185268131e+00
4.558059221732196e-02 8.674220870282745e+00
4.577387604644906e-02 8.705191773414093e+00
4.596738242460221e-02 8.736156895399340e+00
4.616111173637074e-02 8.767116236973699e+00
4.635506436723066e-02 8.798069798870337e+00
4.654924070354716e-02 8.829017581820466e+00
4.674364113257724e-02 8.859959586553295e+00
4.693826604247225e-02 8.890895813796078e+00
4.713311582228048e-02 8.921826264274046e+00
4.732819086194975e-02 8.952750938710381e+00
4.752349155233006e-02 8.983669837826390e+00
4.771901828517607e-02 9.014582962341208e+00
4.791477145314987e-02 9.045490312972092e+00
4.811075144982353e-02 9.076391890434209e+00
4.830695866968172e-02 9.107287695440704e+00
4.850339350812445e-02 9.138177728702715e+00
4.870005636146960e-02 9.169061990929372e+00
4.889694762695570e-02 9.199940482827749e+00
4.909406770274450e-02 9.230813205102869e+00
4.929141698792376e-02 9.261680158457693e+00
4.948899588250986e-02 9.292541343593186e+00
4.968680478745053e-02 9.323396761208215e+00
4.988484410462760e-02 9.354246411999654e+00
5.008311423685966e-02 9.385090296662263e+00
5.028161558790481e-02 9.415928415888750e+00
5.048034856246343e-02 9.446760770369750e+00
5.067931356618092e-02 9.477587360793827e+00
5.087851100565041e-02 9.508408187847479e+00
5.107794128841558e-02 9.539223252215095e+00
5.127760482297348e-02 9.570032554579015e+00
5.147750201877720e-02 9.600836095619428e+00
5.167763328623876e-02 9.631633876014533e+00
5.187799903673192e-02 9.662425896440347e+00
5.207859968259494e-02 9.693212157570763e+00
5.227943563713345e-02 9.723992660077606e+00
5.248050731462331e-02 9.754767404630620e+00
5.268181513031338e-02 9.785536391897388e+00
5.288335950042848e-02 9.816299622543369e+00
5.308514084217217e-02 9.847057097231882e+00
5.328715957372967e-02 9.877808816624146e+00
5.348941611427075e-02 9.908554781379266e+00
5.369191088395264e-02 9.939294992154110e+00
5.389464430392291e-02 9.970029449603537e+00
5.409761679632237e-02 1.000075815438014e+01
5.430082878428810e-02 1.003148110713439e+01
5.450428069195626e-02 1.006219830851465e+01
5.470797294446513e-02 1.009290975916704e+01
5.491190596795807e-02 1.012361545973559e+01
5.511608018958642e-02 1.015431541086206e+01
5.532049603751255e-02 1.018500961318615e+01
5.552515394091284e-02 1.021569806734526e+01
5.573005432998067e-02 1.024638077397470e+01
5.593519763592943e-02 1.027705773370751e+01
5.614058429099557e-02 1.030772894717457e+01
5.634621472844161e-02 1.033839441500460e+01
5.655208938255919e-02 1.036905413782401e+01
5.675820868867217e-02 1.039970811625707e+01
5.696457308313962e-02 1.043035635092585e+01
5.717118300335897e-02 1.046099884245012e+01
5.737803888776905e-02 1.049163559144751e+01
5.758514117585323e-02 1.052226659853334e+01
5.779249030814252e-02 1.055289186432077e+01
5.800008672621869e-02 1.058351138942066e+01
5.820793087271738e-02 1.061412517444165e+01
5.841602319133128e-02 1.064473321999012e+01
5.862436412681330e-02 1.067533552667017e+01
5.883295412497971e-02 1.070593209508372e+01
5.904179363271330e-02 1.073652292583031e+01
5.925088309796660e-02 1.076710801950731e+01
5.946022296976514e-02 1.079768737670973e+01
5.966981369821052e-02 1.082826099803037e+01
5.987965573448377e-02 1.085882888405970e+01
6.008974953084854e-02 1.088939103538587e+01
6.030009554065432e-02 1.091994745259483e+01
6.051069421833975e-02 1.095049813627010e+01
6.072154601943584e-02 1.098104308699303e+01
6.093265140056935e-02 1.101158230534253e+01
6.114401081946595e-02 1.104211579189526e+01
6.135562473495362e-02 1.107264354722555e+01
6.156749360696601e-02 1.110316557190541e+01
6.177961789654560e-02 1.113368186650447e+01
6.199199806584724e-02 1.116419243159006e+01
6.220463457814140e-02 1.119469726772715e+01
6.241752789781756e-02 1.122519637547838e+01
6.263067849038759e-02 1.125568975540402e+01
6.284408682248914e-02 1.128617740806193e+01
6.305775336188905e-02 1.131665933400770e+01
6.327167857748679e-02 1.134713553379449e+01
6.348586293931785e-02 1.137760600797311e+01
6.370030691855719e-02 1.140807075709191e+01
6.391501098752270e-02 1.143852978169697e+01
6.412997561967870e-02 1.146898308233187e+01
6.434520128963939e-02 1.149943065953784e+01
6.456068847317233e-02 1.152987251385373e+01
6.477643764720198e-02 1.156030864581594e+01
6.499244928981315e-02 1.159073905595844e+01
6.520872388025466e-02 1.162116374481280e+01
6.542526189894274e-02 1.165158271290821e+01
6.564206382746468e-02 1.168199596077134e+01
6.585913014858240e-02 1.171240348892643e+01
6.607646134623595e-02 1.174280529789539e+01
6.629405790554718e-02 1.177320138819751e+01
6.651192031282337e-02 1.180359176034974e+01
6.673004905556078e-02 1.183397641486655e+01
6.694844462244834e-02 1.186435535225989e+01
6.716710750337124e-02 1.189472857303934e+01
6.738603818941469e-02 1.192509607771185e+01
6.760523717286750e-02 1.195545786678203e+01
6.782470494722583e-02 1.198581394075190e+01
6.804444200719688e-02 1.201616430012106e+01
6.826444884870257e-02 1.204650894538651e+01
6.848472596888333e-02 1.207684787704284e+01
6.870527386610181e-02 1.210718109558206e+01
6.892609303994664e-02 1.213750860149369e+01
6.914718399123619e-02 1.216783039526472e+01
6.936854722202240e-02 1.219814647737955e+01
6.959018323559456e-02 1.222845684832016e+01
6.981209253648307e-02 1.225876150856587e+01
7.003427563046337e-02 1.228906045859350e+01
7.025673302455970e-02 1.231935369887731e+01
7.047946522704895e-02 1.234964122988897e+01
7.070247274746468e-02 1.237992305209764e+01
7.092575609660076e-02 1.241019916596980e+01
7.114931578651548e-02 1.244046957196947e+01
7.137315233053536e-02 1.247073427055799e+01
7.159726624325907e-02 1.250099326219416e+01
7.182165804056154e-02 1.253124654733411e+01
7.204632823959760e-02 1.256149412643146e+01
7.227127735880627e-02 1.259173599993711e+01
7.249650591791458e-02 1.262197216829944e+01
7.272201443794162e-02 1.265220263196413e+01
7.294780344120251e-02 1.268242739137425e+01
7.317387345131252e-02 1.271264644697023e+01
7.340022499319103e-02 1.274285979918989e+01
7.362685859306564e-02 1.277306744846830e+01
7.385377477847628e-02 1.280326939523797e+01
7.408097407827918e-02 1.283346563992870e+01
7.430845702265113e-02 1.286365618296763e+01
7.453622414309349e-02 1.289384102477919e+01
7.476427597243641e-02 1.292402016578518e+01
7.499261304484292e-02 1.295419360640467e+01
7.522123589581316e-02 1.298436134705401e+01
7.545014506218847e-02 1.301452338814692e+01
7.567934108215575e-02 1.304467973009428e+01
7.590882449525151e-02 1.307483037330442e+01
7.613859584236621e-02 1.310497531818280e+01
7.636865566574846e-02 1.313511456513221e+01
7.659900450900936e-02 1.316524811455270e+01
7.682964291712663e-02 1.319537596684154e+01
7.706057143644908e-02 1.322549812239329e+01
7.729179061470083e-02 1.325561458159974e+01
7.752330100098564e-02 1.328572534484987e+01
7.775510314579129e-02 1.331583041252995e+01
7.798719760099392e-02 1.334592978502340e+01
7.821958491986242e-02 1.337602346271094e+01
7.845226565706281e-02 1.340611144597039e+01
7.868524036866273e-02 1.343619373517686e+01
7.891850961213570e-02 1.346627033070260e+01
7.915207394636575e-02 1.349634123291703e+01
7.938593393165179e-02 1.352640644218683e+01
7.962009012971209e-02 1.355646595887572e+01
7.985454310368885e-02 1.358651978334471e+01
8.008929341815256e-02 1.361656791595187e+01
8.032434163910669e-02 1.364661035705246e+01
8.055968833399220e-02 1.367664710699887e+01
8.079533407169205e-02 1.370667816614066e+01
8.103127942253584e-02 1.373670353482442e+01
8.126752495830436e-02 1.376672321339399e+01
8.150407125223427e-02 1.379673720219019e+01
8.174091887902268e-02 1.382674550155105e+01
8.197806841483186e-02 1.385674811181163e+01
8.221552043729387e-02 1.388674503330409e+01
8.245327552551521e-02 1.391673626635768e+01
8.269133426008168e-02 1.394672181129872e+01
8.292969722306295e-02 1.397670166845061e+01
8.316836499801732e-02 1.400667583813381e+01
8.340733816999660e-02 1.403664432066578e+01
8.364661732555072e-02 1.406660711636107e+01
8.388620305273274e-02 1.409656422553125e+01
8.412609594110346e-02 1.412651564848493e+01
8.436629658173636e-02 1.415646138552773e+01
8.460680556722243e-02 1.418640143696227e+01
8.484762349167510e-02 1.421633580308821e+01
8.508875095073504e-02 1.424626448420214e+01
8.533018854157511e-02 1.427618748059772e+01
8.557193686290530e-02 1.430610479256555e+01
8.581399651497776e-02 1.433601642039316e+01
8.605636809959151e-02 1.436592236436513e+01
8.629905222009775e-02 1.439582262476294e+01
8.654204948140463e-02 1.442571720186503e+01
8.678536048998241e-02 1.445560609594677e+01
8.702898585386842e-02 1.448548930728052e+01
8.727292618267220e-02 1.451536683613547e+01
8.751718208758054e-02 1.454523868277779e+01
8.776175418136251e-02 1.457510484747055e+01
8.800664307837477e-02 1.460496533047370e+01
8.825184939456657e-02 1.463482013204410e+01
8.849737374748495e-02 1.466466925243549e+01
8.874321675627993e-02 1.469451269189850e+01
8.898937904170973e-02 1.472435045068058e+01
8.923586122614591e-02 1.475418252902606e+01
8.948266393357875e-02 1.478400892717614e+01
8.972978778962244e-02 1.481382964536887e+01
8.997723342152036e-02 1.484364468383908e+01
9.022500145815039e-02 1.487345404281844e+01
9.047309253003027e-02 1.490325772253549e+01
9.072150726932290e-02 1.493305572321552e+01
9.097024630984177e-02 1.496284804508062e+01
9.121931028705628e-02 1.499263468834972e+01
9.146869983809722e-02 1.502241565323846e+01
9.171841560176214e-02 1.505219093995931e+01
9.196845821852088e-02 1.508196054872148e+01
9.221882833052095e-02 1.511172447973092e+01
9.246952658159310e-02 1.514148273319038e+01
9.272055361725681e-02 1.517123530929929e+01
9.297191008472586e-02 1.520098220825381e+01
9.322359663291384e-02 1.523072343024688e+01
9.347561391243979e-02 1.526045897546808e+01
9.372796257563377e-02 1.529018884410375e+01
9.398064327654246e-02 1.531991303633686e+01
9.423365667093490e-02 1.534963155234711e+01
9.448700341630809e-02 1.537934439231086e+01
9.474068417189271e-02 1.540905155640116e+01
9.499469959865886e-02 1.543875304478767e+01
9.524905035932173e-02 1.546844885763672e+01
9.550373711834743e-02 1.549813899511131e+01
9.575876054195874e-02 1.552782345737099e+01
9.601412129814096e-02 1.555750224457199e+01
9.626982005664775e-02 1.558717535686716e+01
9.652585748900681e-02 1.561684279440589e+01
9.678223426852611e-02 1.564650455733424e+01
9.703895107029939e-02 1.567616064579477e+01
9.729600857121237e-02 1.570581105992667e+01
9.755340744994863e-02 1.573545579986567e+01
9.781114838699546e-02 1.576509486574403e+01
9.806923206465011e-02 1.579472825769063e+01
9.832765916702553e-02 1.582435597583079e+01
9.858643038005656e-02 1.585397802028643e+01
9.884554639150601e-02 1.588359439117593e+01
9.910500789097072e-02 1.591320508861417e+01
9.936481556988770e-02 1.594281011271260e+01
9.962497012154022e-02 1.597240946357908e+01
9.988547224106401e-02 1.600200314131799e+01
1.001463226254535e-01 1.603159114603012e+01
1.004075219735679e-01 1.606117347781278e+01
1.006690709861376e-01 1.609075013675967e+01
1.009309703657704e-01 1.612032112296099e+01
1.011932208169576e-01 1.614988643650327e+01
1.014558230460807e-01 1.617944607746955e+01
1.017187777614174e-01 1.620900004593925e+01
1.019820856731481e-01 1.623854834198812e+01
1.022457474933623e-01 1.626809096568837e+01
1.025097639360650e-01 1.629762791710856e+01
1.027741357171832e-01 1.632715919631360e+01
1.030388635545722e-01 1.635668480336479e+01
1.033039481680225e-01 1.638620473831972e+01
1.035693902792656e-01 1.641571900123234e+01
1.038351906119814e-01 1.644522759215293e+01
1.041013498918042e-01 1.647473051112809e+01
1.043678688463295e-01 1.650422775820068e+01
1.046347482051205e-01 1.653371933340989e+01
1.049019886997150e-01 1.656320523679115e+01
1.051695910636320e-01 1.659268546837621e+01
1.054375560323780e-01 1.662216002819305e+01
1.057058843434546e-01 1.665162891626586e+01
1.059745767363644e-01 1.668109213261516e+01
1.062436339526183e-01 1.671054967725761e+01
1.065130567357420e-01 1.674000155020612e+01
1.067828458312834e-01 1.676944775146978e+01
1.070530019868187e-01 1.679888828105392e+01
1.073235259519599e-01 1.682832313896000e+01
1.075944184783614e-01 1.685775232518570e+01
1.078656803197274e-01 1.688717583972480e+01
1.081373122318184e-01 1.691659368256730e+01
1.084093149724582e-01 1.694600585369928e+01
1.086816893015416e-01 1.697541235310297e+01
1.089544359810407e-01 1.700481318075667e+01
1.092275557750124e-01 1.703420833663487e+01
1.095010494496055e-01 1.706359782070809e+01
1.097749177730680e-01 1.709298163294293e+01
1.100491615157538e-01 1.712235977330209e+01
1.103237814501306e-01 1.715173224174429e+01
1.105987783507865e-01 1.718109903822434e+01
1.108741529944379e-01 1.721046016269303e+01
1.111499061599362e-01 1.723981561509721e+01
1.114260386282756e-01 1.726916539537976e+01
1.117025511826003e-01 1.729850950347949e+01
1.119794446082120e-01 1.732784793933124e+01
1.122567196925771e-01 1.735718070286584e+01
1.125343772253345e-01 1.738650779401006e+01
1.128124179983027e-01 1.741582921268661e+01
1.130908428054877e-01 1.744514495881418e+01
1.133696524430903e-01 1.747445503230735e+01
1.136488477095141e-01 1.750375943307661e+01
1.139284294053722e-01 1.753305816102839e+01
1.142083983334962e-01 1.756235121606496e+01
1.144887552989425e-01 1.759163859808452e+01
1.147695011090011e-01 1.762092030698111e+01
1.150506365732028e-01 1.765019634264462e+01
1.153321625033269e-01 1.767946670496077e+01
1.156140797134096e-01 1.770873139381116e+01
1.158963890197510e-01 1.773799040907313e+01
1.161790912409238e-01 1.776724375061991e+01
1.164621871977807e-01 1.779649141832043e+01
1.167456777134625e-01 1.782573341203945e+01
1.170295636134060e-01 1.785496973163750e+01
1.173138457253523e-01 1.788420037697085e+01
1.175985248793543e-01 1.791342534789150e+01
1.178836019077855e-01 1.794264464424718e+01
1.181690776453472e-01 1.797185826588134e+01
1.184549529290778e-01 1.800106621263313e+01
1.187412285983598e-01 1.803026848433740e+01
1.190279054949288e-01 1.805946508082464e+01
1.193149844628814e-01 1.808865600192103e+01
1.196024663486838e-01 1.811784124744839e+01
1.198903520011798e-01 1.814702081722418e+01
1.201786422715992e-01 1.817619471106146e+01
1.204673380135662e-01 1.820536292876893e+01
1.207564400831082e-01 1.823452547015087e+01
1.210459493386636e-01 1.826368233500711e+01
1.213358666410909e-01 1.829283352313312e+01
1.216261928536767e-01 1.832197903431984e+01
1.219169288421447e-01 1.835111886835381e+01
1.222080754746643e-01 1.838025302501707e+01
1.224996336218588e-01 1.840938150408719e+01
1.227916041568146e-01 1.843850430533720e+01
1.230839879550895e-01 1.846762142853568e+01
1.233767858947217e-01 1.849673287344662e+01
1.236699988562385e-01 1.852583863982949e+01
1.239636277226653e-01 1.855493872743921e+01
1.242576733795342e-01 1.858403313602611e+01
1.245521367148930e-01 1.861312186533596e+01
1.248470186193141e-01 1.864220491510991e+01
1.251423199859036e-01 1.867128228508450e+01
1.254380417103103e-01 1.870035397499165e+01
1.257341846907347e-01 1.872941998455860e+01
1.260307498279381e-01 1.875848031350801e+01
1.263277380252516e-01 1.878753496155779e+01
1.266251501885855e-01 1.881658392842119e+01
1.269229872264385e-01 1.884562721380677e+01
1.272212500499067e-01 1.887466481741838e+01
1.275199395726932e-01 1.890369673895509e+01
1.278190567111172e-01 1.893272297811129e+01
1.281186023841234e-01 1.896174353457656e+01
1.284185775132916e-01 1.899075840803573e+01
1.287189830228460e-01 1.901976759816883e+01
1.290198198396647e-01 1.904877110465108e+01
1.293210888932892e-01 1.907776892715291e+01
1.296227911159339e-01 1.910676106533985e+01
1.299249274424962e-01 1.913574751887263e+01
1.302274988105654e-01 1.916472828740710e+01
1.305305061604329e-01 1.919370337059422e+01
1.308339504351020e-01 1.922267276808007e+01
1.311378325802973e-01 1.925163647950579e+01
1.314421535444748e-01 1.928059450450764e+01
1.317469142788318e-01 1.930954684271685e+01
1.320521157373165e-01 1.933849349375976e+01
1.323577588766384e-01 1.936743445725772e+01
1.326638446562780e-01 1.939636973282705e+01
1.329703740384967e-01 1.942529932007914e+01
1.332773479883474e-01 1.945422321862026e+01
1.335847674736841e-01 1.948314142805171e+01
1.338926334651723e-01 1.951205394796970e+01
1.342009469362993e-01 1.954096077796536e+01
1.345097088633843e-01 1.956986191762479e+01
1.348189202255888e-01 1.959875736652889e+01
1.351285820049268e-01 1.962764712425352e+01
1.354386951862756e-01 1.965653119036935e+01
1.357492607573856e-01 1.968540956444192e+01
1.360602797088915e-01 1.971428224603159e+01
1.363717530343220e-01 1.974314923469353e+01
1.366836817301114e-01 1.977201052997769e+01
1.369960667956094e-01 1.980086613142884e+01
1.373089092330919e-01 1.982971603858647e+01
1.376222100477723e-01 1.985856025098483e+01
1.379359702478114e-01 1.988739876815288e+01
1.382501908443289e-01 1.991623158961431e+01
1.385648728514140e-01 1.994505871488749e+01
1.388800172861363e-01 1.997388014348547e+01
1.391956251685567e-01 2.000269587491595e+01
1.395116975217385e-01 2.003150590868127e+01
1.398282353717586e-01 2.006031024427841e+01
1.401452397477183e-01 2.008910888119893e+01
1.404627116817547e-01 2.011790181892897e+01
1.407806522090516e-01 2.014668905694928e+01
1.410990623678512e-01 2.017547059473511e+01
1.414179431994650e-01 2.020424643175631e+01
1.417372957482853e-01 2.023301656747716e+01
1.420571210617966e-01 2.026178100135650e+01
1.423774201905873e-01 2.029053973284762e+01
1.426981941883605e-01 2.031929276139827e+01
1.430194441119466e-01 2.034804008645067e+01
1.433411710213137e-01 2.037678170744145e+01
1.436633759795803e-01 2.040551762380161e+01
1.439860600530266e-01 2.043424783495659e+01
1.443092243111059e-01 2.046297234032615e+01
1.446328698264571e-01 2.049169113932446e+01
1.449569976749161e-01 2.052040423135993e+01
1.452816089355280e-01 2.054911161583538e+01
1.456067046905587e-01 2.057781329214785e+01
1.459322860255072e-01 2.060650925968869e+01
1.462583540291179e-01 2.063519951784349e+01
1.465849097933922e-01 2.066388406599209e+01
1.469119544136010e-01 2.069256290350851e+01
1.472394889882970e-01 2.072123602976099e+01
1.475675146193269e-01 2.074990344411198e+01
1.478960324118437e-01 2.077856514591803e+01
1.482250434743193e-01 2.080722113452983e+01
1.485545489185566e-01 2.083587140929224e+01
1.488845498597025e-01 2.086451596954419e+01
1.492150474162603e-01 2.089315481461865e+01
1.495460427101021e-01 2.092178794384271e+01
1.498775368664816e-01 2.095041535653746e+01
1.502095310140473e-01 2.097903705201800e+01
1.505420262848546e-01 2.100765302959347e+01
1.508750238143790e-01 2.103626328856695e+01
1.512085247415294e-01 2.106486782823549e+01
1.515425302086604e-01 2.109346664789006e+01
1.518770413615856e-01 2.112205974681558e+01
1.522120593495911e-01 2.115064712429082e+01
1.525475853254479e-01 2.117922877958845e+01
1.528836204454259e-01 2.120780471197500e+01
1.532201658693067e-01 2.123637492071081e+01
1.535572227603970e-01 2.126493940505004e+01
1.538947922855423e-01 2.129349816424065e+01
1.542328756151398e-01 2.132205119752436e+01
1.545714739231525e-01 2.135059850413661e+01
1.549105883871225e-01 2.137914008330660e+01
1.552502201881849e-01 2.140767593425724e+01
1.555903705110809e-01 2.143620605620509e+01
1.559310405441723e-01 2.146473044836039e+01
1.562722314794550e-01 2.149324910992701e+01
1.566139445125728e-01 2.152176204010244e+01
1.569561808428317e-01 2.155026923807777e+01
1.572989416732137e-01 2.157877070303766e+01
1.576422282103906e-01 2.160726643416031e+01
1.579860416647391e-01 2.163575643061744e+01
1.583303832503538e-01 2.166424069157430e+01
1.586752541850624e-01 2.169271921618962e+01
1.590206556904398e-01 2.172119200361556e+01
1.593665889918224e-01 2.174965905299775e+01
1.597130553183227e-01 2.177812036347524e+01
1.600600559028439e-01 2.180657593418041e+01
1.604075919820942e-01 2.183502576423907e+01
1.607556647966021e-01 2.186346985277037e+01
1.611042755907305e-01 2.189190819888674e+01
1.614534256126920e-01 2.192034080169396e+01
1.618031161145637e-01 2.194876766029104e+01
1.621533483523021e-01 2.197718877377027e+01
1.625041235857578e-01 2.200560414121716e+01
1.628554430786913e-01 2.203401376171043e+01
1.632073080987878e-01 2.206241763432194e+01
1.635597199176723e-01 2.209081575811676e+01
1.639126798109252e-01 2.211920813215307e+01
1.642661890580976e-01 2.214759475548215e+01
1.646202489427266e-01 2.217597562714836e+01
1.649748607523512e-01 2.220435074618915e+01
1.653300257785274e-01 2.223272011163494e+01
1.656857453168445e-01 2.226108372250924e+01
1.660420206669401e-01 2.228944157782848e+01
1.663988531325167e-01 2.231779367660207e+01
1.667562440213572e-01 2.234614001783239e+01
1.671141946453407e-01 2.237448060051464e+01
1.674727063204590e-01 2.240281542363701e+01
1.678317803668323e-01 2.243114448618049e+01
1.681914181087259e-01 2.245946778711888e+01
1.685516208745659e-01 2.248778532541884e+01
1.689123899969559e-01 2.251609710003980e+01
1.692737268126936e-01 2.254440310993393e+01
1.696356326627867e-01 2.257270335404612e+01
1.699981088924702e-01 2.260099783131400e+01
1.703611568512226e-01 2.262928654066784e+01
1.707247778927828e-01 2.265756948103059e+01
1.710889733751670e-01 2.268584665131781e+01
1.714537446606854e-01 2.271411805043768e+01
1.718190931159593e-01 2.274238367729089e+01
1.721850201119383e-01 2.277064353077076e+01
1.725515270239174e-01 2.279889760976306e+01
1.729186152315538e-01 2.282714591314608e+01
1.732862861188848e-01 2.285538843979057e+01
1.736545410743451e-01 2.288362518855974e+01
1.740233814907838e-01 2.291185615830915e+01
1.743928087654826e-01 2.294008134788679e+01
1.747628243001729e-01 2.296830075613299e+01
1.751334295010540e-01 2.299651438188041e+01
1.755046257788105e-01 2.302472222395399e+01
1.758764145486304e-01 2.305292428117096e+01
1.762487972302232e-01 2.308112055234078e+01
1.766217752478378e-01 2.310931103626514e+01
1.769953500302805e-01 2.313749573173789e+01
1.773695230109337e-01 2.316567463754504e+01
1.777442956277739e-01 2.319384775246475e+01
1.781196693233900e-01 2.322201507526726e+01
1.784956455450024e-01 2.325017660471487e+01
1.788722257444808e-01 2.327833233956195e+01
1.792494113783634e-01 2.330648227855487e+01
1.796272039078759e-01 2.333462642043195e+01
1.800056047989495e-01 2.336276476392350e+01
1.803846155222408e-01 2.339089730775174e+01
1.807642375531504e-01 2.341902405063079e+01
1.811444723718418e-01 2.344714499126662e+01
1.815253214632614e-01 2.347526012835703e+01
1.819067863171570e-01 2.350336946059165e+01
1.822888684280977e-01 2.353147298665183e+01
1.826715692954934e-01 2.355957070521071e+01
1.830548904236142e-01 2.358766261493315e+01
1.834388333216103e-01 2.361574871447561e+01
1.838233995035317e-01 2.364382900248630e+01
1.842085904883482e-01 2.367190347760497e+01
1.845944077999693e-01 2.369997213846301e+01
1.849808529672643e-01 2.372803498368332e+01
1.853679275240826e-01 2.375609201188036e+01
1.857556330092738e-01 2.378414322166004e+01
1.861439709667084e-01 2.381218861161979e+01
1.865329429452980e-01 2.384022818034842e+01
1.869225504990161e-01 2.386826192642615e+01
1.873127951869185e-01 2.389628984842457e+01
1.877036785731644e-01 2.392431194490659e+01
1.880952022270372e-01 2.395232821442642e+01
1.884873677229656e-01 2.398033865552954e+01
1.888801766405444e-01 2.400834326675266e+01
1.892736305645560e-01 2.403634204662371e+01
1.896677310849916e-01 2.406433499366175e+01
1.900624797970726e-01 2.409232210637698e+01
1.904578783012723e-01 2.412030338327074e+01
1.908539282033373e-01 2.414827882283538e+01
1.912506311143092e-01 2.417624842355431e+01
1.916479886505467e-01 2.420421218390194e+01
1.920460024337475e-01 2.423217010234366e+01
1.924446740909700e-01 2.426012217733573e+01
1.928440052546563e-01 2.428806840732537e+01
1.932439975626531e-01 2.431600879075062e+01
1.936446526582357e-01 2.434394332604036e+01
1.940459721901294e-01 2.437187201161427e+01
1.944479578125325e-01 2.439979484588275e+01
1.948506111851389e-01 2.442771182724697e+01
1.952539339731611e-01 2.445562295409873e+01
1.956579278473531e-01 2.448352822482053e+01
1.960625944840333e-01 2.451142763778543e+01
1.964679355651080e-01 2.453932119135711e+01
1.968739527780944e-01 2.456720888388979e+01
1.972806478161442e-01 2.459509071372814e+01
1.976880223780671e-01 2.462296667920737e+01
1.980960781683544e-01 2.465083677865305e+01
1.985048168972029e-01 2.467870101038121e+01
1.989142402805386e-01 2.470655937269819e+01
1.993243500400407e-01 2.473441186390067e+01
1.997351479031663e-01 2.476225848227561e+01
2.001466356031736e-01 2.479009922610020e+01
2.005588148791474e-01 2.481793409364184e+01
2.009716874760227e-01 2.484576308315812e+01
2.013852551446098e-01 2.487358619289675e+01
2.017995196416193e-01 2.490140342109550e+01
2.022144827296861e-01 2.492921476598224e+01
2.026301461773951e-01 2.495702022577482e+01
2.030465117593065e-01 2.498481979868108e+01
2.034635812559800e-01 2.501261348289880e+01
2.038813564540017e-01 2.504040127661566e+01
2.042998391460081e-01 2.506818317800917e+01
2.047190311307128e-01 2.509595918524668e+01
2.051389342129319e-01 2.512372929648532e+01
2.055595502036097e-01 2.515149350987195e+01
2.059808809198453e-01 2.517925182354313e+01
2.064029281849179e-01 2.520700423562506e+01
2.068256938283141e-01 2.523475074423360e+01
2.072491796857535e-01 2.526249134747413e+01
2.076733875992158e-01 2.529022604344160e+01
2.080983194169674e-01 2.531795483022044e+01
2.085239769935879e-01 2.534567770588454e+01
2.089503621899974e-01 2.537339466849719e+01
2.093774768734837e-01 2.540110571611105e+01
2.098053229177295e-01 2.542881084676812e+01
2.102339022028395e-01 2.545651005849966e+01
2.106632166153681e-01 2.548420334932618e+01
2.110932680483475e-01 2.551189071725739e+01
2.115240584013148e-01 2.553957216029214e+01
2.119555895803405e-01 2.556724767641844e+01
2.123878634980564e-01 2.559491726361330e+01
2.128208820736840e-01 2.562258091984280e+01
2.132546472330627e-01 2.565023864306200e+01
2.136891609086784e-01 2.567789043121488e+01
2.141244250396925e-01 2.570553628223432e+01
2.145604415719702e-01 2.573317619404203e+01
2.149972124581098e-01 2.576081016454856e+01
2.154347396574724e-01 2.578843819165320e+01
2.158730251362098e-01 2.581606027324395e+01
2.163120708672955e-01 2.584367640719747e+01
2.167518788305533e-01 2.587128659137907e+01
2.171924510126871e-01 2.589889082364260e+01
2.176337894073117e-01 2.592648910183047e+01
2.180758960149818e-01 2.595408142377359e+01
2.185187728432227e-01 2.598166778729125e+01
2.189624219065608e-01 2.600924819019117e+01
2.194068452265539e-01 2.603682263026941e+01
2.198520448318222e-01 2.606439110531033e+01
2.202980227580787e-01 2.609195361308652e+01
2.207447810481606e-01 2.611951015135882e+01
2.211923217520606e-01 2.614706071787615e+01
2.216406469269576e-01 2.617460531037560e+01
2.220897586372494e-01 2.620214392658228e+01
2.225396589545828e-01 2.622967656420932e+01
2.229903499578870e-01 2.625720322095782e+01
2.234418337334046e-01 2.628472389451678e+01
2.238941123747241e-01 2.631223858256305e+01
2.243471879828125e-01 2.633974728276133e+01
2.248010626660474e-01 2.636724999276404e+01
2.252557385402500e-01 2.639474671021131e+01
2.257112177287181e-01 2.642223743273097e+01
2.261675023622586e-01 2.644972215793843e+01
2.266245945792213e-01 2.647720088343667e+01
2.270824965255320e-01 2.650467360681617e+01
2.275412103547263e-01 2.653214032565487e+01
2.280007382279830e-01 2.655960103751814e+01
2.284610823141584e-01 2.658705573995864e+01
2.289222447898204e-01 2.661450443051642e+01
2.293842278392825e-01 2.664194710671869e+01
2.298470336546385e-01 2.666938376607991e+01
2.303106644357974e-01 2.669681440610167e+01
2.307751223905176e-01 2.672423902427265e+01
2.312404097344427e-01 2.675165761806855e+01
2.317065286911362e-01 2.677907018495208e+01
2.321734814921172e-01 2.680647672237286e+01
2.326412703768958e-01 2.683387722776738e+01
2.331098975930091e-01 2.686127169855894e+01
2.335793653960572e-01 2.688866013215764e+01
2.340496760497391e-01 2.691604252596026e+01
2.345208318258894e-01 2.694341887735025e+01
2.349928350045148e-01 2.697078918369762e+01
2.354656878738308e-01 2.699815344235897e+01
2.359393927302988e-01 2.702551165067736e+01
2.364139518786629e-01 2.705286380598227e+01
2.368893676319880e-01 2.708020990558956e+01
2.373656423116968e-01 2.710754994680142e+01
2.378427782476076e-01 2.713488392690627e+01
2.383207777779724e-01 2.716221184317874e+01
2.387996432495155e-01 2.718953369287959e+01
2.392793770174712e-01 2.721684947325567e+01
2.397599814456227e-01 2.724415918153988e+01
2.402414589063413e-01 2.727146281495102e+01
2.407238117806249e-01 2.729876037069386e+01
2.412070424581373e-01 2.732605184595896e+01
2.416911533372482e-01 2.735333723792273e+01
2.421761468250721e-01 2.738061654374721e+01
2.426620253375088e-01 2.740788976058020e+01
2.431487912992834e-01 2.743515688555504e+01
2.436364471439862e-01 2.746241791579065e+01
2.441249953141139e-01 2.748967284839139e+01
2.446144382611099e-01 2.751692168044708e+01
2.451047784454057e-01 2.754416440903286e+01
2.455960183364617e-01 2.757140103120918e+01
2.460881604128088e-01 2.759863154402174e+01
2.465812071620904e-01 2.762585594450136e+01
2.470751610811039e-01 2.765307422966401e+01
2.475700246758430e-01 2.768028639651067e+01
2.480658004615402e-01 2.770749244202731e+01
2.485624909627090e-01 2.773469236318478e+01
2.490600987131877e-01 2.776188615693885e+01
2.495586262561809e-01 2.778907382022998e+01
2.500580761443047e-01 2.781625534998340e+01
2.505584509396288e-01 2.784343074310899e+01
2.510597532137206e-01 2.787059999650119e+01
2.515619855476903e-01 2.789776310703896e+01
2.520651505322337e-01 2.792492007158573e+01
2.525692507676778e-01 2.795207088698927e+01
2.530742888640250e-01 2.797921555008172e+01
2.535802674409985e-01 2.800635405767942e+01
2.540871891280876e-01 2.803348640658292e+01
2.545950565645929e-01 2.806061259357686e+01
2.551038723996724e-01 2.808773261542991e+01
2.556136392923876e-01 2.811484646889474e+01
2.561243599117496e-01 2.814195415070790e+01
2.566360369367658e-01 2.816905565758979e+01
2.571486730564869e-01 2.819615098624453e+01
2.576622709700536e-01 2.822324013335996e+01
2.581768333867442e-01 2.825032309560754e+01
2.586923630260227e-01 2.827739986964227e+01
2.592088626175859e-01 2.830447045210261e+01
2.597263349014118e-01 2.833153483961043e+01
2.602447826278086e-01 2.835859302877094e+01
2.607642085574627e-01 2.838564501617257e+01
2.612846154614883e-01 2.841269079838698e+01
2.618060061214761e-01 2.843973037196889e+01
2.623283833295432e-01 2.846676373345608e+01
2.628517498883834e-01 2.849379087936929e+01
2.633761086113161e-01 2.852081180621211e+01
2.639014623223377e-01 2.854782651047097e+01
2.644278138561725e-01 2.857483498861502e+01
2.649551660583224e-01 2.860183723709606e+01
2.654835217851196e-01 2.862883325234847e+01
2.660128839037774e-01 2.865582303078912e+01
2.665432552924422e-01 2.868280656881731e+01
2.670746388402457e-01 2.870978386281469e+01
2.676070374473572e-01 2.873675490914515e+01
2.681404540250369e-01 2.876371970415480e+01
2.686748914956882e-01 2.879067824417183e+01
2.692103527929117e-01 2.881763052550647e+01
2.697468408615584e-01 2.884457654445089e+01
2.702843586577840e-01 2.887151629727910e+01
2.708229091491033e-01 2.889844978024696e+01
2.713624953144443e-01 2.892537698959195e+01
2.719031201442037e-01 2.895229792153324e+01
2.724447866403018e-01 2.897921257227150e+01
2.729874978162380e-01 2.900612093798885e+01
2.735312566971471e-01 2.903302301484881e+01
2.740760663198550e-01 2.905991879899615e+01
2.746219297329357e-01 2.908680828655688e+01
2.751688499967678e-01 2.911369147363811e+01
2.757168301835917e-01 2.914056835632796e+01
2.762658733775677e-01 2.916743893069556e+01
2.768159826748329e-01 2.919430319279081e+01
2.773671611835602e-01 2.922116113864446e+01
2.779194120240166e-01 2.924801276426791e+01
2.784727383286218e-01 2.927485806565317e+01
2.790271432420080e-01 2.930169703877277e+01
2.795826299210788e-01 2.932852967957962e+01
2.801392015350697e-01 2.935535598400702e+01
2.806968612656080e-01 2.938217594796847e+01
2.812556123067734e-01 2.940898956735762e+01
2.818154578651597e-01 2.943579683804824e+01
2.823764011599350e-01 2.946259775589399e+01
2.829384454229041e-01 2.948939231672847e+01
2.835015938985705e-01 2.951618051636505e+01
2.840658498441990e-01 2.954296235059677e+01
2.846312165298779e-01 2.956973781519630e+01
2.851976972385828e-01 2.959650690591582e+01
2.857652952662398e-01 2.962326961848690e+01
2.863340139217894e-01 2.965002594862044e+01
2.869038565272513e-01 2.967677589200656e+01
2.874748264177882e-01 2.970351944431452e+01
2.880469269417718e-01 2.973025660119261e+01
2.886201614608474e-01 2.975698735826801e+01
2.891945333500006e-01 2.978371171114680e+01
2.897700459976228e-01 2.981042965541377e+01
2.903467028055783e-01 2.983714118663233e+01
2.909245071892710e-01 2.986384630034447e+01
2.915034625777121e-01 2.989054499207059e+01
2.920835724135877e-01 2.991723725730946e+01
2.926648401533274e-01 2.994392309153805e+01
2.932472692671724e-01 2.997060249021150e+01
2.938308632392452e-01 2.999727544876299e+01
2.944156255676184e-01 3.002394196260360e+01
2.950015597643851e-01 3.005060202712228e+01
2.955886693557291e-01 3.007725563768569e+01
2.961769578819954e-01 3.010390278963811e+01
2.967664288977619e-01 3.013054347830136e+01
2.973570859719102e-01 3.015717769897462e+01
2.979489326876982e-01 3.018380544693445e+01
2.985419726428325e-01 3.021042671743456e+01
2.991362094495413e-01 3.023704150570576e+01
2.997316467346475e-01 3.026364980695586e+01
3.003282881396427e-01 3.029025161636953e+01
3.009261373207613e-01 3.031684692910823e+01
3.015251979490555e-01 3.034343574031006e+01
3.021254737104699e-01 3.037001804508967e+01
3.027269683059177e-01 3.039659383853813e+01
3.033296854513562e-01 3.042316311572289e+01
3.039336288778637e-01 3.044972587168755e+01
3.045388023317165e-01 3.047628210145184e+01
3.051452095744661e-01 3.050283180001148e+01
3.057528543830172e-01 3.052937496233805e+01
3.063617405497062e-01 3.055591158337889e+01
3.069718718823803e-01 3.058244165805699e+01
3.075832522044765e-01 3.060896518127085e+01
3.081958853551015e-01 3.063548214789440e+01
3.088097751891125e-01 3.066199255277684e+01
3.094249255771974e-01 3.068849639074256e+01
3.100413404059567e-01 3.071499365659099e+01
3.106590235779850e-01 3.074148434509650e+01
3.112779790119536e-01 3.076796845100828e+01
3.118982106426933e-01 3.079444596905021e+01
3.125197224212778e-01 3.082091689392075e+01
3.131425183151072e-01 3.084738122029278e+01
3.137666023079931e-01 3.087383894281354e+01
3.143919784002431e-01 3.090029005610445e+01
3.150186506087466e-01 3.092673455476103e+01
3.156466229670603e-01 3.095317243335274e+01
3.162758995254950e-01 3.097960368642285e+01
3.169064843512029e-01 3.100602830848836e+01
3.175383815282651e-01 3.103244629403983e+01
3.181715951577795e-01 3.105885763754126e+01
3.188061293579499e-01 3.108526233342998e+01
3.194419882641749e-01 3.111166037611648e+01
3.200791760291380e-01 3.113805175998433e+01
3.207176968228982e-01 3.116443647939003e+01
3.213575548329803e-01 3.119081452866283e+01
3.219987542644674e-01 3.121718590210469e+01
3.226412993400917e-01 3.124355059399006e+01
3.232851943003288e-01 3.126990859856580e+01
3.239304434034895e-01 3.129625991005103e+01
3.245770509258148e-01 3.132260452263698e+01
3.252250211615698e-01 3.134894243048686e+01
3.258743584231385e-01 3.137527362773573e+01
3.265250670411202e-01 3.140159810849038e+01
3.271771513644254e-01 3.142791586682913e+01
3.278306157603725e-01 3.145422689680176e+01
3.284854646147856e-01 3.148053119242933e+01
3.291417023320925e-01 3.150682874770404e+01
3.297993333354233e-01 3.153311955658910e+01
3.304583620667103e-01 3.155940361301857e+01
3.311187929867871e-01 3.158568091089725e+01
3.317806305754904e-01 3.161195144410050e+01
3.324438793317602e-01 3.163821520647409e+01
3.331085437737424e-01 3.166447219183409e+01
3.337746284388913e-01 3.169072239396669e+01
3.344421378840725e-01 3.171696580662806e+01
3.351110766856674e-01 3.174320242354423e+01
3.357814494396774e-01 3.176943223841088e+01
3.364532607618289e-01 3.179565524489323e+01
3.371265152876801e-01 3.182187143662589e+01
3.378012176727266e-01 3.184808080721269e+01
3.384773725925094e-01 3.187428335022653e+01
3.391549847427229e-01 3.190047905920924e+01
3.398340588393230e-01 3.192666792767140e+01
3.405145996186372e-01 3.195284994909220e+01
3.411966118374741e-01 3.197902511691927e+01
3.418801002732350e-01 3.200519342456855e+01
3.425650697240247e-01 3.203135486542409e+01
3.432515250087639e-01 3.205750943283790e+01
3.439394709673028e-01 3.208365712012984e+01
3.446289124605342e-01 3.210979792058735e+01
3.453198543705082e-01 3.213593182746542e+01
3.460123016005475e-01 3.216205883398631e+01
3.467062590753634e-01 3.218817893333945e+01
3.474017317411723e-01 3.221429211868124e+01
3.480987245658135e-01 3.224039838313493e+01
3.487972425388676e-01 3.226649771979038e+01
3.494972906717749e-01 3.229259012170395e+01
3.501988739979563e-01 3.231867558189832e+01
3.509019975729327e-01 3.234475409336227e+01
3.516066664744475e-01 3.237082564905058e+01
3.523128858025883e-01 3.239689024188381e+01
3.530206606799101e-01 3.242294786474812e+01
3.537299962515590e-01 3.244899851049514e+01
3.544408976853969e-01 3.247504217194174e+01
3.551533701721273e-01 3.250107884186988e+01
3.558674189254212e-01 3.252710851302643e+01
3.565830491820446e-01 3.255313117812299e+01
3.573002662019866e-01 3.257914682983570e+01
3.580190752685877e-01 3.260515546080504e+01
3.587394816886700e-01 3.263115706363571e+01
3.594614907926681e-01 3.265715163089638e+01
3.601851079347597e-01 3.268313915511952e+01
3.609103384929986e-01 3.270911962880125e+01
3.616371878694479e-01 3.273509304440109e+01
3.623656614903139e-01 3.276105939434181e+01
3.630957648060811e-01 3.278701867100927e+01
3.638275032916485e-01 3.281297086675214e+01
3.645608824464660e-01 3.283891597388178e+01
3.652959077946726e-01 3.286485398467204e+01
3.660325848852347e-01 3.289078489135902e+01
3.667709192920859e-01 3.291670868614092e+01
3.675109166142680e-01 3.294262536117783e+01
3.682525824760716e-01 3.296853490859151e+01
3.689959225271797e-01 3.299443732046522e+01
3.697409424428099e-01 3.302033258884349e+01
3.704876479238600e-01 3.304622070573195e+01
3.712360446970530e-01 3.307210166309709e+01
3.719861385150832e-01 3.309797545286608e+01
3.727379351567640e-01 3.312384206692656e+01
3.734914404271757e-01 3.314970149712643e+01
3.742466601578159e-01 3.317555373527362e+01
3.750036002067492e-01 3.320139877313592e+01
3.757622664587587e-01 3.322723660244073e+01
3.765226648254988e-01 3.325306721487489e+01
3.772848012456486e-01 3.327889060208440e+01
3.780486816850664e-01 3.330470675567429e+01
3.788143121369457e-01 3.333051566720831e+01
3.795816986219716e-01 3.335631732820879e+01
3.803508471884786e-01 3.338211173015637e+01
3.811217639126097e-01 3.340789886448982e+01
3.818944548984764e-01 3.343367872260575e+01
3.826689262783198e-01 3.345945129585848e+01
3.834451842126726e-01 3.348521657555973e+01
3.842232348905227e-01 3.351097455297843e+01
3.850030845294778e-01 3.353672521934052e+01
3.857847393759304e-01 3.356246856582865e+01
3.865682057052253e-01 3.358820458358201e+01
3.873534898218272e-01 3.361393326369606e+01
3.881405980594896e-01 3.363965459722232e+01
3.889295367814258e-01 3.366536857516812e+01
3.897203123804793e-01 3.369107518849638e+01
3.905129312792975e-01 3.371677442812533e+01
3.913073999305051e-01 3.374246628492833e+01
3.921037248168791e-01 3.376815074973357e+01
3.929019124515253e-01 3.379382781332387e+01
3.937019693780558e-01 3.381949746643641e+01
3.945039021707681e-01 3.384515969976249e+01
3.953077174348248e-01 3.387081450394728e+01
3.961134218064352e-01 3.389646186958958e+01
3.969210219530376e-01 3.392210178724156e+01
3.977305245734836e-01 3.394773424740850e+01
3.985419363982230e-01 3.397335924054855e+01
3.993552641894907e-01 3.399897675707248e+01
4.001705147414943e-01 3.402458678734337e+01
4.009876948806034e-01 3.405018932167643e+01
4.018068114655396e-01 3.407578435033869e+01
4.026278713875694e-01 3.410137186354873e+01
4.034508815706966e-01 3.412695185147643e+01
4.042758489718575e-01 3.415252430424272e+01
4.051027805811163e-01 3.417808921191929e+01
4.059316834218634e-01 3.420364656452831e+01
4.067625645510130e-01 3.422919635204221e+01
4.075954310592049e-01 3.425473856438332e+01
4.084302900710048e-01 3.428027319142368e+01
4.092671487451084e-01 3.430580022298473e+01
4.101060142745458e-01 3.433131964883702e+01
4.109468938868869e-01 3.435683145869991e+01
4.117897948444499e-01 3.438233564224137e+01
4.126347244445102e-01 3.440783218907760e+01
4.134816900195102e-01 3.443332108877279e+01
4.143306989372728e-01 3.445880233083885e+01
4.151817586012134e-01 3.448427590473506e+01
4.160348764505565e-01 3.450974179986785e+01
4.168900599605518e-01 3.453520000559045e+01
4.177473166426925e-01 3.456065051120262e+01
4.186066540449357e-01 3.458609330595036e+01
4.194680797519230e-01 3.461152837902555e+01
4.203316013852045e-01 3.463695571956575e+01
4.211972266034637e-01 3.466237531665381e+01
4.220649631027430e-01 3.468778715931761e+01
4.229348186166727e-01 3.471319123652972e+01
4.238068009166999e-01 3.473858753720712e+01
4.246809178123208e-01 3.476397605021088e+01
4.255571771513132e-01 3.478935676434583e+01
4.264355868199720e-01 3.481472966836026e+01
4.273161547433449e-01 3.484009475094560e+01
4.281988888854716e-01 3.486545200073609e+01
4.290837972496231e-01 3.489080140630847e+01
4.299708878785444e-01 3.491614295618163e+01
4.308601688546976e-01 3.494147663881634e+01
4.317516483005076e-01 3.496680244261485e+01
4.326453343786092e-01 3.499212035592061e+01
4.335412352920964e-01 3.501743036701791e+01
4.344393592847735e-01 3.504273246413154e+01
4.353397146414074e-01 3.506802663542650e+01
4.362423096879832e-01 3.509331286900759e+01
4.371471527919604e-01 3.511859115291912e+01
4.380542523625308e-01 3.514386147514453e+01
4.389636168508805e-01 3.516912382360609e+01
4.398752547504510e-01 3.519437818616449e+01
4.407891745972045e-01 3.521962455061853e+01
4.417053849698898e-01 3.524486290470475e+01
4.426238944903107e-01 3.527009323609708e+01
4.435447118235969e-01 3.529531553240648e+01
4.444678456784764e-01 3.532052978118057e+01
4.453933048075495e-01 3.534573596990328e+01
4.463210980075662e-01 3.537093408599446e+01
4.472512341197040e-01 3.539612411680954e+01
4.481837220298497e-01 3.542130604963914e+01
4.491185706688818e-01 3.544647987170870e+01
4.500557890129559e-01 3.547164557017810e+01
4.509953860837916e-01 3.549680313214130e+01
4.519373709489624e-01 3.552195254462593e+01
4.528817527221869e-01 3.554709379459292e+01
4.538285405636236e-01 3.557222686893610e+01
4.547777436801659e-01 3.559735175448183e+01
4.557293713257415e-01 3.562246843798862e+01
4.566834328016129e-01 3.564757690614668e+01
4.576399374566797e-01 3.567267714557758e+01
4.585988946877852e-01 3.569776914283380e+01
4.595603139400231e-01 3.572285288439838e+01
4.605242047070482e-01 3.574792835668445e+01
4.614905765313889e-01 3.577299554603491e+01
4.624594390047613e-01 3.579805443872191e+01
4.634308017683875e-01 3.582310502094651e+01
4.644046745133151e-01 3.584814727883825e+01
4.653810669807392e-01 3.587318119845473e+01
4.663599889623278e-01 3.589820676578115e+01
4.673414503005482e-01 3.592322396672992e+01
4.683254608889976e-01 3.594823278714023e+01
4.693120306727357e-01 3.597323321277763e+01
4.703011696486190e-01 3.599822522933353e+01
4.712928878656389e-01 3.602320882242484e+01
4.722871954252618e-01 3.604818397759349e+01
4.732841024817727e-01 3.607315068030597e+01
4.742836192426200e-01 3.609810891595293e+01
4.752857559687644e-01 3.612305866984870e+01
4.762905229750299e-01 3.614799992723081e+01
4.772979306304579e-01 3.617293267325960e+01
4.783079893586631e-01 3.619785689301768e+01
4.793207096381944e-01 3.622277257150954e+01
4.803361020028959e-01 3.624767969366104e+01
4.813541770422730e-01 3.627257824431894e+01
4.823749454018603e-01 3.629746820825046e+01
4.833984177835919e-01 3.632234957014274e+01
4.844246049461770e-01 3.634722231460245e+01
4.854535177054755e-01 3.637208642615521e+01
4.864851669348784e-01 3.639694188924518e+01
4.875195635656914e-01 3.642178868823452e+01
4.885567185875197e-01 3.644662680740293e+01
4.895966430486587e-01 3.647145623094712e+01
4.906393480564851e-01 3.649627694298033e+01
4.916848447778533e-01 3.652108892753184e+01
4.927331444394935e-01 3.654589216854643e+01
4.937842583284130e-01 3.657068664988387e+01
4.948381977923028e-01 3.659547235531842e+01
4.958949742399446e-01 3.662024926853832e+01
4.969545991416232e-01 3.664501737314526e+01
4.980170840295412e-01 3.666977665265381e+01
4.990824404982373e-01 3.669452709049097e+01
5.001506802050083e-01 3.671926866999556e+01
5.012218148703342e-01 3.674400137441774e+01
5.022958562783070e-01 3.676872518691842e+01
5.033728162770622e-01 3.679344009056875e+01
5.044527067792156e-01 3.681814606834956e+01
5.055355397623011e-01 3.684284310315078e+01
5.066213272692149e-01 3.686753117777095e+01
5.077100814086614e-01 3.689221027491657e+01
5.088018143556029e-01 3.691688037720160e+01
5.098965383517142e-01 3.694154146714686e+01
5.109942657058394e-01 3.696619352717948e+01
5.120950087944540e-01 3.699083653963228e+01
5.131987800621294e-01 3.701547048674324e+01
5.143055920220022e-01 3.704009535065487e+01
5.154154572562473e-01 3.706471111341364e+01
5.165283884165536e-01 3.708931775696937e+01
5.176443982246063e-01 3.711391526317468e+01
5.187634994725705e-01 3.713850361378430e+01
5.198857050235804e-01 3.716308279045455e+01
5.210110278122322e-01 3.718765277474265e+01
5.221394808450803e-01 3.721221354810616e+01
5.232710772011396e-01 3.723676509190233e+01
5.244058300323903e-01 3.726130738738750e+01
5.255437525642869e-01 3.728584041571642e+01
5.266848580962729e-01 3.731036415794168e+01
5.278291600022977e-01 3.733487859501298e+01
5.289766717313410e-01 3.735938370777660e+01
5.301274068079378e-01 3.738387947697466e+01
5.312813788327106e-01 3.740836588324450e+01
5.324386014829053e-01 3.743284290711801e+01
5.335990885129316e-01 3.745731052902098e+01
5.347628537549068e-01 3.748176872927242e+01
5.359299111192074e-01 3.750621748808388e+01
5.371002745950215e-01 3.753065678555880e+01
5.382739582509088e-01 3.755508660169180e+01
5.394509762353642e-01 3.757950691636798e+01
5.406313427773854e-01 3.760391770936224e+01
5.418150721870477e-01 3.762831896033862e+01
5.430021788560814e-01 3.765271064884952e+01
5.441926772584552e-01 3.767709275433505e+01
5.453865819509647e-01 3.770146525612228e+01
5.465839075738250e-01 3.772582813342453e+01
5.477846688512703e-01 3.775018136534067e+01
5.489888805921566e-01 3.777452493085434e+01
5.501965576905705e-01 3.779885880883325e+01
5.514077151264442e-01 3.782318297802843e+01
5.526223679661728e-01 3.784749741707347e+01
5.538405313632419e-01 3.787180210448377e+01
5.550622205588551e-01 3.789609701865580e+01
5.562874508825716e-01 3.792038213786632e+01
5.575162377529465e-01 3.794465744027159e+01
5.587485966781768e-01 3.796892290390664e+01
5.599845432567557e-01 3.799317850668444e+01
5.612240931781294e-01 3.801742422639515e+01
5.624672622233610e-01 3.804166004070529e+01
5.637140662658009e-01 3.806588592715698e+01
5.649645212717621e-01 3.809010186316710e+01
5.662186433012011e-01 3.811430782602649e+01
5.674764485084063e-01 3.813850379289913e+01
5.687379531426915e-01 3.816268974082132e+01
5.700031735490954e-01 3.818686564670085e+01
5.712721261690877e-01 3.821103148731616e+01
5.725448275412807e-01 3.823518723931549e+01
5.738212943021488e-01 3.825933287921602e+01
5.751015431867528e-01 3.828346838340306e+01
5.763855910294713e-01 3.830759372812912e+01
5.776734547647390e-01 3.833170888951311e+01
5.789651514277900e-01 3.835581384353939e+01
5.802606981554105e-01 3.837990856605698e+01
5.815601121866955e-01 3.840399303277854e+01
5.828634108638140e-01 3.842806721927962e+01
5.841706116327803e-01 3.845213110099765e+01
5.854817320442320e-01 3.847618465323107e+01
5.867967897542168e-01 3.850022785113842e+01
5.881158025249833e-01 3.852426066973737e+01
5.894387882257823e-01 3.854828308390387e+01
5.907657648336729e-01 3.857229506837110e+01
5.920967504343364e-01 3.859629659772865e+01
5.934317632228989e-01 3.862028764642146e+01
5.947708215047602e-01 3.864426818874892e+01
5.961139436964299e-01 3.866823819886387e+01
5.974611483263721e-01 3.869219765077165e+01
5.988124540358578e-01 3.871614651832909e+01
6.001678795798234e-01 3.874008477524355e+01
6.015274438277400e-01 3.876401239507189e+01
6.028911657644881e-01 3.878792935121947e+01
6.042590644912417e-01 3.881183561693919e+01
6.056311592263596e-01 3.883573116533037e+01
6.070074693062858e-01 3.885961596933777e+01
6.083880141864578e-01 3.888349000175059e+01
6.097728134422236e-01 3.890735323520137e+01
6.111618867697665e-01 3.893120564216493e+01
6.125552539870391e-01 3.895504719495737e+01
6.139529350347057e-01 3.897887786573491e+01
6.153549499770937e-01 3.900269762649290e+01
6.167613190031538e-01 3.902650644906466e+01
6.181720624274286e-01 3.905030430512044e+01
6.195872006910316e-01 3.907409116616627e+01
6.210067543626331e-01 3.909786700354287e+01
6.224307441394584e-01 3.912163178842452e+01
6.238591908482926e-01 3.914538549181793e+01
6.252921154464960e-01 3.916912808456110e+01
6.267295390230301e-01 3.919285953732219e+01
6.281714827994901e-01 3.921657982059829e+01
6.296179681311516e-01 3.924028890471437e+01
6.310690165080234e-01 3.926398675982199e+01
6.325246495559120e-01 3.928767335589818e+01
6.339848890374967e-01 3.931134866274422e+01
6.354497568534131e-01 3.933501264998446e+01
6.369192750433479e-01 3.935866528706503e+01
6.383934657871458e-01 3.938230654325273e+01
6.398723514059240e-01 3.940593638763372e+01
6.413559543631990e-01 3.942955478911228e+01
6.428442972660248e-01 3.945316171640959e+01
6.443374028661393e-01 3.947675713806240e+01
6.458352940611259e-01 3.950034102242186e+01
6.473379938955829e-01 3.952391333765215e+01
6.488455255623050e-01 3.954747405172920e+01
6.503579124034773e-01 3.957102313243941e+01
6.518751779118789e-01 3.959456054737831e+01
6.533973457321010e-01 3.961808626394928e+01
6.549244396617736e-01 3.964160024936213e+01
6.564564836528065e-01 3.966510247063186e+01
6.579935018126417e-01 3.968859289457718e+01
6.595355184055168e-01 3.971207148781927e+01
6.610825578537434e-01 3.973553821678027e+01
6.626346447389950e-01 3.975899304768200e+01
6.641918038036103e-01 3.978243594654450e+01
6.657540599519071e-01 3.980586687918463e+01
6.673214382515094e-01 3.982928581121464e+01
6.688939639346901e-01 3.985269270804072e+01
6.704716623997233e-01 3.987608753486158e+01
6.720545592122528e-01 3.989947025666701e+01
6.736426801066715e-01 3.992284083823630e+01
6.752360509875185e-01 3.994619924413692e+01
6.768346979308845e-01 3.996954543872286e+01
6.784386471858370e-01 3.999287938613324e+01
6.800479251758560e-01 4.001620105029074e+01
6.816625585002842e-01 4.003951039490006e+01
6.832825739357942e-01 4.006280738344642e+01
6.849079984378665e-01 4.008609197919393e+01
6.865388591422870e-01 4.010936414518410e+01
6.881751833666552e-01 4.013262384423419e+01
6.898169986119106e-01 4.015587103893566e+01
6.914643325638730e-01 4.017910569165252e+01
6.931172130947980e-01 4.020232776451977e+01
6.947756682649503e-01 4.022553721944166e+01
6.964397263241910e-01 4.024873401809016e+01
6.981094157135814e-01 4.027191812190323e+01
6.997847650670039e-01 4.029508949208314e+01
7.014658032127977e-01 4.031824808959479e+01
7.031525591754140e-01 4.034139387516404e+01
7.048450621770851e-01 4.036452680927593e+01
7.065433416395128e-01 4.038764685217301e+01
7.082474271855730e-01 4.041075396385354e+01
7.099573486410372e-01 4.043384810406975e+01
7.116731360363144e-01 4.045692923232610e+01
7.133948196082077e-01 4.047999730787742e+01
7.151224298016909e-01 4.050305228972716e+01
7.168559972717035e-01 4.052609413662555e+01
7.185955528849631e-01 4.054912280706775e+01
7.203411277217979e-01 4.057213825929206e+01
7.220927530779979e-01 4.059514045127796e+01
7.238504604666846e-01 4.061812934074431e+01
7.256142816202015e-01 4.064110488514741e+01
7.273842484920237e-01 4.066406704167912e+01
7.291603932586861e-01 4.068701576726489e+01
7.309427483217353e-01 4.070995101856184e+01
7.327313463096990e-01 4.073287275195681e+01
7.345262200800767e-01 4.075578092356438e+01
7.363274027213523e-01 4.077867548922484e+01
7.381349275550264e-01 4.080155640450221e+01
7.399488281376729e-01 4.082442362468224e+01
7.417691382630144e-01 4.084727710477031e+01
7.435958919640206e-01 4.087011679948940e+01
7.454291235150308e-01 4.089294266327802e+01
7.472688674338950e-01 4.091575465028809e+01
7.491151584841431e-01 4.093855271438284e+01
7.509680316771729e-01 4.096133680913469e+01
7.528275222744635e-01 4.098410688782309e+01
7.546936657898126e-01 4.100686290343234e+01
7.565664979915964e-01 4.102960480864943e+01
7.584460549050563e-01 4.105233255586182e+01
7.603323728146077e-01 4.107504609715523e+01
7.622254882661756e-01 4.109774538431139e+01
7.641254380695541e-01 4.112043036880579e+01
7.660322593007933e-01 4.114310100180540e+01
7.679459893046091e-01 4.116575723416635e+01
7.698666656968236e-01 4.118839901643165e+01
7.717943263668279e-01 4.121102629882884e+01
7.737290094800744e-01 4.123363903126762e+01
7.756707534805960e-01 4.125623716333750e+01
7.776195970935506e-01 4.127882064430536e+01
7.795755793277979e-01 4.130138942311308e+01
7.815387394785013e-01 4.132394344837510e+01
7.835091171297588e-01 4.134648266837592e+01
7.854867521572643e-01 4.136900703106767e+01
7.874716847309964e-01 4.139151648406760e+01
7.894639553179401e-01 4.141401097465553e+01
7.914636046848355e-01 4.143649044977133e+01
7.934706739009586e-01 4.145895485601237e+01
7.954852043409338e-01 4.148140413963092e+01
7.975072376875753e-01 4.150383824653155e+01
7.995368159347639e-01 4.152625712226849e+01
8.015739813903533e-01 4.154866071204297e+01
8.036187766791096e-01 4.157104896070059e+01
8.056712447456853e-01 4.159342181272859e+01
8.077314288576238e-01 4.161577921225311e+01
8.097993726084018e-01 4.163812110303650e+01
8.118751199205037e-01 4.166044742847451e+01
8.139587150485302e-01 4.168275813159352e+01
8.160502025823447e-01 4.170505315504776e+01
8.181496274502538e-01 4.172733244111637e+01
8.202570349222229e-01 4.174959593170067e+01
8.223724706131330e-01 4.177184356832117e+01
8.244959804860693e-01 4.179407529211471e+01
8.266276108556518e-01 4.181629104383153e+01
8.287674083914015e-01 4.183849076383227e+01
8.309154201211462e-01 4.186067439208502e+01
8.330716934344667e-01 4.188284186816232e+01
8.352362760861817e-01 4.190499313123804e+01
8.374092161998722e-01 4.192712812008445e+01
8.395905622714498e-01 4.194924677306902e+01
8.417803631727617e-01 4.197134902815134e+01
8.439786681552439e-01 4.199343482288002e+01
8.461855268536111e-01 4.201550409438942e+01
8.484009892895940e-01 4.203755677939658e+01
8.506251058757176e-01 4.205959281419791e+01
8.528579274191251e-01 4.208161213466596e+01
8.550995051254480e-01 4.210361467624615e+01
8.573498906027192e-01 4.212560037395345e+01
8.596091358653338e-01 4.214756916236907e+01
8.618772933380578e-01 4.216952097563708e+01
8.641544158600808e-01 4.219145574746101e+01
8.664405566891216e-01 4.221337341110042e+01
8.687357695055793e-01 4.223527389936750e+01
8.710401084167346e-01 4.225715714462354e+01
8.733536279610020e-01 4.227902307877545e+01
8.756763831122331e-01 4.230087163327217e+01
8.780084292840686e-01 4.232270273910119e+01
8.803498223343483e-01 4.234451632678484e+01
8.827006185695691e-01 4.236631232637676e+01
8.850608747493982e-01 4.238809066745817e+01
8.874306480912432e-01 4.240985127913419e+01
8.898099962748731e-01 4.243159409003016e+01
8.921989774471007e-01 4.245331902828779e+01
8.945976502265178e-01 4.247502602156148e+01
8.970060737082903e-01 4.249671499701439e+01
8.994243074690114e-01 4.251838588131468e+01
9.018524115716124e-01 4.254003860063155e+01
9.042904465703387e-01 4.256167308063139e+01
9.067384735157811e-01 4.258328924647374e+01
9.091965539599727e-01 4.260488702280738e+01
9.116647499615482e-01 4.262646633376625e+01
9.141431240909649e-01 4.264802710296544e+01
9.166317394357923e-01 4.266956925349706e+01
9.191306596060642e-01 4.269109270792615e+01
9.216399487396985e-01 4.271259738828649e+01
9.241596715079842e-01 4.273408321607641e+01
9.266898931211373e-01 4.275555011225455e+01
9.292306793339279e-01 4.277699799723564e+01
9.317820964513744e-01 4.279842679088612e+01
9.343442113345126e-01 4.281983641251984e+01
9.369170914062358e-01 4.284122678089371e+01
9.395008046572080e-01 4.286259781420321e+01
9.420954196518551e-01 4.288394943007799e+01
9.447010055344288e-01 4.290528154557740e+01
9.473176320351491e-01 4.292659407718588e+01
9.499453694764244e-01 4.294788694080847e+01
9.525842887791525e-01 4.296916005176617e+01
9.552344614690986e-01 4.299041332479131e+01
9.578959596833606e-01 4.301164667402281e+01
9.605688561769129e-01 4.303286001300158e+01
9.632532243292357e-01 4.305405325466561e+01
9.659491381510313e-01 4.307522631134526e+01
9.686566722910239e-01 4.309637909475838e+01
9.713759020428524e-01 4.311751151600546e+01
9.741069033520480e-01 4.313862348556463e+01
9.768497528231057e-01 4.315971491328678e+01
9.796045277266466e-01 4.318078570839051e+01
9.823713060066732e-01 4.320183577945704e+01
9.851501662879225e-01 4.322286503442520e+01
9.879411878833132e-01 4.324387338058621e+01
9.907444508014904e-01 4.326486072457857e+01
9.935600357544734e-01 4.328582697238278e+01
9.963880241653985e-01 4.330677202931611e+01
9.992284981763718e-01 4.332769580002729e+01
1.002081540656420e+00 4.334859818849113e+01
1.004947235209551e+00 4.336947909800314e+01
1.007825666182918e+00 4.339033843117411e+01
1.010716918675097e+00 4.341117608992454e+01
1.013621078544474e+00 4.343199197547921e+01
1.016538232417740e+00 4.345278598836153e+01
1.019468467698510e+00 4.347355802838794e+01
1.022411872576047e+00 4.349430799466226e+01
1.025368536034114e+00 4.351503578556991e+01
1.028338547859937e+00 4.353574129877220e+01
1.031321998653298e+00 4.355642443120050e+01
1.034318979835744e+00 4.357708507905038e+01
1.037329583659929e+00 4.359772313777571e+01
1.040353903219077e+00 4.361833850208269e+01
1.043392032456576e+00 4.363893106592387e+01
1.046444066175711e+00 4.365950072249207e+01
1.049510100049521e+00 4.368004736421429e+01
1.052590230630797e+00 4.370057088274559e+01
1.055684555362218e+00 4.372107116896283e+01
1.058793172586624e+00 4.374154811295848e+01
1.061916181557439e+00 4.376200160403429e+01
1.065053682449232e+00 4.378243153069494e+01
1.068205776368429e+00 4.380283778064167e+01
1.071372565364173e+00 4.382322024076579e+01
1.074554152439336e+00 4.384357879714220e+01
1.077750641561690e+00 4.386391333502284e+01
1.080962137675228e+00 4.388422373883008e+01
1.084188746711653e+00 4.390450989215007e+01
1.087430575602024e+00 4.392477167772602e+01
1.090687732288567e+00 4.394500897745147e+01
1.093960325736657e+00 4.396522167236343e+01
1.097248465946971e+00 4.398540964263557e+01
1.100552263967810e+00 4.400557276757126e+01
1.103871831907604e+00 4.402571092559663e+01
1.107207282947588e+00 4.404582399425353e+01
1.110558731354670e+00 4.406591185019245e+01
1.113926292494478e+00 4.408597436916541e+01
1.117310082844598e+00 4.410601142601876e+01
1.120710220008005e+00 4.412602289468595e+01
1.124126822726682e+00 4.414600864818021e+01
1.127560010895449e+00 4.416596855858725e+01
1.131009905575987e+00 4.418590249705785e+01
1.134476629011064e+00 4.420581033380038e+01
1.137960304638977e+00 4.422569193807330e+01
1.141461057108205e+00 4.424554717817760e+01
1.144979012292268e+00 4.426537592144921e+01
1.148514297304824e+00 4.428517803425125e+01
1.152067040514973e+00 4.430495338196640e+01
1.155637371562796e+00 4.432470182898904e+01
1.159225421375125e+00 4.434442323871745e+01
1.162831322181545e+00 4.436411747354591e+01
1.166455207530640e+00 4.438378439485673e+01
1.170097212306480e+00 4.440342386301228e+01
1.173757472745357e+00 4.442303573734691e+01
1.177436126452772e+00 4.444261987615885e+01
1.181133312420677e+00 4.446217613670203e+01
1.184849171044986e+00 4.448170437517787e+01
1.188583844143341e+00 4.450120444672697e+01
1.192337474973161e+00 4.452067620542082e+01
1.196110208249952e+00 4.454011950425339e+01
1.199902190165910e+00 4.455953419513270e+01
1.203713568408804e+00 4.457892012887229e+01
1.207544492181148e+00 4.459827715518272e+01
1.211395112219674e+00 4.461760512266293e+01
1.215265580815100e+00 4.463690387879160e+01
1.219156051832208e+00 4.465617326991843e+01
1.223066680730234e+00 4.467541314125535e+01
1.226997624583573e+00 4.469462333686779e+01
1.230949042102816e+00 4.471380369966570e+01
1.234921093656101e+00 4.473295407139470e+01
1.238913941290818e+00 4.475207429262709e+01
1.242927748755638e+00 4.477116420275279e+01
1.246962681522904e+00 4.479022363997033e+01
1.251018906811370e+00 4.480925244127767e+01
1.255096593609298e+00 4.482825044246305e+01
1.259195912697932e+00 4.484721747809575e+01
1.263317036675335e+00 4.486615338151682e+01
1.267460139980617e+00 4.488505798482975e+01
1.271625398918548e+00 4.490393111889113e+01
1.275812991684564e+00 4.492277261330121e+01
1.280023098390184e+00 4.494158229639440e+01
1.284255901088824e+00 4.496035999522984e+01
1.288511583802052e+00 4.497910553558178e+01
1.292790332546246e+00 4.499781874193003e+01
1.297092335359702e+00 4.501649943745027e+01
1.301417782330180e+00 4.503514744400442e+01
1.305766865622901e+00 4.505376258213088e+01
1.310139779509006e+00 4.507234467103478e+01
1.314536720394486e+00 4.509089352857819e+01
1.318957886849582e+00 4.510940897127026e+01
1.323403479638685e+00 4.512789081425737e+01
1.327873701750719e+00 4.514633887131318e+01
1.332368758430042e+00 4.516475295482871e+01
1.336888857207857e+00 4.518313287580241e+01
1.341434207934151e+00 4.520147844383004e+01
1.346005022810173e+00 4.521978946709475e+01
1.350601516421454e+00 4.523806575235695e+01
1.355223905771389e+00 4.525630710494420e+01
1.359872410315392e+00 4.527451332874117e+01
1.364547251995621e+00 4.529268422617944e+01
1.369248655276306e+00 4.531081959822735e+01
1.373976847179674e+00 4.532891924437983e+01
1.378732057322489e+00 4.534698296264822e+01
1.383514517953228e+00 4.536501054955002e+01
1.388324463989891e+00 4.538300180009870e+01
1.393162133058466e+00 4.540095650779345e+01
1.398027765532062e+00 4.541887446460895e+01
1.402921604570721e+00 4.543675546098510e+01
1.407843896161932e+00 4.545459928581682e+01
1.412794889161837e+00 4.547240572644372e+01
1.417774835337180e+00 4.549017456863992e+01
1.422783989407979e+00 4.550790559660378e+01
1.427822609090961e+00 4.552559859294767e+01
1.432890955143753e+00 4.554325333868772e+01
1.437989291409875e+00 4.556086961323366e+01
1.443117884864520e+00 4.557844719437859e+01
1.448277005661157e+00 4.559598585828881e+01
1.453466927178969e+00 4.561348537949370e+01
1.458687926071138e+00 4.563094553087557e+01
1.463940282314011e+00 4.564836608365960e+01
1.469224279257142e+00 4.566574680740378e+01
1.474540203674250e+00 4.568308746998888e+01
1.479888345815099e+00 4.570038783760853e+01
1.485268999458323e+00 4.571764767475926e+01
1.490682461965225e+00 4.573486674423069e+01
1.496129034334554e+00 4.575204480709564e+01
1.501609021258296e+00 4.576918162270049e+01
1.507122731178494e+00 4.578627694865543e+01
1.512670476345111e+00 4.580333054082487e+01
1.518252572874989e+00 4.582034215331797e+01
1.523869340811885e+00 4.583731153847915e+01
1.529521104187640e+00 4.585423844687875e+01
1.535208191084495e+00 4.587112262730380e+01
1.540930933698570e+00 4.588796382674884e+01
1.546689668404558e+00 4.590476179040689e+01
1.552484735821624e+00 4.592151626166057e+01
1.558316480880571e+00 4.593822698207319e+01
1.564185252892273e+00 4.595489369138018e+01
1.570091405617426e+00 4.597151612748048e+01
1.576035297337627e+00 4.598809402642816e+01
1.582017290927830e+00 4.600462712242422e+01
1.588037753930188e+00 4.602111514780842e+01
1.594097058629335e+00 4.603755783305142e+01
1.600195582129125e+00 4.605395490674702e+01
1.606333706430861e+00 4.607030609560459e+01
1.612511818513064e+00 4.608661112444172e+01
1.618730310412798e+00 4.610286971617705e+01
1.624989579308596e+00 4.611908159182332e+01
1.631290027605025e+00 4.613524647048062e+01
1.637632063018921e+00 4.615136406932994e+01
1.644016098667346e+00 4.616743410362689e+01
1.650442553157289e+00 4.618345628669566e+01
1.656911850677165e+00 4.619943032992338e+01
1.663424421090152e+00 4.621535594275459e+01
1.669980700029399e+00 4.623123283268609e+01
1.676581128995174e+00 4.624706070526208e+01
1.683226155453960e+00 4.626283926406961e+01
1.689916232939585e+00 4.627856821073433e+01
1.696651821156406e+00 4.629424724491665e+01
1.703433386084604e+00 4.630987606430813e+01
1.710261400087652e+00 4.632545436462841e+01
1.717136342021993e+00 4.634098183962234e+01
1.724058697348984e+00 4.635645818105770e+01
1.731028958249173e+00 4.637188307872309e+01
1.738047623738947e+00 4.638725622042653e+01
1.745115199789625e+00 4.640257729199426e+01
1.752232199449048e+00 4.641784597727020e+01
1.759399142965731e+00 4.643306195811570e+01
1.766616557915630e+00 4.644822491440999e+01
1.773884979331607e+00 4.646333452405098e+01
1.781204949835639e+00 4.647839046295667e+01
1.788577019773864e+00 4.649339240506713e+01
1.796001747354504e+00 4.650834002234702e+01
1.803479698788770e+00 4.652323298478873e+01
1.811011448434793e+00 4.653807096041611e+01
1.818597578944686e+00 4.655285361528888e+01
1.826238681414796e+00 4.656758061350769e+01
1.833935355539233e+00 4.658225161721982e+01
1.841688209766769e+00 4.659686628662566e+01
1.849497861461174e+00 4.661142427998589e+01
1.857364937065096e+00 4.662592525362941e+01
1.865290072267570e+00 4.664036886196208e+01
1.873273912175248e+00 4.665475475747625e+01
1.881317111487444e+00 4.666908259076116e+01
1.889420334675106e+00 4.668335201051415e+01
1.897584256163797e+00 4.669756266355284e+01
1.905809560520825e+00 4.671171419482818e+01
1.914096942646584e+00 4.672580624743849e+01
1.922447107970267e+00 4.673983846264448e+01
1.930860772650023e+00 4.675381047988525e+01
1.939338663777717e+00 4.676772193679540e+01
1.947881519588381e+00 4.678157246922324e+01
1.956490089674511e+00 4.679536171125002e+01
1.965165135205322e+00 4.680908929521044e+01
1.973907429151100e+00 4.682275485171427e+01
1.982717756512801e+00 4.683635800966921e+01
1.991596914557012e+00 4.684989839630509e+01
2.000545713056474e+00 4.686337563719928e+01
2.009564974536245e+00 4.687678935630354e+01
2.018655534525738e+00 4.689013917597216e+01
2.027818241816736e+00 4.690342471699164e+01
2.037053958727582e+00 4.691664559861179e+01
2.046363561373715e+00 4.692980143857833e+01
2.055747939944715e+00 4.694289185316710e+01
2.065207998988063e+00 4.695591645721991e+01
2.074744657699779e+00 4.696887486418191e+01
2.084358850222159e+00 4.698176668614089e+01
2.094051525948802e+00 4.699459153386814e+01
2.103823649837139e+00 4.700734901686122e+01
2.113676202728673e+00 4.702003874338859e+01
2.123610181677163e+00 4.703266032053614e+01
2.133626600284975e+00 4.704521335425568e+01
2.143726489047852e+00 4.705769744941550e+01
2.153910895708326e+00 4.707011220985299e+01
2.164180885618048e+00 4.708245723842936e+01
2.174537542109287e+00 4.709473213708667e+01
2.184981966875876e+00 4.710693650690704e+01
2.195515280363882e+00 4.711906994817420e+01
2.206138622172298e+00 4.713113206043745e+01
2.216853151464048e+00 4.714312244257808e+01
2.227660047387624e+00 4.715504069287828e+01
2.238560509509675e+00 4.716688640909269e+01
2.249555758258870e+00 4.717865918852253e+01
2.260647035381422e+00 4.719035862809256e+01
2.271835604408558e+00 4.720198432443074e+01
2.283122751136373e+00 4.721353587395082e+01
2.294509784118419e+00 4.722501287293789e+01
2.305998035171414e+00 4.723641491763685e+01
2.317588859894525e+00 4.724774160434413e+01
2.329283638202597e+00 4.725899252950243e+01
2.341083774873804e+00 4.727016728979886e+01
2.352990700112174e+00 4.728126548226626e+01
2.365005870125437e+00 4.729228670438804e+01
2.377130767718728e+00 4.730323055420652e+01
2.389366902904619e+00 4.731409663043478e+01
2.401715813530011e+00 4.732488453257217e+01
2.414179065920456e+00 4.733559386102370e+01
2.426758255542437e+00 4.734622421722310e+01
2.439455007684249e+00 4.735677520375988e+01
2.452270978156033e+00 4.736724642451041e+01
2.465207854009624e+00 4.737763748477306e+01
2.478267354278890e+00 4.738794799140757e+01
2.491451230741199e+00 4.739817755297866e+01
2.504761268700753e+00 4.740832577990400e+01
2.518199287794532e+00 4.741839228460670e+01
2.531767142821586e+00 4.742837668167230e+01
2.545466724596474e+00 4.743827858801037e+01
2.559299960827706e+00 4.744809762302096e+01
2.573268817021986e+00 4.745783340876574e+01
2.587375297415225e+00 4.746748557014415e+01
2.601621445931169e+00 4.747705373507447e+01
2.616009347168665e+00 4.748653753468012e+01
2.630541127418538e+00 4.749593660348104e+01
2.645218955711121e+00 4.750525057959032e+01
2.660045044895548e+00 4.751447910491634e+01
2.675021652751898e+00 4.752362182537021e+01
2.690151083137395e+00 4.753267839107883e+01
2.705435687167875e+00 4.754164845660357e+01
2.720877864435779e+00 4.755053168116461e+01
2.736480064266044e+00 4.755932772887108e+01
2.752244787011208e+00 4.756803626895713e+01
2.768174585387211e+00 4.757665697602376e+01
2.784272065851387e+00 4.758518953028689e+01
2.800539890024174e+00 4.759363361783127e+01
2.816980776156247e+00 4.760198893087071e+01
2.833597500642673e+00 4.761025516801438e+01
2.850392899585942e+00 4.761843203453947e+01
2.867369870409680e+00 4.762651924267000e+01
2.884531373524982e+00 4.763451651186217e+01
2.901880434051379e+00 4.764242356909592e+01
2.919420143594548e+00 4.765024014917299e+01
2.937153662082946e+00 4.765796599502141e+01
2.955084219665659e+00 4.766560085800648e+01
2.973215118673881e+00 4.767314449824810e+01
2.991549735648484e+00 4.768059668494472e+01
3.010091523436360e+00 4.768795719670363e+01
3.028844013358188e+00 4.769522582187776e+01
3.047810817450551e+00 4.770240235890885e+01
3.066995630785360e+00 4.770948661667703e+01
3.086402233869700e+00 4.771647841485661e+01
3.106034495129439e+00 4.772337758427831e+01
3.125896373479935e+00 4.773018396729743e+01
3.145991920987496e+00 4.773689741816827e+01
3.166325285625328e+00 4.774351780342444e+01
3.186900714127893e+00 4.775004500226495e+01
3.207722554947853e+00 4.775647890694613e+01
3.228795261319861e+00 4.776281942317891e+01
3.250123394435771e+00 4.776906647053158e+01
3.271711626736027e+00 4.777521998283759e+01
3.293564745322171e+00 4.778127990860830e+01
3.315687655495798e+00 4.778724621145039e+01
3.338085384429347e+00 4.779311887048764e+01
3.360763084974563e+00 4.779889788078683e+01
3.383726039614690e+00 4.780458325378738e+01
3.406979664566720e+00 4.781017501773436e+01
3.430529514040428e+00 4.781567321811463e+01
3.454381284661235e+00 4.782107791809547e+01
3.478540820064246e+00 4.782638919896545e+01
3.503014115667295e+00 4.783160716057699e+01
3.527807323631174e+00 4.783673192179002e+01
3.552926758015626e+00 4.784176362091635e+01
3.578378900140268e+00 4.784670241616403e+01
3.604170404159907e+00 4.785154848608109e+01
3.630308102864372e+00 4.785630202999806e+01
3.656799013713498e+00 4.786096326846850e+01
3.683650345118388e+00 4.786553244370679e+01
3.710869502980880e+00 4.787000982002241e+01
3.738464097503543e+00 4.787439568424983e+01
3.766441950283467e+00 4.787869034617314e+01
3.794811101703675e+00 4.788289413894449e+01
3.823579818636837e+00 4.788700741949530e+01
3.852756602476853e+00 4.789103056893922e+01
3.882350197514584e+00 4.789496399296579e+01
3.912369599675159e+00 4.789880812222356e+01
3.942824065635170e+00 4.790256341269152e+01
3.973723122339116e+00 4.790623034603764e+01
4.005076576935767e+00 4.790980942996300e+01
4.036894527156072e+00 4.791330119853042e+01
4.069187372155784e+00 4.791670621247592e+01
4.101965823847221e+00 4.792002505950168e+01
4.135240918746112e+00 4.792325835454884e+01
4.169024030361009e+00 4.792640674004866e+01
4.203326882154596e+00 4.792947088615031e+01
4.238161561107774e+00 4.793245149092358e+01
4.273540531919596e+00 4.793534928053485e+01
4.309476651878068e+00 4.793816500939437e+01
4.345983186439049e+00 4.794089946027308e+01
4.383073825553003e+00 4.794355344438707e+01
4.420762700781700e+00 4.794612780144769e+01
4.459064403249887e+00 4.794862339967540e+01
4.497994002479857e+00 4.795104113577523e+01
4.537567066159900e+00 4.795338193487189e+01
4.577799680901277e+00 4.795564675040251e+01
4.618708474041669e+00 4.795783656396471e+01
4.660310636557322e+00 4.795995238511819e+01
4.702623947150174e+00 4.796199525113749e+01
4.745666797580826e+00 4.796396622671396e+01
4.789458219323314e+00 4.796586640360485e+01
4.834017911622689e+00 4.796769690022744e+01
4.879366271042406e+00 4.796945886119620e+01
4.925524422594628e+00 4.797115345680102e+01
4.972514252553187e+00 4.797278188242460e+01
5.020358443056446e+00 4.797434535789728e+01
5.069080508614811e+00 4.797584512678742e+01
5.118704834646479e+00 4.797728245562577e+01
5.169256718174067e+00 4.797865863306250e+01
5.220762410824826e+00 4.797997496895531e+01
5.273249164287972e+00 4.798123279338763e+01
5.326745278394637e+00 4.798243345561585e+01
5.381280151998521e+00 4.798357832294485e+01
5.436884336849539e+00 4.798466877953130e+01
5.493589594667916e+00 4.798570622511446e+01
5.551428957642649e+00 4.798669207367442e+01
5.610436792596668e+00 4.798762775201833e+01
5.670648869080362e+00 4.798851469829499e+01
5.732102431677122e+00 4.798935436043909e+01
5.794836276827994e+00 4.799014819454639e+01
5.858890834508344e+00 4.799089766318167e+01
5.924308255118064e+00 4.799160423362196e+01
5.991132501977456e+00 4.799226937603746e+01
6.059409449855529e+00 4.799289456161382e+01
6.129186989994674e+00 4.799348126061921e+01
6.200515142136896e+00 4.799403094042088e+01
6.273446174102538e+00 4.799454506345580e+01
6.348034729521945e+00 4.799502508516111e+01
6.424337964376282e+00 4.799547245187045e+01
6.502415693064456e+00 4.799588859868273e+01
6.582330544780572e+00 4.799627494731094e+01
6.664148131061355e+00 4.799663290391872e+01
6.747937225445290e+00 4.799696385695343e+01
6.833769956277614e+00 4.799726917498487e+01
6.921722013797155e+00 4.799755020455930e+01
7.011872872754704e+00 4.799780826807930e+01
7.104306031939009e+00 4.799804466172007e+01
7.199109272128037e+00 4.799826065339379e+01
7.296374934140158e+00 4.799845748077340e+01
7.396200218836809e+00 4.799863634938828e+01
7.498687511125390e+00 4.799879843080382e+01
7.603944730232562e+00 4.799894486089773e+01
7.712085708767325e+00 4.799907673824526e+01
7.823230603372500e+00 4.799919512262630e+01
7.937506340079228e+00 4.799930103366630e+01
8.055047097834747e+00 4.799939544962319e+01
8.175994834075905e+00 4.799947930633165e+01
8.300499856677098e+00 4.799955349631565e+01
8.428721447117130e+00 4.799961886807900e+01
8.560828540297772e+00 4.799967622558300e+01
8.697000467114769e+00 4.799972632791872e+01
8.837427766644769e+00 4.799976988917999e+01
8.982313075683658e+00 4.799980757854195e+01
9.131872104368961e+00 4.799984002054757e+01
9.286334707765258e+00 4.799986779560310e+01
9.445946064608133e+00 4.799989144068083e+01
9.610967975920223e+00 4.799991145022550e+01
9.781680297967212e+00 4.799992827725805e+01
9.958382526050936e+00 4.799994233466821e+01
1.014139554799479e+01 4.799995399668440e+01
1.033106358891843e+01 4.799996360050741e+01
1.052775637209854e+01 4.799997144809159e+01
1.073187152445521e+01 4.799997780805487e+01
1.094383725959483e+01 4.799998291769728e+01
1.116411537650463e+01 4.799998698510503e+01
1.139320461809083e+01 4.799999019131658e+01
1.163164444096630e+01 4.799999269252528e+01
1.188001925646154e+01 4.799999462229302e+01
1.213896321304168e+01 4.799999609374901e+01
1.240916560251661e+01 4.799999720174831e+01
1.269137698707931e+01 4.799999802496590e+01
1.298641616184947e+01 4.799999862790368e+01
1.329517808893445e+01 4.799999906278996e+01
1.361864296492825e+01 4.799999937135416e+01
1.395788661536077e+01 4.799999958646229e+01
1.431409244831491e+01 4.799999973360281e+01
1.468856524706165e+01 4.799999983221619e+01
1.508274714047919e+01 4.799999989686570e+01
1.549823616327065e+01 4.799999993825070e+01
1.593680790955053e+01 4.799999996406773e+01
1.640044089847497e+01 4.799999997972782e+01
1.689134641615977e+01 4.799999998894157e+01
1.741200378340112e+01 4.799999999418520e+01
1.796520223609505e+01 4.799999999706284e+01
1.855409091154343e+01 4.799999999858034e+01
1.918223883202170e+01 4.799999999934627e+01
1.985370729873985e+01 4.799999999971465e+01
2.057313779879516e+01 4.799999999988260e+01
2.134585944700256e+01 4.799999999995478e+01
2.217802122199514e+01 4.799999999998381e+01
2.307675593898712e+01 4.799999999999466e+01
2.405038521572843e+01 4.799999999999839e+01
2.510867790783879e+01 4.799999999999957e+01
2.626317902650438e+01 4.799999999999989e+01
2.752763263266193e+01 4.799999999999998e+01
2.891853159943523e+01 4.799999999999999e+01
3.045584098376360e+01 4.800000000000000e+01
3.216396252190663e+01 4.800000000000000e+01
3.407303953512489e+01 4.800000000000000e+01
3.622075117499543e+01 4.800000000000000e+01
3.865482436684869e+01 4.800000000000000e+01
4.143662230039524e+01 4.800000000000000e+01
4.464638914679586e+01 4.800000000000000e+01
