0.000000000000000e+00 0.000000000000000e+00
1.684423931717298e-04 3.048387111682871e-02
3.370522241100319e-04 6.095890036781526e-02
5.058297425977505e-04 9.142509096305673e-02
6.747751989148102e-04 1.218824461099075e-01
8.438888438394527e-04 1.523309690130787e-01
1.013170928649478e-03 1.827706628743471e-01
1.182621705123490e-03 2.132015308928672e-01
1.352241425542142e-03 2.436235762649872e-01
1.522030342689391e-03 2.740368021842485e-01
1.691988709853753e-03 3.044412118415210e-01
1.862116780829562e-03 3.348368084248392e-01
2.032414809918234e-03 3.652235951194953e-01
2.202883051929534e-03 3.956015751080315e-01
2.373521762182844e-03 4.259707515702189e-01
2.544331196508444e-03 4.563311276830788e-01
2.715311611248785e-03 4.866827066208401e-01
2.886463263259772e-03 5.170254915550032e-01
3.057786409912053e-03 5.473594856542405e-01
3.229281309092306e-03 5.776846920845458e-01
3.400948219204534e-03 6.080011140091059e-01
3.572787399171367e-03 6.383087545882802e-01
3.744799108435354e-03 6.686076169797843e-01
3.916983606960280e-03 6.988977043384637e-01
4.089341155232467e-03 7.291790198164136e-01
4.261872014262092e-03 7.594515665630084e-01
4.434576445584504e-03 7.897153477248082e-01
4.607454711261543e-03 8.199703664456308e-01
4.780507073882869e-03 8.502166258664658e-01
4.953733796567290e-03 8.804541291255887e-01
5.127135142964093e-03 9.106828793585251e-01
5.300711377254389e-03 9.409028796979513e-01
5.474462764152445e-03 9.711141332738364e-01
5.648389568907035e-03 1.001316643213300e+00
5.822492057302793e-03 1.031510412640777e+00
5.996770495661557e-03 1.061695444677902e+00
6.171225150843738e-03 1.091871742443459e+00
6.345856290249675e-03 1.122039309053548e+00
6.520664181821002e-03 1.152198147621419e+00
6.695649094042020e-03 1.182348261257651e+00
6.870811295941076e-03 1.212489653069923e+00
7.046151057091929e-03 1.242622326163193e+00
7.221668647615146e-03 1.272746283639634e+00
7.397364338179483e-03 1.302861528598619e+00
7.573238400003275e-03 1.332968064136786e+00
7.749291104855838e-03 1.363065893347965e+00
7.925522725058859e-03 1.393155019323174e+00
8.101933533487813e-03 1.423235445150674e+00
8.278523803573357e-03 1.453307173915924e+00
8.455293809302754e-03 1.483370208701686e+00
8.632243825221283e-03 1.513424552587793e+00
8.809374126433671e-03 1.543470208651364e+00
8.986684988605498e-03 1.573507179966761e+00
9.164176687964650e-03 1.603535469605497e+00
9.341849501302740e-03 1.633555080636363e+00
9.519703705976552e-03 1.663566016125273e+00
9.697739579909477e-03 1.693568279135420e+00
9.875957401592974e-03 1.723561872727174e+00
1.005435745008801e-02 1.753546799958158e+00
1.023294000502651e-02 1.783523063883102e+00
1.041170534661286e-02 1.813490667554071e+00
1.059065375562530e-02 1.843449614020209e+00
1.076978551341747e-02 1.873399906327990e+00
1.094910090191984e-02 1.903341547520945e+00
1.112860020364118e-02 1.933274540639964e+00
1.130828370167008e-02 1.963198888723042e+00
1.148815167967643e-02 1.993114594805370e+00
1.166820442191288e-02 2.023021661919394e+00
1.184844221321637e-02 2.052920093094755e+00
1.202886533900964e-02 2.082809891358167e+00
1.220947408530270e-02 2.112691059733770e+00
1.239026873869436e-02 2.142563601242671e+00
1.257124958637375e-02 2.172427518903319e+00
1.275241691612185e-02 2.202282815731301e+00
1.293377101631300e-02 2.232129494739425e+00
1.311531217591640e-02 2.261967558937670e+00
1.329704068449773e-02 2.291797011333180e+00
1.347895683222059e-02 2.321617854930345e+00
1.366106090984813e-02 2.351430092730709e+00
1.384335320874453e-02 2.381233727733040e+00
1.402583402087661e-02 2.411028762933249e+00
1.420850363881534e-02 2.440815201324433e+00
1.439136235573745e-02 2.470593045896948e+00
1.457441046542695e-02 2.500362299638240e+00
1.475764826227675e-02 2.530122965532989e+00
1.494107604129022e-02 2.559875046563057e+00
1.512469409808274e-02 2.589618545707502e+00
1.530850272888335e-02 2.619353465942467e+00
1.549250223053629e-02 2.649079810241417e+00
1.567669290050264e-02 2.678797581574898e+00
1.586107503686189e-02 2.708506782910675e+00
1.604564893831356e-02 2.738207417213644e+00
1.623041490417881e-02 2.767899487445952e+00
1.641537323440206e-02 2.797582996566824e+00
1.660052422955263e-02 2.827257947532743e+00
1.678586819082634e-02 2.856924343297337e+00
1.697140542004715e-02 2.886582186811381e+00
1.715713621966882e-02 2.916231481022798e+00
1.734306089277653e-02 2.945872228876780e+00
1.752917974308852e-02 2.975504433315585e+00
1.771549307495779e-02 3.005128097278700e+00
1.790200119337371e-02 3.034743223702698e+00
1.808870440396370e-02 3.064349815521446e+00
1.827560301299492e-02 3.093947875665847e+00
1.846269732737590e-02 3.123537407064028e+00
1.864998765465829e-02 3.153118412641241e+00
1.883747430303845e-02 3.182690895319958e+00
1.902515758135923e-02 3.212254858019740e+00
1.921303779911162e-02 3.241810303657346e+00
1.940111526643645e-02 3.271357235146674e+00
1.958939029412612e-02 3.300895655398755e+00
1.977786319362628e-02 3.330425567321853e+00
1.996653427703760e-02 3.359946973821287e+00
2.015540385711741e-02 3.389459877799581e+00
2.034447224728152e-02 3.418964282156374e+00
2.053373976160589e-02 3.448460189788506e+00
2.072320671482839e-02 3.477947603589882e+00
2.091287342235054e-02 3.507426526451667e+00
2.110274020023927e-02 3.536896961262030e+00
2.129280736522868e-02 3.566358910906402e+00
2.148307523472178e-02 3.595812378267269e+00
2.167354412679226e-02 3.625257366224346e+00
2.186421436018628e-02 3.654693877654381e+00
2.205508625432423e-02 3.684121915431341e+00
2.224616012930255e-02 3.713541482426301e+00
2.243743630589545e-02 3.742952581507481e+00
2.262891510555678e-02 3.772355215540195e+00
2.282059685042177e-02 3.801749387386906e+00
2.301248186330890e-02 3.831135099907272e+00
2.320457046772163e-02 3.860512355957958e+00
2.339686298785030e-02 3.889881158392839e+00
2.358935974857390e-02 3.919241510062925e+00
2.378206107546193e-02 3.948593413816319e+00
2.397496729477621e-02 3.977936872498233e+00
2.416807873347273e-02 4.007271888951017e+00
2.436139571920353e-02 4.036598466014155e+00
2.455491858031849e-02 4.065916606524254e+00
2.474864764586724e-02 4.095226313314974e+00
2.494258324560102e-02 4.124527589217159e+00
2.513672570997450e-02 4.153820437058734e+00
2.533107537014775e-02 4.183104859664780e+00
2.552563255798803e-02 4.212380859857433e+00
2.572039760607173e-02 4.241648440455954e+00
2.591537084768625e-02 4.270907604276694e+00
2.611055261683190e-02 4.300158354133202e+00
2.630594324822384e-02 4.329400692836003e+00
2.650154307729392e-02 4.358634623192799e+00
2.669735244019268e-02 4.387860148008400e+00
2.689337167379122e-02 4.417077270084675e+00
2.708960111568317e-02 4.446285992220609e+00
2.728604110418659e-02 4.475486317212294e+00
2.748269197834595e-02 4.504678247852908e+00
2.767955407793405e-02 4.533861786932704e+00
2.787662774345400e-02 4.563036937239076e+00
2.807391331614117e-02 4.592203701556471e+00
2.827141113796518e-02 4.621362082666380e+00
2.846912155163184e-02 4.650512083347508e+00
2.866704490058517e-02 4.679653706375518e+00
2.886518152900935e-02 4.708786954523198e+00
2.906353178183075e-02 4.737911830560442e+00
2.926209600471992e-02 4.767028337254224e+00
2.946087454409359e-02 4.796136477368520e+00
2.965986774711669e-02 4.825236253664528e+00
2.985907596170438e-02 4.854327668900339e+00
3.005849953652406e-02 4.883410725831268e+00
3.025813882099740e-02 4.912485427209603e+00
3.045799416530242e-02 4.941551775784774e+00
3.065806592037551e-02 4.970609774303249e+00
3.085835443791347e-02 4.999659425508526e+00
3.105886007037558e-02 5.028700732141225e+00
3.125958317098571e-02 5.057733696938975e+00
3.146052409373432e-02 5.086758322636506e+00
3.166168319338059e-02 5.115774611965584e+00
3.186306082545450e-02 5.144782567655049e+00
3.206465734625892e-02 5.173782192430764e+00
3.226647311287173e-02 5.202773489015669e+00
3.246850848314788e-02 5.231756460129780e+00
3.267076381572155e-02 5.260731108490070e+00
3.287323947000827e-02 5.289697436810677e+00
3.307593580620702e-02 5.318655447802726e+00
3.327885318530239e-02 5.347605144174338e+00
3.348199196906670e-02 5.376546528630755e+00
3.368535252006220e-02 5.405479603874234e+00
3.388893520164317e-02 5.434404372604035e+00
3.409274037795811e-02 5.463320837516484e+00
3.429676841395190e-02 5.492229001304977e+00
3.450101967536801e-02 5.521128866659815e+00
3.470549452875064e-02 5.550020436268490e+00
3.491019334144694e-02 5.578903712815411e+00
3.511511648160921e-02 5.607778698982017e+00
3.532026431819709e-02 5.636645397446813e+00
3.552563722097980e-02 5.665503810885347e+00
3.573123556053835e-02 5.694353941970121e+00
3.593705970826775e-02 5.723195793370628e+00
3.614311003637927e-02 5.752029367753501e+00
3.634938691790267e-02 5.780854667782258e+00
3.655589072668847e-02 5.809671696117526e+00
3.676262183741020e-02 5.838480455416843e+00
3.696958062556664e-02 5.867280948334852e+00
3.717676746748415e-02 5.896073177523121e+00
3.738418274031886e-02 5.924857145630263e+00
3.759182682205908e-02 5.953632855301862e+00
3.779970009152749e-02 5.982400309180527e+00
3.800780292838348e-02 6.011159509905845e+00
3.821613571312552e-02 6.039910460114420e+00
3.842469882709335e-02 6.068653162439787e+00
3.863349265247044e-02 6.097387619512560e+00
3.884251757228625e-02 6.126113833960247e+00
3.905177397041858e-02 6.154831808407394e+00
3.926126223159593e-02 6.183541545475528e+00
3.947098274139985e-02 6.212243047783126e+00
3.968093588626734e-02 6.240936317945696e+00
3.989112205349318e-02 6.269621358575613e+00
4.010154163123232e-02 6.298298172282387e+00
4.031219500850228e-02 6.326966761672338e+00
4.052308257518555e-02 6.355627129348832e+00
4.073420472203197e-02 6.384279277912206e+00
4.094556184066121e-02 6.412923209959750e+00
4.115715432356507e-02 6.441558928085691e+00
4.136898256411006e-02 6.470186434881249e+00
4.158104695653973e-02 6.498805732934571e+00
4.179334789597710e-02 6.527416824830766e+00
4.200588577842725e-02 6.556019713151905e+00
4.221866100077964e-02 6.584614400477001e+00
4.243167396081062e-02 6.613200889381993e+00
4.264492505718597e-02 6.641779182439819e+00
4.285841468946332e-02 6.670349282220265e+00
4.307214325809462e-02 6.698911191290172e+00
4.328611116442878e-02 6.727464912213200e+00
4.350031881071399e-02 6.756010447550018e+00
4.371476660010043e-02 6.784547799858238e+00
4.392945493664267e-02 6.813076971692325e+00
4.414438422530222e-02 6.841597965603746e+00
4.435955487195017e-02 6.870110784140813e+00
4.457496728336963e-02 6.898615429848853e+00
4.479062186725837e-02 6.927111905270046e+00
4.500651903223134e-02 6.955600212943473e+00
4.522265918782331e-02 6.984080355405219e+00
4.543904274449139e-02 7.012552335188140e+00
4.565567011361769e-02 7.041016154822138e+00
4.587254170751189e-02 7.069471816833953e+00
4.608965793941387e-02 7.097919323747185e+00
4.630701922349632e-02 7.126358678082440e+00
4.652462597486740e-02 7.154789882357115e+00
4.674247860957337e-02 7.183212939085571e+00
4.696057754460121e-02 7.211627850779053e+00
4.717892319788135e-02 7.240034619945646e+00
4.739751598829029e-02 7.268433249090357e+00
4.761635633565325e-02 7.296823740715084e+00
4.783544466074692e-02 7.325206097318585e+00
4.805478138530216e-02 7.353580321396514e+00
4.827436693200664e-02 7.381946415441355e+00
4.849420172450761e-02 7.410304381942552e+00
4.871428618741459e-02 7.438654223386294e+00
4.893462074630215e-02 7.466995942255757e+00
4.915520582771261e-02 7.495329541030898e+00
4.937604185915880e-02 7.523655022188571e+00
4.959712926912684e-02 7.551972388202465e+00
4.981846848707891e-02 7.580281641543181e+00
5.004005994345598e-02 7.608582784678084e+00
5.026190406968069e-02 7.636875820071417e+00
5.048400129816008e-02 7.665160750184327e+00
5.070635206228842e-02 7.693437577474747e+00
5.092895679645004e-02 7.721706304397443e+00
5.115181593602212e-02 7.749966933404032e+00
5.137492991737758e-02 7.778219466942986e+00
5.159829917788793e-02 7.806463907459552e+00
5.182192415592603e-02 7.834700257395880e+00
5.204580529086911e-02 7.862928519190888e+00
5.226994302310153e-02 7.891148695280329e+00
5.249433779401769e-02 7.919360788096782e+00
5.271899004602499e-02 7.947564800069607e+00
5.294390022254664e-02 7.975760733625052e+00
5.316906876802466e-02 8.003948591186074e+00
5.339449612792278e-02 8.032128375172505e+00
5.362018274872934e-02 8.060300088000979e+00
5.384612907796030e-02 8.088463732084890e+00
5.407233556416218e-02 8.116619309834441e+00
5.429880265691497e-02 8.144766823656660e+00
5.452553080683521e-02 8.172906275955292e+00
5.475252046557889e-02 8.201037669130955e+00
5.497977208584447e-02 8.229161005581005e+00
5.520728612137597e-02 8.257276287699582e+00
5.543506302696583e-02 8.285383517877563e+00
5.566310325845811e-02 8.313482698502689e+00
5.589140727275144e-02 8.341573831959373e+00
5.611997552780204e-02 8.369656920628856e+00
5.634880848262688e-02 8.397731966889133e+00
5.657790659730667e-02 8.425798973114937e+00
5.680727033298899e-02 8.453857941677782e+00
5.703690015189136e-02 8.481908874945908e+00
5.726679651730435e-02 8.509951775284307e+00
5.749695989359471e-02 8.537986645054765e+00
5.772739074620847e-02 8.566013486615738e+00
5.795808954167411e-02 8.594032302322475e+00
5.818905674760567e-02 8.622043094526923e+00
5.842029283270597e-02 8.650045865577788e+00
5.865179826676968e-02 8.678040617820500e+00
5.888357352068661e-02 8.706027353597179e+00
5.911561906644485e-02 8.734006075246747e+00
5.934793537713396e-02 8.761976785104743e+00
5.958052292694822e-02 8.789939485503488e+00
5.981338219118983e-02 8.817894178771994e+00
6.004651364627217e-02 8.845840867235957e+00
6.027991776972303e-02 8.873779553217837e+00
6.051359504018787e-02 8.901710239036717e+00
6.074754593743312e-02 8.929632927008434e+00
6.098177094234943e-02 8.957547619445471e+00
6.121627053695496e-02 8.985454318657062e+00
6.145104520439874e-02 9.013353026949048e+00
6.168609542896393e-02 9.041243746623998e+00
6.192142169607118e-02 9.069126479981172e+00
6.215702449228198e-02 9.097001229316447e+00
6.239290430530195e-02 9.124867996922433e+00
6.262906162398431e-02 9.152726785088362e+00
6.286549693833314e-02 9.180577596100122e+00
6.310221073950689e-02 9.208420432240310e+00
6.333920351982168e-02 9.236255295788112e+00
6.357647577275477e-02 9.264082189019433e+00
6.381402799294794e-02 9.291901114206738e+00
6.405186067621102e-02 9.319712073619215e+00
6.428997431952520e-02 9.347515069522665e+00
6.452836942104659e-02 9.375310104179484e+00
6.476704648010972e-02 9.403097179848757e+00
6.500600599723090e-02 9.430876298786181e+00
6.524524847411185e-02 9.458647463244027e+00
6.548477441364313e-02 9.486410675471220e+00
6.572458431990770e-02 9.514165937713337e+00
6.596467869818447e-02 9.541913252212510e+00
6.620505805495175e-02 9.569652621207467e+00
6.644572289789095e-02 9.597384046933598e+00
6.668667373589013e-02 9.625107531622845e+00
6.692791107904743e-02 9.652823077503747e+00
6.716943543867487e-02 9.680530686801468e+00
6.741124732730187e-02 9.708230361737684e+00
6.765334725867889e-02 9.735922104530744e+00
6.789573574778100e-02 9.763605917395495e+00
6.813841331081169e-02 9.791281802543409e+00
6.838138046520639e-02 9.818949762182513e+00
6.862463772963619e-02 9.846609798517363e+00
6.886818562401152e-02 9.874261913749109e+00
6.911202466948595e-02 9.901906110075473e+00
6.935615538845974e-02 9.929542389690667e+00
6.960057830458370e-02 9.957170754785523e+00
6.984529394276291e-02 9.984791207547346e+00
7.009030282916043e-02 1.001240375016006e+01
7.033560549120110e-02 1.004000838480402e+01
7.058120245757538e-02 1.006760511365619e+01
7.082709425824300e-02 1.009519393889001e+01
7.107328142443696e-02 1.012277486267551e+01
7.131976448866720e-02 1.015034788717915e+01
7.156654398472455e-02 1.017791301456394e+01
7.181362044768448e-02 1.020547024698938e+01
7.206099441391108e-02 1.023301958661153e+01
7.230866642106083e-02 1.026056103558287e+01
7.255663700808661e-02 1.028809459605240e+01
7.280490671524148e-02 1.031562027016564e+01
7.305347608408272e-02 1.034313806006456e+01
7.330234565747570e-02 1.037064796788760e+01
7.355151597959786e-02 1.039814999576968e+01
7.380098759594265e-02 1.042564414584222e+01
7.405076105332355e-02 1.045313042023309e+01
7.430083689987804e-02 1.048060882106658e+01
7.455121568507160e-02 1.050807935046349e+01
7.480189795970177e-02 1.053554201054104e+01
7.505288427590212e-02 1.056299680341289e+01
7.530417518714642e-02 1.059044373118919e+01
7.555577124825257e-02 1.061788279597644e+01
7.580767301538681e-02 1.064531399987765e+01
7.605988104606770e-02 1.067273734499221e+01
7.631239589917035e-02 1.070015283341596e+01
7.656521813493047e-02 1.072756046724111e+01
7.681834831494851e-02 1.075496024855633e+01
7.707178700219387e-02 1.078235217944668e+01
7.732553476100903e-02 1.080973626199361e+01
7.757959215711381e-02 1.083711249827499e+01
7.783395975760941e-02 1.086448089036503e+01
7.808863813098284e-02 1.089184144033440e+01
7.834362784711099e-02 1.091919415025009e+01
7.859892947726500e-02 1.094653902217549e+01
7.885454359411444e-02 1.097387605817033e+01
7.911047077173158e-02 1.100120526029077e+01
7.936671158559581e-02 1.102852663058928e+01
7.962326661259783e-02 1.105584017111469e+01
7.988013643104401e-02 1.108314588391218e+01
8.013732162066080e-02 1.111044377102327e+01
8.039482276259899e-02 1.113773383448586e+01
8.065264043943812e-02 1.116501607633412e+01
8.091077523519097e-02 1.119229049859858e+01
8.116922773530783e-02 1.121955710330611e+01
8.142799852668098e-02 1.124681589247989e+01
8.168708819764918e-02 1.127406686813935e+01
8.194649733800204e-02 1.130131003230034e+01
8.220622653898457e-02 1.132854538697489e+01
8.246627639330165e-02 1.135577293417142e+01
8.272664749512253e-02 1.138299267589460e+01
8.298734044008532e-02 1.141020461414537e+01
8.324835582530166e-02 1.143740875092100e+01
8.350969424936106e-02 1.146460508821497e+01
8.377135631233568e-02 1.149179362801709e+01
8.403334261578489e-02 1.151897437231335e+01
8.429565376275977e-02 1.154614732308609e+01
8.455829035780783e-02 1.157331248231386e+01
8.482125300697760e-02 1.160046985197142e+01
8.508454231782335e-02 1.162761943402984e+01
8.534815889940975e-02 1.165476123045635e+01
8.561210336231652e-02 1.168189524321448e+01
8.587637631864324e-02 1.170902147426391e+01
8.614097838201393e-02 1.173613992556060e+01
8.640591016758196e-02 1.176325059905667e+01
8.667117229203476e-02 1.179035349670050e+01
8.693676537359853e-02 1.181744862043659e+01
8.720269003204315e-02 1.184453597220570e+01
8.746894688868696e-02 1.187161555394477e+01
8.773553656640157e-02 1.189868736758689e+01
8.800245968961676e-02 1.192575141506134e+01
8.826971688432533e-02 1.195280769829355e+01
8.853730877808802e-02 1.197985621920515e+01
8.880523600003840e-02 1.200689697971392e+01
8.907349918088776e-02 1.203392998173375e+01
8.934209895293015e-02 1.206095522717472e+01
8.961103595004730e-02 1.208797271794301e+01
8.988031080771360e-02 1.211498245594097e+01
9.014992416300109e-02 1.214198444306705e+01
9.041987665458455e-02 1.216897868121583e+01
9.069016892274646e-02 1.219596517227797e+01
9.096080160938212e-02 1.222294391814031e+01
9.123177535800472e-02 1.224991492068572e+01
9.150309081375044e-02 1.227687818179320e+01
9.177474862338354e-02 1.230383370333780e+01
9.204674943530151e-02 1.233078148719071e+01
9.231909389954029e-02 1.235772153521916e+01
9.259178266777937e-02 1.238465384928643e+01
9.286481639334704e-02 1.241157843125191e+01
9.313819573122556e-02 1.243849528297099e+01
9.341192133805641e-02 1.246540440629516e+01
9.368599387214560e-02 1.249230580307192e+01
9.396041399346890e-02 1.251919947514481e+01
9.423518236367710e-02 1.254608542435339e+01
9.451029964610146e-02 1.257296365253328e+01
9.478576650575890e-02 1.259983416151609e+01
9.506158360935740e-02 1.262669695312942e+01
9.533775162530146e-02 1.265355202919690e+01
9.561427122369738e-02 1.268039939153814e+01
9.589114307635876e-02 1.270723904196874e+01
9.616836785681197e-02 1.273407098230031e+01
9.644594624030145e-02 1.276089521434038e+01
9.672387890379537e-02 1.278771173989250e+01
9.700216652599108e-02 1.281452056075615e+01
9.728080978732059e-02 1.284132167872676e+01
9.755980936995615e-02 1.286811509559572e+01
9.783916595781583e-02 1.289490081315036e+01
9.811888023656902e-02 1.292167883317397e+01
9.839895289364221e-02 1.294844915744569e+01
9.867938461822448e-02 1.297521178774065e+01
9.896017610127317e-02 1.300196672582985e+01
9.924132803551963e-02 1.302871397348024e+01
9.952284111547481e-02 1.305545353245458e+01
9.980471603743507e-02 1.308218540451163e+01
1.000869534994879e-01 1.310890959140594e+01
1.003695542015176e-01 1.313562609488800e+01
1.006525188452112e-01 1.316233491670412e+01
1.009358481340643e-01 1.318903605859650e+01
1.012195427733865e-01 1.321572952230317e+01
1.015036034703078e-01 1.324241530955804e+01
1.017880309337842e-01 1.326909342209082e+01
1.020728258746037e-01 1.329576386162705e+01
1.023579890053919e-01 1.332242662988816e+01
1.026435210406183e-01 1.334908172859128e+01
1.029294226966023e-01 1.337572915944946e+01
1.032156946915190e-01 1.340236892417147e+01
1.035023377454050e-01 1.342900102446193e+01
1.037893525801652e-01 1.345562546202120e+01
1.040767399195778e-01 1.348224223854543e+01
1.043645004893013e-01 1.350885135572657e+01
1.046526350168803e-01 1.353545281525228e+01
1.049411442317512e-01 1.356204661880601e+01
1.052300288652493e-01 1.358863276806695e+01
1.055192896506138e-01 1.361521126471001e+01
1.058089273229951e-01 1.364178211040585e+01
1.060989426194604e-01 1.366834530682083e+01
1.063893362789999e-01 1.369490085561705e+01
1.066801090425337e-01 1.372144875845228e+01
1.069712616529172e-01 1.374798901698005e+01
1.072627948549483e-01 1.377452163284950e+01
1.075547093953732e-01 1.380104660770552e+01
1.078470060228929e-01 1.382756394318863e+01
1.081396854881696e-01 1.385407364093503e+01
1.084327485438334e-01 1.388057570257658e+01
1.087261959444882e-01 1.390707012974077e+01
1.090200284467186e-01 1.393355692405076e+01
1.093142468090964e-01 1.396003608712531e+01
1.096088517921869e-01 1.398650762057883e+01
1.099038441585557e-01 1.401297152602133e+01
1.101992246727749e-01 1.403942780505843e+01
1.104949941014303e-01 1.406587645929134e+01
1.107911532131273e-01 1.409231749031688e+01
1.110877027784983e-01 1.411875089972743e+01
1.113846435702089e-01 1.414517668911094e+01
1.116819763629646e-01 1.417159486005094e+01
1.119797019335179e-01 1.419800541412653e+01
1.122778210606746e-01 1.422440835291229e+01
1.125763345253012e-01 1.425080367797839e+01
1.128752431103310e-01 1.427719139089055e+01
1.131745476007714e-01 1.430357149320997e+01
1.134742487837107e-01 1.432994398649333e+01
1.137743474483251e-01 1.435630887229289e+01
1.140748443858851e-01 1.438266615215635e+01
1.143757403897633e-01 1.440901582762691e+01
1.146770362554407e-01 1.443535790024324e+01
1.149787327805139e-01 1.446169237153947e+01
1.152808307647024e-01 1.448801924304519e+01
1.155833310098551e-01 1.451433851628546e+01
1.158862343199581e-01 1.454065019278075e+01
1.161895415011411e-01 1.456695427404697e+01
1.164932533616854e-01 1.459325076159543e+01
1.167973707120301e-01 1.461953965693290e+01
1.171018943647801e-01 1.464582096156148e+01
1.174068251347129e-01 1.467209467697873e+01
1.177121638387861e-01 1.469836080467756e+01
1.180179112961445e-01 1.472461934614623e+01
1.183240683281276e-01 1.475087030286842e+01
1.186306357582770e-01 1.477711367632310e+01
1.189376144123434e-01 1.480334946798465e+01
1.192450051182944e-01 1.482957767932271e+01
1.195528087063219e-01 1.485579831180231e+01
1.198610260088495e-01 1.488201136688376e+01
1.201696578605398e-01 1.490821684602269e+01
1.204787050983024e-01 1.493441475067000e+01
1.207881685613011e-01 1.496060508227192e+01
1.210980490909614e-01 1.498678784226992e+01
1.214083475309787e-01 1.501296303210074e+01
1.217190647273254e-01 1.503913065319638e+01
1.220302015282585e-01 1.506529070698410e+01
1.223417587843281e-01 1.509144319488636e+01
1.226537373483842e-01 1.511758811832086e+01
1.229661380755852e-01 1.514372547870055e+01
1.232789618234053e-01 1.516985527743355e+01
1.235922094516425e-01 1.519597751592317e+01
1.239058818224265e-01 1.522209219556793e+01
1.242199798002264e-01 1.524819931776148e+01
1.245345042518591e-01 1.527429888389270e+01
1.248494560464967e-01 1.530039089534557e+01
1.251648360556749e-01 1.532647535349922e+01
1.254806451533010e-01 1.535255225972795e+01
1.257968842156618e-01 1.537862161540111e+01
1.261135541214318e-01 1.540468342188324e+01
1.264306557516814e-01 1.543073768053392e+01
1.267481899898849e-01 1.545678439270788e+01
1.270661577219290e-01 1.548282355975485e+01
1.273845598361207e-01 1.550885518301968e+01
1.277033972231957e-01 1.553487926384229e+01
1.280226707763270e-01 1.556089580355759e+01
1.283423813911326e-01 1.558690480349561e+01
1.286625299656845e-01 1.561290626498129e+01
1.289831174005169e-01 1.563890018933471e+01
1.293041445986343e-01 1.566488657787086e+01
1.296256124655206e-01 1.569086543189973e+01
1.299475219091471e-01 1.571683675272636e+01
1.302698738399813e-01 1.574280054165066e+01
1.305926691709956e-01 1.576875679996758e+01
1.309159088176753e-01 1.579470552896698e+01
1.312395936980282e-01 1.582064672993364e+01
1.315637247325924e-01 1.584658040414730e+01
1.318883028444457e-01 1.587250655288258e+01
1.322133289592139e-01 1.589842517740902e+01
1.325388040050799e-01 1.592433627899103e+01
1.328647289127922e-01 1.595023985888794e+01
1.331911046156743e-01 1.597613591835388e+01
1.335179320496331e-01 1.600202445863789e+01
1.338452121531679e-01 1.602790548098382e+01
1.341729458673799e-01 1.605377898663037e+01
1.345011341359805e-01 1.607964497681103e+01
1.348297779053008e-01 1.610550345275413e+01
1.351588781243009e-01 1.613135441568278e+01
1.354884357445781e-01 1.615719786681487e+01
1.358184517203773e-01 1.618303380736305e+01
1.361489270085994e-01 1.620886223853476e+01
1.364798625688106e-01 1.623468316153214e+01
1.368112593632521e-01 1.626049657755211e+01
1.371431183568489e-01 1.628630248778628e+01
1.374754405172199e-01 1.631210089342098e+01
1.378082268146863e-01 1.633789179563724e+01
1.381414782222820e-01 1.636367519561077e+01
1.384751957157624e-01 1.638945109451193e+01
1.388093802736143e-01 1.641521949350578e+01
1.391440328770655e-01 1.644098039375201e+01
1.394791545100941e-01 1.646673379640493e+01
1.398147461594383e-01 1.649247970261349e+01
1.401508088146061e-01 1.651821811352121e+01
1.404873434678851e-01 1.654394903026625e+01
1.408243511143521e-01 1.656967245398136e+01
1.411618327518831e-01 1.659538838579380e+01
1.414997893811629e-01 1.662109682682544e+01
1.418382220056952e-01 1.664679777819268e+01
1.421771316318124e-01 1.667249124100641e+01
1.425165192686858e-01 1.669817721637212e+01
1.428563859283353e-01 1.672385570538972e+01
1.431967326256397e-01 1.674952670915365e+01
1.435375603783467e-01 1.677519022875283e+01
1.438788702070829e-01 1.680084626527063e+01
1.442206631353644e-01 1.682649481978488e+01
1.445629401896067e-01 1.685213589336784e+01
1.449057023991349e-01 1.687776948708620e+01
1.452489507961943e-01 1.690339560200104e+01
1.455926864159607e-01 1.692901423916787e+01
1.459369102965507e-01 1.695462539963652e+01
1.462816234790320e-01 1.698022908445129e+01
1.466268270074344e-01 1.700582529465072e+01
1.469725219287598e-01 1.703141403126777e+01
1.473187092929930e-01 1.705699529532967e+01
1.476653901531125e-01 1.708256908785803e+01
1.480125655651010e-01 1.710813540986869e+01
1.483602365879559e-01 1.713369426237181e+01
1.487084042837007e-01 1.715924564637179e+01
1.490570697173950e-01 1.718478956286734e+01
1.494062339571461e-01 1.721032601285134e+01
1.497558980741195e-01 1.723585499731095e+01
1.501060631425499e-01 1.726137651722754e+01
1.504567302397523e-01 1.728689057357661e+01
1.508079004461328e-01 1.731239716732793e+01
1.511595748452001e-01 1.733789629944538e+01
1.515117545235765e-01 1.736338797088701e+01
1.518644405710088e-01 1.738887218260503e+01
1.522176340803797e-01 1.741434893554573e+01
1.525713361477196e-01 1.743981823064953e+01
1.529255478722170e-01 1.746528006885095e+01
1.532802703562307e-01 1.749073445107857e+01
1.536355047053006e-01 1.751618137825504e+01
1.539912520281598e-01 1.754162085129707e+01
1.543475134367457e-01 1.756705287111538e+01
1.547042900462116e-01 1.759247743861471e+01
1.550615829749388e-01 1.761789455469382e+01
1.554193933445475e-01 1.764330422024545e+01
1.557777222799092e-01 1.766870643615627e+01
1.561365709091584e-01 1.769410120330697e+01
1.564959403637040e-01 1.771948852257213e+01
1.568558317782417e-01 1.774486839482027e+01
1.572162462907656e-01 1.777024082091380e+01
1.575771850425805e-01 1.779560580170905e+01
1.579386491783136e-01 1.782096333805620e+01
1.583006398459269e-01 1.784631343079931e+01
1.586631581967291e-01 1.787165608077624e+01
1.590262053853880e-01 1.789699128881875e+01
1.593897825699428e-01 1.792231905575233e+01
1.597538909118162e-01 1.794763938239632e+01
1.601185315758268e-01 1.797295226956380e+01
1.604837057302017e-01 1.799825771806165e+01
1.608494145465889e-01 1.802355572869044e+01
1.612156592000697e-01 1.804884630224451e+01
1.615824408691714e-01 1.807412943951191e+01
1.619497607358801e-01 1.809940514127435e+01
1.623176199856529e-01 1.812467340830726e+01
1.626860198074312e-01 1.814993424137969e+01
1.630549613936534e-01 1.817518764125435e+01
1.634244459402673e-01 1.820043360868759e+01
1.637944746467437e-01 1.822567214442935e+01
1.641650487160889e-01 1.825090324922316e+01
1.645361693548580e-01 1.827612692380614e+01
1.649078377731676e-01 1.830134316890894e+01
1.652800551847096e-01 1.832655198525577e+01
1.656528228067638e-01 1.835175337356435e+01
1.660261418602117e-01 1.837694733454592e+01
1.664000135695491e-01 1.840213386890518e+01
1.667744391629004e-01 1.842731297734032e+01
1.671494198720313e-01 1.845248466054297e+01
1.675249569323627e-01 1.847764891919820e+01
1.679010515829841e-01 1.850280575398448e+01
1.682777050666674e-01 1.852795516557367e+01
1.686549186298803e-01 1.855309715463104e+01
1.690326935228004e-01 1.857823172181520e+01
1.694110309993287e-01 1.860335886777809e+01
1.697899323171036e-01 1.862847859316497e+01
1.701693987375151e-01 1.865359089861444e+01
1.705494315257182e-01 1.867869578475835e+01
1.709300319506476e-01 1.870379325222184e+01
1.713112012850312e-01 1.872888330162326e+01
1.716929408054050e-01 1.875396593357423e+01
1.720752517921267e-01 1.877904114867955e+01
1.724581355293902e-01 1.880410894753724e+01
1.728415933052403e-01 1.882916933073846e+01
1.732256264115869e-01 1.885422229886754e+01
1.736102361442192e-01 1.887926785250194e+01
1.739954238028209e-01 1.890430599221223e+01
1.743811906909845e-01 1.892933671856208e+01
1.747675381162258e-01 1.895436003210822e+01
1.751544673899990e-01 1.897937593340044e+01
1.755419798277117e-01 1.900438442298159e+01
1.759300767487392e-01 1.902938550138752e+01
1.763187594764399e-01 1.905437916914703e+01
1.767080293381703e-01 1.907936542678195e+01
1.770978876653002e-01 1.910434427480707e+01
1.774883357932276e-01 1.912931571373006e+01
1.778793750613941e-01 1.915427974405155e+01
1.782710068133002e-01 1.917923636626505e+01
1.786632323965208e-01 1.920418558085695e+01
1.790560531627206e-01 1.922912738830647e+01
1.794494704676692e-01 1.925406178908568e+01
1.798434856712577e-01 1.927898878365946e+01
1.802381001375131e-01 1.930390837248548e+01
1.806333152346153e-01 1.932882055601419e+01
1.810291323349118e-01 1.935372533468875e+01
1.814255528149343e-01 1.937862270894509e+01
1.818225780554146e-01 1.940351267921182e+01
1.822202094413002e-01 1.942839524591025e+01
1.826184483617708e-01 1.945327040945433e+01
1.830172962102543e-01 1.947813817025067e+01
1.834167543844432e-01 1.950299852869852e+01
1.838168242863109e-01 1.952785148518966e+01
1.842175073221277e-01 1.955269704010852e+01
1.846188049024781e-01 1.957753519383205e+01
1.850207184422763e-01 1.960236594672973e+01
1.854232493607840e-01 1.962718929916354e+01
1.858263990816260e-01 1.965200525148799e+01
1.862301690328078e-01 1.967681380405002e+01
1.866345606467320e-01 1.970161495718900e+01
1.870395753602153e-01 1.972640871123676e+01
1.874452146145059e-01 1.975119506651749e+01
1.878514798553001e-01 1.977597402334779e+01
1.882583725327595e-01 1.980074558203659e+01
1.886658941015288e-01 1.982550974288514e+01
1.890740460207525e-01 1.985026650618701e+01
1.894828297540926e-01 1.987501587222805e+01
1.898922467697462e-01 1.989975784128639e+01
1.903022985404628e-01 1.992449241363234e+01
1.907129865435623e-01 1.994921958952848e+01
1.911243122609522e-01 1.997393936922955e+01
1.915362771791462e-01 1.999865175298246e+01
1.919488827892813e-01 2.002335674102626e+01
1.923621305871366e-01 2.004805433359212e+01
1.927760220731504e-01 2.007274453090329e+01
1.931905587524395e-01 2.009742733317511e+01
1.936057421348164e-01 2.012210274061495e+01
1.940215737348082e-01 2.014677075342221e+01
1.944380550716750e-01 2.017143137178826e+01
1.948551876694282e-01 2.019608459589648e+01
1.952729730568493e-01 2.022073042592216e+01
1.956914127675083e-01 2.024536886203254e+01
1.961105083397827e-01 2.026999990438674e+01
1.965302613168764e-01 2.029462355313574e+01
1.969506732468384e-01 2.031923980842240e+01
1.973717456825820e-01 2.034384867038137e+01
1.977934801819037e-01 2.036845013913910e+01
1.982158783075029e-01 2.039304421481382e+01
1.986389416270007e-01 2.041763089751550e+01
1.990626717129595e-01 2.044221018734582e+01
1.994870701429024e-01 2.046678208439818e+01
1.999121384993331e-01 2.049134658875759e+01
2.003378783697549e-01 2.051590370050077e+01
2.007642913466912e-01 2.054045341969599e+01
2.011913790277050e-01 2.056499574640315e+01
2.016191430154186e-01 2.058953068067368e+01
2.020475849175344e-01 2.061405822255059e+01
2.024767063468542e-01 2.063857837206833e+01
2.029065089212999e-01 2.066309112925290e+01
2.033369942639337e-01 2.068759649412170e+01
2.037681640029787e-01 2.071209446668357e+01
2.042000197718392e-01 2.073658504693878e+01
2.046325632091215e-01 2.076106823487892e+01
2.050657959586544e-01 2.078554403048696e+01
2.054997196695103e-01 2.081001243373719e+01
2.059343359960260e-01 2.083447344459515e+01
2.063696465978238e-01 2.085892706301768e+01
2.068056531398321e-01 2.088337328895282e+01
2.072423572923078e-01 2.090781212233986e+01
2.076797607308562e-01 2.093224356310921e+01
2.081178651364536e-01 2.095666761118246e+01
2.085566721954682e-01 2.098108426647232e+01
2.089961835996818e-01 2.100549352888256e+01
2.094364010463118e-01 2.102989539830806e+01
2.098773262380328e-01 2.105428987463469e+01
2.103189608829988e-01 2.107867695773935e+01
2.107613066948650e-01 2.110305664748989e+01
2.112043653928098e-01 2.112742894374511e+01
2.116481387015578e-01 2.115179384635474e+01
2.120926283514014e-01 2.117615135515938e+01
2.125378360782238e-01 2.120050146999049e+01
2.129837636235212e-01 2.122484419067035e+01
2.134304127344259e-01 2.124917951701207e+01
2.138777851637289e-01 2.127350744881944e+01
2.143258826699026e-01 2.129782798588709e+01
2.147747070171245e-01 2.132214112800027e+01
2.152242599752997e-01 2.134644687493494e+01
2.156745433200844e-01 2.137074522645770e+01
2.161255588329095e-01 2.139503618232577e+01
2.165773083010035e-01 2.141931974228692e+01
2.170297935174169e-01 2.144359590607950e+01
2.174830162810454e-01 2.146786467343235e+01
2.179369783966536e-01 2.149212604406480e+01
2.183916816748996e-01 2.151638001768668e+01
2.188471279323584e-01 2.154062659399817e+01
2.193033189915465e-01 2.156486577268991e+01
2.197602566809461e-01 2.158909755344281e+01
2.202179428350293e-01 2.161332193592821e+01
2.206763792942832e-01 2.163753891980766e+01
2.211355679052339e-01 2.166174850473301e+01
2.215955105204720e-01 2.168595069034633e+01
2.220562089986767e-01 2.171014547627988e+01
2.225176652046416e-01 2.173433286215608e+01
2.229798810092996e-01 2.175851284758748e+01
2.234428582897476e-01 2.178268543217674e+01
2.239065989292731e-01 2.180685061551655e+01
2.243711048173787e-01 2.183100839718964e+01
2.248363778498082e-01 2.185515877676876e+01
2.253024199285723e-01 2.187930175381659e+01
2.257692329619744e-01 2.190343732788572e+01
2.262368188646373e-01 2.192756549851867e+01
2.267051795575281e-01 2.195168626524779e+01
2.271743169679860e-01 2.197579962759526e+01
2.276442330297476e-01 2.199990558507304e+01
2.281149296829739e-01 2.202400413718284e+01
2.285864088742770e-01 2.204809528341610e+01
2.290586725567470e-01 2.207217902325391e+01
2.295317226899789e-01 2.209625535616706e+01
2.300055612400995e-01 2.212032428161588e+01
2.304801901797948e-01 2.214438579905032e+01
2.309556114883378e-01 2.216843990790985e+01
2.314318271516152e-01 2.219248660762344e+01
2.319088391621556e-01 2.221652589760954e+01
2.323866495191571e-01 2.224055777727599e+01
2.328652602285155e-01 2.226458224602007e+01
2.333446733028518e-01 2.228859930322837e+01
2.338248907615410e-01 2.231260894827681e+01
2.343059146307402e-01 2.233661118053062e+01
2.347877469434170e-01 2.236060599934421e+01
2.352703897393784e-01 2.238459340406125e+01
2.357538450652994e-01 2.240857339401453e+01
2.362381149747517e-01 2.243254596852601e+01
2.367232015282336e-01 2.245651112690671e+01
2.372091067931980e-01 2.248046886845670e+01
2.376958328440831e-01 2.250441919246509e+01
2.381833817623408e-01 2.252836209820993e+01
2.386717556364668e-01 2.255229758495823e+01
2.391609565620309e-01 2.257622565196586e+01
2.396509866417061e-01 2.260014629847759e+01
2.401418479852993e-01 2.262405952372697e+01
2.406335427097815e-01 2.264796532693635e+01
2.411260729393179e-01 2.267186370731678e+01
2.416194408052993e-01 2.269575466406807e+01
2.421136484463716e-01 2.271963819637861e+01
2.426086980084679e-01 2.274351430342546e+01
2.431045916448389e-01 2.276738298437423e+01
2.436013315160842e-01 2.279124423837905e+01
2.440989197901839e-01 2.281509806458257e+01
2.445973586425300e-01 2.283894446211588e+01
2.450966502559579e-01 2.286278343009847e+01
2.455967968207786e-01 2.288661496763820e+01
2.460978005348108e-01 2.291043907383126e+01
2.465996636034124e-01 2.293425574776212e+01
2.471023882395138e-01 2.295806498850348e+01
2.476059766636497e-01 2.298186679511625e+01
2.481104311039922e-01 2.300566116664949e+01
2.486157537963835e-01 2.302944810214037e+01
2.491219469843690e-01 2.305322760061413e+01
2.496290129192302e-01 2.307699966108402e+01
2.501369538600188e-01 2.310076428255130e+01
2.506457720735893e-01 2.312452146400513e+01
2.511554698346337e-01 2.314827120442261e+01
2.516660494257144e-01 2.317201350276864e+01
2.521775131372991e-01 2.319574835799594e+01
2.526898632677948e-01 2.321947576904499e+01
2.532031021235818e-01 2.324319573484400e+01
2.537172320190491e-01 2.326690825430881e+01
2.542322552766284e-01 2.329061332634294e+01
2.547481742268295e-01 2.331431094983741e+01
2.552649912082756e-01 2.333800112367084e+01
2.557827085677380e-01 2.336168384670930e+01
2.563013286601726e-01 2.338535911780632e+01
2.568208538487546e-01 2.340902693580279e+01
2.573412865049148e-01 2.343268729952696e+01
2.578626290083760e-01 2.345634020779439e+01
2.583848837471888e-01 2.347998565940787e+01
2.589080531177684e-01 2.350362365315742e+01
2.594321395249309e-01 2.352725418782017e+01
2.599571453819306e-01 2.355087726216041e+01
2.604830731104965e-01 2.357449287492945e+01
2.610099251408701e-01 2.359810102486562e+01
2.615377039118425e-01 2.362170171069423e+01
2.620664118707919e-01 2.364529493112746e+01
2.625960514737218e-01 2.366888068486438e+01
2.631266251852989e-01 2.369245897059090e+01
2.636581354788912e-01 2.371602978697962e+01
2.641905848366063e-01 2.373959313268993e+01
2.647239757493307e-01 2.376314900636782e+01
2.652583107167679e-01 2.378669740664595e+01
2.657935922474778e-01 2.381023833214349e+01
2.663298228589159e-01 2.383377178146616e+01
2.668670050774728e-01 2.385729775320610e+01
2.674051414385138e-01 2.388081624594191e+01
2.679442344864189e-01 2.390432725823849e+01
2.684842867746227e-01 2.392783078864707e+01
2.690253008656551e-01 2.395132683570514e+01
2.695672793311812e-01 2.397481539793636e+01
2.701102247520428e-01 2.399829647385057e+01
2.706541397182989e-01 2.402177006194367e+01
2.711990268292667e-01 2.404523616069762e+01
2.717448886935636e-01 2.406869476858036e+01
2.722917279291485e-01 2.409214588404575e+01
2.728395471633633e-01 2.411558950553354e+01
2.733883490329760e-01 2.413902563146931e+01
2.739381361842216e-01 2.416245426026437e+01
2.744889112728460e-01 2.418587539031578e+01
2.750406769641477e-01 2.420928902000625e+01
2.755934359330215e-01 2.423269514770406e+01
2.761471908640015e-01 2.425609377176308e+01
2.767019444513041e-01 2.427948489052265e+01
2.772576993988727e-01 2.430286850230752e+01
2.778144584204207e-01 2.432624460542786e+01
2.783722242394759e-01 2.434961319817910e+01
2.789309995894254e-01 2.437297427884200e+01
2.794907872135596e-01 2.439632784568245e+01
2.800515898651174e-01 2.441967389695155e+01
2.806134103073314e-01 2.444301243088545e+01
2.811762513134730e-01 2.446634344570533e+01
2.817401156668987e-01 2.448966693961734e+01
2.823050061610948e-01 2.451298291081256e+01
2.828709255997249e-01 2.453629135746689e+01
2.834378767966751e-01 2.455959227774104e+01
2.840058625761015e-01 2.458288566978044e+01
2.845748857724767e-01 2.460617153171521e+01
2.851449492306368e-01 2.462944986166004e+01
2.857160558058293e-01 2.465272065771422e+01
2.862882083637602e-01 2.467598391796146e+01
2.868614097806423e-01 2.469923964046996e+01
2.874356629432436e-01 2.472248782329225e+01
2.880109707489349e-01 2.474572846446516e+01
2.885873361057397e-01 2.476896156200975e+01
2.891647619323823e-01 2.479218711393129e+01
2.897432511583372e-01 2.481540511821913e+01
2.903228067238792e-01 2.483861557284666e+01
2.909034315801325e-01 2.486181847577128e+01
2.914851286891212e-01 2.488501382493429e+01
2.920679010238197e-01 2.490820161826086e+01
2.926517515682032e-01 2.493138185365994e+01
2.932366833172985e-01 2.495455452902419e+01
2.938226992772355e-01 2.497771964222994e+01
2.944098024652985e-01 2.500087719113713e+01
2.949979959099782e-01 2.502402717358919e+01
2.955872826510234e-01 2.504716958741305e+01
2.961776657394939e-01 2.507030443041900e+01
2.967691482378124e-01 2.509343170040064e+01
2.973617332198185e-01 2.511655139513489e+01
2.979554237708208e-01 2.513966351238178e+01
2.985502229876513e-01 2.516276804988452e+01
2.991461339787190e-01 2.518586500536934e+01
2.997431598640636e-01 2.520895437654546e+01
3.003413037754107e-01 2.523203616110501e+01
3.009405688562262e-01 2.525511035672297e+01
3.015409582617712e-01 2.527817696105707e+01
3.021424751591575e-01 2.530123597174777e+01
3.027451227274036e-01 2.532428738641812e+01
3.033489041574903e-01 2.534733120267378e+01
3.039538226524169e-01 2.537036741810284e+01
3.045598814272587e-01 2.539339603027586e+01
3.051670837092229e-01 2.541641703674569e+01
3.057754327377062e-01 2.543943043504748e+01
3.063849317643531e-01 2.546243622269857e+01
3.069955840531128e-01 2.548543439719841e+01
3.076073928802983e-01 2.550842495602851e+01
3.082203615346442e-01 2.553140789665233e+01
3.088344933173666e-01 2.555438321651526e+01
3.094497915422214e-01 2.557735091304448e+01
3.100662595355644e-01 2.560031098364894e+01
3.106839006364115e-01 2.562326342571924e+01
3.113027181964982e-01 2.564620823662758e+01
3.119227155803411e-01 2.566914541372770e+01
3.125438961652982e-01 2.569207495435472e+01
3.131662633416306e-01 2.571499685582520e+01
3.137898205125640e-01 2.573791111543691e+01
3.144145710943508e-01 2.576081773046886e+01
3.150405185163327e-01 2.578371669818119e+01
3.156676662210029e-01 2.580660801581505e+01
3.162960176640698e-01 2.582949168059260e+01
3.169255763145201e-01 2.585236768971684e+01
3.175563456546828e-01 2.587523604037163e+01
3.181883291802933e-01 2.589809672972148e+01
3.188215304005583e-01 2.592094975491161e+01
3.194559528382200e-01 2.594379511306776e+01
3.200916000296225e-01 2.596663280129615e+01
3.207284755247764e-01 2.598946281668340e+01
3.213665828874258e-01 2.601228515629643e+01
3.220059256951142e-01 2.603509981718240e+01
3.226465075392516e-01 2.605790679636859e+01
3.232883320251816e-01 2.608070609086238e+01
3.239314027722495e-01 2.610349769765106e+01
3.245757234138695e-01 2.612628161370186e+01
3.252212975975937e-01 2.614905783596176e+01
3.258681289851812e-01 2.617182636135749e+01
3.265162212526664e-01 2.619458718679540e+01
3.271655780904297e-01 2.621734030916134e+01
3.278162032032668e-01 2.624008572532068e+01
3.284681003104592e-01 2.626282343211807e+01
3.291212731458459e-01 2.628555342637748e+01
3.297757254578934e-01 2.630827570490207e+01
3.304314610097685e-01 2.633099026447405e+01
3.310884835794098e-01 2.635369710185466e+01
3.317467969596004e-01 2.637639621378406e+01
3.324064049580412e-01 2.639908759698119e+01
3.330673113974239e-01 2.642177124814375e+01
3.337295201155048e-01 2.644444716394805e+01
3.343930349651795e-01 2.646711534104897e+01
3.350578598145575e-01 2.648977577607981e+01
3.357239985470370e-01 2.651242846565224e+01
3.363914550613810e-01 2.653507340635617e+01
3.370602332717929e-01 2.655771059475968e+01
3.377303371079936e-01 2.658034002740893e+01
3.384017705152978e-01 2.660296170082804e+01
3.390745374546921e-01 2.662557561151900e+01
3.397486419029122e-01 2.664818175596159e+01
3.404240878525217e-01 2.667078013061326e+01
3.411008793119911e-01 2.669337073190903e+01
3.417790203057763e-01 2.671595355626144e+01
3.424585148743996e-01 2.673852860006036e+01
3.431393670745285e-01 2.676109585967298e+01
3.438215809790578e-01 2.678365533144365e+01
3.445051606771896e-01 2.680620701169383e+01
3.451901102745161e-01 2.682875089672192e+01
3.458764338931011e-01 2.685128698280323e+01
3.465641356715627e-01 2.687381526618982e+01
3.472532197651570e-01 2.689633574311044e+01
3.479436903458611e-01 2.691884840977038e+01
3.486355516024578e-01 2.694135326235142e+01
3.493288077406203e-01 2.696385029701168e+01
3.500234629829969e-01 2.698633950988554e+01
3.507195215692976e-01 2.700882089708351e+01
3.514169877563796e-01 2.703129445469215e+01
3.521158658183340e-01 2.705376017877395e+01
3.528161600465742e-01 2.707621806536721e+01
3.535178747499224e-01 2.709866811048597e+01
3.542210142546987e-01 2.712111031011984e+01
3.549255829048098e-01 2.714354466023394e+01
3.556315850618388e-01 2.716597115676876e+01
3.563390251051347e-01 2.718838979564010e+01
3.570479074319031e-01 2.721080057273888e+01
3.577582364572975e-01 2.723320348393106e+01
3.584700166145110e-01 2.725559852505760e+01
3.591832523548680e-01 2.727798569193420e+01
3.598979481479178e-01 2.730036498035132e+01
3.606141084815270e-01 2.732273638607398e+01
3.613317378619744e-01 2.734509990484170e+01
3.620508408140449e-01 2.736745553236835e+01
3.627714218811248e-01 2.738980326434202e+01
3.634934856252975e-01 2.741214309642497e+01
3.642170366274395e-01 2.743447502425342e+01
3.649420794873180e-01 2.745679904343751e+01
3.656686188236875e-01 2.747911514956112e+01
3.663966592743883e-01 2.750142333818181e+01
3.671262054964453e-01 2.752372360483064e+01
3.678572621661669e-01 2.754601594501207e+01
3.685898339792456e-01 2.756830035420387e+01
3.693239256508575e-01 2.759057682785695e+01
3.700595419157647e-01 2.761284536139524e+01
3.707966875284159e-01 2.763510595021562e+01
3.715353672630496e-01 2.765735858968770e+01
3.722755859137973e-01 2.767960327515381e+01
3.730173482947863e-01 2.770184000192877e+01
3.737606592402451e-01 2.772406876529980e+01
3.745055236046076e-01 2.774628956052644e+01
3.752519462626194e-01 2.776850238284033e+01
3.759999321094439e-01 2.779070722744515e+01
3.767494860607689e-01 2.781290408951648e+01
3.775006130529153e-01 2.783509296420162e+01
3.782533180429443e-01 2.785727384661953e+01
3.790076060087673e-01 2.787944673186063e+01
3.797634819492551e-01 2.790161161498673e+01
3.805209508843488e-01 2.792376849103085e+01
3.812800178551706e-01 2.794591735499709e+01
3.820406879241356e-01 2.796805820186050e+01
3.828029661750647e-01 2.799019102656698e+01
3.835668577132972e-01 2.801231582403307e+01
3.843323676658056e-01 2.803443258914587e+01
3.850995011813099e-01 2.805654131676287e+01
3.858682634303927e-01 2.807864200171185e+01
3.866386596056159e-01 2.810073463879068e+01
3.874106949216375e-01 2.812281922276722e+01
3.881843746153290e-01 2.814489574837918e+01
3.889597039458941e-01 2.816696421033394e+01
3.897366881949875e-01 2.818902460330847e+01
3.905153326668355e-01 2.821107692194910e+01
3.912956426883559e-01 2.823312116087146e+01
3.920776236092799e-01 2.825515731466026e+01
3.928612808022745e-01 2.827718537786922e+01
3.936466196630652e-01 2.829920534502082e+01
3.944336456105602e-01 2.832121721060626e+01
3.952223640869744e-01 2.834322096908525e+01
3.960127805579557e-01 2.836521661488584e+01
3.968049005127108e-01 2.838720414240434e+01
3.975987294641319e-01 2.840918354600509e+01
3.983942729489255e-01 2.843115482002036e+01
3.991915365277402e-01 2.845311795875016e+01
3.999905257852969e-01 2.847507295646213e+01
4.007912463305190e-01 2.849701980739133e+01
4.015937037966634e-01 2.851895850574012e+01
4.023979038414532e-01 2.854088904567798e+01
4.032038521472098e-01 2.856281142134137e+01
4.040115544209878e-01 2.858472562683357e+01
4.048210163947086e-01 2.860663165622448e+01
4.056322438252968e-01 2.862852950355052e+01
4.064452424948164e-01 2.865041916281443e+01
4.072600182106083e-01 2.867230062798509e+01
4.080765768054281e-01 2.869417389299740e+01
4.088949241375859e-01 2.871603895175209e+01
4.097150660910862e-01 2.873789579811554e+01
4.105370085757688e-01 2.875974442591964e+01
4.113607575274505e-01 2.878158482896161e+01
4.121863189080690e-01 2.880341700100382e+01
4.130136987058254e-01 2.882524093577362e+01
4.138429029353298e-01 2.884705662696320e+01
4.146739376377471e-01 2.886886406822939e+01
4.155068088809431e-01 2.889066325319345e+01
4.163415227596330e-01 2.891245417544099e+01
4.171780853955292e-01 2.893423682852171e+01
4.180165029374917e-01 2.895601120594925e+01
4.188567815616784e-01 2.897777730120102e+01
4.196989274716966e-01 2.899953510771802e+01
4.205429468987560e-01 2.902128461890464e+01
4.213888461018222e-01 2.904302582812851e+01
4.222366313677715e-01 2.906475872872029e+01
4.230863090115466e-01 2.908648331397350e+01
4.239378853763133e-01 2.910819957714433e+01
4.247913668336187e-01 2.912990751145147e+01
4.256467597835496e-01 2.915160711007588e+01
4.265040706548929e-01 2.917329836616067e+01
4.273633059052965e-01 2.919498127281086e+01
4.282244720214313e-01 2.921665582309318e+01
4.290875755191548e-01 2.923832201003593e+01
4.299526229436748e-01 2.925997982662876e+01
4.308196208697159e-01 2.928162926582246e+01
4.316885759016847e-01 2.930327032052878e+01
4.325594946738388e-01 2.932490298362025e+01
4.334323838504548e-01 2.934652724792996e+01
4.343072501259985e-01 2.936814310625134e+01
4.351841002252964e-01 2.938975055133805e+01
4.360629409037072e-01 2.941134957590366e+01
4.369437789472963e-01 2.943294017262154e+01
4.378266211730096e-01 2.945452233412461e+01
4.387114744288498e-01 2.947609605300516e+01
4.395983455940534e-01 2.949766132181460e+01
4.404872415792689e-01 2.951921813306333e+01
4.413781693267363e-01 2.954076647922044e+01
4.422711358104679e-01 2.956230635271359e+01
4.431661480364303e-01 2.958383774592873e+01
4.440632130427274e-01 2.960536065120991e+01
4.449623378997854e-01 2.962687506085910e+01
4.458635297105376e-01 2.964838096713590e+01
4.467667956106127e-01 2.966987836225741e+01
4.476721427685220e-01 2.969136723839794e+01
4.485795783858499e-01 2.971284758768885e+01
4.494891096974440e-01 2.973431940221828e+01
4.504007439716083e-01 2.975578267403096e+01
4.513144885102961e-01 2.977723739512798e+01
4.522303506493053e-01 2.979868355746655e+01
4.531483377584747e-01 2.982012115295979e+01
4.540684572418814e-01 2.984155017347653e+01
4.549907165380402e-01 2.986297061084100e+01
4.559151231201040e-01 2.988438245683269e+01
4.568416844960653e-01 2.990578570318607e+01
4.577704082089600e-01 2.992718034159036e+01
4.587013018370717e-01 2.994856636368930e+01
4.596343729941381e-01 2.996994376108093e+01
4.605696293295583e-01 2.999131252531734e+01
4.615070785286020e-01 3.001267264790441e+01
4.624467283126200e-01 3.003402412030160e+01
4.633885864392560e-01 3.005536693392173e+01
4.643326607026607e-01 3.007670108013063e+01
4.652789589337059e-01 3.009802655024706e+01
4.662274890002016e-01 3.011934333554231e+01
4.671782588071142e-01 3.014065142724004e+01
4.681312762967853e-01 3.016195081651601e+01
4.690865494491538e-01 3.018324149449781e+01
4.700440862819783e-01 3.020452345226463e+01
4.710038948510609e-01 3.022579668084701e+01
4.719659832504740e-01 3.024706117122656e+01
4.729303596127868e-01 3.026831691433573e+01
4.738970321092958e-01 3.028956390105750e+01
4.748660089502541e-01 3.031080212222519e+01
4.758372983851048e-01 3.033203156862217e+01
4.768109087027151e-01 3.035325223098155e+01
4.777868482316115e-01 3.037446409998599e+01
4.787651253402179e-01 3.039566716626739e+01
4.797457484370943e-01 3.041686142040660e+01
4.807287259711781e-01 3.043804685293320e+01
4.817140664320265e-01 3.045922345432523e+01
4.827017783500610e-01 3.048039121500881e+01
4.836918702968138e-01 3.050155012535802e+01
4.846843508851750e-01 3.052270017569452e+01
4.856792287696435e-01 3.054384135628729e+01
4.866765126465774e-01 3.056497365735236e+01
4.876762112544482e-01 3.058609706905251e+01
4.886783333740956e-01 3.060721158149703e+01
4.896828878289848e-01 3.062831718474135e+01
4.906898834854656e-01 3.064941386878685e+01
4.916993292530327e-01 3.067050162358050e+01
4.927112340845890e-01 3.069158043901458e+01
4.937256069767101e-01 3.071265030492641e+01
4.947424569699108e-01 3.073371121109801e+01
4.957617931489141e-01 3.075476314725588e+01
4.967836246429209e-01 3.077580610307061e+01
4.978079606258837e-01 3.079684006815663e+01
4.988348103167801e-01 3.081786503207190e+01
4.998641829798900e-01 3.083888098431759e+01
5.008960879250740e-01 3.085988791433778e+01
5.019305345080540e-01 3.088088581151917e+01
5.029675321306961e-01 3.090187466519073e+01
5.040070902412954e-01 3.092285446462342e+01
5.050492183348627e-01 3.094382519902985e+01
5.060939259534142e-01 3.096478685756396e+01
5.071412226862618e-01 3.098573942932075e+01
5.081911181703076e-01 3.100668290333589e+01
5.092436220903387e-01 3.102761726858544e+01
5.102987441793251e-01 3.104854251398551e+01
5.113564942187199e-01 3.106945862839191e+01
5.124168820387615e-01 3.109036560059987e+01
5.134799175187783e-01 3.111126341934367e+01
5.145456105874952e-01 3.113215207329631e+01
5.156139712233427e-01 3.115303155106918e+01
5.166850094547688e-01 3.117390184121172e+01
5.177587353605523e-01 3.119476293221106e+01
5.188351590701192e-01 3.121561481249172e+01
5.199142907638612e-01 3.123645747041523e+01
5.209961406734563e-01 3.125729089427976e+01
5.220807190821930e-01 3.127811507231984e+01
5.231680363252951e-01 3.129892999270594e+01
5.242581027902509e-01 3.131973564354416e+01
5.253509289171432e-01 3.134053201287581e+01
5.264465251989833e-01 3.136131908867715e+01
5.275449021820463e-01 3.138209685885893e+01
5.286460704662097e-01 3.140286531126608e+01
5.297500407052949e-01 3.142362443367734e+01
5.308568236074096e-01 3.144437421380488e+01
5.319664299352949e-01 3.146511463929390e+01
5.330788705066742e-01 3.148584569772231e+01
5.341941561946043e-01 3.150656737660033e+01
5.353122979278301e-01 3.152727966337009e+01
5.364333066911410e-01 3.154798254540527e+01
5.375571935257313e-01 3.156867601001073e+01
5.386839695295622e-01 3.158936004442209e+01
5.398136458577272e-01 3.161003463580535e+01
5.409462337228206e-01 3.163069977125652e+01
5.420817443953077e-01 3.165135543780120e+01
5.432201892038995e-01 3.167200162239419e+01
5.443615795359287e-01 3.169263831191910e+01
5.455059268377300e-01 3.171326549318793e+01
5.466532426150224e-01 3.173388315294066e+01
5.478035384332948e-01 3.175449127784490e+01
5.489568259181946e-01 3.177508985449539e+01
5.501131167559198e-01 3.179567886941366e+01
5.512724226936127e-01 3.181625830904756e+01
5.524347555397593e-01 3.183682815977089e+01
5.536001271645886e-01 3.185738840788294e+01
5.547685495004778e-01 3.187793903960809e+01
5.559400345423587e-01 3.189848004109535e+01
5.571145943481292e-01 3.191901139841799e+01
5.582922410390658e-01 3.193953309757301e+01
5.594729868002418e-01 3.196004512448082e+01
5.606568438809467e-01 3.198054746498472e+01
5.618438245951098e-01 3.200104010485045e+01
5.630339413217278e-01 3.202152302976584e+01
5.642272065052945e-01 3.204199622534022e+01
5.654236326562349e-01 3.206245967710411e+01
5.666232323513422e-01 3.208291337050866e+01
5.678260182342187e-01 3.210335729092526e+01
5.690320030157200e-01 3.212379142364504e+01
5.702411994744023e-01 3.214421575387840e+01
5.714536204569743e-01 3.216463026675460e+01
5.726692788787524e-01 3.218503494732124e+01
5.738881877241178e-01 3.220542978054377e+01
5.751103600469809e-01 3.222581475130508e+01
5.763358089712459e-01 3.224618984440498e+01
5.775645476912807e-01 3.226655504455969e+01
5.787965894723910e-01 3.228691033640142e+01
5.800319476512968e-01 3.230725570447781e+01
5.812706356366150e-01 3.232759113325150e+01
5.825126669093428e-01 3.234791660709960e+01
5.837580550233482e-01 3.236823211031317e+01
5.850068136058625e-01 3.238853762709678e+01
5.862589563579770e-01 3.240883314156794e+01
5.875144970551449e-01 3.242911863775662e+01
5.887734495476854e-01 3.244939409960473e+01
5.900358277612940e-01 3.246965951096561e+01
5.913016456975557e-01 3.248991485560352e+01
5.925709174344619e-01 3.251016011719306e+01
5.938436571269334e-01 3.253039527931871e+01
5.951198790073461e-01 3.255062032547428e+01
5.963995973860612e-01 3.257083523906233e+01
5.976828266519606e-01 3.259104000339369e+01
5.989695812729862e-01 3.261123460168690e+01
6.002598757966832e-01 3.263141901706764e+01
6.015537248507483e-01 3.265159323256821e+01
6.028511431435835e-01 3.267175723112695e+01
6.041521454648519e-01 3.269191099558770e+01
6.054567466860407e-01 3.271205450869925e+01
6.067649617610279e-01 3.273218775311472e+01
6.080768057266530e-01 3.275231071139108e+01
6.093922937032937e-01 3.277242336598846e+01
6.107114408954468e-01 3.279252569926971e+01
6.120342625923132e-01 3.281261769349968e+01
6.133607741683900e-01 3.283269933084475e+01
6.146909910840647e-01 3.285277059337216e+01
6.160249288862167e-01 3.287283146304946e+01
6.173626032088232e-01 3.289288192174389e+01
6.187040297735685e-01 3.291292195122179e+01
6.200492243904623e-01 3.293295153314799e+01
6.213982029584582e-01 3.295297064908521e+01
6.227509814660824e-01 3.297297928049341e+01
6.241075759920636e-01 3.299297740872922e+01
6.254680027059714e-01 3.301296501504528e+01
6.268322778688579e-01 3.303294208058962e+01
6.282004178339053e-01 3.305290858640505e+01
6.295724390470806e-01 3.307286451342847e+01
6.309483580477935e-01 3.309280984249030e+01
6.323281914695608e-01 3.311274455431378e+01
6.337119560406780e-01 3.313266862951433e+01
6.350996685848940e-01 3.315258204859892e+01
6.364913460220933e-01 3.317248479196538e+01
6.378870053689844e-01 3.319237683990175e+01
6.392866637397919e-01 3.321225817258560e+01
6.406903383469577e-01 3.323212877008339e+01
6.420980465018450e-01 3.325198861234975e+01
6.435098056154516e-01 3.327183767922681e+01
6.449256331991261e-01 3.329167595044352e+01
6.463455468652933e-01 3.331150340561497e+01
6.477695643281834e-01 3.333132002424163e+01
6.491977034045696e-01 3.335112578570875e+01
6.506299820145105e-01 3.337092066928555e+01
6.520664181821000e-01 3.339070465412455e+01
6.535070300362232e-01 3.341047771926090e+01
6.549518358113192e-01 3.343023984361155e+01
6.564008538481502e-01 3.344999100597461e+01
6.578541025945777e-01 3.346973118502860e+01
6.593116006063456e-01 3.348946035933167e+01
6.607733665478699e-01 3.350917850732090e+01
6.622394191930350e-01 3.352888560731154e+01
6.637097774259978e-01 3.354858163749625e+01
6.651844602419988e-01 3.356826657594432e+01
6.666634867481795e-01 3.358794040060096e+01
6.681468761644079e-01 3.360760308928646e+01
6.696346478241113e-01 3.362725461969547e+01
6.711268211751154e-01 3.364689496939619e+01
6.726234157804929e-01 3.366652411582957e+01
6.741244513194175e-01 3.368614203630856e+01
6.756299475880269e-01 3.370574870801727e+01
6.771399245002929e-01 3.372534410801020e+01
6.786544020888992e-01 3.374492821321137e+01
6.801734005061284e-01 3.376450100041356e+01
6.816969400247544e-01 3.378406244627750e+01
6.832250410389453e-01 3.380361252733097e+01
6.847577240651725e-01 3.382315121996803e+01
6.862950097431304e-01 3.384267850044814e+01
6.878369188366610e-01 3.386219434489535e+01
6.893834722346901e-01 3.388169872929741e+01
6.909346909521704e-01 3.390119162950495e+01
6.924905961310327e-01 3.392067302123056e+01
6.940512090411473e-01 3.394014288004798e+01
6.956165510812925e-01 3.395960118139119e+01
6.971866437801332e-01 3.397904790055353e+01
6.987615087972073e-01 3.399848301268680e+01
7.003411679239225e-01 3.401790649280039e+01
7.019256430845607e-01 3.403731831576034e+01
7.035149563372924e-01 3.405671845628846e+01
7.051091298752007e-01 3.407610688896143e+01
7.067081860273139e-01 3.409548358820980e+01
7.083121472596482e-01 3.411484852831713e+01
7.099210361762599e-01 3.413420168341905e+01
7.115348755203076e-01 3.415354302750228e+01
7.131536881751226e-01 3.417287253440372e+01
7.147774971652922e-01 3.419219017780944e+01
7.164063256577495e-01 3.421149593125376e+01
7.180401969628772e-01 3.423078976811830e+01
7.196791345356177e-01 3.425007166163090e+01
7.213231619765964e-01 3.426934158486477e+01
7.229723030332548e-01 3.428859951073736e+01
7.246265816009929e-01 3.430784541200949e+01
7.262860217243248e-01 3.432707926128424e+01
7.279506475980420e-01 3.434630103100599e+01
7.296204835683906e-01 3.436551069345938e+01
7.312955541342575e-01 3.438470822076827e+01
7.329758839483689e-01 3.440389358489475e+01
7.346614978184995e-01 3.442306675763802e+01
7.363524207086934e-01 3.444222771063339e+01
7.380486777404970e-01 3.446137641535122e+01
7.397502941942019e-01 3.448051284309581e+01
7.414572955101018e-01 3.449963696500437e+01
7.431697072897607e-01 3.451874875204592e+01
7.448875552972916e-01 3.453784817502019e+01
7.466108654606494e-01 3.455693520455652e+01
7.483396638729349e-01 3.457600981111276e+01
7.500739767937127e-01 3.459507196497414e+01
7.518138306503396e-01 3.461412163625216e+01
7.535592520393075e-01 3.463315879488346e+01
7.553102677275992e-01 3.465218341062866e+01
7.570669046540557e-01 3.467119545307121e+01
7.588291899307578e-01 3.469019489161627e+01
7.605971508444220e-01 3.470918169548948e+01
7.623708148578077e-01 3.472815583373585e+01
7.641502096111397e-01 3.474711727521851e+01
7.659353629235439e-01 3.476606598861758e+01
7.677263027944973e-01 3.478500194242891e+01
7.695230574052915e-01 3.480392510496294e+01
7.713256551205110e-01 3.482283544434338e+01
7.731341244895260e-01 3.484173292850609e+01
7.749484942479991e-01 3.486061752519775e+01
7.767687933194087e-01 3.487948920197469e+01
7.785950508165841e-01 3.489834792620157e+01
7.804272960432583e-01 3.491719366505015e+01
7.822655584956359e-01 3.493602638549799e+01
7.841098678639753e-01 3.495484605432719e+01
7.859602540341872e-01 3.497365263812310e+01
7.878167470894495e-01 3.499244610327298e+01
7.896793773118365e-01 3.501122641596471e+01
7.915481751839666e-01 3.502999354218547e+01
7.934231713906641e-01 3.504874744772040e+01
7.953043968206398e-01 3.506748809815125e+01
7.971918825681862e-01 3.508621545885504e+01
7.990856599348910e-01 3.510492949500270e+01
8.009857604313678e-01 3.512363017155765e+01
8.028922157790033e-01 3.514231745327450e+01
8.048050579117231e-01 3.516099130469756e+01
8.067243189777742e-01 3.517965169015953e+01
8.086500313415262e-01 3.519829857378001e+01
8.105822275852910e-01 3.521693191946410e+01
8.125209405111590e-01 3.523555169090098e+01
8.144662031428581e-01 3.525415785156244e+01
8.164180487276256e-01 3.527275036470144e+01
8.183765107381041e-01 3.529132919335063e+01
8.203416228742549e-01 3.530989430032087e+01
8.223134190652904e-01 3.532844564819973e+01
8.242919334716278e-01 3.534698319935003e+01
8.262772004868604e-01 3.536550691590826e+01
8.282692547397520e-01 3.538401675978312e+01
8.302681310962494e-01 3.540251269265395e+01
8.322738646615169e-01 3.542099467596917e+01
8.342864907819915e-01 3.543946267094478e+01
8.363060450474591e-01 3.545791663856270e+01
8.383325632931524e-01 3.547635653956928e+01
8.403660816018708e-01 3.549478233447363e+01
8.424066363061208e-01 3.551319398354607e+01
8.444542639902817e-01 3.553159144681648e+01
8.465090014927903e-01 3.554997468407268e+01
8.485708859083512e-01 3.556834365485877e+01
8.506399545901681e-01 3.558669831847351e+01
8.527162451522009e-01 3.560503863396863e+01
8.547997954714438e-01 3.562336456014714e+01
8.568906436902286e-01 3.564167605556167e+01
8.589888282185530e-01 3.565997307851275e+01
8.610943877364323e-01 3.567825558704707e+01
8.632073611962758e-01 3.569652353895577e+01
8.653277878252900e-01 3.571477689177273e+01
8.674557071279047e-01 3.573301560277272e+01
8.695911588882279e-01 3.575123962896975e+01
8.717341831725239e-01 3.576944892711519e+01
8.738848203317197e-01 3.578764345369601e+01
8.760431110039375e-01 3.580582316493300e+01
8.782090961170544e-01 3.582398801677890e+01
8.803828168912898e-01 3.584213796491657e+01
8.825643148418193e-01 3.586027296475718e+01
8.847536317814187e-01 3.587839297143828e+01
8.869508098231353e-01 3.589649793982201e+01
8.891558913829876e-01 3.591458782449310e+01
8.913689191826948e-01 3.593266257975705e+01
8.935899362524373e-01 3.595072215963820e+01
8.958189859336437e-01 3.596876651787774e+01
8.980561118818111e-01 3.598679560793181e+01
9.003013580693546e-01 3.600480938296953e+01
9.025547687884893e-01 3.602280779587100e+01
9.048163886541417e-01 3.604079079922535e+01
9.070862626068951e-01 3.605875834532865e+01
9.093644359159657e-01 3.607671038618201e+01
9.116509541822123e-01 3.609464687348941e+01
9.139458633411791e-01 3.611256775865575e+01
9.162492096661715e-01 3.613047299278473e+01
9.185610397713665e-01 3.614836252667678e+01
9.208814006149570e-01 3.616623631082697e+01
9.232103395023317e-01 3.618409429542285e+01
9.255479040892891e-01 3.620193643034238e+01
9.278941423852891e-01 3.621976266515178e+01
9.302491027567389e-01 3.623757294910330e+01
9.326128339303170e-01 3.625536723113312e+01
9.349853849963339e-01 3.627314545985912e+01
9.373668054121298e-01 3.629090758357867e+01
9.397571450055133e-01 3.630865355026642e+01
9.421564539782342e-01 3.632638330757203e+01
9.445647829094991e-01 3.634409680281794e+01
9.469821827595258e-01 3.636179398299706e+01
9.494087048731377e-01 3.637947479477053e+01
9.518444009833983e-01 3.639713918446535e+01
9.542893232152885e-01 3.641478709807210e+01
9.567435240894251e-01 3.643241848124256e+01
9.592070565258208e-01 3.645003327928738e+01
9.616799738476886e-01 3.646763143717369e+01
9.641623297852886e-01 3.648521289952269e+01
9.666541784798199e-01 3.650277761060727e+01
9.691555744873573e-01 3.652032551434957e+01
9.716665727828316e-01 3.653785655431847e+01
9.741872287640577e-01 3.655537067372723e+01
9.767175982558087e-01 3.657286781543092e+01
9.792577375139370e-01 3.659034792192397e+01
9.818077032295437e-01 3.660781093533762e+01
9.843675525331950e-01 3.662525679743741e+01
9.869373429991909e-01 3.664268544962057e+01
9.895171326498794e-01 3.666009683291352e+01
9.921069799600246e-01 3.667749088796918e+01
9.947069438612254e-01 3.669486755506450e+01
9.973170837463837e-01 3.671222677409765e+01
9.999374594742291e-01 3.672956848458552e+01
1.002568131373893e+00 3.674689262566098e+01
1.005209160249540e+00 3.676419913607020e+01
1.007860607385051e+00 3.678148795416995e+01
1.010522534548766e+00 3.679875901792487e+01
1.013195003998278e+00 3.681601226490472e+01
1.015878078485288e+00 3.683324763228164e+01
1.018571821260516e+00 3.685046505682732e+01
1.021276296078674e+00 3.686766447491023e+01
1.023991567203491e+00 3.688484582249278e+01
1.026717699412808e+00 3.690200903512849e+01
1.029454758003725e+00 3.691915404795910e+01
1.032202808797818e+00 3.693628079571172e+01
1.034961918146414e+00 3.695338921269587e+01
1.037732152935932e+00 3.697047923280063e+01
1.040513580593287e+00 3.698755078949165e+01
1.043306269091360e+00 3.700460381580815e+01
1.046110286954536e+00 3.702163824436000e+01
1.048925703264311e+00 3.703865400732469e+01
1.051752587664961e+00 3.705565103644429e+01
1.054591010369287e+00 3.707262926302239e+01
1.057441042164428e+00 3.708958861792107e+01
1.060302754417746e+00 3.710652903155776e+01
1.063176219082782e+00 3.712345043390219e+01
1.066061508705287e+00 3.714035275447318e+01
1.068958696429328e+00 3.715723592233557e+01
1.071867856003469e+00 3.717409986609695e+01
1.074789061787026e+00 3.719094451390455e+01
1.077722388756407e+00 3.720776979344198e+01
1.080667912511524e+00 3.722457563192597e+01
1.083625709282287e+00 3.724136195610316e+01
1.086595855935182e+00 3.725812869224676e+01
1.089578429979930e+00 3.727487576615329e+01
1.092573509576230e+00 3.729160310313924e+01
1.095581173540580e+00 3.730831062803771e+01
1.098601501353202e+00 3.732499826519503e+01
1.101634573165033e+00 3.734166593846741e+01
1.104680469804821e+00 3.735831357121747e+01
1.107739272786303e+00 3.737494108631083e+01
1.110811064315477e+00 3.739154840611268e+01
1.113895927297967e+00 3.740813545248422e+01
1.116993945346480e+00 3.742470214677925e+01
1.120105202788363e+00 3.744124840984057e+01
1.123229784673252e+00 3.745777416199645e+01
1.126367776780823e+00 3.747427932305712e+01
1.129519265628641e+00 3.749076381231105e+01
1.132684338480114e+00 3.750722754852147e+01
1.135863083352543e+00 3.752367044992265e+01
1.139055589025286e+00 3.754009243421624e+01
1.142261945048019e+00 3.755649341856765e+01
1.145482241749112e+00 3.757287331960226e+01
1.148716570244109e+00 3.758923205340177e+01
1.151965022444325e+00 3.760556953550038e+01
1.155227691065548e+00 3.762188568088109e+01
1.158504669636864e+00 3.763818040397183e+01
1.161796052509593e+00 3.765445361864171e+01
1.165101934866343e+00 3.767070523819713e+01
1.168422412730186e+00 3.768693517537795e+01
1.171757582973958e+00 3.770314334235357e+01
1.175107543329676e+00 3.771932965071908e+01
1.178472392398085e+00 3.773549401149128e+01
1.181852229658336e+00 3.775163633510473e+01
1.185247155477785e+00 3.776775653140784e+01
1.188657271121929e+00 3.778385450965878e+01
1.192082678764478e+00 3.779993017852154e+01
1.195523481497555e+00 3.781598344606184e+01
1.198979783342042e+00 3.783201421974312e+01
1.202451689258061e+00 3.784802240642240e+01
1.205939305155602e+00 3.786400791234624e+01
1.209442737905285e+00 3.787997064314655e+01
1.212962095349285e+00 3.789591050383648e+01
1.216497486312391e+00 3.791182739880627e+01
1.220049020613230e+00 3.792772123181899e+01
1.223616809075628e+00 3.794359190600643e+01
1.227200963540147e+00 3.795943932386477e+01
1.230801596875767e+00 3.797526338725041e+01
1.234418822991736e+00 3.799106399737565e+01
1.238052756849580e+00 3.800684105480442e+01
1.241703514475284e+00 3.802259445944792e+01
1.245371212971641e+00 3.803832411056040e+01
1.249055970530772e+00 3.805402990673468e+01
1.252757906446822e+00 3.806971174589785e+01
1.256477141128836e+00 3.808536952530688e+01
1.260213796113809e+00 3.810100314154420e+01
1.263967994079932e+00 3.811661249051326e+01
1.267739858860013e+00 3.813219746743410e+01
1.271529515455095e+00 3.814775796683890e+01
1.275337090048263e+00 3.816329388256744e+01
1.279162710018649e+00 3.817880510776271e+01
1.283006503955640e+00 3.819429153486626e+01
1.286868601673283e+00 3.820975305561379e+01
1.290749134224901e+00 3.822518956103052e+01
1.294648233917915e+00 3.824060094142668e+01
1.298566034328880e+00 3.825598708639288e+01
1.302502670318745e+00 3.827134788479555e+01
1.306458278048319e+00 3.828668322477233e+01
1.310432994993979e+00 3.830199299372744e+01
1.314426959963588e+00 3.831727707832702e+01
1.318440313112662e+00 3.833253536449453e+01
1.322473195960758e+00 3.834776773740604e+01
1.326525751408112e+00 3.836297408148558e+01
1.330598123752520e+00 3.837815428040044e+01
1.334690458706459e+00 3.839330821705648e+01
1.338802903414472e+00 3.840843577359343e+01
1.342935606470800e+00 3.842353683138016e+01
1.347088717937283e+00 3.843861127100995e+01
1.351262389361520e+00 3.845365897229575e+01
1.355456773795308e+00 3.846867981426547e+01
1.359672025813343e+00 3.848367367515720e+01
1.363908301532216e+00 3.849864043241443e+01
1.368165758629682e+00 3.851357996268135e+01
1.372444556364229e+00 3.852849214179804e+01
1.376744855594930e+00 3.854337684479570e+01
1.381066818801604e+00 3.855823394589188e+01
1.385410610105282e+00 3.857306331848572e+01
1.389776395288978e+00 3.858786483515315e+01
1.394164341818784e+00 3.860263836764211e+01
1.398574618865282e+00 3.861738378686780e+01
1.403007397325282e+00 3.863210096290786e+01
1.407462849843901e+00 3.864678976499765e+01
1.411941150836974e+00 3.866145006152541e+01
1.416442476513816e+00 3.867608172002759e+01
1.420967004900333e+00 3.869068460718398e+01
1.425514915862491e+00 3.870525858881305e+01
1.430086391130152e+00 3.871980352986714e+01
1.434681614321281e+00 3.873431929442777e+01
1.439300770966532e+00 3.874880574570089e+01
1.443944048534211e+00 3.876326274601220e+01
1.448611636455648e+00 3.877769015680240e+01
1.453303726150950e+00 3.879208783862254e+01
1.458020511055175e+00 3.880645565112937e+01
1.462762186644911e+00 3.882079345308064e+01
1.467528950465281e+00 3.883510110233052e+01
1.472321002157376e+00 3.884937845582496e+01
1.477138543486131e+00 3.886362536959712e+01
1.481981778368640e+00 3.887784169876281e+01
1.486850912902927e+00 3.889202729751594e+01
1.491746155397184e+00 3.890618201912402e+01
1.496667716399474e+00 3.892030571592370e+01
1.501615808727922e+00 3.893439823931628e+01
1.506590647501388e+00 3.894845943976334e+01
1.511592450170646e+00 3.896248916678237e+01
1.516621436550063e+00 3.897648726894238e+01
1.521677828849803e+00 3.899045359385964e+01
1.526761851708559e+00 3.900438798819343e+01
1.531873732226814e+00 3.901829029764181e+01
1.537013700000665e+00 3.903216036693745e+01
1.542181987156189e+00 3.904599803984355e+01
1.547378828384395e+00 3.905980315914969e+01
1.552604460976747e+00 3.907357556666797e+01
1.557859124861279e+00 3.908731510322889e+01
1.563143062639318e+00 3.910102160867756e+01
1.568456519622821e+00 3.911469492186986e+01
1.573799743872338e+00 3.912833488066862e+01
1.579172986235616e+00 3.914194132194000e+01
1.584576500386856e+00 3.915551408154980e+01
1.590010542866635e+00 3.916905299435992e+01
1.595475373122503e+00 3.918255789422491e+01
1.600971253550279e+00 3.919602861398857e+01
1.606498449536048e+00 3.920946498548061e+01
1.612057229498879e+00 3.922286683951346e+01
1.617647864934276e+00 3.923623400587913e+01
1.623270630458382e+00 3.924956631334614e+01
1.628925803852945e+00 3.926286358965665e+01
1.634613666111059e+00 3.927612566152357e+01
1.640334501483713e+00 3.928935235462784e+01
1.646088597527139e+00 3.930254349361582e+01
1.651876245150993e+00 3.931569890209678e+01
1.657697738667383e+00 3.932881840264052e+01
1.663553375840761e+00 3.934190181677509e+01
1.669443457938689e+00 3.935494896498467e+01
1.675368289783507e+00 3.936795966670758e+01
1.681328179804922e+00 3.938093374033437e+01
1.687323440093527e+00 3.939387100320614e+01
1.693354386455277e+00 3.940677127161294e+01
1.699421338466949e+00 3.941963436079237e+01
1.705524619532583e+00 3.943246008492826e+01
1.711664556940953e+00 3.944524825714963e+01
1.717841481924072e+00 3.945799868952972e+01
1.724055729716757e+00 3.947071119308521e+01
1.730307639617277e+00 3.948338557777569e+01
1.736597555049107e+00 3.949602165250320e+01
1.742925823623814e+00 3.950861922511210e+01
1.749292797205094e+00 3.952117810238899e+01
1.755698831973989e+00 3.953369809006295e+01
1.762144288495308e+00 3.954617899280594e+01
1.768629531785277e+00 3.955862061423345e+01
1.775154931380446e+00 3.957102275690533e+01
1.781720861407884e+00 3.958338522232686e+01
1.788327700656677e+00 3.959570781095012e+01
1.794975832650775e+00 3.960799032217555e+01
1.801665645723207e+00 3.962023255435375e+01
1.808397533091691e+00 3.963243430478759e+01
1.815171892935685e+00 3.964459536973459e+01
1.821989128474895e+00 3.965671554440955e+01
1.828849648049275e+00 3.966879462298746e+01
1.835753865200562e+00 3.968083239860673e+01
1.842702198755371e+00 3.969282866337277e+01
1.849695072909890e+00 3.970478320836175e+01
1.856732917316207e+00 3.971669582362484e+01
1.863816167170307e+00 3.972856629819269e+01
1.870945263301780e+00 3.974039442008026e+01
1.878120652265275e+00 3.975217997629203e+01
1.885342786433744e+00 3.976392275282758e+01
1.892612124093510e+00 3.977562253468746e+01
1.899929129541209e+00 3.978727910587963e+01
1.907294273182642e+00 3.979889224942604e+01
1.914708031633590e+00 3.981046174736984e+01
1.922170887822624e+00 3.982198738078291e+01
1.929683331095971e+00 3.983346892977379e+01
1.937245857324473e+00 3.984490617349614e+01
1.944858969012698e+00 3.985629889015759e+01
1.952523175410240e+00 3.986764685702907e+01
1.960238992625273e+00 3.987894985045462e+01
1.968006943740408e+00 3.989020764586173e+01
1.975827558930900e+00 3.990142001777212e+01
1.983701375585273e+00 3.991258673981311e+01
1.991628938428413e+00 3.992370758472945e+01
1.999610799647191e+00 3.993478232439576e+01
2.007647519018675e+00 3.994581072982954e+01
2.015739664040997e+00 3.995679257120468e+01
2.023887810066934e+00 3.996772761786566e+01
2.032092540440273e+00 3.997861563834230e+01
2.040354446635029e+00 3.998945640036515e+01
2.048674128397580e+00 4.000024967088152e+01
2.057052193891799e+00 4.001099521607220e+01
2.065489259847243e+00 4.002169280136880e+01
2.073985951710501e+00 4.003234219147183e+01
2.082542903799739e+00 4.004294315036944e+01
2.091160759462566e+00 4.005349544135699e+01
2.099840171237271e+00 4.006399882705726e+01
2.108581801017529e+00 4.007445306944145e+01
2.117386320220667e+00 4.008485792985101e+01
2.126254409959567e+00 4.009521316902026e+01
2.135186761218314e+00 4.010551854709980e+01
2.144184075031671e+00 4.011577382368080e+01
2.153247062668482e+00 4.012597875782016e+01
2.162376445819117e+00 4.013613310806651e+01
2.171572956787035e+00 4.014623663248720e+01
2.180837338684606e+00 4.015628908869616e+01
2.190170345633270e+00 4.016629023388270e+01
2.199572742968170e+00 4.017623982484135e+01
2.209045307447360e+00 4.018613761800267e+01
2.218588827465720e+00 4.019598336946504e+01
2.228204103273691e+00 4.020577683502759e+01
2.237891947200966e+00 4.021551777022407e+01
2.247653183885268e+00 4.022520593035800e+01
2.257488650506333e+00 4.023484107053872e+01
2.267399197025268e+00 4.024442294571878e+01
2.277385686429406e+00 4.025395131073240e+01
2.287448994982806e+00 4.026342592033512e+01
2.297590012482565e+00 4.027284652924479e+01
2.307809642521081e+00 4.028221289218362e+01
2.318108802754451e+00 4.029152476392173e+01
2.328488425177142e+00 4.030078189932183e+01
2.338949456403150e+00 4.030998405338532e+01
2.349492857953772e+00 4.031913098129976e+01
2.360119606552224e+00 4.032822243848773e+01
2.370830694425267e+00 4.033725818065702e+01
2.381627129612040e+00 4.034623796385247e+01
2.392509936280308e+00 4.035516154450906e+01
2.403480155050328e+00 4.036402867950672e+01
2.414538843326557e+00 4.037283912622657e+01
2.425687075637413e+00 4.038159264260871e+01
2.436925943983314e+00 4.039028898721174e+01
2.448256558193265e+00 4.039892791927381e+01
2.459680046290183e+00 4.040750919877537e+01
2.471197554865264e+00 4.041603258650362e+01
2.482810249461628e+00 4.042449784411874e+01
2.494519314967505e+00 4.043290473422181e+01
2.506325956019265e+00 4.044125302042458e+01
2.518231397414553e+00 4.044954246742107e+01
2.530236884535852e+00 4.045777284106097e+01
2.542343683784758e+00 4.046594390842509e+01
2.554553083027298e+00 4.047405543790253e+01
2.566866392050626e+00 4.048210719926999e+01
2.579284943031418e+00 4.049009896377301e+01
2.591810091016337e+00 4.049803050420921e+01
2.604443214414919e+00 4.050590159501364e+01
2.617185715505264e+00 4.051371201234620e+01
2.630039020952916e+00 4.052146153418117e+01
2.643004582343343e+00 4.052914994039898e+01
2.656083876728422e+00 4.053677701288005e+01
2.669278407187378e+00 4.054434253560094e+01
2.682589703402606e+00 4.055184629473273e+01
2.696019322250861e+00 4.055928807874167e+01
2.709568848410261e+00 4.056666767849215e+01
2.723239894983646e+00 4.057398488735205e+01
2.737034104138774e+00 4.058123950130038e+01
2.750953147765894e+00 4.058843131903742e+01
2.764998728153261e+00 4.059556014209718e+01
2.779172578681151e+00 4.060262577496243e+01
2.793476464534985e+00 4.060962802518213e+01
2.807912183438164e+00 4.061656670349132e+01
2.822481566405260e+00 4.062344162393370e+01
2.837186478516237e+00 4.063025260398659e+01
2.852028819712363e+00 4.063699946468851e+01
2.867010525614556e+00 4.064368203076941e+01
2.882133568364883e+00 4.065030013078338e+01
2.897399957491990e+00 4.065685359724411e+01
2.912811740801260e+00 4.066334226676287e+01
2.928371005290523e+00 4.066976598018919e+01
2.944079878092183e+00 4.067612458275420e+01
2.959940527442648e+00 4.068241792421656e+01
2.975955163680014e+00 4.068864585901113e+01
2.992126040270915e+00 4.069480824640026e+01
3.008455454867609e+00 4.070090495062774e+01
3.024945750396291e+00 4.070693584107540e+01
3.041599316177731e+00 4.071290079242239e+01
3.058418589081375e+00 4.071879968480707e+01
3.075406054714056e+00 4.072463240399152e+01
3.092564248644552e+00 4.073039884152865e+01
3.109895757665256e+00 4.073609889493194e+01
3.127403221092261e+00 4.074173246784763e+01
3.145089332105256e+00 4.074729947022952e+01
3.162956839128640e+00 4.075279981851623e+01
3.181008547255358e+00 4.075823343581088e+01
3.199247319714996e+00 4.076360025206318e+01
3.217676079387755e+00 4.076890020425390e+01
3.236297810365988e+00 4.077413323658151e+01
3.255115559565045e+00 4.077929930065120e+01
3.274132438385255e+00 4.078439835566591e+01
3.293351624426953e+00 4.078943036861953e+01
3.312776363260545e+00 4.079439531449203e+01
3.332409970253638e+00 4.079929317644648e+01
3.352255832457467e+00 4.080412394602793e+01
3.372317410554816e+00 4.080888762336389e+01
3.392598240871808e+00 4.081358421736649e+01
3.413101937456020e+00 4.081821374593595e+01
3.433832194223482e+00 4.082277623616552e+01
3.454792787177250e+00 4.082727172454743e+01
3.475987576700334e+00 4.083170025718002e+01
3.497420509925924e+00 4.083606188997559e+01
3.519095623187962e+00 4.084035668886898e+01
3.541017044555250e+00 4.084458473002669e+01
3.563188996452450e+00 4.084874610005621e+01
3.585615798371456e+00 4.085284089621553e+01
3.608301869676810e+00 4.085686922662246e+01
3.631251732508970e+00 4.086083121046362e+01
3.654470014789460e+00 4.086472697820277e+01
3.677961453332073e+00 4.086855667178843e+01
3.701730897064539e+00 4.087232044486008e+01
3.725783310365244e+00 4.087601846295325e+01
3.750123776519855e+00 4.087965090370266e+01
3.774757501302834e+00 4.088321795704339e+01
3.799689816689244e+00 4.088671982540971e+01
3.824926184702317e+00 4.089015672393112e+01
3.850472201402666e+00 4.089352888062535e+01
3.876333601025243e+00 4.089683653658790e+01
3.902516260270461e+00 4.090007994617765e+01
3.929026202756243e+00 4.090325937719830e+01
3.955869603638073e+00 4.090637511107501e+01
3.983052794404483e+00 4.090942744302600e+01
4.010582267855816e+00 4.091241668222838e+01
4.038464683274474e+00 4.091534315197803e+01
4.066706871795306e+00 4.091820718984281e+01
4.095315841985242e+00 4.092100914780866e+01
4.124298785641712e+00 4.092374939241809e+01
4.153663083819978e+00 4.092642830490038e+01
4.183416313099944e+00 4.092904628129315e+01
4.213566252103641e+00 4.093160373255441e+01
4.244120888275168e+00 4.093410108466475e+01
4.275088424935506e+00 4.093653877871893e+01
4.306477288625235e+00 4.093891727100620e+01
4.338296136749070e+00 4.094123703307881e+01
4.370553865536682e+00 4.094349855180792e+01
4.403259618335234e+00 4.094570232942630e+01
4.436422794249849e+00 4.094784888355714e+01
4.470053057149178e+00 4.094993874722813e+01
4.504160345054170e+00 4.095197246887034e+01
4.538754879929233e+00 4.095395061230090e+01
4.573847177896025e+00 4.095587375668885e+01
4.609448059891320e+00 4.095774249650356e+01
4.645568662791656e+00 4.095955744144466e+01
4.682220451028763e+00 4.096131921635307e+01
4.719415228721233e+00 4.096302846110204e+01
4.757165152349412e+00 4.096468583046779e+01
4.795482744002075e+00 4.096629199397862e+01
4.834380905225233e+00 4.096784763574219e+01
4.873872931505232e+00 4.096935345424974e+01
4.913972527420301e+00 4.097081016215701e+01
4.954693822496851e+00 4.097221848604075e+01
4.996051387808973e+00 4.097357916613049e+01
5.038060253362231e+00 4.097489295601454e+01
5.080735926305223e+00 4.097616062231994e+01
5.124094410015302e+00 4.097738294436552e+01
5.168152224107803e+00 4.097856071378762e+01
5.212926425421319e+00 4.097969473413788e+01
5.258434630035058e+00 4.098078582045270e+01
5.304695036377949e+00 4.098183479879388e+01
5.351726449493221e+00 4.098284250576015e+01
5.399548306526397e+00 4.098380978796921e+01
5.448180703509289e+00 4.098473750151015e+01
5.497644423517529e+00 4.098562651136600e+01
5.547960966284531e+00 4.098647769080646e+01
5.599152579360524e+00 4.098729192075076e+01
5.651242290911536e+00 4.098807008910081e+01
5.704253944259910e+00 4.098881309004482e+01
5.758212234275220e+00 4.098952182333191e+01
5.813142745732247e+00 4.099019719351796e+01
5.869071993761207e+00 4.099084010918343e+01
5.926027466524657e+00 4.099145148212386e+01
5.984037670265207e+00 4.099203222651394e+01
6.043132176879412e+00 4.099258325804620e+01
6.103341674184452e+00 4.099310549304538e+01
6.164698019057205e+00 4.099359984756006e+01
6.227234293639051e+00 4.099406723643284e+01
6.290984864814719e+00 4.099450857235093e+01
6.355985447189910e+00 4.099492476487903e+01
6.422273169810154e+00 4.099531671947639e+01
6.489886646882804e+00 4.099568533650060e+01
6.558866052785203e+00 4.099603151020029e+01
6.629253201665203e+00 4.099635612769953e+01
6.701091631965410e+00 4.099666006797683e+01
6.774426696230202e+00 4.099694420084150e+01
6.849305656584781e+00 4.099720938591106e+01
6.925777786308606e+00 4.099745647159251e+01
7.003894477961977e+00 4.099768629407169e+01
7.083709358564333e+00 4.099789967631398e+01
7.165278412366722e+00 4.099809742708052e+01
7.248660111809182e+00 4.099828033996401e+01
7.333915557306531e+00 4.099844919244814e+01
7.421108626565182e+00 4.099860474499519e+01
7.510306134197596e+00 4.099874774016597e+01
7.601578002472622e+00 4.099887890177678e+01
7.694997444118827e+00 4.099899893409768e+01
7.790641158185180e+00 4.099910852109679e+01
7.888589540060361e+00 4.099920832573498e+01
7.988926906859326e+00 4.099929898931544e+01
8.091741739505178e+00 4.099938113089239e+01
8.197126942967177e+00 4.099945534674312e+01
8.305180126263659e+00 4.099952220990741e+01
8.416003904003638e+00 4.099958226979794e+01
8.529706221425178e+00 4.099963605188524e+01
8.646400705094649e+00 4.099968405746019e+01
8.766207041661975e+00 4.099972676347685e+01
8.889251387325716e+00 4.099976462247781e+01
9.015666810952846e+00 4.099979806260379e+01
9.145593774125146e+00 4.099982748768865e+01
9.279180651753032e+00 4.099985327744052e+01
9.416584297313143e+00 4.099987578770875e+01
9.557970657237316e+00 4.099989535083598e+01
9.703515439512200e+00 4.099991227609395e+01
9.853404842153500e+00 4.099992685020047e+01
1.000783634790514e+01 4.099993933791475e+01
1.016701959229529e+01 4.099994998270707e+01
1.033117731307264e+01 4.099995900749821e+01
1.050054639006514e+01 4.099996661546312e+01
1.067537898567030e+01 4.099997299089271e+01
1.085594379752481e+01 4.099997830010687e+01
1.104252743644113e+01 4.099998269241118e+01
1.123543594447327e+01 4.099998630108903e+01
1.143499647002375e+01 4.099998924442094e+01
1.164155911927776e+01 4.099999162672170e+01
1.185549900600513e+01 4.099999353938650e+01
1.207721852497713e+01 4.099999506193650e+01
1.230714987798513e+01 4.099999626305473e+01
1.254575788582362e+01 4.099999720160339e+01
1.279354312473277e+01 4.099999792761353e+01
1.305104543183448e+01 4.099999848323954e+01
1.331884783122027e+01 4.099999890367049e+01
1.359758094078507e+01 4.099999921799219e+01
1.388792792991507e+01 4.099999944999412e+01
1.419063011007187e+01 4.099999961891699e+01
1.450649325458332e+01 4.099999974013746e+01
1.483639476107306e+01 4.099999982578814e+01
1.518129179058506e+01 4.099999988531203e+01
1.554223054239994e+01 4.099999992595199e+01
1.592035685382505e+01 4.099999995317680e+01
1.631692835117334e+01 4.099999997104665e+01
1.673332842338905e+01 4.099999998252173e+01
1.717108234546197e+01 4.099999998971848e+01
1.763187594764399e+01 4.099999999411851e+01
1.811757731210612e+01 4.099999999673558e+01
1.863026208570504e+01 4.099999999824644e+01
1.917224313208104e+01 4.099999999909090e+01
1.974610541647916e+01 4.099999999954656e+01
2.035474723326490e+01 4.099999999978317e+01
2.100142916359989e+01 4.099999999990099e+01
2.168983250879521e+01 4.099999999995702e+01
2.242412941033688e+01 4.099999999998235e+01
2.320906747750211e+01 4.099999999999319e+01
2.405007254946486e+01 4.099999999999754e+01
2.495337429342485e+01 4.099999999999918e+01
2.592616078692022e+01 4.099999999999974e+01
2.697677019989523e+01 4.099999999999993e+01
2.811493039728482e+01 4.099999999999999e+01
2.935206104662134e+01 4.099999999999999e+01
3.070165811862480e+01 4.100000000000000e+01
3.217978824510480e+01 4.100000000000000e+01
3.380573138423279e+01 4.100000000000000e+01
3.560282643274267e+01 4.100000000000000e+01
3.759959870886478e+01 4.100000000000000e+01
3.983128537041301e+01 4.100000000000000e+01
4.234193286465477e+01 4.100000000000000e+01
4.518733335812878e+01 4.100000000000000e+01
