0.000000000000000e+00 0.000000000000000e+00
1.010637495365726e-03 1.239914061757297e-02
2.022245824060334e-03 2.477505985143402e-02
3.034826385651331e-03 3.712781238836982e-02
4.048380582397706e-03 4.945745272979618e-02
5.062909819256390e-03 6.176403519250950e-02
6.078415503888759e-03 7.404761390944525e-02
7.094899046667140e-03 8.630824283045335e-02
8.112361860681337e-03 9.854597572302115e-02
9.130805361745186e-03 1.107608661730550e-01
1.015023096840312e-02 1.229529675855927e-01
1.117064010193675e-02 1.351223331855707e-01
1.219203418637147e-02 1.472690160185461e-01
1.321441464848310e-02 1.593930689514433e-01
1.423778291780449e-02 1.714945446732683e-01
1.526214042663224e-02 1.835734956958541e-01
1.628748861003332e-02 1.956299743545635e-01
1.731382890585182e-02 2.076640328090313e-01
1.834116275471565e-02 2.196757230438608e-01
1.936949160004326e-02 2.316650968693468e-01
2.039881688805046e-02 2.436322059221876e-01
2.142914006775713e-02 2.555771016661765e-01
2.246046259099406e-02 2.674998353929192e-01
2.349278591240978e-02 2.794004582225291e-01
2.452611148947736e-02 2.912790211043115e-01
2.556044078250130e-02 3.031355748174747e-01
2.659577525462438e-02 3.149701699717999e-01
2.763211637183461e-02 3.267828570083404e-01
2.866946560297208e-02 3.385736862000943e-01
2.970782441973597e-02 3.503427076526879e-01
3.074719429669143e-02 3.620899713050525e-01
3.178757671127668e-02 3.738155269300885e-01
3.282897314380986e-02 3.855194241353441e-01
3.387138507749617e-02 3.972017123636773e-01
3.491481399843484e-02 4.088624408939125e-01
3.595926139562628e-02 4.205016588415047e-01
3.700472876097903e-02 4.321194151592005e-01
3.805121758931698e-02 4.437157586376825e-01
3.909872937838644e-02 4.552907379062141e-01
4.014726562886332e-02 4.668444014333089e-01
4.119682784436022e-02 4.783767975273436e-01
4.224741753143372e-02 4.898879743372246e-01
4.329903619959152e-02 5.013779798530065e-01
4.435168536129970e-02 5.128468619065396e-01
4.540536653198996e-02 5.242946681720877e-01
4.646008123006685e-02 5.357214461669733e-01
4.751583097691517e-02 5.471272432521825e-01
4.857261729690718e-02 5.585121066330050e-01
4.963044171740998e-02 5.698760833596435e-01
5.068930576879290e-02 5.812192203278261e-01
5.174921098443479e-02 5.925415642794345e-01
5.281015890073151e-02 6.038431618030948e-01
5.387215105710333e-02 6.151240593348053e-01
5.493518899600235e-02 6.263843031585239e-01
5.599927426291999e-02 6.376239394067733e-01
5.706440840639447e-02 6.488430140612502e-01
5.813059297801833e-02 6.600415729534079e-01
5.919782953244598e-02 6.712196617650577e-01
6.026611962740119e-02 6.823773260289521e-01
6.133546482368474e-02 6.935146111293831e-01
6.240586668518203e-02 7.046315623027484e-01
6.347732677887059e-02 7.157282246381582e-01
6.454984667482792e-02 7.268046430779922e-01
6.562342794623892e-02 7.378608624184855e-01
6.669807216940378e-02 7.488969273103026e-01
6.777378092374564e-02 7.599128822591075e-01
6.885055579181826e-02 7.709087716261278e-01
6.992839835931386e-02 7.818846396287276e-01
7.100731021507087e-02 7.928405303409658e-01
7.208729295108174e-02 8.037764876941527e-01
7.316834816250074e-02 8.146925554774160e-01
7.425047744765191e-02 8.255887773382522e-01
7.533368240803683e-02 8.364651967830730e-01
7.641796464834258e-02 8.473218571777679e-01
7.750332577644961e-02 8.581588017482380e-01
7.858976740343977e-02 8.689760735809466e-01
7.967729114360425e-02 8.797737156234655e-01
8.076589861445148e-02 8.905517706850059e-01
8.185559143671534e-02 9.013102814369596e-01
8.294637123436298e-02 9.120492904134387e-01
8.403823963460308e-02 9.227688400117975e-01
8.513119826789385e-02 9.334689724931700e-01
8.622524876795114e-02 9.441497299829908e-01
8.732039277175661e-02 9.548111544715265e-01
8.841663191956589e-02 9.654532878143929e-01
8.951396785491675e-02 9.760761717330748e-01
9.061240222463733e-02 9.866798478154477e-01
9.171193667885440e-02 9.972643575162907e-01
9.281257287100152e-02 1.007829742157794e+00
9.391431245782748e-02 1.018376042930074e+00
9.501715709940453e-02 1.028903300891685e+00
9.612110845913670e-02 1.039411556970116e+00
9.722616820376820e-02 1.049900851962299e+00
9.833233800339178e-02 1.060371226535112e+00
9.943961953145722e-02 1.070822721225870e+00
1.005480144647796e-01 1.081255376442829e+00
1.016575244835480e-01 1.091669232465674e+00
1.027681512713338e-01 1.102064329446017e+00
1.038798965150992e-01 1.112440707407877e+00
1.049927619052060e-01 1.122798406248179e+00
1.061067491354237e-01 1.133137465737232e+00
1.072218599029387e-01 1.143457925519209e+00
1.083380959083624e-01 1.153759825112633e+00
1.094554588557401e-01 1.164043203910859e+00
1.105739504525596e-01 1.174308101182534e+00
1.116935724097598e-01 1.184554556072092e+00
1.128143264417399e-01 1.194782607600207e+00
1.139362142663674e-01 1.204992294664279e+00
1.150592376049874e-01 1.215183656038886e+00
1.161833981824314e-01 1.225356730376263e+00
1.173086977270257e-01 1.235511556206757e+00
1.184351379706009e-01 1.245648171939290e+00
1.195627206485002e-01 1.255766615861816e+00
1.206914474995886e-01 1.265866926141790e+00
1.218213202662619e-01 1.275949140826600e+00
1.229523406944555e-01 1.286013297844045e+00
1.240845105336533e-01 1.296059435002765e+00
1.252178315368970e-01 1.306087589992706e+00
1.263523054607951e-01 1.316097800385556e+00
1.274879340655318e-01 1.326090103635194e+00
1.286247191148762e-01 1.336064537078132e+00
1.297626623761914e-01 1.346021137933956e+00
1.309017656204436e-01 1.355959943305765e+00
1.320420306222118e-01 1.365880990180603e+00
1.331834591596960e-01 1.375784315429906e+00
1.343260530147274e-01 1.385669955809922e+00
1.354698139727772e-01 1.395537947962144e+00
1.366147438229660e-01 1.405388328413751e+00
1.377608443580733e-01 1.415221133578015e+00
1.389081173745464e-01 1.425036399754747e+00
1.400565646725102e-01 1.434834163130702e+00
1.412061880557766e-01 1.444614459780015e+00
1.423569893318538e-01 1.454377325664611e+00
1.435089703119556e-01 1.464122796634625e+00
1.446621328110113e-01 1.473850908428821e+00
1.458164786476752e-01 1.483561696675002e+00
1.469720096443356e-01 1.493255196890423e+00
1.481287276271251e-01 1.502931444482203e+00
1.492866344259298e-01 1.512590474747731e+00
1.504457318743991e-01 1.522232322875077e+00
1.516060218099552e-01 1.531857023943385e+00
1.527675060738033e-01 1.541464612923293e+00
1.539301865109406e-01 1.551055124677323e+00
1.550940649701666e-01 1.560628593960282e+00
1.562591433040929e-01 1.570185055419660e+00
1.574254233691527e-01 1.579724543596030e+00
1.585929070256109e-01 1.589247092923435e+00
1.597615961375739e-01 1.598752737729789e+00
1.609314925729997e-01 1.608241512237255e+00
1.621025982037076e-01 1.617713450562650e+00
1.632749149053883e-01 1.627168586717820e+00
1.644484445576140e-01 1.636606954610032e+00
1.656231890438482e-01 1.646028588042353e+00
1.667991502514560e-01 1.655433520714037e+00
1.679763300717141e-01 1.664821786220902e+00
1.691547303998212e-01 1.674193418055711e+00
1.703343531349076e-01 1.683548449608545e+00
1.715152001800460e-01 1.692886914167191e+00
1.726972734422614e-01 1.702208844917494e+00
1.738805748325415e-01 1.711514274943752e+00
1.750651062658468e-01 1.720803237229076e+00
1.762508696611211e-01 1.730075764655752e+00
1.774378669413022e-01 1.739331890005626e+00
1.786261000333313e-01 1.748571645960453e+00
1.798155708681648e-01 1.757795065102273e+00
1.810062813807833e-01 1.767002179913765e+00
1.821982335102033e-01 1.776193022778613e+00
1.833914291994871e-01 1.785367625981868e+00
1.845858703957534e-01 1.794526021710297e+00
1.857815590501882e-01 1.803668242052750e+00
1.869784971180549e-01 1.812794319000506e+00
1.881766865587057e-01 1.821904284447633e+00
1.893761293355914e-01 1.830998170191336e+00
1.905768274162730e-01 1.840076007932308e+00
1.917787827724317e-01 1.849137829275078e+00
1.929819973798801e-01 1.858183665728361e+00
1.941864732185734e-01 1.867213548705402e+00
1.953922122726192e-01 1.876227509524321e+00
1.965992165302894e-01 1.885225579408453e+00
1.978074879840307e-01 1.894207789486694e+00
1.990170286304755e-01 1.903174170793838e+00
2.002278404704530e-01 1.912124754270916e+00
2.014399255090005e-01 1.921059570765532e+00
2.026532857553739e-01 1.929978651032202e+00
2.038679232230592e-01 1.938882025732684e+00
2.050838399297837e-01 1.947769725436310e+00
2.063010378975269e-01 1.956641780620327e+00
2.075195191525319e-01 1.965498221670213e+00
2.087392857253163e-01 1.974339078880015e+00
2.099603396506842e-01 1.983164382452671e+00
2.111826829677367e-01 1.991974162500340e+00
2.124063177198839e-01 2.000768449044722e+00
2.136312459548557e-01 2.009547272017387e+00
2.148574697247138e-01 2.018310661260089e+00
2.160849910858628e-01 2.027058646525090e+00
2.173138120990616e-01 2.035791257475479e+00
2.185439348294355e-01 2.044508523685490e+00
2.197753613464870e-01 2.053210474640819e+00
2.210080937241081e-01 2.061897139738933e+00
2.222421340405913e-01 2.070568548289389e+00
2.234774843786419e-01 2.079224729514148e+00
2.247141468253894e-01 2.087865712547879e+00
2.259521234723991e-01 2.096491526438273e+00
2.271914164156841e-01 2.105102200146352e+00
2.284320277557174e-01 2.113697762546773e+00
2.296739595974430e-01 2.122278242428134e+00
2.309172140502887e-01 2.130843668493281e+00
2.321617932281775e-01 2.139394069359613e+00
2.334076992495394e-01 2.147929473559374e+00
2.346549342373241e-01 2.156449909539965e+00
2.359035003190125e-01 2.164955405664234e+00
2.371533996266291e-01 2.173445990210785e+00
2.384046342967538e-01 2.181921691374261e+00
2.396572064705344e-01 2.190382537265653e+00
2.409111182936988e-01 2.198828555912584e+00
2.421663719165669e-01 2.207259775259610e+00
2.434229694940633e-01 2.215676223168505e+00
2.446809131857295e-01 2.224077927418559e+00
2.459402051557363e-01 2.232464915706863e+00
2.472008475728958e-01 2.240837215648593e+00
2.484628426106747e-01 2.249194854777310e+00
2.497261924472058e-01 2.257537860545233e+00
2.509908992653014e-01 2.265866260323528e+00
2.522569652524653e-01 2.274180081402600e+00
2.535243926009058e-01 2.282479350992357e+00
2.547931835075479e-01 2.290764096222514e+00
2.560633401740465e-01 2.299034344142852e+00
2.573348648067987e-01 2.307290121723510e+00
2.586077596169569e-01 2.315531455855261e+00
2.598820268204414e-01 2.323758373349782e+00
2.611576686379534e-01 2.331970900939941e+00
2.624346872949878e-01 2.340169065280056e+00
2.637130850218463e-01 2.348352892946188e+00
2.649928640536499e-01 2.356522410436392e+00
2.662740266303529e-01 2.364677644171005e+00
2.675565749967548e-01 2.372818620492905e+00
2.688405114025144e-01 2.380945365667788e+00
2.701258381021620e-01 2.389057905884429e+00
2.714125573551138e-01 2.397156267254953e+00
2.727006714256840e-01 2.405240475815099e+00
2.739901825830985e-01 2.413310557524486e+00
2.752810931015087e-01 2.421366538266870e+00
2.765734052600040e-01 2.429408443850420e+00
2.778671213426258e-01 2.437436300007963e+00
2.791622436383809e-01 2.445450132397256e+00
2.804587744412549e-01 2.453449966601241e+00
2.817567160502256e-01 2.461435828128303e+00
2.830560707692767e-01 2.469407742412526e+00
2.843568409074119e-01 2.477365734813956e+00
2.856590287786676e-01 2.485309830618844e+00
2.869626367021275e-01 2.493240055039911e+00
2.882676670019359e-01 2.501156433216596e+00
2.895741220073119e-01 2.509058990215307e+00
2.908820040525626e-01 2.516947751029678e+00
2.921913154770978e-01 2.524822740580809e+00
2.935020586254433e-01 2.532683983717526e+00
2.948142358472552e-01 2.540531505216620e+00
2.961278494973341e-01 2.548365329783101e+00
2.974429019356387e-01 2.556185482050436e+00
2.987593955273002e-01 2.563991986580803e+00
3.000773326426370e-01 2.571784867865331e+00
3.013967156571676e-01 2.579564150324338e+00
3.027175469516265e-01 2.587329858307585e+00
3.040398289119771e-01 2.595082016094503e+00
3.053635639294269e-01 2.602820647894447e+00
3.066887544004420e-01 2.610545777846923e+00
3.080154027267605e-01 2.618257430021836e+00
3.093435113154087e-01 2.625955628419721e+00
3.106730825787138e-01 2.633640396971982e+00
3.120041189343201e-01 2.641311759541127e+00
3.133366228052028e-01 2.648969739921005e+00
3.146705966196827e-01 2.656614361837036e+00
3.160060428114412e-01 2.664245648946443e+00
3.173429638195353e-01 2.671863624838489e+00
3.186813620884117e-01 2.679468313034702e+00
3.200212400679225e-01 2.687059736989111e+00
3.213626002133401e-01 2.694637920088470e+00
3.227054449853711e-01 2.702202885652488e+00
3.240497768501729e-01 2.709754656934058e+00
3.253955982793680e-01 2.717293257119479e+00
3.267429117500588e-01 2.724818709328687e+00
3.280917197448435e-01 2.732331036615476e+00
3.294420247518310e-01 2.739830261967723e+00
3.307938292646566e-01 2.747316408307610e+00
3.321471357824962e-01 2.754789498491848e+00
3.335019468100834e-01 2.762249555311895e+00
3.348582648577235e-01 2.769696601494180e+00
3.362160924413097e-01 2.777130659700321e+00
3.375754320823388e-01 2.784551752527342e+00
3.389362863079260e-01 2.791959902507892e+00
3.402986576508216e-01 2.799355132110463e+00
3.416625486494260e-01 2.806737463739605e+00
3.430279618478056e-01 2.814106919736143e+00
3.443948997957088e-01 2.821463522377385e+00
3.457633650485817e-01 2.828807293877347e+00
3.471333601675841e-01 2.836138256386953e+00
3.485048877196056e-01 2.843456431994258e+00
3.498779502772813e-01 2.850761842724653e+00
3.512525504190081e-01 2.858054510541075e+00
3.526286907289610e-01 2.865334457344222e+00
3.540063737971088e-01 2.872601704972753e+00
3.553856022192310e-01 2.879856275203506e+00
3.567663785969337e-01 2.887098189751701e+00
3.581487055376657e-01 2.894327470271138e+00
3.595325856547356e-01 2.901544138354418e+00
3.609180215673278e-01 2.908748215533136e+00
3.623050159005191e-01 2.915939723278092e+00
3.636935712852953e-01 2.923118682999490e+00
3.650836903585679e-01 2.930285116047139e+00
3.664753757631907e-01 2.937439043710663e+00
3.678686301479764e-01 2.944580487219692e+00
3.692634561677141e-01 2.951709467744069e+00
3.706598564831850e-01 2.958826006394046e+00
3.720578337611805e-01 2.965930124220487e+00
3.734573906745183e-01 2.973021842215060e+00
3.748585299020601e-01 2.980101181310435e+00
3.762612541287280e-01 2.987168162380488e+00
3.776655660455222e-01 2.994222806240488e+00
3.790714683495383e-01 3.001265133647299e+00
3.804789637439838e-01 3.008295165299562e+00
3.818880549381963e-01 3.015312921837909e+00
3.832987446476603e-01 3.022318423845133e+00
3.847110355940249e-01 3.029311691846400e+00
3.861249305051214e-01 3.036292746309426e+00
3.875404321149804e-01 3.043261607644676e+00
3.889575431638501e-01 3.050218296205549e+00
3.903762663982133e-01 3.057162832288573e+00
3.917966045708058e-01 3.064095236133586e+00
3.932185604406336e-01 3.071015527923932e+00
3.946421367729912e-01 3.077923727786640e+00
3.960673363394791e-01 3.084819855792619e+00
3.974941619180223e-01 3.091703931956838e+00
3.989226162928881e-01 3.098575976238510e+00
4.003527022547040e-01 3.105436008541283e+00
4.017844226004764e-01 3.112284048713418e+00
4.032177801336079e-01 3.119120116547974e+00
4.046527776639172e-01 3.125944231782992e+00
4.060894180076554e-01 3.132756414101673e+00
4.075277039875262e-01 3.139556683132560e+00
4.089676384327035e-01 3.146345058449726e+00
4.104092241788500e-01 3.153121559572941e+00
4.118524640681361e-01 3.159886205967862e+00
4.132973609492583e-01 3.166639017046203e+00
4.147439176774583e-01 3.173380012165922e+00
4.161921371145412e-01 3.180109210631388e+00
4.176420221288950e-01 3.186826631693566e+00
4.190935755955094e-01 3.193532294550191e+00
4.205468003959943e-01 3.200226218345938e+00
4.220016994185996e-01 3.206908422172602e+00
4.234582755582337e-01 3.213578925069271e+00
4.249165317164835e-01 3.220237746022500e+00
4.263764708016325e-01 3.226884903966481e+00
4.278380957286814e-01 3.233520417783220e+00
4.293014094193662e-01 3.240144306302699e+00
4.307664148021790e-01 3.246756588303059e+00
4.322331148123866e-01 3.253357282510763e+00
4.337015123920505e-01 3.259946407600768e+00
4.351716104900464e-01 3.266523982196692e+00
4.366434120620840e-01 3.273090024870985e+00
4.381169200707268e-01 3.279644554145096e+00
4.395921374854121e-01 3.286187588489639e+00
4.410690672824709e-01 3.292719146324563e+00
4.425477124451476e-01 3.299239246019313e+00
4.440280759636205e-01 3.305747905893000e+00
4.455101608350219e-01 3.312245144214566e+00
4.469939700634582e-01 3.318730979202945e+00
4.484795066600299e-01 3.325205429027228e+00
4.499667736428528e-01 3.331668511806829e+00
4.514557740370775e-01 3.338120245611645e+00
4.529465108749107e-01 3.344560648462216e+00
4.544389871956351e-01 3.350989738329894e+00
4.559332060456307e-01 3.357407533136992e+00
4.574291704783949e-01 3.363814050756959e+00
4.589268835545640e-01 3.370209309014527e+00
4.604263483419332e-01 3.376593325685879e+00
4.619275679154785e-01 3.382966118498799e+00
4.634305453573767e-01 3.389327705132842e+00
4.649352837570276e-01 3.395678103219481e+00
4.664417862110745e-01 3.402017330342268e+00
4.679500558234252e-01 3.408345404036993e+00
4.694600957052738e-01 3.414662341791835e+00
4.709719089751224e-01 3.420968161047521e+00
4.724854987588016e-01 3.427262879197481e+00
4.740008681894928e-01 3.433546513588000e+00
4.755180204077493e-01 3.439819081518374e+00
4.770369585615189e-01 3.446080600241061e+00
4.785576858061646e-01 3.452331086961839e+00
4.800802053044869e-01 3.458570558839951e+00
4.816045202267460e-01 3.464799032988262e+00
4.831306337506832e-01 3.471016526473408e+00
4.846585490615435e-01 3.477223056315947e+00
4.861882693520977e-01 3.483418639490514e+00
4.877197978226646e-01 3.489603292925960e+00
4.892531376811325e-01 3.495777033505511e+00
4.907882921429834e-01 3.501939878066914e+00
4.923252644313136e-01 3.508091843402583e+00
4.938640577768575e-01 3.514232946259749e+00
4.954046754180098e-01 3.520363203340605e+00
4.969471206008477e-01 3.526482631302457e+00
4.984913965791549e-01 3.532591246757866e+00
5.000375066144435e-01 3.538689066274793e+00
5.015854539759772e-01 3.544776106376750e+00
5.031352419407945e-01 3.550852383542939e+00
5.046868737937318e-01 3.556917914208401e+00
5.062403528274465e-01 3.562972714764154e+00
5.077956823424401e-01 3.569016801557343e+00
5.093528656470820e-01 3.575050190891376e+00
5.109119060576329e-01 3.581072899026073e+00
5.124728068982680e-01 3.587084942177803e+00
5.140355715011009e-01 3.593086336519630e+00
5.156002032062073e-01 3.599077098181449e+00
5.171667053616483e-01 3.605057243250126e+00
5.187350813234954e-01 3.611026787769649e+00
5.203053344558536e-01 3.616985747741252e+00
5.218774681308851e-01 3.622934139123566e+00
5.234514857288346e-01 3.628871977832752e+00
5.250273906380526e-01 3.634799279742639e+00
5.266051862550201e-01 3.640716060684868e+00
5.281848759843729e-01 3.646622336449021e+00
5.297664632389262e-01 3.652518122782763e+00
5.313499514396989e-01 3.658403435391977e+00
5.329353440159385e-01 3.664278289940901e+00
5.345226444051460e-01 3.670142702052262e+00
5.361118560531002e-01 3.675996687307414e+00
5.377029824138833e-01 3.681840261246467e+00
5.392960269499054e-01 3.687673439368429e+00
5.408909931319299e-01 3.693496237131335e+00
5.424878844390987e-01 3.699308669952380e+00
5.440867043589573e-01 3.705110753208053e+00
5.456874563874805e-01 3.710902502234275e+00
5.472901440290973e-01 3.716683932326519e+00
5.488947707967174e-01 3.722455058739955e+00
5.505013402117558e-01 3.728215896689572e+00
5.521098558041595e-01 3.733966461350314e+00
5.537203211124329e-01 3.739706767857207e+00
5.553327396836635e-01 3.745436831305493e+00
5.569471150735484e-01 3.751156666750755e+00
5.585634508464206e-01 3.756866289209053e+00
5.601817505752742e-01 3.762565713657044e+00
5.618020178417923e-01 3.768254955032119e+00
5.634242562363717e-01 3.773934028232525e+00
5.650484693581509e-01 3.779602948117497e+00
5.666746608150358e-01 3.785261729507383e+00
5.683028342237266e-01 3.790910387183769e+00
5.699329932097453e-01 3.796548935889611e+00
5.715651414074613e-01 3.802177390329356e+00
5.731992824601196e-01 3.807795765169072e+00
5.748354200198673e-01 3.813404075036567e+00
5.764735577477809e-01 3.819002334521523e+00
5.781136993138938e-01 3.824590558175610e+00
5.797558483972235e-01 3.830168760512622e+00
5.814000086857991e-01 3.835736956008590e+00
5.830461838766892e-01 3.841295159101912e+00
5.846943776760292e-01 3.846843384193475e+00
5.863445937990492e-01 3.852381645646774e+00
5.879968359701027e-01 3.857909957788042e+00
5.896511079226928e-01 3.863428334906363e+00
5.913074133995027e-01 3.868936791253800e+00
5.929657561524216e-01 3.874435341045513e+00
5.946261399425750e-01 3.879923998459882e+00
5.962885685403518e-01 3.885402777638628e+00
5.979530457254332e-01 3.890871692686928e+00
5.996195752868217e-01 3.896330757673541e+00
6.012881610228696e-01 3.901779986630926e+00
6.029588067413076e-01 3.907219393555358e+00
6.046315162592744e-01 3.912648992407049e+00
6.063062934033449e-01 3.918068797110270e+00
6.079831420095603e-01 3.923478821553458e+00
6.096620659234565e-01 3.928879079589350e+00
6.113430690000944e-01 3.934269585035083e+00
6.130261551040888e-01 3.939650351672326e+00
6.147113281096380e-01 3.945021393247388e+00
6.163985919005539e-01 3.950382723471334e+00
6.180879503702916e-01 3.955734356020109e+00
6.197794074219791e-01 3.961076304534641e+00
6.214729669684482e-01 3.966408582620971e+00
6.231686329322638e-01 3.971731203850355e+00
6.248664092457542e-01 3.977044181759389e+00
6.265662998510423e-01 3.982347529850114e+00
6.282683087000751e-01 3.987641261590138e+00
6.299724397546554e-01 3.992925390412745e+00
6.316786969864717e-01 3.998199929717011e+00
6.333870843771292e-01 4.003464892867913e+00
6.350976059181810e-01 4.008720293196449e+00
6.368102656111592e-01 4.013966143999743e+00
6.385250674676056e-01 4.019202458541161e+00
6.402420155091040e-01 4.024429250050420e+00
6.419611137673106e-01 4.029646531723706e+00
6.436823662839861e-01 4.034854316723779e+00
6.454057771110273e-01 4.040052618180081e+00
6.471313503104991e-01 4.045241449188858e+00
6.488590899546656e-01 4.050420822813258e+00
6.505890001260233e-01 4.055590752083450e+00
6.523210849173323e-01 4.060751249996729e+00
6.540553484316495e-01 4.065902329517624e+00
6.557917947823596e-01 4.071044003578012e+00
6.575304280932093e-01 4.076176285077224e+00
6.592712524983384e-01 4.081299186882152e+00
6.610142721423140e-01 4.086412721827362e+00
6.627594911801620e-01 4.091516902715194e+00
6.645069137774011e-01 4.096611742315878e+00
6.662565441100761e-01 4.101697253367638e+00
6.680083863647895e-01 4.106773448576793e+00
6.697624447387375e-01 4.111840340617877e+00
6.715187234397411e-01 4.116897942133733e+00
6.732772266862809e-01 4.121946265735624e+00
6.750379587075312e-01 4.126985324003341e+00
6.768009237433932e-01 4.132015129485303e+00
6.785661260445291e-01 4.137035694698671e+00
6.803335698723967e-01 4.142047032129442e+00
6.821032594992831e-01 4.147049154232564e+00
6.838751992083397e-01 4.152042073432031e+00
6.856493932936165e-01 4.157025802120996e+00
6.874258460600967e-01 4.162000352661873e+00
6.892045618237317e-01 4.166965737386435e+00
6.909855449114759e-01 4.171921968595921e+00
6.927687996613218e-01 4.176869058561142e+00
6.945543304223352e-01 4.181807019522580e+00
6.963421415546909e-01 4.186735863690491e+00
6.981322374297079e-01 4.191655603245012e+00
6.999246224298847e-01 4.196566250336255e+00
7.017193009489356e-01 4.201467817084414e+00
7.035162773918266e-01 4.206360315579867e+00
7.053155561748109e-01 4.211243757883277e+00
7.071171417254660e-01 4.216118156025690e+00
7.089210384827285e-01 4.220983522008639e+00
7.107272508969322e-01 4.225839867804243e+00
7.125357834298441e-01 4.230687205355311e+00
7.143466405547005e-01 4.235525546575433e+00
7.161598267562450e-01 4.240354903349090e+00
7.179753465307643e-01 4.245175287531749e+00
7.197932043861265e-01 4.249986710949963e+00
7.216134048418179e-01 4.254789185401467e+00
7.234359524289801e-01 4.259582722655282e+00
7.252608516904484e-01 4.264367334451812e+00
7.270881071807888e-01 4.269143032502940e+00
7.289177234663363e-01 4.273909828492126e+00
7.307497051252330e-01 4.278667734074512e+00
7.325840567474657e-01 4.283416760877008e+00
7.344207829349054e-01 4.288156920498400e+00
7.362598883013445e-01 4.292888224509442e+00
7.381013774725357e-01 4.297610684452954e+00
7.399452550862319e-01 4.302324311843916e+00
7.417915257922233e-01 4.307029118169570e+00
7.436401942523785e-01 4.311725114889514e+00
7.454912651406822e-01 4.316412313435795e+00
7.473447431432748e-01 4.321090725213009e+00
7.492006329584929e-01 4.325760361598394e+00
7.510589392969077e-01 4.330421233941926e+00
7.529196668813660e-01 4.335073353566416e+00
7.547828204470299e-01 4.339716731767602e+00
7.566484047414160e-01 4.344351379814246e+00
7.585164245244371e-01 4.348977308948228e+00
7.603868845684417e-01 4.353594530384639e+00
7.622597896582555e-01 4.358203055311875e+00
7.641351445912217e-01 4.362802894891736e+00
7.660129541772412e-01 4.367394060259511e+00
7.678932232388156e-01 4.371976562524080e+00
7.697759566110868e-01 4.376550412768001e+00
7.716611591418787e-01 4.381115622047605e+00
7.735488356917400e-01 4.385672201393090e+00
7.754389911339847e-01 4.390220161808616e+00
7.773316303547343e-01 4.394759514272389e+00
7.792267582529602e-01 4.399290269736760e+00
7.811243797405257e-01 4.403812439128318e+00
7.830244997422291e-01 4.408326033347979e+00
7.849271231958450e-01 4.412831063271075e+00
7.868322550521685e-01 4.417327539747452e+00
7.887399002750570e-01 4.421815473601557e+00
7.906500638414740e-01 4.426294875632525e+00
7.925627507415324e-01 4.430765756614282e+00
7.944779659785373e-01 4.435228127295625e+00
7.963957145690302e-01 4.439681998400315e+00
7.983160015428329e-01 4.444127380627167e+00
8.002388319430909e-01 4.448564284650146e+00
8.021642108263179e-01 4.452992721118447e+00
8.040921432624409e-01 4.457412700656593e+00
8.060226343348424e-01 4.461824233864519e+00
8.079556891404082e-01 4.466227331317665e+00
8.098913127895689e-01 4.470622003567064e+00
8.118295104063483e-01 4.475008261139429e+00
8.137702871284064e-01 4.479386114537247e+00
8.157136481070849e-01 4.483755574238862e+00
8.176595985074542e-01 4.488116650698566e+00
8.196081435083569e-01 4.492469354346686e+00
8.215592883024563e-01 4.496813695589675e+00
8.235130380962810e-01 4.501149684810199e+00
8.254693981102710e-01 4.505477332367219e+00
8.274283735788254e-01 4.509796648596089e+00
8.293899697503474e-01 4.514107643808633e+00
8.313541918872932e-01 4.518410328293242e+00
8.333210452662176e-01 4.522704712314952e+00
8.352905351778216e-01 4.526990806115537e+00
8.372626669269997e-01 4.531268619913592e+00
8.392374458328882e-01 4.535538163904624e+00
8.412148772289121e-01 4.539799448261135e+00
8.431949664628340e-01 4.544052483132708e+00
8.451777188968015e-01 4.548297278646093e+00
8.471631399073960e-01 4.552533844905297e+00
8.491512348856818e-01 4.556762191991666e+00
8.511420092372535e-01 4.560982329963970e+00
8.531354683822866e-01 4.565194268858491e+00
8.551316177555854e-01 4.569398018689106e+00
8.571304628066337e-01 4.573593589447376e+00
8.591320089996429e-01 4.577780991102625e+00
8.611362618136026e-01 4.581960233602030e+00
8.631432267423309e-01 4.586131326870704e+00
8.651529092945238e-01 4.590294280811779e+00
8.671653149938067e-01 4.594449105306495e+00
8.691804493787835e-01 4.598595810214275e+00
8.711983180030884e-01 4.602734405372820e+00
8.732189264354372e-01 4.606864900598187e+00
8.752422802596779e-01 4.610987305684874e+00
8.772683850748421e-01 4.615101630405901e+00
8.792972464951969e-01 4.619207884512900e+00
8.813288701502970e-01 4.623306077736189e+00
8.833632616850361e-01 4.627396219784867e+00
8.854004267597000e-01 4.631478320346885e+00
8.874403710500183e-01 4.635552389089137e+00
8.894831002472174e-01 4.639618435657539e+00
8.915286200580741e-01 4.643676469677118e+00
8.935769362049673e-01 4.647726500752080e+00
8.956280544259330e-01 4.651768538465913e+00
8.976819804747164e-01 4.655802592381449e+00
8.997387201208271e-01 4.659828672040962e+00
9.017982791495919e-01 4.663846786966237e+00
9.038606633622093e-01 4.667856946658665e+00
9.059258785758051e-01 4.671859160599312e+00
9.079939306234853e-01 4.675853438249009e+00
9.100648253543928e-01 4.679839789048433e+00
9.121385686337611e-01 4.683818222418182e+00
9.142151663429698e-01 4.687788747758864e+00
9.162946243796020e-01 4.691751374451174e+00
9.183769486574974e-01 4.695706111855975e+00
9.204621451068108e-01 4.699652969314377e+00
9.225502196740666e-01 4.703591956147825e+00
9.246411783222164e-01 4.707523081658173e+00
9.267350270306953e-01 4.711446355127764e+00
9.288317717954792e-01 4.715361785819516e+00
9.309314186291415e-01 4.719269382976995e+00
9.330339735609117e-01 4.723169155824502e+00
9.351394426367313e-01 4.727061113567151e+00
9.372478319193136e-01 4.730945265390944e+00
9.393591474882005e-01 4.734821620462857e+00
9.414733954398219e-01 4.738690187930917e+00
9.435905818875543e-01 4.742550976924282e+00
9.457107129617784e-01 4.746403996553321e+00
9.478337948099402e-01 4.750249255909690e+00
9.499598335966093e-01 4.754086764066416e+00
9.520888355035384e-01 4.757916530077972e+00
9.542208067297243e-01 4.761738562980364e+00
9.563557534914665e-01 4.765552871791194e+00
9.584936820224289e-01 4.769359465509756e+00
9.606345985737003e-01 4.773158353117105e+00
9.627785094138543e-01 4.776949543576136e+00
9.649254208290124e-01 4.780733045831669e+00
9.670753391229029e-01 4.784508868810518e+00
9.692282706169252e-01 4.788277021421575e+00
9.713842216502098e-01 4.792037512555888e+00
9.735431985796812e-01 4.795790351086737e+00
9.757052077801212e-01 4.799535545869715e+00
9.778702556442301e-01 4.803273105742802e+00
9.800383485826908e-01 4.807003039526445e+00
9.822094930242317e-01 4.810725356023635e+00
9.843836954156899e-01 4.814440064019987e+00
9.865609622220763e-01 4.818147172283812e+00
9.887412999266386e-01 4.821846689566200e+00
9.909247150309247e-01 4.825538624601094e+00
9.931112140548497e-01 4.829222986105369e+00
9.953008035367589e-01 4.832899782778908e+00
9.974934900334940e-01 4.836569023304678e+00
9.996892801204583e-01 4.840230716348811e+00
1.001888180391682e+00 4.843884870560673e+00
1.004090197459887e+00 4.847531494572950e+00
1.006295337956559e+00 4.851170597001721e+00
1.008503608532005e+00 4.854802186446528e+00
1.010715015855427e+00 4.858426271490465e+00
1.012929566614988e+00 4.862042860700245e+00
1.015147267517877e+00 4.865651962626279e+00
1.017368125290379e+00 4.869253585802749e+00
1.019592146677941e+00 4.872847738747694e+00
1.021819338445243e+00 4.876434429963075e+00
1.024049707376264e+00 4.880013667934855e+00
1.026283260274353e+00 4.883585461133077e+00
1.028520003962297e+00 4.887149818011937e+00
1.030759945282389e+00 4.890706747009861e+00
1.033003091096502e+00 4.894256256549581e+00
1.035249448286153e+00 4.897798355038208e+00
1.037499023752581e+00 4.901333050867313e+00
1.039751824416810e+00 4.904860352412993e+00
1.042007857219725e+00 4.908380268035957e+00
1.044267129122142e+00 4.911892806081596e+00
1.046529647104878e+00 4.915397974880056e+00
1.048795418168826e+00 4.918895782746318e+00
1.051064449335025e+00 4.922386237980268e+00
1.053336747644731e+00 4.925869348866778e+00
1.055612320159494e+00 4.929345123675775e+00
1.057891173961229e+00 4.932813570662319e+00
1.060173316152288e+00 4.936274698066677e+00
1.062458753855537e+00 4.939728514114400e+00
1.064747494214425e+00 4.943175027016391e+00
1.067039544393067e+00 4.946614244968986e+00
1.069334911576308e+00 4.950046176154029e+00
1.071633602969808e+00 4.953470828738938e+00
1.073935625800110e+00 4.956888210876791e+00
1.076240987314720e+00 4.960298330706389e+00
1.078549694782181e+00 4.963701196352341e+00
1.080861755492151e+00 4.967096815925129e+00
1.083177176755479e+00 4.970485197521186e+00
1.085495965904281e+00 4.973866349222972e+00
1.087818130292018e+00 4.977240279099041e+00
1.090143677293576e+00 4.980606995204127e+00
1.092472614305340e+00 4.983966505579204e+00
1.094804948745276e+00 4.987318818251570e+00
1.097140688053007e+00 4.990663941234914e+00
1.099479839689896e+00 4.994001882529395e+00
1.101822411139118e+00 4.997332650121712e+00
1.104168409905750e+00 5.000656251985180e+00
1.106517843516843e+00 5.003972696079801e+00
1.108870719521505e+00 5.007281990352339e+00
1.111227045490983e+00 5.010584142736393e+00
1.113586829018744e+00 5.013879161152468e+00
1.115950077720554e+00 5.017167053508056e+00
1.118316799234564e+00 5.020447827697700e+00
1.120687001221388e+00 5.023721491603071e+00
1.123060691364191e+00 5.026988053093041e+00
1.125437877368764e+00 5.030247520023758e+00
1.127818566963617e+00 5.033499900238715e+00
1.130202767900055e+00 5.036745201568825e+00
1.132590487952267e+00 5.039983431832496e+00
1.134981734917407e+00 5.043214598835700e+00
1.137376516615681e+00 5.046438710372047e+00
1.139774840890431e+00 5.049655774222860e+00
1.142176715608223e+00 5.052865798157246e+00
1.144582148658931e+00 5.056068789932167e+00
1.146991147955821e+00 5.059264757292515e+00
1.149403721435645e+00 5.062453707971184e+00
1.151819877058721e+00 5.065635649689142e+00
1.154239622809022e+00 5.068810590155503e+00
1.156662966694268e+00 5.071978537067603e+00
1.159089916746010e+00 5.075139498111069e+00
1.161520481019720e+00 5.078293480959887e+00
1.163954667594881e+00 5.081440493276485e+00
1.166392484575077e+00 5.084580542711797e+00
1.168833940088078e+00 5.087713636905338e+00
1.171279042285938e+00 5.090839783485276e+00
1.173727799345081e+00 5.093958990068503e+00
1.176180219466391e+00 5.097071264260710e+00
1.178636310875308e+00 5.100176613656455e+00
1.181096081821916e+00 5.103275045839238e+00
1.183559540581039e+00 5.106366568381572e+00
1.186026695452327e+00 5.109451188845055e+00
1.188497554760360e+00 5.112528914780443e+00
1.190972126854730e+00 5.115599753727716e+00
1.193450420110145e+00 5.118663713216163e+00
1.195932442926516e+00 5.121720800764438e+00
1.198418203729056e+00 5.124771023880641e+00
1.200907710968375e+00 5.127814390062388e+00
1.203400973120573e+00 5.130850906796883e+00
1.205897998687341e+00 5.133880581560989e+00
1.208398796196052e+00 5.136903421821300e+00
1.210903374199864e+00 5.139919435034212e+00
1.213411741277812e+00 5.142928628645993e+00
1.215923906034908e+00 5.145931010092857e+00
1.218439877102243e+00 5.148926586801037e+00
1.220959663137079e+00 5.151915366186852e+00
1.223483272822955e+00 5.154897355656781e+00
1.226010714869781e+00 5.157872562607535e+00
1.228541998013942e+00 5.160840994426125e+00
1.231077131018399e+00 5.163802658489939e+00
1.233616122672786e+00 5.166757562166806e+00
1.236158981793517e+00 5.169705712815074e+00
1.238705717223884e+00 5.172647117783678e+00
1.241256337834159e+00 5.175581784412211e+00
1.243810852521701e+00 5.178509720030995e+00
1.246369270211058e+00 5.181430931961154e+00
1.248931599854069e+00 5.184345427514684e+00
1.251497850429969e+00 5.187253213994524e+00
1.254068030945495e+00 5.190154298694626e+00
1.256642150434991e+00 5.193048688900030e+00
1.259220217960513e+00 5.195936391886928e+00
1.261802242611939e+00 5.198817414922743e+00
1.264388233507068e+00 5.201691765266196e+00
1.266978199791737e+00 5.204559450167372e+00
1.269572150639921e+00 5.207420476867800e+00
1.272170095253844e+00 5.210274852600521e+00
1.274772042864091e+00 5.213122584590156e+00
1.277378002729713e+00 5.215963680052978e+00
1.279987984138336e+00 5.218798146196982e+00
1.282601996406279e+00 5.221625990221962e+00
1.285220048878653e+00 5.224447219319570e+00
1.287842150929485e+00 5.227261840673401e+00
1.290468311961820e+00 5.230069861459049e+00
1.293098541407837e+00 5.232871288844191e+00
1.295732848728965e+00 5.235666129988648e+00
1.298371243415990e+00 5.238454392044460e+00
1.301013734989175e+00 5.241236082155956e+00
1.303660332998372e+00 5.244011207459826e+00
1.306311047023135e+00 5.246779775085188e+00
1.308965886672840e+00 5.249541792153662e+00
1.311624861586796e+00 5.252297265779438e+00
1.314287981434366e+00 5.255046203069349e+00
1.316955255915085e+00 5.257788611122940e+00
1.319626694758771e+00 5.260524497032537e+00
1.322302307725651e+00 5.263253867883321e+00
1.324982104606474e+00 5.265976730753398e+00
1.327666095222634e+00 5.268693092713862e+00
1.330354289426291e+00 5.271402960828880e+00
1.333046697100486e+00 5.274106342155745e+00
1.335743328159268e+00 5.276803243744963e+00
1.338444192547813e+00 5.279493672640311e+00
1.341149300242545e+00 5.282177635878911e+00
1.343858661251264e+00 5.284855140491306e+00
1.346572285613260e+00 5.287526193501520e+00
1.349290183399450e+00 5.290190801927138e+00
1.352012364712488e+00 5.292848972779368e+00
1.354738839686904e+00 5.295500713063120e+00
1.357469618489220e+00 5.298146029777066e+00
1.360204711318079e+00 5.300784929913720e+00
1.362944128404375e+00 5.303417420459503e+00
1.365687880011378e+00 5.306043508394811e+00
1.368435976434860e+00 5.308663200694093e+00
1.371188428003229e+00 5.311276504325912e+00
1.373945245077654e+00 5.313883426253021e+00
1.376706438052198e+00 5.316483973432433e+00
1.379472017353945e+00 5.319078152815487e+00
1.382241993443134e+00 5.321665971347922e+00
1.385016376813293e+00 5.324247435969944e+00
1.387795177991366e+00 5.326822553616303e+00
1.390578407537851e+00 5.329391331216351e+00
1.393366076046930e+00 5.331953775694124e+00
1.396158194146605e+00 5.334509893968401e+00
1.398954772498836e+00 5.337059692952787e+00
1.401755821799672e+00 5.339603179555770e+00
1.404561352779390e+00 5.342140360680800e+00
1.407371376202629e+00 5.344671243226352e+00
1.410185902868534e+00 5.347195834086003e+00
1.413004943610888e+00 5.349714140148496e+00
1.415828509298254e+00 5.352226168297815e+00
1.418656610834113e+00 5.354731925413246e+00
1.421489259157008e+00 5.357231418369461e+00
1.424326465240680e+00 5.359724654036574e+00
1.427168240094212e+00 5.362211639280218e+00
1.430014594762174e+00 5.364692380961614e+00
1.432865540324762e+00 5.367166885937638e+00
1.435721087897943e+00 5.369635161060897e+00
1.438581248633602e+00 5.372097213179789e+00
1.441446033719681e+00 5.374553049138584e+00
1.444315454380334e+00 5.377002675777483e+00
1.447189521876064e+00 5.379446099932695e+00
1.450068247503878e+00 5.381883328436506e+00
1.452951642597432e+00 5.384314368117344e+00
1.455839718527175e+00 5.386739225799853e+00
1.458732486700509e+00 5.389157908304961e+00
1.461629958561929e+00 5.391570422449950e+00
1.464532145593181e+00 5.393976775048527e+00
1.467439059313409e+00 5.396376972910890e+00
1.470350711279310e+00 5.398771022843798e+00
1.473267113085286e+00 5.401158931650644e+00
1.476188276363598e+00 5.403540706131526e+00
1.479114212784521e+00 5.405916353083308e+00
1.482044934056501e+00 5.408285879299696e+00
1.484980451926307e+00 5.410649291571307e+00
1.487920778179193e+00 5.413006596685737e+00
1.490865924639050e+00 5.415357801427631e+00
1.493815903168571e+00 5.417702912578751e+00
1.496770725669405e+00 5.420041936918050e+00
1.499730404082319e+00 5.422374881221733e+00
1.502694950387359e+00 5.424701752263336e+00
1.505664376604013e+00 5.427022556813787e+00
1.508638694791369e+00 5.429337301641484e+00
1.511617917048284e+00 5.431645993512351e+00
1.514602055513544e+00 5.433948639189925e+00
1.517591122366030e+00 5.436245245435409e+00
1.520585129824884e+00 5.438535819007750e+00
1.523584090149674e+00 5.440820366663708e+00
1.526588015640565e+00 5.443098895157919e+00
1.529596918638484e+00 5.445371411242973e+00
1.532610811525287e+00 5.447637921669475e+00
1.535629706723936e+00 5.449898433186119e+00
1.538653616698663e+00 5.452152952539757e+00
1.541682553955143e+00 5.454401486475464e+00
1.544716531040669e+00 5.456644041736613e+00
1.547755560544322e+00 5.458880625064937e+00
1.550799655097148e+00 5.461111243200606e+00
1.553848827372330e+00 5.463335902882288e+00
1.556903090085368e+00 5.465554610847223e+00
1.559962455994250e+00 5.467767373831291e+00
1.563026937899636e+00 5.469974198569079e+00
1.566096548645031e+00 5.472175091793953e+00
1.569171301116967e+00 5.474370060238123e+00
1.572251208245184e+00 5.476559110632716e+00
1.575336283002812e+00 5.478742249707841e+00
1.578426538406548e+00 5.480919484192659e+00
1.581521987516845e+00 5.483090820815452e+00
1.584622643438093e+00 5.485256266303693e+00
1.587728519318804e+00 5.487415827384112e+00
1.590839628351800e+00 5.489569510782767e+00
1.593955983774395e+00 5.491717323225108e+00
1.597077598868590e+00 5.493859271436053e+00
1.600204486961255e+00 5.495995362140049e+00
1.603336661424322e+00 5.498125602061148e+00
1.606474135674974e+00 5.500249997923069e+00
1.609616923175840e+00 5.502368556449266e+00
1.612765037435181e+00 5.504481284363004e+00
1.615918492007091e+00 5.506588188387419e+00
1.619077300491687e+00 5.508689275245590e+00
1.622241476535305e+00 5.510784551660610e+00
1.625411033830698e+00 5.512874024355646e+00
1.628585986117232e+00 5.514957700054017e+00
1.631766347181086e+00 5.517035585479254e+00
1.634952130855448e+00 5.519107687355175e+00
1.638143351020723e+00 5.521174012405945e+00
1.641340021604727e+00 5.523234567356154e+00
1.644542156582890e+00 5.525289358930873e+00
1.647749769978468e+00 5.527338393855736e+00
1.650962875862736e+00 5.529381678856994e+00
1.654181488355203e+00 5.531419220661593e+00
1.657405621623815e+00 5.533451025997236e+00
1.660635289885164e+00 5.535477101592456e+00
1.663870507404693e+00 5.537497454176675e+00
1.667111288496913e+00 5.539512090480281e+00
1.670357647525607e+00 5.541521017234691e+00
1.673609598904050e+00 5.543524241172419e+00
1.676867157095215e+00 5.545521769027145e+00
1.680130336611990e+00 5.547513607533779e+00
1.683399152017395e+00 5.549499763428532e+00
1.686673617924797e+00 5.551480243448982e+00
1.689953748998129e+00 5.553455054334140e+00
1.693239559952107e+00 5.555424202824520e+00
1.696531065552453e+00 5.557387695662206e+00
1.699828280616112e+00 5.559345539590915e+00
1.703131220011479e+00 5.561297741356067e+00
1.706439898658619e+00 5.563244307704855e+00
1.709754331529494e+00 5.565185245386305e+00
1.713074533648185e+00 5.567120561151350e+00
1.716400520091125e+00 5.569050261752895e+00
1.719732305987322e+00 5.570974353945876e+00
1.723069906518591e+00 5.572892844487339e+00
1.726413336919783e+00 5.574805740136499e+00
1.729762612479020e+00 5.576713047654809e+00
1.733117748537923e+00 5.578614773806025e+00
1.736478760491849e+00 5.580510925356273e+00
1.739845663790131e+00 5.582401509074117e+00
1.743218473936303e+00 5.584286531730625e+00
1.746597206488352e+00 5.586166000099433e+00
1.749981877058945e+00 5.588039920956811e+00
1.753372501315678e+00 5.589908301081734e+00
1.756769094981314e+00 5.591771147255943e+00
1.760171673834026e+00 5.593628466264012e+00
1.763580253707643e+00 5.595480264893417e+00
1.766994850491892e+00 5.597326549934596e+00
1.770415480132651e+00 5.599167328181021e+00
1.773842158632190e+00 5.601002606429260e+00
1.777274902049428e+00 5.602832391479041e+00
1.780713726500178e+00 5.604656690133325e+00
1.784158648157400e+00 5.606475509198361e+00
1.787609683251459e+00 5.608288855483760e+00
1.791066848070374e+00 5.610096735802555e+00
1.794530158960078e+00 5.611899156971269e+00
1.797999632324675e+00 5.613696125809978e+00
1.801475284626698e+00 5.615487649142381e+00
1.804957132387369e+00 5.617273733795853e+00
1.808445192186865e+00 5.619054386601525e+00
1.811939480664573e+00 5.620829614394339e+00
1.815440014519364e+00 5.622599424013115e+00
1.818946810509853e+00 5.624363822300618e+00
1.822459885454667e+00 5.626122816103614e+00
1.825979256232714e+00 5.627876412272945e+00
1.829504939783458e+00 5.629624617663590e+00
1.833036953107184e+00 5.631367439134724e+00
1.836575313265274e+00 5.633104883549787e+00
1.840120037380482e+00 5.634836957776549e+00
1.843671142637213e+00 5.636563668687167e+00
1.847228646281793e+00 5.638285023158256e+00
1.850792565622756e+00 5.640001028070952e+00
1.854362918031122e+00 5.641711690310967e+00
1.857939720940678e+00 5.643417016768665e+00
1.861522991848262e+00 5.645117014339117e+00
1.865112748314049e+00 5.646811689922163e+00
1.868709007961839e+00 5.648501050422484e+00
1.872311788479345e+00 5.650185102749653e+00
1.875921107618480e+00 5.651863853818209e+00
1.879536983195651e+00 5.653537310547710e+00
1.883159433092053e+00 5.655205479862804e+00
1.886788475253963e+00 5.656868368693286e+00
1.890424127693034e+00 5.658525983974162e+00
1.894066408486599e+00 5.660178332645710e+00
1.897715335777961e+00 5.661825421653546e+00
1.901370927776705e+00 5.663467257948680e+00
1.905033202758993e+00 5.665103848487581e+00
1.908702179067873e+00 5.666735200232242e+00
1.912377875113583e+00 5.668361320150235e+00
1.916060309373858e+00 5.669982215214776e+00
1.919749500394244e+00 5.671597892404785e+00
1.923445466788405e+00 5.673208358704951e+00
1.927148227238437e+00 5.674813621105786e+00
1.930857800495185e+00 5.676413686603691e+00
1.934574205378557e+00 5.678008562201015e+00
1.938297460777844e+00 5.679598254906119e+00
1.942027585652036e+00 5.681182771733427e+00
1.945764599030151e+00 5.682762119703499e+00
1.949508520011553e+00 5.684336305843081e+00
1.953259367766279e+00 5.685905337185168e+00
1.957017161535365e+00 5.687469220769065e+00
1.960781920631178e+00 5.689027963640447e+00
1.964553664437744e+00 5.690581572851417e+00
1.968332412411081e+00 5.692130055460563e+00
1.972118184079537e+00 5.693673418533023e+00
1.975910999044120e+00 5.695211669140539e+00
1.979710876978841e+00 5.696744814361518e+00
1.983517837631055e+00 5.698272861281088e+00
1.987331900821799e+00 5.699795816991162e+00
1.991153086446140e+00 5.701313688590490e+00
1.994981414473516e+00 5.702826483184721e+00
1.998816904948091e+00 5.704334207886459e+00
2.002659577989097e+00 5.705836869815321e+00
2.006509453791192e+00 5.707334476097998e+00
2.010366552624812e+00 5.708827033868305e+00
2.014230894836523e+00 5.710314550267246e+00
2.018102500849383e+00 5.711797032443066e+00
2.021981391163302e+00 5.713274487551308e+00
2.025867586355402e+00 5.714746922754874e+00
2.029761107080380e+00 5.716214345224075e+00
2.033661974070878e+00 5.717676762136693e+00
2.037570208137845e+00 5.719134180678034e+00
2.041485830170911e+00 5.720586608040982e+00
2.045408861138761e+00 5.722034051426059e+00
2.049339322089505e+00 5.723476518041477e+00
2.053277234151056e+00 5.724914015103197e+00
2.057222618531510e+00 5.726346549834978e+00
2.061175496519523e+00 5.727774129468436e+00
2.065135889484701e+00 5.729196761243099e+00
2.069103818877974e+00 5.730614452406458e+00
2.073079306231999e+00 5.732027210214024e+00
2.077062373161530e+00 5.733435041929382e+00
2.081053041363828e+00 5.734837954824240e+00
2.085051332619044e+00 5.736235956178490e+00
2.089057268790617e+00 5.737629053280253e+00
2.093070871825677e+00 5.739017253425940e+00
2.097092163755440e+00 5.740400563920298e+00
2.101121166695615e+00 5.741778992076465e+00
2.105157902846807e+00 5.743152545216024e+00
2.109202394494928e+00 5.744521230669051e+00
2.113254664011603e+00 5.745885055774172e+00
2.117314733854585e+00 5.747244027878610e+00
2.121382626568169e+00 5.748598154338236e+00
2.125458364783613e+00 5.749947442517625e+00
2.129541971219550e+00 5.751291899790100e+00
2.133633468682416e+00 5.752631533537791e+00
2.137732880066874e+00 5.753966351151673e+00
2.141840228356238e+00 5.755296360031629e+00
2.145955536622908e+00 5.756621567586490e+00
2.150078828028795e+00 5.757941981234090e+00
2.154210125825762e+00 5.759257608401312e+00
2.158349453356056e+00 5.760568456524140e+00
2.162496834052751e+00 5.761874533047701e+00
2.166652291440190e+00 5.763175845426323e+00
2.170815849134427e+00 5.764472401123574e+00
2.174987530843676e+00 5.765764207612316e+00
2.179167360368765e+00 5.767051272374749e+00
2.183355361603580e+00 5.768333602902459e+00
2.187551558535527e+00 5.769611206696463e+00
2.191755975245990e+00 5.770884091267260e+00
2.195968635910787e+00 5.772152264134874e+00
2.200189564800637e+00 5.773415732828901e+00
2.204418786281627e+00 5.774674504888551e+00
2.208656324815677e+00 5.775928587862700e+00
2.212902204961014e+00 5.777177989309931e+00
2.217156451372647e+00 5.778422716798575e+00
2.221419088802843e+00 5.779662777906766e+00
2.225690142101610e+00 5.780898180222472e+00
2.229969636217171e+00 5.782128931343550e+00
2.234257596196463e+00 5.783355038877783e+00
2.238554047185615e+00 5.784576510442922e+00
2.242859014430443e+00 5.785793353666735e+00
2.247172523276949e+00 5.787005576187044e+00
2.251494599171808e+00 5.788213185651768e+00
2.255825267662880e+00 5.789416189718967e+00
2.260164554399706e+00 5.790614596056880e+00
2.264512485134015e+00 5.791808412343969e+00
2.268869085720238e+00 5.792997646268957e+00
2.273234382116013e+00 5.794182305530871e+00
2.277608400382709e+00 5.795362397839080e+00
2.281991166685939e+00 5.796537930913335e+00
2.286382707296081e+00 5.797708912483808e+00
2.290783048588810e+00 5.798875350291130e+00
2.295192217045616e+00 5.800037252086433e+00
2.299610239254343e+00 5.801194625631385e+00
2.304037141909721e+00 5.802347478698226e+00
2.308472951813903e+00 5.803495819069811e+00
2.312917695877005e+00 5.804639654539640e+00
2.317371401117654e+00 5.805778992911902e+00
2.321834094663532e+00 5.806913842001503e+00
2.326305803751926e+00 5.808044209634108e+00
2.330786555730286e+00 5.809170103646176e+00
2.335276378056782e+00 5.810291531884990e+00
2.339775298300859e+00 5.811408502208696e+00
2.344283344143807e+00 5.812521022486338e+00
2.348800543379331e+00 5.813629100597885e+00
2.353326923914114e+00 5.814732744434274e+00
2.357862513768397e+00 5.815831961897435e+00
2.362407341076560e+00 5.816926760900325e+00
2.366961434087694e+00 5.818017149366965e+00
2.371524821166199e+00 5.819103135232465e+00
2.376097530792361e+00 5.820184726443059e+00
2.380679591562954e+00 5.821261930956134e+00
2.385271032191828e+00 5.822334756740262e+00
2.389871881510514e+00 5.823403211775229e+00
2.394482168468830e+00 5.824467304052064e+00
2.399101922135479e+00 5.825527041573068e+00
2.403731171698666e+00 5.826582432351841e+00
2.408369946466717e+00 5.827633484413315e+00
2.413018275868688e+00 5.828680205793778e+00
2.417676189454992e+00 5.829722604540898e+00
2.422343716898029e+00 5.830760688713756e+00
2.427020887992807e+00 5.831794466382870e+00
2.431707732657584e+00 5.832823945630216e+00
2.436404280934503e+00 5.833849134549260e+00
2.441110562990235e+00 5.834870041244981e+00
2.445826609116622e+00 5.835886673833889e+00
2.450552449731330e+00 5.836899040444059e+00
2.455288115378500e+00 5.837907149215148e+00
2.460033636729412e+00 5.838911008298415e+00
2.464789044583136e+00 5.839910625856750e+00
2.469554369867213e+00 5.840906010064693e+00
2.474329643638314e+00 5.841897169108455e+00
2.479114897082917e+00 5.842884111185935e+00
2.483910161517990e+00 5.843866844506749e+00
2.488715468391670e+00 5.844845377292240e+00
2.493530849283954e+00 5.845819717775504e+00
2.498356335907386e+00 5.846789874201407e+00
2.503191960107758e+00 5.847755854826600e+00
2.508037753864808e+00 5.848717667919539e+00
2.512893749292925e+00 5.849675321760502e+00
2.517759978641861e+00 5.850628824641608e+00
2.522636474297440e+00 5.851578184866826e+00
2.527523268782280e+00 5.852523410751996e+00
2.532420394756518e+00 5.853464510624844e+00
2.537327885018533e+00 5.854401492824992e+00
2.542245772505678e+00 5.855334365703975e+00
2.547174090295023e+00 5.856263137625254e+00
2.552112871604091e+00 5.857187816964228e+00
2.557062149791605e+00 5.858108412108242e+00
2.562021958358242e+00 5.859024931456609e+00
2.566992330947385e+00 5.859937383420608e+00
2.571973301345885e+00 5.860845776423500e+00
2.576964903484832e+00 5.861750118900543e+00
2.581967171440315e+00 5.862650419298990e+00
2.586980139434204e+00 5.863546686078106e+00
2.592003841834933e+00 5.864438927709172e+00
2.597038313158279e+00 5.865327152675494e+00
2.602083588068156e+00 5.866211369472408e+00
2.607139701377410e+00 5.867091586607285e+00
2.612206688048618e+00 5.867967812599541e+00
2.617284583194900e+00 5.868840055980636e+00
2.622373422080721e+00 5.869708325294082e+00
2.627473240122714e+00 5.870572629095447e+00
2.632584072890499e+00 5.871432975952352e+00
2.637705956107513e+00 5.872289374444480e+00
2.642838925651835e+00 5.873141833163575e+00
2.647983017557034e+00 5.873990360713441e+00
2.653138268013004e+00 5.874834965709946e+00
2.658304713366815e+00 5.875675656781016e+00
2.663482390123569e+00 5.876512442566641e+00
2.668671334947258e+00 5.877345331718868e+00
2.673871584661631e+00 5.878174332901802e+00
2.679083176251062e+00 5.878999454791597e+00
2.684306146861431e+00 5.879820706076461e+00
2.689540533801003e+00 5.880638095456645e+00
2.694786374541317e+00 5.881451631644438e+00
2.700043706718084e+00 5.882261323364169e+00
2.705312568132081e+00 5.883067179352187e+00
2.710592996750060e+00 5.883869208356865e+00
2.715885030705661e+00 5.884667419138591e+00
2.721188708300328e+00 5.885461820469750e+00
2.726504068004235e+00 5.886252421134730e+00
2.731831148457212e+00 5.887039229929895e+00
2.737169988469690e+00 5.887822255663590e+00
2.742520627023631e+00 5.888601507156117e+00
2.747883103273487e+00 5.889376993239731e+00
2.753257456547153e+00 5.890148722758623e+00
2.758643726346925e+00 5.890916704568907e+00
2.764041952350468e+00 5.891680947538608e+00
2.769452174411799e+00 5.892441460547644e+00
2.774874432562254e+00 5.893198252487810e+00
2.780308767011484e+00 5.893951332262764e+00
2.785755218148450e+00 5.894700708788008e+00
2.791213826542418e+00 5.895446390990868e+00
2.796684632943971e+00 5.896188387810480e+00
2.802167678286018e+00 5.896926708197766e+00
2.807663003684823e+00 5.897661361115414e+00
2.813170650441025e+00 5.898392355537861e+00
2.818690660040674e+00 5.899119700451263e+00
2.824223074156278e+00 5.899843404853481e+00
2.829767934647845e+00 5.900563477754053e+00
2.835325283563942e+00 5.901279928174169e+00
2.840895163142760e+00 5.901992765146647e+00
2.846477615813177e+00 5.902701997715909e+00
2.852072684195843e+00 5.903407634937951e+00
2.857680411104263e+00 5.904109685880315e+00
2.863300839545883e+00 5.904808159622069e+00
2.868934012723200e+00 5.905503065253763e+00
2.874579974034857e+00 5.906194411877415e+00
2.880238767076767e+00 5.906882208606469e+00
2.885910435643234e+00 5.907566464565766e+00
2.891595023728074e+00 5.908247188891516e+00
2.897292575525765e+00 5.908924390731261e+00
2.903003135432583e+00 5.909598079243839e+00
2.908726748047759e+00 5.910268263599353e+00
2.914463458174641e+00 5.910934952979135e+00
2.920213310821859e+00 5.911598156575707e+00
2.925976351204507e+00 5.912257883592742e+00
2.931752624745323e+00 5.912914143245033e+00
2.937542177075889e+00 5.913566944758448e+00
2.943345054037826e+00 5.914216297369888e+00
2.949161301684006e+00 5.914862210327254e+00
2.954990966279774e+00 5.915504692889396e+00
2.960834094304170e+00 5.916143754326079e+00
2.966690732451164e+00 5.916779403917933e+00
2.972560927630908e+00 5.917411650956412e+00
2.978444726970975e+00 5.918040504743747e+00
2.984342177817631e+00 5.918665974592900e+00
2.990253327737102e+00 5.919288069827521e+00
2.996178224516851e+00 5.919906799781894e+00
3.002116916166867e+00 5.920522173800891e+00
3.008069450920962e+00 5.921134201239923e+00
3.014035877238077e+00 5.921742891464889e+00
3.020016243803596e+00 5.922348253852121e+00
3.026010599530673e+00 5.922950297788340e+00
3.032018993561560e+00 5.923549032670593e+00
3.038041475268956e+00 5.924144467906205e+00
3.044078094257354e+00 5.924736612912721e+00
3.050128900364410e+00 5.925325477117852e+00
3.056193943662306e+00 5.925911069959416e+00
3.062273274459136e+00 5.926493400885282e+00
3.068366943300299e+00 5.927072479353308e+00
3.074475000969894e+00 5.927648314831285e+00
3.080597498492136e+00 5.928220916796874e+00
3.086734487132774e+00 5.928790294737547e+00
3.092886018400522e+00 5.929356458150517e+00
3.099052144048502e+00 5.929919416542684e+00
3.105232916075694e+00 5.930479179430566e+00
3.111428386728396e+00 5.931035756340234e+00
3.117638608501700e+00 5.931589156807242e+00
3.123863634140971e+00 5.932139390376566e+00
3.130103516643342e+00 5.932686466602533e+00
3.136358309259222e+00 5.933230395048750e+00
3.142628065493798e+00 5.933771185288036e+00
3.148912839108577e+00 5.934308846902350e+00
3.155212684122912e+00 5.934843389482717e+00
3.161527654815553e+00 5.935374822629161e+00
3.167857805726205e+00 5.935903155950620e+00
3.174203191657099e+00 5.936428399064885e+00
3.180563867674573e+00 5.936950561598510e+00
3.186939889110667e+00 5.937469653186746e+00
3.193331311564721e+00 5.937985683473454e+00
3.199738190905002e+00 5.938498662111034e+00
3.206160583270318e+00 5.939008598760340e+00
3.212598545071672e+00 5.939515503090600e+00
3.219052132993904e+00 5.940019384779336e+00
3.225521403997356e+00 5.940520253512275e+00
3.232006415319550e+00 5.941018118983274e+00
3.238507224476879e+00 5.941512990894228e+00
3.245023889266298e+00 5.942004878954989e+00
3.251556467767046e+00 5.942493792883272e+00
3.258105018342369e+00 5.942979742404575e+00
3.264669599641254e+00 5.943462737252087e+00
3.271250270600185e+00 5.943942787166595e+00
3.277847090444905e+00 5.944419901896396e+00
3.284460118692192e+00 5.944894091197208e+00
3.291089415151651e+00 5.945365364832068e+00
3.297735039927510e+00 5.945833732571248e+00
3.304397053420451e+00 5.946299204192155e+00
3.311075516329423e+00 5.946761789479234e+00
3.317770489653496e+00 5.947221498223871e+00
3.324482034693720e+00 5.947678340224301e+00
3.331210213054984e+00 5.948132325285501e+00
3.337955086647914e+00 5.948583463219093e+00
3.344716717690766e+00 5.949031763843245e+00
3.351495168711334e+00 5.949477236982566e+00
3.358290502548891e+00 5.949919892468003e+00
3.365102782356117e+00 5.950359740136737e+00
3.371932071601065e+00 5.950796789832082e+00
3.378778434069126e+00 5.951231051403370e+00
3.385641933865015e+00 5.951662534705854e+00
3.392522635414779e+00 5.952091249600590e+00
3.399420603467805e+00 5.952517205954335e+00
3.406335903098853e+00 5.952940413639433e+00
3.413268599710106e+00 5.953360882533705e+00
3.420218759033225e+00 5.953778622520335e+00
3.427186447131434e+00 5.954193643487759e+00
3.434171730401610e+00 5.954605955329551e+00
3.441174675576386e+00 5.955015567944302e+00
3.448195349726289e+00 5.955422491235510e+00
3.455233820261869e+00 5.955826735111458e+00
3.462290154935865e+00 5.956228309485100e+00
3.469364421845373e+00 5.956627224273937e+00
3.476456689434040e+00 5.957023489399900e+00
3.483567026494270e+00 5.957417114789224e+00
3.490695502169451e+00 5.957808110372329e+00
3.497842185956188e+00 5.958196486083697e+00
3.505007147706577e+00 5.958582251861744e+00
3.512190457630461e+00 5.958965417648695e+00
3.519392186297738e+00 5.959345993390462e+00
3.526612404640672e+00 5.959723989036510e+00
3.533851183956208e+00 5.960099414539730e+00
3.541108595908335e+00 5.960472279856313e+00
3.548384712530443e+00 5.960842594945612e+00
3.555679606227703e+00 5.961210369770020e+00
3.562993349779480e+00 5.961575614294828e+00
3.570326016341738e+00 5.961938338488094e+00
3.577677679449495e+00 5.962298552320513e+00
3.585048413019271e+00 5.962656265765276e+00
3.592438291351564e+00 5.963011488797932e+00
3.599847389133357e+00 5.963364231396255e+00
3.607275781440622e+00 5.963714503540102e+00
3.614723543740866e+00 5.964062315211274e+00
3.622190751895681e+00 5.964407676393377e+00
3.629677482163318e+00 5.964750597071676e+00
3.637183811201289e+00 5.965091087232954e+00
3.644709816068980e+00 5.965429156865373e+00
3.652255574230287e+00 5.965764815958320e+00
3.659821163556276e+00 5.966098074502269e+00
3.667406662327858e+00 5.966428942488632e+00
3.675012149238496e+00 5.966757429909608e+00
3.682637703396921e+00 5.967083546758039e+00
3.690283404329871e+00 5.967407303027261e+00
3.697949331984867e+00 5.967728708710945e+00
3.705635566732989e+00 5.968047773802956e+00
3.713342189371688e+00 5.968364508297193e+00
3.721069281127623e+00 5.968678922187441e+00
3.728816923659504e+00 5.968991025467210e+00
3.736585199060977e+00 5.969300828129586e+00
3.744374189863521e+00 5.969608340167071e+00
3.752183979039369e+00 5.969913571571428e+00
3.760014650004458e+00 5.970216532333518e+00
3.767866286621393e+00 5.970517232443148e+00
3.775738973202450e+00 5.970815681888905e+00
3.783632794512584e+00 5.971111890657999e+00
3.791547835772474e+00 5.971405868736098e+00
3.799484182661598e+00 5.971697626107165e+00
3.807441921321314e+00 5.971987172753298e+00
3.815421138357977e+00 5.972274518654563e+00
3.823421920846093e+00 5.972559673788827e+00
3.831444356331469e+00 5.972842648131593e+00
3.839488532834420e+00 5.973123451655833e+00
3.847554538852984e+00 5.973402094331821e+00
3.855642463366162e+00 5.973678586126961e+00
3.863752395837200e+00 5.973952937005617e+00
3.871884426216879e+00 5.974225156928947e+00
3.880038644946843e+00 5.974495255854724e+00
3.888215142962955e+00 5.974763243737171e+00
3.896414011698672e+00 5.975029130526782e+00
3.904635343088461e+00 5.975292926170149e+00
3.912879229571226e+00 5.975554640609791e+00
3.921145764093778e+00 5.975814283783971e+00
3.929435040114329e+00 5.976071865626526e+00
3.937747151606011e+00 5.976327396066685e+00
3.946082193060428e+00 5.976580885028893e+00
3.954440259491240e+00 5.976832342432632e+00
3.962821446437765e+00 5.977081778192239e+00
3.971225849968630e+00 5.977329202216727e+00
3.979653566685434e+00 5.977574624409604e+00
3.988104693726450e+00 5.977818054668690e+00
3.996579328770364e+00 5.978059502885933e+00
4.005077570040025e+00 5.978298978947227e+00
4.013599516306255e+00 5.978536492732228e+00
4.022145266891665e+00 5.978772054114164e+00
4.030714921674516e+00 5.979005672959658e+00
4.039308581092612e+00 5.979237359128531e+00
4.047926346147227e+00 5.979467122473623e+00
4.056568318407050e+00 5.979694972840601e+00
4.065234600012189e+00 5.979920920067771e+00
4.073925293678187e+00 5.980144973985887e+00
4.082640502700084e+00 5.980367144417964e+00
4.091380330956506e+00 5.980587441179086e+00
4.100144882913795e+00 5.980805874076212e+00
4.108934263630169e+00 5.981022452907991e+00
4.117748578759924e+00 5.981237187464558e+00
4.126587934557660e+00 5.981450087527351e+00
4.135452437882561e+00 5.981661162868914e+00
4.144342196202689e+00 5.981870423252701e+00
4.153257317599334e+00 5.982077878432881e+00
4.162197910771401e+00 5.982283538154142e+00
4.171164085039811e+00 5.982487412151500e+00
4.180155950351970e+00 5.982689510150093e+00
4.189173617286257e+00 5.982889841864992e+00
4.198217197056563e+00 5.983088417000998e+00
4.207286801516856e+00 5.983285245252446e+00
4.216382543165794e+00 5.983480336303005e+00
4.225504535151383e+00 5.983673699825478e+00
4.234652891275658e+00 5.983865345481606e+00
4.243827725999424e+00 5.984055282921862e+00
4.253029154447028e+00 5.984243521785252e+00
4.262257292411170e+00 5.984430071699117e+00
4.271512256357765e+00 5.984614942278926e+00
4.280794163430843e+00 5.984798143128080e+00
4.290103131457487e+00 5.984979683837702e+00
4.299439278952820e+00 5.985159573986441e+00
4.308802725125044e+00 5.985337823140262e+00
4.318193589880493e+00 5.985514440852250e+00
4.327611993828773e+00 5.985689436662398e+00
4.337058058287915e+00 5.985862820097406e+00
4.346531905289583e+00 5.986034600670481e+00
4.356033657584336e+00 5.986204787881121e+00
4.365563438646918e+00 5.986373391214919e+00
4.375121372681620e+00 5.986540420143355e+00
4.384707584627670e+00 5.986705884123585e+00
4.394322200164668e+00 5.986869792598243e+00
4.403965345718098e+00 5.987032154995227e+00
4.413637148464851e+00 5.987192980727499e+00
4.423337736338826e+00 5.987352279192869e+00
4.433067238036569e+00 5.987510059773799e+00
4.442825783022962e+00 5.987666331837184e+00
4.452613501536969e+00 5.987821104734158e+00
4.462430524597423e+00 5.987974387799869e+00
4.472276984008883e+00 5.988126190353290e+00
4.482153012367527e+00 5.988276521696995e+00
4.492058743067096e+00 5.988425391116962e+00
4.501994310304918e+00 5.988572807882358e+00
4.511959849087953e+00 5.988718781245334e+00
4.521955495238910e+00 5.988863320440815e+00
4.531981385402431e+00 5.989006434686297e+00
4.542037657051293e+00 5.989148133181627e+00
4.552124448492715e+00 5.989288425108806e+00
4.562241898874691e+00 5.989427319631776e+00
4.572390148192380e+00 5.989564825896213e+00
4.582569337294573e+00 5.989700953029313e+00
4.592779607890209e+00 5.989835710139594e+00
4.603021102554944e+00 5.989969106316678e+00
4.613293964737797e+00 5.990101150631089e+00
4.623598338767834e+00 5.990231852134042e+00
4.633934369860943e+00 5.990361219857235e+00
4.644302204126649e+00 5.990489262812645e+00
4.654701988574988e+00 5.990615989992313e+00
4.665133871123480e+00 5.990741410368147e+00
4.675598000604114e+00 5.990865532891704e+00
4.686094526770446e+00 5.990988366493992e+00
4.696623600304737e+00 5.991109920085256e+00
4.707185372825158e+00 5.991230202554776e+00
4.717779996893077e+00 5.991349222770659e+00
4.728407626020398e+00 5.991466989579635e+00
4.739068414676977e+00 5.991583511806849e+00
4.749762518298109e+00 5.991698798255655e+00
4.760490093292075e+00 5.991812857707416e+00
4.771251297047778e+00 5.991925698921293e+00
4.782046287942434e+00 5.992037330634044e+00
4.792875225349333e+00 5.992147761559824e+00
4.803738269645705e+00 5.992257000389975e+00
4.814635582220616e+00 5.992365055792824e+00
4.825567325482965e+00 5.992471936413486e+00
4.836533662869563e+00 5.992577650873655e+00
4.847534758853265e+00 5.992682207771411e+00
4.858570778951202e+00 5.992785615681010e+00
4.869641889733075e+00 5.992887883152688e+00
4.880748258829540e+00 5.992989018712465e+00
4.891890054940665e+00 5.993089030861936e+00
4.903067447844480e+00 5.993187928078085e+00
4.914280608405585e+00 5.993285718813075e+00
4.925529708583876e+00 5.993382411494058e+00
4.936814921443314e+00 5.993478014522976e+00
4.948136421160822e+00 5.993572536276369e+00
4.959494383035231e+00 5.993665985105171e+00
4.970888983496331e+00 5.993758369334525e+00
4.982320400114011e+00 5.993849697263584e+00
4.993788811607474e+00 5.993939977165319e+00
5.005294397854564e+00 5.994029217286329e+00
5.016837339901157e+00 5.994117425846644e+00
5.028417819970666e+00 5.994204611039545e+00
5.040036021473625e+00 5.994290781031362e+00
5.051692129017378e+00 5.994375943961296e+00
5.063386328415849e+00 5.994460107941222e+00
5.075118806699423e+00 5.994543281055512e+00
5.086889752124907e+00 5.994625471360840e+00
5.098699354185615e+00 5.994706686886004e+00
5.110547803621525e+00 5.994786935631736e+00
5.122435292429545e+00 5.994866225570526e+00
5.134362013873894e+00 5.994944564646434e+00
5.146328162496575e+00 5.995021960774913e+00
5.158333934127938e+00 5.995098421842628e+00
5.170379525897382e+00 5.995173955707278e+00
5.182465136244132e+00 5.995248570197417e+00
5.194590964928143e+00 5.995322273112282e+00
5.206757213041103e+00 5.995395072221611e+00
5.218964083017543e+00 5.995466975265477e+00
5.231211778646080e+00 5.995537989954109e+00
5.243500505080740e+00 5.995608123967723e+00
5.255830468852430e+00 5.995677384956355e+00
5.268201877880498e+00 5.995745780539687e+00
5.280614941484415e+00 5.995813318306880e+00
5.293069870395596e+00 5.995880005816415e+00
5.305566876769317e+00 5.995945850595916e+00
5.318106174196756e+00 5.996010860141999e+00
5.330687977717170e+00 5.996075041920101e+00
5.343312503830180e+00 5.996138403364323e+00
5.355979970508202e+00 5.996200951877276e+00
5.368690597208978e+00 5.996262694829908e+00
5.381444604888253e+00 5.996323639561366e+00
5.394242216012587e+00 5.996383793378831e+00
5.407083654572278e+00 5.996443163557365e+00
5.419969146094437e+00 5.996501757339765e+00
5.432898917656193e+00 5.996559581936406e+00
5.445873197898022e+00 5.996616644525099e+00
5.458892217037236e+00 5.996672952250940e+00
5.471956206881597e+00 5.996728512226166e+00
5.485065400843064e+00 5.996783331530016e+00
5.498220033951711e+00 5.996837417208579e+00
5.511420342869766e+00 5.996890776274665e+00
5.524666565905793e+00 5.996943415707662e+00
5.537958943029057e+00 5.996995342453396e+00
5.551297715883988e+00 5.997046563424005e+00
5.564683127804845e+00 5.997097085497797e+00
5.578115423830506e+00 5.997146915519125e+00
5.591594850719413e+00 5.997196060298256e+00
5.605121656964697e+00 5.997244526611242e+00
5.618696092809436e+00 5.997292321199797e+00
5.632318410262091e+00 5.997339450771173e+00
5.645988863112108e+00 5.997385921998037e+00
5.659707706945663e+00 5.997431741518352e+00
5.673475199161606e+00 5.997476915935261e+00
5.687291598987555e+00 5.997521451816968e+00
5.701157167496157e+00 5.997565355696627e+00
5.715072167621546e+00 5.997608634072230e+00
5.729036864175953e+00 5.997651293406496e+00
5.743051523866511e+00 5.997693340126766e+00
5.757116415312236e+00 5.997734780624894e+00
5.771231809061174e+00 5.997775621257147e+00
5.785397977607770e+00 5.997815868344103e+00
5.799615195410393e+00 5.997855528170551e+00
5.813883738909051e+00 5.997894606985396e+00
5.828203886543331e+00 5.997933111001561e+00
5.842575918770486e+00 5.997971046395897e+00
5.857000118083764e+00 5.998008419309095e+00
5.871476769030913e+00 5.998045235845595e+00
5.886006158232875e+00 5.998081502073498e+00
5.900588574402730e+00 5.998117224024489e+00
5.915224308364794e+00 5.998152407693752e+00
5.929913653073972e+00 5.998187059039889e+00
5.944656903635297e+00 5.998221183984850e+00
5.959454357323681e+00 5.998254788413854e+00
5.974306313603920e+00 5.998287878175317e+00
5.989213074150880e+00 5.998320459080787e+00
6.004174942869913e+00 5.998352536904872e+00
6.019192225917537e+00 5.998384117385180e+00
6.034265231722294e+00 5.998415206222252e+00
6.049394271005879e+00 5.998445809079509e+00
6.064579656804489e+00 5.998475931583189e+00
6.079821704490405e+00 5.998505579322295e+00
6.095120731793838e+00 5.998534757848542e+00
6.110477058825001e+00 5.998563472676309e+00
6.125891008096430e+00 5.998591729282589e+00
6.141362904545574e+00 5.998619533106948e+00
6.156893075557610e+00 5.998646889551479e+00
6.172481850988561e+00 5.998673803980768e+00
6.188129563188630e+00 5.998700281721851e+00
6.203836547025817e+00 5.998726328064184e+00
6.219603139909824e+00 5.998751948259610e+00
6.235429681816208e+00 5.998777147522330e+00
6.251316515310802e+00 5.998801931028876e+00
6.267263985574464e+00 5.998826303918087e+00
6.283272440428041e+00 5.998850271291093e+00
6.299342230357686e+00 5.998873838211286e+00
6.315473708540421e+00 5.998897009704316e+00
6.331667230870011e+00 5.998919790758070e+00
6.347923155983147e+00 5.998942186322664e+00
6.364241845285906e+00 5.998964201310435e+00
6.380623662980553e+00 5.998985840595939e+00
6.397068976092624e+00 5.999007109015942e+00
6.413578154498329e+00 5.999028011369427e+00
6.430151570952307e+00 5.999048552417596e+00
6.446789601115660e+00 5.999068736883872e+00
6.463492623584336e+00 5.999088569453912e+00
6.480261019917863e+00 5.999108054775615e+00
6.497095174668381e+00 5.999127197459141e+00
6.513995475410060e+00 5.999146002076921e+00
6.530962312768835e+00 5.999164473163686e+00
6.547996080452494e+00 5.999182615216477e+00
6.565097175281148e+00 5.999200432694685e+00
6.582265997218036e+00 5.999217930020064e+00
6.599502949400703e+00 5.999235111576776e+00
6.616808438172569e+00 5.999251981711414e+00
6.634182873114837e+00 5.999268544733043e+00
6.651626667078832e+00 5.999284804913239e+00
6.669140236218685e+00 5.999300766486130e+00
6.686724000024427e+00 5.999316433648443e+00
6.704378381355491e+00 5.999331810559546e+00
6.722103806474613e+00 5.999346901341507e+00
6.739900705082115e+00 5.999361710079140e+00
6.757769510350659e+00 5.999376240820061e+00
6.775710658960370e+00 5.999390497574755e+00
6.793724591134420e+00 5.999404484316626e+00
6.811811750675034e+00 5.999418204982070e+00
6.829972584999925e+00 5.999431663470538e+00
6.848207545179206e+00 5.999444863644607e+00
6.866517085972713e+00 5.999457809330052e+00
6.884901665867834e+00 5.999470504315925e+00
6.903361747117764e+00 5.999482952354625e+00
6.921897795780241e+00 5.999495157161989e+00
6.940510281756790e+00 5.999507122417366e+00
6.959199678832420e+00 5.999518851763714e+00
6.977966464715813e+00 5.999530348807677e+00
6.996811121080052e+00 5.999541617119688e+00
7.015734133603807e+00 5.999552660234055e+00
7.034735992013078e+00 5.999563481649067e+00
7.053817190123435e+00 5.999574084827083e+00
7.072978225882785e+00 5.999584473194645e+00
7.092219601414713e+00 5.999594650142578e+00
7.111541823062322e+00 5.999604619026099e+00
7.130945401432656e+00 5.999614383164930e+00
7.150430851441687e+00 5.999623945843405e+00
7.169998692359844e+00 5.999633310310594e+00
7.189649447858161e+00 5.999642479780416e+00
7.209383646054989e+00 5.999651457431762e+00
7.229201819563290e+00 5.999660246408619e+00
7.249104505538579e+00 5.999668849820197e+00
7.269092245727435e+00 5.999677270741056e+00
7.289165586516673e+00 5.999685512211238e+00
7.309325078983120e+00 5.999693577236403e+00
7.329571278944043e+00 5.999701468787962e+00
7.349904747008247e+00 5.999709189803220e+00
7.370326048627806e+00 5.999716743185511e+00
7.390835754150476e+00 5.999724131804352e+00
7.411434438872816e+00 5.999731358495579e+00
7.432122683093945e+00 5.999738426061501e+00
7.452901072170066e+00 5.999745337271051e+00
7.473770196569669e+00 5.999752094859938e+00
7.494730651929442e+00 5.999758701530803e+00
7.515783039110966e+00 5.999765159953378e+00
7.536927964258129e+00 5.999771472764645e+00
7.558166038855274e+00 5.999777642569001e+00
7.579497879786186e+00 5.999783671938420e+00
7.600924109393780e+00 5.999789563412624e+00
7.622445355540654e+00 5.999795319499245e+00
7.644062251670406e+00 5.999800942674007e+00
7.665775436869774e+00 5.999806435380890e+00
7.687585555931641e+00 5.999811800032312e+00
7.709493259418844e+00 5.999817039009304e+00
7.731499203728854e+00 5.999822154661690e+00
7.753604051159364e+00 5.999827149308270e+00
7.775808469974692e+00 5.999832025237004e+00
7.798113134473158e+00 5.999836784705197e+00
7.820518725055333e+00 5.999841429939686e+00
7.843025928293205e+00 5.999845963137034e+00
7.865635437000343e+00 5.999850386463715e+00
7.888347950302955e+00 5.999854702056313e+00
7.911164173711971e+00 5.999858912021715e+00
7.934084819196091e+00 5.999863018437308e+00
7.957110605255820e+00 5.999867023351180e+00
7.980242256998583e+00 5.999870928782317e+00
8.003480506214819e+00 5.999874736720808e+00
8.026826091455144e+00 5.999878449128047e+00
8.050279758108625e+00 5.999882067936941e+00
8.073842258482069e+00 5.999885595052113e+00
8.097514351880506e+00 5.999889032350116e+00
8.121296804688731e+00 5.999892381679637e+00
8.145190390453999e+00 5.999895644861714e+00
8.169195889969926e+00 5.999898823689945e+00
8.193314091361517e+00 5.999901919930704e+00
8.217545790171416e+00 5.999904935323357e+00
8.241891789447406e+00 5.999907871580481e+00
8.266352899831078e+00 5.999910730388075e+00
8.290929939647848e+00 5.999913513405788e+00
8.315623734998196e+00 5.999916222267135e+00
8.340435119850206e+00 5.999918858579719e+00
8.365364936133494e+00 5.999921423925458e+00
8.390414033834404e+00 5.999923919860802e+00
8.415583271092629e+00 5.999926347916963e+00
8.440873514299216e+00 5.999928709600143e+00
8.466285638195952e+00 5.999931006391754e+00
8.491820525976248e+00 5.999933239748652e+00
8.517479069387443e+00 5.999935411103364e+00
8.543262168834612e+00 5.999937521864315e+00
8.569170733485910e+00 5.999939573416063e+00
8.595205681379401e+00 5.999941567119525e+00
8.621367939531542e+00 5.999943504312214e+00
8.647658444047179e+00 5.999945386308467e+00
8.674078140231190e+00 5.999947214399681e+00
8.700627982701825e+00 5.999948989854542e+00
8.727308935505652e+00 5.999950713919267e+00
8.754121972234245e+00 5.999952387817832e+00
8.781068076142637e+00 5.999954012752206e+00
8.808148240269475e+00 5.999955589902593e+00
8.835363467559040e+00 5.999957120427664e+00
8.862714770985058e+00 5.999958605464789e+00
8.890203173676364e+00 5.999960046130279e+00
8.917829709044511e+00 5.999961443519622e+00
8.945595420913257e+00 5.999962798707715e+00
8.973501363650023e+00 5.999964112749106e+00
9.001548602299385e+00 5.999965386678228e+00
9.029738212718536e+00 5.999966621509634e+00
9.058071281714884e+00 5.999967818238238e+00
9.086548907185708e+00 5.999968977839548e+00
9.115172198259959e+00 5.999970101269906e+00
9.143942275442285e+00 5.999971189466720e+00
9.172860270759223e+00 5.999972243348703e+00
9.201927327907690e+00 5.999973263816111e+00
9.231144602405767e+00 5.999974251750972e+00
9.260513261745798e+00 5.999975208017329e+00
9.290034485549931e+00 5.999976133461469e+00
9.319709465728051e+00 5.999977028912159e+00
9.349539406638167e+00 5.999977895180886e+00
9.379525525249388e+00 5.999978733062078e+00
9.409669051307381e+00 5.999979543333350e+00
9.439971227502520e+00 5.999980326755727e+00
9.470433309640649e+00 5.999981084073880e+00
9.501056566816541e+00 5.999981816016358e+00
9.531842281590180e+00 5.999982523295816e+00
9.562791750165815e+00 5.999983206609242e+00
9.593906282573846e+00 5.999983866638191e+00
9.625187202855722e+00 5.999984504049012e+00
9.656635849251705e+00 5.999985119493071e+00
9.688253574391753e+00 5.999985713606981e+00
9.720041745489434e+00 5.999986287012824e+00
9.752001744538990e+00 5.999986840318378e+00
9.784134968515643e+00 5.999987374117338e+00
9.816442829579131e+00 5.999987888989537e+00
9.848926755280562e+00 5.999988385501171e+00
9.881588188772717e+00 5.999988864205013e+00
9.914428589023728e+00 5.999989325640633e+00
9.947449431034359e+00 5.999989770334620e+00
9.980652206058828e+00 5.999990198800791e+00
1.001403842182928e+01 5.999990611540408e+00
1.004760960278407e+01 5.999991009042394e+00
1.008136729029971e+01 5.999991391783539e+00
1.011531304292686e+01 5.999991760228715e+00
1.014944843663014e+01 5.999992114831084e+00
1.018377506503203e+01 5.999992456032303e+00
1.021829453966090e+01 5.999992784262735e+00
1.025300849020318e+01 5.999993099941646e+00
1.028791856475982e+01 5.999993403477413e+00
1.032302643010715e+01 5.999993695267724e+00
1.035833377196213e+01 5.999993975699779e+00
1.039384229525218e+01 5.999994245150480e+00
1.042955372438961e+01 5.999994503986640e+00
1.046546980355074e+01 5.999994752565166e+00
1.050159229695993e+01 5.999994991233256e+00
1.053792298917840e+01 5.999995220328592e+00
1.057446368539812e+01 5.999995440179524e+00
1.061121621174086e+01 5.999995651105261e+00
1.064818241556234e+01 5.999995853416056e+00
1.068536416576178e+01 5.999996047413386e+00
1.072276335309689e+01 5.999996233390137e+00
1.076038189050435e+01 5.999996411630783e+00
1.079822171342598e+01 5.999996582411563e+00
1.083628478014064e+01 5.999996746000656e+00
1.087457307210214e+01 5.999996902658356e+00
1.091308859428300e+01 5.999997052637243e+00
1.095183337552446e+01 5.999997196182353e+00
1.099080946889273e+01 5.999997333531344e+00
1.103001895204165e+01 5.999997464914666e+00
1.106946392758186e+01 5.999997590555719e+00
1.110914652345664e+01 5.999997710671016e+00
1.114906889332463e+01 5.999997825470345e+00
1.118923321694939e+01 5.999997935156925e+00
1.122964170059619e+01 5.999998039927559e+00
1.127029657743595e+01 5.999998139972789e+00
1.131120010795669e+01 5.999998235477046e+00
1.135235458038247e+01 5.999998326618801e+00
1.139376231110010e+01 5.999998413570706e+00
1.143542564509377e+01 5.999998496499747e+00
1.147734695638770e+01 5.999998575567377e+00
1.151952864849712e+01 5.999998650929660e+00
1.156197315488760e+01 5.999998722737415e+00
1.160468293944302e+01 5.999998791136342e+00
1.164766049694236e+01 5.999998856267158e+00
1.169090835354547e+01 5.999998918265733e+00
1.173442906728803e+01 5.999998977263216e+00
1.177822522858594e+01 5.999999033386160e+00
1.182229946074921e+01 5.999999086756652e+00
1.186665442050588e+01 5.999999137492432e+00
1.191129279853577e+01 5.999999185707013e+00
1.195621732001455e+01 5.999999231509803e+00
1.200143074516845e+01 5.999999275006218e+00
1.204693586983947e+01 5.999999316297795e+00
1.209273552606175e+01 5.999999355482309e+00
1.213883258264912e+01 5.999999392653879e+00
1.218522994579406e+01 5.999999427903076e+00
1.223193055967850e+01 5.999999461317030e+00
1.227893740709662e+01 5.999999492979529e+00
1.232625351008985e+01 5.999999522971128e+00
1.237388193059460e+01 5.999999551369243e+00
1.242182577110268e+01 5.999999578248246e+00
1.247008817533507e+01 5.999999603679567e+00
1.251867232892901e+01 5.999999627731782e+00
1.256758146013896e+01 5.999999650470705e+00
1.261681884055166e+01 5.999999671959478e+00
1.266638778581564e+01 5.999999692258656e+00
1.271629165638544e+01 5.999999711426297e+00
1.276653385828115e+01 5.999999729518038e+00
1.281711784386321e+01 5.999999746587179e+00
1.286804711262331e+01 5.999999762684765e+00
1.291932521199136e+01 5.999999777859662e+00
1.297095573815919e+01 5.999999792158629e+00
1.302294233692128e+01 5.999999805626395e+00
1.307528870453293e+01 5.999999818305728e+00
1.312799858858633e+01 5.999999830237511e+00
1.318107578890492e+01 5.999999841460800e+00
1.323452415845650e+01 5.999999852012898e+00
1.328834760428563e+01 5.999999861929419e+00
1.334255008846568e+01 5.999999871244347e+00
1.339713562907102e+01 5.999999879990098e+00
1.345210830117002e+01 5.999999888197583e+00
1.350747223783912e+01 5.999999895896260e+00
1.356323163119871e+01 5.999999903114196e+00
1.361939073347128e+01 5.999999909878115e+00
1.367595385806235e+01 5.999999916213457e+00
1.373292538066490e+01 5.999999922144426e+00
1.379030974038778e+01 5.999999927694039e+00
1.384811144090863e+01 5.999999932884176e+00
1.390633505165227e+01 5.999999937735626e+00
1.396498520899475e+01 5.999999942268133e+00
1.402406661749416e+01 5.999999946500437e+00
1.408358405114856e+01 5.999999950450322e+00
1.414354235468188e+01 5.999999954134651e+00
1.420394644485856e+01 5.999999957569409e+00
1.426480131182762e+01 5.999999960769741e+00
1.432611202049680e+01 5.999999963749987e+00
1.438788371193795e+01 5.999999966523724e+00
1.445012160482393e+01 5.999999969103789e+00
1.451283099689844e+01 5.999999971502326e+00
1.457601726647922e+01 5.999999973730807e+00
1.463968587399573e+01 5.999999975800071e+00
1.470384236356218e+01 5.999999977720348e+00
1.476849236458683e+01 5.999999979501290e+00
1.483364159341861e+01 5.999999981152001e+00
1.489929585503205e+01 5.999999982681059e+00
1.496546104475142e+01 5.999999984096545e+00
1.503214315001547e+01 5.999999985406069e+00
1.509934825218357e+01 5.999999986616785e+00
1.516708252838447e+01 5.999999987735428e+00
1.523535225340911e+01 5.999999988768320e+00
1.530416380164821e+01 5.999999989721403e+00
1.537352364907647e+01 5.999999990600256e+00
1.544343837528418e+01 5.999999991410108e+00
1.551391466555779e+01 5.999999992155864e+00
1.558495931301103e+01 5.999999992842120e+00
1.565657922076755e+01 5.999999993473178e+00
1.572878140419687e+01 5.999999994053065e+00
1.580157299320522e+01 5.999999994585544e+00
1.587496123458248e+01 5.999999995074134e+00
1.594895349440728e+01 5.999999995522122e+00
1.602355726051165e+01 5.999999995932574e+00
1.609878014500691e+01 5.999999996308349e+00
1.617462988687297e+01 5.999999996652114e+00
1.625111435461238e+01 5.999999996966350e+00
1.632824154897144e+01 5.999999997253367e+00
1.640601960573018e+01 5.999999997515314e+00
1.648445679856313e+01 5.999999997754188e+00
1.656356154197338e+01 5.999999997971841e+00
1.664334239430168e+01 5.999999998169996e+00
1.672380806081304e+01 5.999999998350248e+00
1.680496739686331e+01 5.999999998514074e+00
1.688682941114776e+01 5.999999998662842e+00
1.696940326903469e+01 5.999999998797820e+00
1.705269829598614e+01 5.999999998920177e+00
1.713672398106874e+01 5.999999999030992e+00
1.722148998055735e+01 5.999999999131266e+00
1.730700612163437e+01 5.999999999221915e+00
1.739328240618761e+01 5.999999999303787e+00
1.748032901471009e+01 5.999999999377662e+00
1.756815631030452e+01 5.999999999444259e+00
1.765677484279618e+01 5.999999999504234e+00
1.774619535295747e+01 5.999999999558193e+00
1.783642877684748e+01 5.999999999606693e+00
1.792748625027074e+01 5.999999999650239e+00
1.801937911335845e+01 5.999999999689299e+00
1.811211891527644e+01 5.999999999724298e+00
1.820571741906405e+01 5.999999999755625e+00
1.830018660660782e+01 5.999999999783635e+00
1.839553868375479e+01 5.999999999808653e+00
1.849178608556984e+01 5.999999999830973e+00
1.858894148174161e+01 5.999999999850864e+00
1.868701778214251e+01 5.999999999868571e+00
1.878602814254722e+01 5.999999999884314e+00
1.888598597051560e+01 5.999999999898296e+00
1.898690493144524e+01 5.999999999910699e+00
1.908879895479930e+01 5.999999999921688e+00
1.919168224051602e+01 5.999999999931411e+00
1.929556926560561e+01 5.999999999940005e+00
1.940047479094115e+01 5.999999999947591e+00
1.950641386825047e+01 5.999999999954279e+00
1.961340184731529e+01 5.999999999960168e+00
1.972145438338574e+01 5.999999999965345e+00
1.983058744481692e+01 5.999999999969892e+00
1.994081732093583e+01 5.999999999973879e+00
2.005216063014684e+01 5.999999999977370e+00
2.016463432828388e+01 5.999999999980424e+00
2.027825571721821e+01 5.999999999983090e+00
2.039304245373138e+01 5.999999999985415e+00
2.050901255866219e+01 5.999999999987439e+00
2.062618442633839e+01 5.999999999989200e+00
2.074457683430291e+01 5.999999999990728e+00
2.086420895334557e+01 5.999999999992053e+00
2.098510035785183e+01 5.999999999993199e+00
2.110727103647989e+01 5.999999999994190e+00
2.123074140317842e+01 5.999999999995045e+00
2.135553230855825e+01 5.999999999995781e+00
2.148166505163031e+01 5.999999999996414e+00
2.160916139192478e+01 5.999999999996957e+00
2.173804356200507e+01 5.999999999997423e+00
2.186833428039223e+01 5.999999999997821e+00
2.200005676491554e+01 5.999999999998161e+00
2.213323474650537e+01 5.999999999998451e+00
2.226789248344621e+01 5.999999999998698e+00
2.240405477610708e+01 5.999999999998908e+00
2.254174698216861e+01 5.999999999999085e+00
2.268099503236643e+01 5.999999999999235e+00
2.282182544677107e+01 5.999999999999362e+00
2.296426535162601e+01 5.999999999999469e+00
2.310834249676668e+01 5.999999999999559e+00
2.325408527364305e+01 5.999999999999635e+00
2.340152273397146e+01 5.999999999999698e+00
2.355068460904059e+01 5.999999999999750e+00
2.370160132969874e+01 5.999999999999795e+00
2.385430404705107e+01 5.999999999999831e+00
2.400882465389572e+01 5.999999999999861e+00
2.416519580693010e+01 5.999999999999887e+00
2.432345094976010e+01 5.999999999999908e+00
2.448362433674558e+01 5.999999999999925e+00
2.464575105771869e+01 5.999999999999940e+00
2.480986706361175e+01 5.999999999999950e+00
2.497600919303433e+01 5.999999999999960e+00
2.514421519984106e+01 5.999999999999968e+00
2.531452378173285e+01 5.999999999999974e+00
2.548697460993774e+01 5.999999999999980e+00
2.566160836001868e+01 5.999999999999984e+00
2.583846674385857e+01 5.999999999999987e+00
2.601759254287590e+01 5.999999999999989e+00
2.619902964252574e+01 5.999999999999992e+00
2.638282306814503e+01 5.999999999999994e+00
2.656901902220383e+01 5.999999999999995e+00
2.675766492302651e+01 5.999999999999996e+00
2.694880944505215e+01 5.999999999999996e+00
2.714250256070483e+01 5.999999999999997e+00
2.733879558395013e+01 5.999999999999998e+00
2.753774121561766e+01 5.999999999999998e+00
2.773939359057323e+01 5.999999999999999e+00
2.794380832682951e+01 5.999999999999999e+00
2.815104257668937e+01 5.999999999999999e+00
2.836115508001947e+01 6.000000000000000e+00
2.857420621975978e+01 6.000000000000000e+00
2.879025807977816e+01 6.000000000000000e+00
2.900937450518683e+01 6.000000000000000e+00
2.923162116524420e+01 6.000000000000000e+00
2.945706561897150e+01 6.000000000000000e+00
2.968577738362234e+01 6.000000000000000e+00
2.991782800615134e+01 6.000000000000000e+00
3.015329113783513e+01 6.000000000000000e+00
3.039224261221053e+01 6.000000000000000e+00
3.063476052650204e+01 6.000000000000000e+00
3.088092532672269e+01 6.000000000000000e+00
3.113081989664370e+01 6.000000000000000e+00
3.138452965083826e+01 6.000000000000000e+00
3.164214263202044e+01 6.000000000000000e+00
3.190374961291091e+01 6.000000000000000e+00
3.216944420287775e+01 6.000000000000000e+00
3.243932295961572e+01 6.000000000000000e+00
3.271348550614324e+01 6.000000000000000e+00
3.299203465341513e+01 6.000000000000000e+00
3.327507652886889e+01 6.000000000000000e+00
3.356272071124054e+01 6.000000000000000e+00
3.385508037201173e+01 6.000000000000000e+00
3.415227242387010e+01 6.000000000000000e+00
3.445441767659272e+01 6.000000000000000e+00
3.476164100078966e+01 6.000000000000000e+00
3.507407149997307e+01 6.000000000000000e+00
3.539184269145013e+01 6.000000000000000e+00
3.571509269657342e+01 6.000000000000000e+00
3.604396444091618e+01 6.000000000000000e+00
3.637860586498424e+01 6.000000000000000e+00
3.671917014611554e+01 6.000000000000000e+00
3.706581593226696e+01 6.000000000000000e+00
3.741870758843920e+01 6.000000000000000e+00
3.777801545654178e+01 6.000000000000000e+00
3.814391612956366e+01 6.000000000000000e+00
3.851659274097491e+01 6.000000000000000e+00
3.889623527035640e+01 6.000000000000000e+00
3.928304086632998e+01 6.000000000000000e+00
3.967721418794124e+01 6.000000000000000e+00
4.007896776573724e+01 6.000000000000000e+00
4.048852238387889e+01 6.000000000000000e+00
4.090610748472911e+01 6.000000000000000e+00
4.133196159747735e+01 6.000000000000000e+00
4.176633279248065e+01 6.000000000000000e+00
4.220947916314049e+01 6.000000000000000e+00
4.266166933728317e+01 6.000000000000000e+00
4.312318302017118e+01 6.000000000000000e+00
4.359431157145257e+01 6.000000000000000e+00
4.407535861855053e+01 6.000000000000000e+00
4.456664070920365e+01 6.000000000000000e+00
4.506848800610737e+01 6.000000000000000e+00
4.558124502685695e+01 6.000000000000000e+00
4.610527143267782e+01 6.000000000000000e+00
4.664094286973916e+01 6.000000000000000e+00
4.718865186718403e+01 6.000000000000000e+00
4.774880879638887e+01 6.000000000000000e+00
4.832184289638016e+01 6.000000000000000e+00
4.890820337078974e+01 6.000000000000000e+00
4.950836056224423e+01 6.000000000000000e+00
