0.000000000000000e+00 0.000000000000000e+00
4.716359417634376e-04 1.895464900965393e-02
9.437351801297864e-04 3.788686122622842e-02
1.416298398091581e-03 5.679667366883301e-02
1.889326279984508e-03 7.568412327014329e-02
2.362819511490710e-03 9.454924687666377e-02
2.836778779642094e-03 1.133920812489517e-01
3.311204772823662e-03 1.322126630618659e-01
3.786098180776837e-03 1.510110289048061e-01
4.261459694602811e-03 1.697872152819517e-01
4.737290006765891e-03 1.885412586124637e-01
5.213589811096866e-03 2.072731952307780e-01
5.690359802796381e-03 2.259830613867990e-01
6.167600678438316e-03 2.446708932461359e-01
6.645313135973179e-03 2.633367268903566e-01
7.123497874731506e-03 2.819805983171904e-01
7.602155595427280e-03 3.006025434407906e-01
8.081287000161348e-03 3.192025980919464e-01
8.560892792424854e-03 3.377807980183096e-01
9.040973677102689e-03 3.563371788846244e-01
9.521530360476933e-03 3.748717762729701e-01
1.000256355023033e-02 3.933846256829874e-01
1.048407395544975e-02 4.118757625320697e-01
1.096606228662969e-02 4.303452221556405e-01
1.144852925567574e-02 4.487930398073452e-01
1.193147557590813e-02 4.672192506592676e-01
1.241490196206520e-02 4.856238898021985e-01
1.289880913030696e-02 5.040069922457899e-01
1.338319779821862e-02 5.223685929188573e-01
1.386806868481411e-02 5.407087266695321e-01
1.435342251053968e-02 5.590274282655017e-01
1.483925999727743e-02 5.773247323942723e-01
1.532558186834891e-02 5.956006736633146e-01
1.581238884851872e-02 6.138552866003266e-01
1.629968166399809e-02 6.320886056534647e-01
1.678746104244847e-02 6.503006651915104e-01
1.727572771298522e-02 6.684914995041282e-01
1.776448240618117e-02 6.866611428020715e-01
1.825372585407033e-02 7.048096292173813e-01
1.874345879015146e-02 7.229369928036196e-01
1.923368194939184e-02 7.410432675360532e-01
1.972439606823086e-02 7.591284873119299e-01
2.021560188458374e-02 7.771926859505953e-01
2.070730013784524e-02 7.952358971937823e-01
2.119949156889338e-02 8.132581547058013e-01
2.169217692009308e-02 8.312594920737091e-01
2.218535693530002e-02 8.492399428075856e-01
2.267903235986427e-02 8.671995403406889e-01
2.317320394063411e-02 8.851383180296679e-01
2.366787242595978e-02 9.030563091548114e-01
2.416303856569724e-02 9.209535469201882e-01
2.465870311121200e-02 9.388300644539136e-01
2.515486681538286e-02 9.566858948083112e-01
2.565153043260579e-02 9.745210709601437e-01
2.614869471879768e-02 9.923356258107940e-01
2.664636043140027e-02 1.010129592186486e+00
2.714452832938388e-02 1.027903002838473e+00
2.764319917325138e-02 1.045655890443246e+00
2.814237372504197e-02 1.063388287602736e+00
2.864205274833513e-02 1.081100226844509e+00
2.914223700825447e-02 1.098791740621948e+00
2.964292727147166e-02 1.116462861314499e+00
3.014412430621032e-02 1.134113621227817e+00
3.064582888224998e-02 1.151744052593985e+00
3.114804177093001e-02 1.169354187571720e+00
3.165076374515355e-02 1.186944058246544e+00
3.215399557939153e-02 1.204513696631011e+00
3.265773804968656e-02 1.222063134664863e+00
3.316199193365702e-02 1.239592404215262e+00
3.366675801050099e-02 1.257101537076947e+00
3.417203706100029e-02 1.274590564972462e+00
3.467782986752450e-02 1.292059519552314e+00
3.518413721403500e-02 1.309508432395187e+00
3.569095988608902e-02 1.326937335008127e+00
3.619829867084372e-02 1.344346258826722e+00
3.670615435706021e-02 1.361735235215312e+00
3.721452773510770e-02 1.379104295467146e+00
3.772341959696758e-02 1.396453470804609e+00
3.823283073623752e-02 1.413782792379365e+00
3.874276194813562e-02 1.431092291272584e+00
3.925321402950449e-02 1.448381998495105e+00
3.976418777881550e-02 1.465651944987631e+00
4.027568399617282e-02 1.482902161620904e+00
4.078770348331773e-02 1.500132679195897e+00
4.130024704363270e-02 1.517343528443991e+00
4.181331548214563e-02 1.534534740027171e+00
4.232690960553408e-02 1.551706344538195e+00
4.284103022212950e-02 1.568858372500776e+00
4.335567814192143e-02 1.585990854369776e+00
4.387085417656178e-02 1.603103820531366e+00
4.438655913936911e-02 1.620197301303218e+00
4.490279384533289e-02 1.637271326934702e+00
4.541955911111781e-02 1.654325927607021e+00
4.593685575506807e-02 1.671361133433432e+00
4.645468459721169e-02 1.688376974459393e+00
4.697304645926486e-02 1.705373480662757e+00
4.749194216463633e-02 1.722350681953946e+00
4.801137253843168e-02 1.739308608176115e+00
4.853133840745773e-02 1.756247289105353e+00
4.905184060022698e-02 1.773166754450825e+00
4.957287994696194e-02 1.790067033854966e+00
5.009445727959957e-02 1.806948156893650e+00
5.061657343179571e-02 1.823810153076366e+00
5.113922923892952e-02 1.840653051846379e+00
5.166242553810793e-02 1.857476882580913e+00
5.218616316817013e-02 1.874281674591323e+00
5.271044296969202e-02 1.891067457123251e+00
5.323526578499073e-02 1.907834259356814e+00
5.376063245812913e-02 1.924582110406762e+00
5.428654383492035e-02 1.941311039322647e+00
5.481300076293230e-02 1.958021075089002e+00
5.534000409149227e-02 1.974712246625488e+00
5.586755467169144e-02 1.991384582787083e+00
5.639565335638953e-02 2.008038112364233e+00
5.692430100021931e-02 2.024672864083030e+00
5.745349845959131e-02 2.041288866605367e+00
5.798324659269834e-02 2.057886148529112e+00
5.851354625952021e-02 2.074464738388256e+00
5.904439832182836e-02 2.091024664653110e+00
5.957580364319050e-02 2.107565955730424e+00
6.010776308897534e-02 2.124088639963581e+00
6.064027752635723e-02 2.140592745632755e+00
6.117334782432095e-02 2.157078300955069e+00
6.170697485366636e-02 2.173545334084745e+00
6.224115948701316e-02 2.189993873113282e+00
6.277590259880569e-02 2.206423946069609e+00
6.331120506531770e-02 2.222835580920236e+00
6.384706776465701e-02 2.239228805569445e+00
6.438349157677051e-02 2.255603647859392e+00
6.492047738344882e-02 2.271960135570316e+00
6.545802606833119e-02 2.288298296420679e+00
6.599613851691036e-02 2.304618158067326e+00
6.653481561653733e-02 2.320919748105622e+00
6.707405825642641e-02 2.337203094069631e+00
6.761386732765989e-02 2.353468223432271e+00
6.815424372319313e-02 2.369715163605452e+00
6.869518833785944e-02 2.385943941940237e+00
6.923670206837494e-02 2.402154585727009e+00
6.977878581334364e-02 2.418347122195613e+00
7.032144047326225e-02 2.434521578515502e+00
7.086466695052536e-02 2.450677981795897e+00
7.140846614943031e-02 2.466816359085946e+00
7.195283897618218e-02 2.482936737374869e+00
7.249778633889896e-02 2.499039143592098e+00
7.304330914761649e-02 2.515123604607444e+00
7.358940831429359e-02 2.531190147231234e+00
7.413608475281706e-02 2.547238798214480e+00
7.468333937900687e-02 2.563269584249005e+00
7.523117311062123e-02 2.579282531967593e+00
7.577958686736169e-02 2.595277667944154e+00
7.632858157087838e-02 2.611255018693873e+00
7.687815814477504e-02 2.627214610673315e+00
7.742831751461432e-02 2.643156470280630e+00
7.797906060792294e-02 2.659080623855658e+00
7.853038835419685e-02 2.674987097680095e+00
7.908230168490651e-02 2.690875917977618e+00
7.963480153350218e-02 2.706747110914053e+00
8.018788883541904e-02 2.722600702597505e+00
8.074156452808263e-02 2.738436719078511e+00
8.129582955091404e-02 2.754255186350159e+00
8.185068484533525e-02 2.770056130348262e+00
8.240613135477450e-02 2.785839576951494e+00
8.296217002467156e-02 2.801605551981497e+00
8.351880180248318e-02 2.817354081203074e+00
8.407602763768841e-02 2.833085190324304e+00
8.463384848179402e-02 2.848798904996663e+00
8.519226528833991e-02 2.864495250815203e+00
8.575127901290457e-02 2.880174253318676e+00
8.631089061311048e-02 2.895835937989647e+00
8.687110104862959e-02 2.911480330254674e+00
8.743191128118888e-02 2.927107455484425e+00
8.799332227457576e-02 2.942717338993814e+00
8.855533499464366e-02 2.958310006042138e+00
8.911795040931753e-02 2.973885481833225e+00
8.968116948859940e-02 2.989443791515559e+00
9.024499320457405e-02 3.004984960182419e+00
9.080942253141437e-02 3.020509012872015e+00
9.137445844538726e-02 3.036015974567629e+00
9.194010192485905e-02 3.051505870197733e+00
9.250635395030120e-02 3.066978724636137e+00
9.307321550429604e-02 3.082434562702119e+00
9.364068757154236e-02 3.097873409160568e+00
9.420877113886114e-02 3.113295288722085e+00
9.477746719520129e-02 3.128700226043154e+00
9.534677673164539e-02 3.144088245726259e+00
9.591670074141535e-02 3.159459372320001e+00
9.648724021987840e-02 3.174813630319246e+00
9.705839616455263e-02 3.190151044165251e+00
9.763016957511299e-02 3.205471638245806e+00
9.820256145339705e-02 3.220775436895329e+00
9.877557280341086e-02 3.236062464395031e+00
9.934920463133480e-02 3.251332744973036e+00
9.992345794552952e-02 3.266586302804502e+00
1.004983337565418e-01 3.281823162011746e+00
1.010738330771105e-01 3.297043346664388e+00
1.016499569221725e-01 3.312246880779462e+00
1.022267063088686e-01 3.327433788321548e+00
1.028040822565498e-01 3.342604093202906e+00
1.033820857867827e-01 3.357757819283595e+00
1.039607179233564e-01 3.372894990371595e+00
1.045399796922875e-01 3.388015630222933e+00
1.051198721218272e-01 3.403119762541822e+00
1.057003962424666e-01 3.418207410980772e+00
1.062815530869432e-01 3.433278599140705e+00
1.068633436902470e-01 3.448333350571103e+00
1.074457690896264e-01 3.463371688770115e+00
1.080288303245946e-01 3.478393637184677e+00
1.086125284369357e-01 3.493399219210648e+00
1.091968644707112e-01 3.508388458192924e+00
1.097818394722655e-01 3.523361377425561e+00
1.103674544902329e-01 3.538318000151881e+00
1.109537105755434e-01 3.553258349564617e+00
1.115406087814293e-01 3.568182448806034e+00
1.121281501634313e-01 3.583090320968028e+00
1.127163357794047e-01 3.597981989092242e+00
1.133051666895262e-01 3.612857476170229e+00
1.138946439562999e-01 3.627716805143514e+00
1.144847686445637e-01 3.642559998903758e+00
1.150755418214960e-01 3.657387080292848e+00
1.156669645566217e-01 3.672198072103019e+00
1.162590379218190e-01 3.686992997076993e+00
1.168517629913259e-01 3.701771877908069e+00
1.174451408417462e-01 3.716534737240247e+00
1.180391725520569e-01 3.731281597668358e+00
1.186338592036138e-01 3.746012481738154e+00
1.192292018801586e-01 3.760727411946457e+00
1.198252016678254e-01 3.775426410741236e+00
1.204218596551473e-01 3.790109500521758e+00
1.210191769330630e-01 3.804776703638675e+00
1.216171545949232e-01 3.819428042394149e+00
1.222157937364979e-01 3.834063539041974e+00
1.228150954559825e-01 3.848683215787673e+00
1.234150608540047e-01 3.863287094788612e+00
1.240156910336313e-01 3.877875198154131e+00
1.246169871003751e-01 3.892447547945642e+00
1.252189501622012e-01 3.907004166176732e+00
1.258215813295344e-01 3.921545074813292e+00
1.264248817152654e-01 3.936070295773627e+00
1.270288524347584e-01 3.950579850928545e+00
1.276334946058573e-01 3.965073762101500e+00
1.282388093488929e-01 3.979552051068675e+00
1.288447977866898e-01 3.994014739559098e+00
1.294514610445733e-01 4.008461849254767e+00
1.300588002503765e-01 4.022893401790736e+00
1.306668165344470e-01 4.037309418755237e+00
1.312755110296542e-01 4.051709921689785e+00
1.318848848713963e-01 4.066094932089293e+00
1.324949391976071e-01 4.080464471402161e+00
1.331056751487633e-01 4.094818561030399e+00
1.337170938678918e-01 4.109157222329740e+00
1.343291965005764e-01 4.123480476609720e+00
1.349419841949651e-01 4.137788345133812e+00
1.355554581017776e-01 4.152080849119514e+00
1.361696193743120e-01 4.166358009738461e+00
1.367844691684524e-01 4.180619848116530e+00
1.374000086426760e-01 4.194866385333951e+00
1.380162389580602e-01 4.209097642425393e+00
1.386331612782905e-01 4.223313640380089e+00
1.392507767696672e-01 4.237514400141929e+00
1.398690866011128e-01 4.251699942609555e+00
1.404880919441799e-01 4.265870288636490e+00
1.411077939730579e-01 4.280025459031215e+00
1.417281938645811e-01 4.294165474557285e+00
1.423492927982356e-01 4.308290355933423e+00
1.429710919561670e-01 4.322400123833630e+00
1.435935925231881e-01 4.336494798887278e+00
1.442167956867859e-01 4.350574401679223e+00
1.448407026371297e-01 4.364638952749896e+00
1.454653145670785e-01 4.378688472595398e+00
1.460906326721882e-01 4.392722981667616e+00
1.467166581507201e-01 4.406742500374314e+00
1.473433922036475e-01 4.420747049079228e+00
1.479708360346644e-01 4.434736648102181e+00
1.485989908501923e-01 4.448711317719162e+00
1.492278578593886e-01 4.462671078162431e+00
1.498574382741541e-01 4.476615949620632e+00
1.504877333091406e-01 4.490545952238868e+00
1.511187441817592e-01 4.504461106118814e+00
1.517504721121875e-01 4.518361431318807e+00
1.523829183233781e-01 4.532246947853952e+00
1.530160840410661e-01 4.546117675696205e+00
1.536499704937771e-01 4.559973634774481e+00
1.542845789128352e-01 4.573814844974738e+00
1.549199105323708e-01 4.587641326140092e+00
1.555559665893289e-01 4.601453098070893e+00
1.561927483234768e-01 4.615250180524827e+00
1.568302569774127e-01 4.629032593217014e+00
1.574684937965729e-01 4.642800355820107e+00
1.581074600292407e-01 4.656553487964356e+00
1.587471569265543e-01 4.670292009237755e+00
1.593875857425146e-01 4.684015939186086e+00
1.600287477339941e-01 4.697725297313037e+00
1.606706441607444e-01 4.711420103080284e+00
1.613132762854051e-01 4.725100375907601e+00
1.619566453735115e-01 4.738766135172934e+00
1.626007526935032e-01 4.752417400212495e+00
1.632455995167326e-01 4.766054190320869e+00
1.638911871174729e-01 4.779676524751086e+00
1.645375167729267e-01 4.793284422714724e+00
1.651845897632344e-01 4.806877903382000e+00
1.658324073714826e-01 4.820456985881851e+00
1.664809708837127e-01 4.834021689302038e+00
1.671302815889291e-01 4.847572032689222e+00
1.677803407791084e-01 4.861108035049064e+00
1.684311497492072e-01 4.874629715346311e+00
1.690827097971710e-01 4.888137092504888e+00
1.697350222239431e-01 4.901630185407976e+00
1.703880883334729e-01 4.915109012898112e+00
1.710419094327247e-01 4.928573593777275e+00
1.716964868316864e-01 4.942023946806975e+00
1.723518218433785e-01 4.955460090708328e+00
1.730079157838622e-01 4.968882044162170e+00
1.736647699722492e-01 4.982289825809108e+00
1.743223857307098e-01 4.995683454249642e+00
1.749807643844817e-01 5.009062948044230e+00
1.756399072618796e-01 5.022428325713383e+00
1.762998156943036e-01 5.035779605737744e+00
1.769604910162480e-01 5.049116806558176e+00
1.776219345653110e-01 5.062439946575859e+00
1.782841476822031e-01 5.075749044152364e+00
1.789471317107562e-01 5.089044117609729e+00
1.796108879979332e-01 5.102325185230567e+00
1.802754178938365e-01 5.115592265258124e+00
1.809407227517175e-01 5.128845375896393e+00
1.816068039279858e-01 5.142084535310167e+00
1.822736627822182e-01 5.155309761625142e+00
1.829413006771682e-01 5.168521072927994e+00
1.836097189787750e-01 5.181718487266471e+00
1.842789190561732e-01 5.194902022649451e+00
1.849489022817017e-01 5.208071697047057e+00
1.856196700309136e-01 5.221227528390715e+00
1.862912236825849e-01 5.234369534573247e+00
1.869635646187248e-01 5.247497733448947e+00
1.876366942245846e-01 5.260612142833670e+00
1.883106138886672e-01 5.273712780504901e+00
1.889853250027370e-01 5.286799664201851e+00
1.896608289618291e-01 5.299872811625523e+00
1.903371271642594e-01 5.312932240438801e+00
1.910142210116338e-01 5.325977968266530e+00
1.916921119088578e-01 5.339010012695590e+00
1.923708012641470e-01 5.352028391274986e+00
1.930502904890358e-01 5.365033121515912e+00
1.937305809983879e-01 5.378024220891845e+00
1.944116742104059e-01 5.391001706838612e+00
1.950935715466412e-01 5.403965596754476e+00
1.957762744320037e-01 5.416915908000213e+00
1.964597842947721e-01 5.429852657899190e+00
1.971441025666035e-01 5.442775863737433e+00
1.978292306825435e-01 5.455685542763728e+00
1.985151700810365e-01 5.468581712189671e+00
1.992019222039353e-01 5.481464389189760e+00
1.998894884965116e-01 5.494333590901467e+00
2.005778704074657e-01 5.507189334425332e+00
2.012670693889372e-01 5.520031636824994e+00
2.019570868965151e-01 5.532860515127325e+00
2.026479243892475e-01 5.545675986322465e+00
2.033395833296526e-01 5.558478067363906e+00
2.040320651837286e-01 5.571266775168574e+00
2.047253714209642e-01 5.584042126616907e+00
2.054195035143490e-01 5.596804138552917e+00
2.061144629403839e-01 5.609552827784274e+00
2.068102511790914e-01 5.622288211082369e+00
2.075068697140264e-01 5.635010305182410e+00
2.082043200322868e-01 5.647719126783473e+00
2.089026036245236e-01 5.660414692548589e+00
2.096017219849520e-01 5.673097019104803e+00
2.103016766113617e-01 5.685766123043271e+00
2.110024690051281e-01 5.698422020919308e+00
2.117041006712222e-01 5.711064729252470e+00
2.124065731182224e-01 5.723694264526639e+00
2.131098878583245e-01 5.736310643190070e+00
2.138140464073530e-01 5.748913881655486e+00
2.145190502847716e-01 5.761503996300133e+00
2.152249010136947e-01 5.774081003465861e+00
2.159316001208977e-01 5.786644919459187e+00
2.166391491368286e-01 5.799195760551381e+00
2.173475495956186e-01 5.811733542978521e+00
2.180568030350934e-01 5.824258282941567e+00
2.187669109967845e-01 5.836769996606439e+00
2.194778750259400e-01 5.849268700104068e+00
2.201896966715359e-01 5.861754409530500e+00
2.209023774862877e-01 5.874227140946923e+00
2.216159190266611e-01 5.886686910379769e+00
2.223303228528839e-01 5.899133733820772e+00
2.230455905289571e-01 5.911567627227033e+00
2.237617236226662e-01 5.923988606521089e+00
2.244787237055928e-01 5.936396687590987e+00
2.251965923531262e-01 5.948791886290357e+00
2.259153311444749e-01 5.961174218438455e+00
2.266349416626778e-01 5.973543699820262e+00
2.273554254946164e-01 5.985900346186531e+00
2.280767842310260e-01 5.998244173253864e+00
2.287990194665079e-01 6.010575196704767e+00
2.295221327995405e-01 6.022893432187740e+00
2.302461258324916e-01 6.035198895317311e+00
2.309710001716302e-01 6.047491601674132e+00
2.316967574271379e-01 6.059771566805026e+00
2.324233992131216e-01 6.072038806223064e+00
2.331509271476248e-01 6.084293335407626e+00
2.338793428526399e-01 6.096535169804465e+00
2.346086479541203e-01 6.108764324825774e+00
2.353388440819921e-01 6.120980815850251e+00
2.360699328701670e-01 6.133184658223161e+00
2.368019159565538e-01 6.145375867256412e+00
2.375347949830707e-01 6.157554458228603e+00
2.382685715956581e-01 6.169720446385092e+00
2.390032474442903e-01 6.181873846938071e+00
2.397388241829883e-01 6.194014675066622e+00
2.404753034698319e-01 6.206142945916778e+00
2.412126869669724e-01 6.218258674601582e+00
2.419509763406451e-01 6.230361876201169e+00
2.426901732611815e-01 6.242452565762811e+00
2.434302794030224e-01 6.254530758300984e+00
2.441712964447302e-01 6.266596468797434e+00
2.449132260690016e-01 6.278649712201233e+00
2.456560699626807e-01 6.290690503428852e+00
2.463998298167712e-01 6.302718857364205e+00
2.471445073264497e-01 6.314734788858729e+00
2.478901041910785e-01 6.326738312731433e+00
2.486366221142182e-01 6.338729443768969e+00
2.493840628036412e-01 6.350708196725678e+00
2.501324279713442e-01 6.362674586323671e+00
2.508817193335617e-01 6.374628627252871e+00
2.516319386107788e-01 6.386570334171079e+00
2.523830875277447e-01 6.398499721704049e+00
2.531351678134854e-01 6.410416804445516e+00
2.538881812013177e-01 6.422321596957289e+00
2.546421294288618e-01 6.434214113769290e+00
2.553970142380549e-01 6.446094369379619e+00
2.561528373751650e-01 6.457962378254615e+00
2.569096005908039e-01 6.469818154828914e+00
2.576673056399407e-01 6.481661713505503e+00
2.584259542819158e-01 6.493493068655781e+00
2.591855482804542e-01 6.505312234619627e+00
2.599460894036790e-01 6.517119225705443e+00
2.607075794241255e-01 6.528914056190217e+00
2.614700201187549e-01 6.540696740319586e+00
2.622334132689678e-01 6.552467292307890e+00
2.629977606606185e-01 6.564225726338222e+00
2.637630640840286e-01 6.575972056562502e+00
2.645293253340012e-01 6.587706297101512e+00
2.652965462098347e-01 6.599428462044973e+00
2.660647285153372e-01 6.611138565451590e+00
2.668338740588403e-01 6.622836621349107e+00
2.676039846532135e-01 6.634522643734377e+00
2.683750621158785e-01 6.646196646573397e+00
2.691471082688233e-01 6.657858643801383e+00
2.699201249386164e-01 6.669508649322808e+00
2.706941139564220e-01 6.681146677011480e+00
2.714690771580132e-01 6.692772740710566e+00
2.722450163837878e-01 6.704386854232679e+00
2.730219334787821e-01 6.715989031359912e+00
2.737998302926856e-01 6.727579285843897e+00
2.745787086798558e-01 6.739157631405863e+00
2.753585704993331e-01 6.750724081736692e+00
2.761394176148552e-01 6.762278650496960e+00
2.769212518948723e-01 6.773821351317011e+00
2.777040752125617e-01 6.785352197796986e+00
2.784878894458431e-01 6.796871203506900e+00
2.792726964773934e-01 6.808378381986683e+00
2.800584981946618e-01 6.819873746746232e+00
2.808452964898849e-01 6.831357311265467e+00
2.816330932601019e-01 6.842829088994389e+00
2.824218904071700e-01 6.854289093353115e+00
2.832116898377794e-01 6.865737337731957e+00
2.840024934634691e-01 6.877173835491442e+00
2.847943032006419e-01 6.888598599962396e+00
2.855871209705800e-01 6.900011644445973e+00
2.863809486994607e-01 6.911412982213719e+00
2.871757883183718e-01 6.922802626507611e+00
2.879716417633275e-01 6.934180590540119e+00
2.887685109752838e-01 6.945546887494260e+00
2.895663979001544e-01 6.956901530523627e+00
2.903653044888268e-01 6.968244532752475e+00
2.911652326971778e-01 6.979575907275734e+00
2.919661844860897e-01 6.990895667159084e+00
2.927681618214663e-01 7.002203825438998e+00
2.935711666742488e-01 7.013500395122788e+00
2.943752010204324e-01 7.024785389188663e+00
2.951802668410819e-01 7.036058820585769e+00
2.959863661223484e-01 7.047320702234245e+00
2.967935008554854e-01 7.058571047025270e+00
2.976016730368657e-01 7.069809867821111e+00
2.984108846679969e-01 7.081037177455175e+00
2.992211377555388e-01 7.092252988732051e+00
3.000324343113196e-01 7.103457314427570e+00
3.008447763523528e-01 7.114650167288839e+00
3.016581659008534e-01 7.125831560034298e+00
3.024726049842553e-01 7.137001505353769e+00
3.032880956352278e-01 7.148160015908502e+00
3.041046398916926e-01 7.159307104331210e+00
3.049222397968404e-01 7.170442783226144e+00
3.057408973991489e-01 7.181567065169110e+00
3.065606147523990e-01 7.192679962707540e+00
3.073813939156920e-01 7.203781488360525e+00
3.082032369534677e-01 7.214871654618860e+00
3.090261459355206e-01 7.225950473945105e+00
3.098501229370181e-01 7.237017958773617e+00
3.106751700385175e-01 7.248074121510602e+00
3.115012893259838e-01 7.259118974534159e+00
3.123284828908070e-01 7.270152530194336e+00
3.131567528298200e-01 7.281174800813154e+00
3.139861012453161e-01 7.292185798684676e+00
3.148165302450668e-01 7.303185536075035e+00
3.156480419423401e-01 7.314174025222485e+00
3.164806384559177e-01 7.325151278337454e+00
3.173143219101136e-01 7.336117307602575e+00
3.181490944347917e-01 7.347072125172743e+00
3.189849581653845e-01 7.358015743175143e+00
3.198219152429106e-01 7.368948173709316e+00
3.206599678139938e-01 7.379869428847188e+00
3.214991180308805e-01 7.390779520633118e+00
3.223393680514591e-01 7.401678461083939e+00
3.231807200392779e-01 7.412566262189012e+00
3.240231761635636e-01 7.423442935910249e+00
3.248667385992404e-01 7.434308494182181e+00
3.257114095269482e-01 7.445162948911985e+00
3.265571911330620e-01 7.456006311979531e+00
3.274040856097101e-01 7.466838595237421e+00
3.282520951547936e-01 7.477659810511043e+00
3.291012219720050e-01 7.488469969598601e+00
3.299514682708476e-01 7.499269084271167e+00
3.308028362666543e-01 7.510057166272708e+00
3.316553281806073e-01 7.520834227320152e+00
3.325089462397571e-01 7.531600279103404e+00
3.333636926770419e-01 7.542355333285409e+00
3.342195697313071e-01 7.553099401502179e+00
3.350765796473253e-01 7.563832495362841e+00
3.359347246758150e-01 7.574554626449678e+00
3.367940070734611e-01 7.585265806318165e+00
3.376544291029343e-01 7.595966046497018e+00
3.385159930329111e-01 7.606655358488230e+00
3.393787011380938e-01 7.617333753767105e+00
3.402425556992301e-01 7.628001243782313e+00
3.411075590031339e-01 7.638657839955918e+00
3.419737133427049e-01 7.649303553683426e+00
3.428410210169492e-01 7.659938396333819e+00
3.437094843309992e-01 7.670562379249592e+00
3.445791055961346e-01 7.681175513746805e+00
3.454498871298026e-01 7.691777811115111e+00
3.463218312556383e-01 7.702369282617800e+00
3.471949403034858e-01 7.712949939491835e+00
3.480692166094187e-01 7.723519792947898e+00
3.489446625157609e-01 7.734078854170419e+00
3.498212803711075e-01 7.744627134317619e+00
3.506990725303462e-01 7.755164644521556e+00
3.515780413546775e-01 7.765691395888144e+00
3.524581892116371e-01 7.776207399497216e+00
3.533395184751162e-01 7.786712666402540e+00
3.542220315253830e-01 7.797207207631870e+00
3.551057307491043e-01 7.807691034186978e+00
3.559906185393675e-01 7.818164157043697e+00
3.568766972957009e-01 7.828626587151952e+00
3.577639694240968e-01 7.839078335435798e+00
3.586524373370322e-01 7.849519412793461e+00
3.595421034534915e-01 7.859949830097372e+00
3.604329701989879e-01 7.870369598194206e+00
3.613250400055855e-01 7.880778727904916e+00
3.622183153119218e-01 7.891177230024770e+00
3.631127985632295e-01 7.901565115323389e+00
3.640084922113590e-01 7.911942394544780e+00
3.649053987148007e-01 7.922309078407377e+00
3.658035205387078e-01 7.932665177604070e+00
3.667028601549185e-01 7.943010702802249e+00
3.676034200419790e-01 7.953345664643832e+00
3.685052026851658e-01 7.963670073745303e+00
3.694082105765091e-01 7.973983940697748e+00
3.703124462148154e-01 7.984287276066893e+00
3.712179121056909e-01 7.994580090393132e+00
3.721246107615642e-01 8.004862394191562e+00
3.730325447017097e-01 8.015134197952033e+00
3.739417164522713e-01 8.025395512139156e+00
3.748521285462851e-01 8.035646347192362e+00
3.757637835237039e-01 8.045886713525924e+00
3.766766839314196e-01 8.056116621528989e+00
3.775908323232881e-01 8.066336081565623e+00
3.785062312601523e-01 8.076545103974826e+00
3.794228833098663e-01 8.086743699070592e+00
3.803407910473197e-01 8.096931877141916e+00
3.812599570544612e-01 8.107109648452848e+00
3.821803839203230e-01 8.117277023242510e+00
3.831020742410454e-01 8.127434011725139e+00
3.840250306199006e-01 8.137580624090116e+00
3.849492556673178e-01 8.147716870502007e+00
3.858747520009075e-01 8.157842761100575e+00
3.868015222454863e-01 8.167958306000838e+00
3.877295690331017e-01 8.178063515293079e+00
3.886588950030571e-01 8.188158399042896e+00
3.895895028019365e-01 8.198242967291225e+00
3.905213950836302e-01 8.208317230054373e+00
3.914545745093593e-01 8.218381197324044e+00
3.923890437477017e-01 8.228434879067382e+00
3.933248054746172e-01 8.238478285226995e+00
3.942618623734730e-01 8.248511425720988e+00
3.952002171350697e-01 8.258534310442993e+00
3.961398724576665e-01 8.268546949262207e+00
3.970808310470076e-01 8.278549352023411e+00
3.980230956163477e-01 8.288541528547004e+00
3.989666688864787e-01 8.298523488629044e+00
3.999115535857550e-01 8.308495242041264e+00
4.008577524501207e-01 8.318456798531113e+00
4.018052682231354e-01 8.328408167821781e+00
4.027541036560012e-01 8.338349359612227e+00
4.037042615075888e-01 8.348280383577219e+00
4.046557445444645e-01 8.358201249367347e+00
4.056085555409171e-01 8.368111966609067e+00
4.065626972789848e-01 8.378012544904731e+00
4.075181725484824e-01 8.387902993832601e+00
4.084749841470283e-01 8.397783322946893e+00
4.094331348800718e-01 8.407653541777798e+00
4.103926275609206e-01 8.417513659831521e+00
4.113534650107686e-01 8.427363686590294e+00
4.123156500587229e-01 8.437203631512416e+00
4.132791855418324e-01 8.447033504032284e+00
4.142440743051146e-01 8.456853313560407e+00
4.152103192015849e-01 8.466663069483449e+00
4.161779230922837e-01 8.476462781164248e+00
4.171468888463051e-01 8.486252457941852e+00
4.181172193408251e-01 8.496032109131535e+00
4.190889174611302e-01 8.505801744024836e+00
4.200619861006459e-01 8.515561371889579e+00
4.210364281609655e-01 8.525311001969907e+00
4.220122465518786e-01 8.535050643486302e+00
4.229894441914009e-01 8.544780305635619e+00
4.239680240058022e-01 8.554499997591101e+00
4.249479889296365e-01 8.564209728502426e+00
4.259293419057710e-01 8.573909507495713e+00
4.269120858854151e-01 8.583599343673566e+00
4.278962238281510e-01 8.593279246115081e+00
4.288817587019624e-01 8.602949223875886e+00
4.298686934832650e-01 8.612609285988174e+00
4.308570311569362e-01 8.622259441460709e+00
4.318467747163452e-01 8.631899699278865e+00
4.328379271633833e-01 8.641530068404649e+00
4.338304915084941e-01 8.651150557776724e+00
4.348244707707041e-01 8.660761176310439e+00
4.358198679776533e-01 8.670361932897855e+00
4.368166861656260e-01 8.679952836407761e+00
4.378149283795815e-01 8.689533895685706e+00
4.388145976731853e-01 8.699105119554034e+00
4.398156971088400e-01 8.708666516811878e+00
4.408182297577169e-01 8.718218096235230e+00
4.418221986997869e-01 8.727759866576914e+00
4.428276070238529e-01 8.737291836566655e+00
4.438344578275803e-01 8.746814014911079e+00
4.448427542175298e-01 8.756326410293738e+00
4.458524993091890e-01 8.765829031375148e+00
4.468636962270044e-01 8.775321886792796e+00
4.478763481044140e-01 8.784804985161177e+00
4.488904580838787e-01 8.794278335071809e+00
4.499060293169162e-01 8.803741945093257e+00
4.509230649641325e-01 8.813195823771164e+00
4.519415681952553e-01 8.822639979628264e+00
4.529615421891667e-01 8.832074421164418e+00
4.539829901339364e-01 8.841499156856621e+00
4.550059152268547e-01 8.850914195159035e+00
4.560303206744662e-01 8.860319544503009e+00
4.570562096926027e-01 8.869715213297104e+00
4.580835855064178e-01 8.879101209927111e+00
4.591124513504197e-01 8.888477542756078e+00
4.601428104685056e-01 8.897844220124327e+00
4.611746661139963e-01 8.907201250349480e+00
4.622080215496693e-01 8.916548641726484e+00
4.632428800477943e-01 8.925886402527620e+00
4.642792448901669e-01 8.935214541002541e+00
4.653171193681438e-01 8.944533065378277e+00
4.663565067826776e-01 8.953841983859274e+00
4.673974104443514e-01 8.963141304627403e+00
4.684398336734145e-01 8.972431035841979e+00
4.694837797998173e-01 8.981711185639794e+00
4.705292521632471e-01 8.990981762135128e+00
4.715762541131633e-01 9.000242773419778e+00
4.726247890088333e-01 9.009494227563064e+00
4.736748602193689e-01 9.018736132611867e+00
4.747264711237614e-01 9.027968496590635e+00
4.757796251109190e-01 9.037191327501414e+00
4.768343255797025e-01 9.046404633323865e+00
4.778905759389617e-01 9.055608422015279e+00
4.789483796075729e-01 9.064802701510601e+00
4.800077400144747e-01 9.073987479722447e+00
4.810686605987065e-01 9.083162764541131e+00
4.821311448094440e-01 9.092328563834673e+00
4.831951961060380e-01 9.101484885448832e+00
4.842608179580514e-01 9.110631737207111e+00
4.853280138452967e-01 9.119769126910782e+00
4.863967872578742e-01 9.128897062338915e+00
4.874671416962101e-01 9.138015551248378e+00
4.885390806710941e-01 9.147124601373868e+00
4.896126077037187e-01 9.156224220427926e+00
4.906877263257171e-01 9.165314416100960e+00
4.917644400792021e-01 9.174395196061257e+00
4.928427525168051e-01 9.183466567955001e+00
4.939226672017152e-01 9.192528539406300e+00
4.950041877077181e-01 9.201581118017195e+00
4.960873176192358e-01 9.210624311367674e+00
4.971720605313664e-01 9.219658127015709e+00
4.982584200499234e-01 9.228682572497252e+00
4.993463997914760e-01 9.237697655326262e+00
5.004360033833891e-01 9.246703382994724e+00
5.015272344638637e-01 9.255699762972665e+00
5.026200966819774e-01 9.264686802708166e+00
5.037145936977246e-01 9.273664509627388e+00
5.048107291820584e-01 9.282632891134575e+00
5.059085068169304e-01 9.291591954612091e+00
5.070079302953331e-01 9.300541707420418e+00
5.081090033213401e-01 9.309482156898177e+00
5.092117296101490e-01 9.318413310362153e+00
5.103161128881222e-01 9.327335175107304e+00
5.114221568928291e-01 9.336247758406778e+00
5.125298653730886e-01 9.345151067511924e+00
5.136392420890113e-01 9.354045109652322e+00
5.147502908120415e-01 9.362929892035782e+00
5.158630153250009e-01 9.371805421848368e+00
5.169774194221308e-01 9.380671706254418e+00
5.180935069091355e-01 9.389528752396551e+00
5.192112816032256e-01 9.398376567395687e+00
5.203307473331616e-01 9.407215158351054e+00
5.214519079392973e-01 9.416044532340221e+00
5.225747672736242e-01 9.424864696419093e+00
5.236993291998151e-01 9.433675657621933e+00
5.248255975932687e-01 9.442477422961385e+00
5.259535763411544e-01 9.451269999428476e+00
5.270832693424562e-01 9.460053393992640e+00
5.282146805080187e-01 9.468827613601722e+00
5.293478137605910e-01 9.477592665182005e+00
5.304826730348734e-01 9.486348555638209e+00
5.316192622775616e-01 9.495095291853524e+00
5.327575854473936e-01 9.503832880689600e+00
5.338976465151948e-01 9.512561328986589e+00
5.350394494639245e-01 9.521280643563127e+00
5.361829982887226e-01 9.529990831216374e+00
5.373282969969559e-01 9.538691898722016e+00
5.384753496082646e-01 9.547383852834276e+00
5.396241601546098e-01 9.556066700285932e+00
5.407747326803205e-01 9.564740447788324e+00
5.419270712421412e-01 9.573405102031380e+00
5.430811799092796e-01 9.582060669683610e+00
5.442370627634544e-01 9.590707157392137e+00
5.453947238989434e-01 9.599344571782694e+00
5.465541674226316e-01 9.607972919459645e+00
5.477153974540606e-01 9.616592207005999e+00
5.488784181254763e-01 9.625202440983411e+00
5.500432335818788e-01 9.633803627932211e+00
5.512098479810711e-01 9.642395774371401e+00
5.523782654937087e-01 9.650978886798669e+00
5.535484903033497e-01 9.659552971690411e+00
5.547205266065042e-01 9.668118035501735e+00
5.558943786126843e-01 9.676674084666463e+00
5.570700505444556e-01 9.685221125597167e+00
5.582475466374862e-01 9.693759164685151e+00
5.594268711405993e-01 9.702288208300487e+00
5.606080283158228e-01 9.710808262792012e+00
5.617910224384417e-01 9.719319334487340e+00
5.629758577970492e-01 9.727821429692877e+00
5.641625386935983e-01 9.736314554693831e+00
5.653510694434548e-01 9.744798715754218e+00
5.665414543754482e-01 9.753273919116875e+00
5.677336978319256e-01 9.761740171003474e+00
5.689278041688037e-01 9.770197477614529e+00
5.701237777556223e-01 9.778645845129402e+00
5.713216229755970e-01 9.787085279706318e+00
5.725213442256736e-01 9.795515787482380e+00
5.737229459165809e-01 9.803937374573561e+00
5.749264324728859e-01 9.812350047074734e+00
5.761318083330468e-01 9.820753811059665e+00
5.773390779494687e-01 9.829148672581038e+00
5.785482457885579e-01 9.837534637670446e+00
5.797593163307772e-01 9.845911712338420e+00
5.809722940707008e-01 9.854279902574422e+00
5.821871835170703e-01 9.862639214346860e+00
5.834039891928505e-01 9.870989653603100e+00
5.846227156352853e-01 9.879331226269464e+00
5.858433673959547e-01 9.887663938251254e+00
5.870659490408305e-01 9.895987795432745e+00
5.882904651503345e-01 9.904302803677210e+00
5.895169203193942e-01 9.912608968826907e+00
5.907453191575016e-01 9.920906296703109e+00
5.919756662887702e-01 9.929194793106095e+00
5.932079663519931e-01 9.937474463815164e+00
5.944422240007017e-01 9.945745314588651e+00
5.956784439032238e-01 9.954007351163920e+00
5.969166307427427e-01 9.962260579257379e+00
5.981567892173565e-01 9.970505004564492e+00
5.993989240401368e-01 9.978740632759774e+00
6.006430399391898e-01 9.986967469496809e+00
6.018891416577145e-01 9.995185520408256e+00
6.031372339540642e-01 1.000339479110585e+01
6.043873216018069e-01 1.001159528718041e+01
6.056394093897860e-01 1.001978701420185e+01
6.068935021221814e-01 1.002796997771918e+01
6.081496046185710e-01 1.003614418326054e+01
6.094077217139927e-01 1.004430963633314e+01
6.106678582590056e-01 1.005246634242334e+01
6.119300191197535e-01 1.006061430699662e+01
6.131942091780267e-01 1.006875353549757e+01
6.144604333313253e-01 1.007688403334996e+01
6.157286964929222e-01 1.008500580595666e+01
6.169990035919271e-01 1.009311885869971e+01
6.182713595733497e-01 1.010122319694030e+01
6.195457693981644e-01 1.010931882601878e+01
6.208222380433748e-01 1.011740575125465e+01
6.221007705020777e-01 1.012548397794661e+01
6.233813717835293e-01 1.013355351137252e+01
6.246640469132100e-01 1.014161435678940e+01
6.259488009328902e-01 1.014966651943350e+01
6.272356389006963e-01 1.015771000452023e+01
6.285245658911776e-01 1.016574481724419e+01
6.298155869953719e-01 1.017377096277920e+01
6.311087073208740e-01 1.018178844627827e+01
6.324039319919017e-01 1.018979727287363e+01
6.337012661493642e-01 1.019779744767671e+01
6.350007149509301e-01 1.020578897577816e+01
6.363022835710958e-01 1.021377186224787e+01
6.376059772012534e-01 1.022174611213492e+01
6.389118010497612e-01 1.022971173046766e+01
6.402197603420113e-01 1.023766872225364e+01
6.415298603205009e-01 1.024561709247966e+01
6.428421062449009e-01 1.025355684611176e+01
6.441565033921279e-01 1.026148798809522e+01
6.454730570564137e-01 1.026941052335457e+01
6.467917725493763e-01 1.027732445679359e+01
6.481126552000924e-01 1.028522979329531e+01
6.494357103551682e-01 1.029312653772202e+01
6.507609433788122e-01 1.030101469491527e+01
6.520883596529069e-01 1.030889426969586e+01
6.534179645770825e-01 1.031676526686388e+01
6.547497635687897e-01 1.032462769119866e+01
6.560837620633734e-01 1.033248154745881e+01
6.574199655141465e-01 1.034032684038222e+01
6.587583793924644e-01 1.034816357468604e+01
6.600990091877994e-01 1.035599175506671e+01
6.614418604078158e-01 1.036381138619995e+01
6.627869385784459e-01 1.037162247274073e+01
6.641342492439651e-01 1.037942501932335e+01
6.654837979670681e-01 1.038721903056135e+01
6.668355903289460e-01 1.039500451104760e+01
6.681896319293630e-01 1.040278146535421e+01
6.695459283867331e-01 1.041054989803260e+01
6.709044853381989e-01 1.041830981361351e+01
6.722653084397088e-01 1.042606121660691e+01
6.736284033660959e-01 1.043380411150212e+01
6.749937758111570e-01 1.044153850276771e+01
6.763614314877316e-01 1.044926439485158e+01
6.777313761277817e-01 1.045698179218090e+01
6.791036154824718e-01 1.046469069916215e+01
6.804781553222494e-01 1.047239112018110e+01
6.818550014369259e-01 1.048008305960281e+01
6.832341596357580e-01 1.048776652177166e+01
6.846156357475293e-01 1.049544151101131e+01
6.859994356206324e-01 1.050310803162471e+01
6.873855651231515e-01 1.051076608789414e+01
6.887740301429455e-01 1.051841568408114e+01
6.901648365877304e-01 1.052605682442658e+01
6.915579903851650e-01 1.053368951315061e+01
6.929534974829329e-01 1.054131375445267e+01
6.943513638488290e-01 1.054892955251153e+01
6.957515954708433e-01 1.055653691148522e+01
6.971541983572471e-01 1.056413583551109e+01
6.985591785366787e-01 1.057172632870577e+01
6.999665420582299e-01 1.057930839516520e+01
7.013762949915325e-01 1.058688203896460e+01
7.027884434268458e-01 1.059444726415849e+01
7.042029934751441e-01 1.060200407478068e+01
7.056199512682056e-01 1.060955247484427e+01
7.070393229586999e-01 1.061709246834164e+01
7.084611147202777e-01 1.062462405924449e+01
7.098853327476604e-01 1.063214725150377e+01
7.113119832567294e-01 1.063966204904972e+01
7.127410724846174e-01 1.064716845579188e+01
7.141726066897984e-01 1.065466647561907e+01
7.156065921521801e-01 1.066215611239937e+01
7.170430351731951e-01 1.066963736998016e+01
7.184819420758926e-01 1.067711025218808e+01
7.199233192050325e-01 1.068457476282904e+01
7.213671729271779e-01 1.069203090568824e+01
7.228135096307887e-01 1.069947868453014e+01
7.242623357263162e-01 1.070691810309845e+01
7.257136576462976e-01 1.071434916511617e+01
7.271674818454513e-01 1.072177187428555e+01
7.286238148007728e-01 1.072918623428809e+01
7.300826630116301e-01 1.073659224878455e+01
7.315440329998616e-01 1.074398992141496e+01
7.330079313098720e-01 1.075137925579856e+01
7.344743645087309e-01 1.075876025553389e+01
7.359433391862706e-01 1.076613292419869e+01
7.374148619551850e-01 1.077349726534996e+01
7.388889394511289e-01 1.078085328252392e+01
7.403655783328171e-01 1.078820097923605e+01
7.418447852821257e-01 1.079554035898103e+01
7.433265670041922e-01 1.080287142523279e+01
7.448109302275167e-01 1.081019418144448e+01
7.462978817040637e-01 1.081750863104844e+01
7.477874282093658e-01 1.082481477745626e+01
7.492795765426247e-01 1.083211262405873e+01
7.507743335268159e-01 1.083940217422583e+01
7.522717060087921e-01 1.084668343130677e+01
7.537717008593885e-01 1.085395639862993e+01
7.552743249735265e-01 1.086122107950290e+01
7.567795852703211e-01 1.086847747721246e+01
7.582874886931853e-01 1.087572559502457e+01
7.597980422099386e-01 1.088296543618437e+01
7.613112528129131e-01 1.089019700391618e+01
7.628271275190619e-01 1.089742030142348e+01
7.643456733700673e-01 1.090463533188892e+01
7.658668974324503e-01 1.091184209847433e+01
7.673908067976796e-01 1.091904060432066e+01
7.689174085822819e-01 1.092623085254803e+01
7.704467099279533e-01 1.093341284625572e+01
7.719787180016701e-01 1.094058658852213e+01
7.735134399958009e-01 1.094775208240479e+01
7.750508831282192e-01 1.095490933094037e+01
7.765910546424166e-01 1.096205833714467e+01
7.781339618076161e-01 1.096919910401260e+01
7.796796119188870e-01 1.097633163451818e+01
7.812280122972598e-01 1.098345593161453e+01
7.827791702898416e-01 1.099057199823390e+01
7.843330932699324e-01 1.099767983728760e+01
7.858897886371420e-01 1.100477945166603e+01
7.874492638175074e-01 1.101187084423871e+01
7.890115262636108e-01 1.101895401785421e+01
7.905765834546984e-01 1.102602897534016e+01
7.921444428967993e-01 1.103309571950327e+01
7.937151121228467e-01 1.104015425312929e+01
7.952885986927973e-01 1.104720457898306e+01
7.968649101937532e-01 1.105424669980841e+01
7.984440542400837e-01 1.106128061832826e+01
8.000260384735480e-01 1.106830633724452e+01
8.016108705634181e-01 1.107532385923814e+01
8.031985582066034e-01 1.108233318696908e+01
8.047891091277743e-01 1.108933432307634e+01
8.063825310794890e-01 1.109632727017788e+01
8.079788318423179e-01 1.110331203087068e+01
8.095780192249711e-01 1.111028860773071e+01
8.111801010644254e-01 1.111725700331291e+01
8.127850852260529e-01 1.112421722015121e+01
8.143929796037485e-01 1.113116926075848e+01
8.160037921200605e-01 1.113811312762657e+01
8.176175307263204e-01 1.114504882322629e+01
8.192342034027734e-01 1.115197635000737e+01
8.208538181587106e-01 1.115889571039849e+01
8.224763830326002e-01 1.116580690680726e+01
8.241019060922218e-01 1.117270994162021e+01
8.257303954347986e-01 1.117960481720278e+01
8.273618591871339e-01 1.118649153589931e+01
8.289963055057438e-01 1.119337010003305e+01
8.306337425769952e-01 1.120024051190613e+01
8.322741786172416e-01 1.120710277379956e+01
8.339176218729605e-01 1.121395688797323e+01
8.355640806208917e-01 1.122080285666588e+01
8.372135631681765e-01 1.122764068209512e+01
8.388660778524968e-01 1.123447036645742e+01
8.405216330422157e-01 1.124129191192804e+01
8.421802371365199e-01 1.124810532066113e+01
8.438418985655600e-01 1.125491059478962e+01
8.455066257905948e-01 1.126170773642527e+01
8.471744273041337e-01 1.126849674765865e+01
8.488453116300823e-01 1.127527763055912e+01
8.505192873238864e-01 1.128205038717481e+01
8.521963629726791e-01 1.128881501953266e+01
8.538765471954267e-01 1.129557152963835e+01
8.555598486430774e-01 1.130231991947634e+01
8.572462759987090e-01 1.130906019100984e+01
8.589358379776781e-01 1.131579234618079e+01
8.606285433277709e-01 1.132251638690986e+01
8.623244008293538e-01 1.132923231509647e+01
8.640234192955250e-01 1.133594013261873e+01
8.657256075722671e-01 1.134263984133347e+01
8.674309745386016e-01 1.134933144307620e+01
8.691395291067425e-01 1.135601493966112e+01
8.708512802222512e-01 1.136269033288113e+01
8.725662368641934e-01 1.136935762450776e+01
8.742844080452961e-01 1.137601681629122e+01
8.760058028121041e-01 1.138266790996038e+01
8.777304302451411e-01 1.138931090722273e+01
8.794582994590671e-01 1.139594580976438e+01
8.811894196028405e-01 1.140257261925008e+01
8.829237998598790e-01 1.140919133732319e+01
8.846614494482220e-01 1.141580196560565e+01
8.864023776206940e-01 1.142240450569800e+01
8.881465936650689e-01 1.142899895917936e+01
8.898941069042345e-01 1.143558532760743e+01
8.916449266963598e-01 1.144216361251846e+01
8.933990624350608e-01 1.144873381542724e+01
8.951565235495700e-01 1.145529593782711e+01
8.969173195049036e-01 1.146184998118995e+01
8.986814598020327e-01 1.146839594696614e+01
9.004489539780539e-01 1.147493383658459e+01
9.022198116063604e-01 1.148146365145268e+01
9.039940422968162e-01 1.148798539295631e+01
9.057716556959287e-01 1.149449906245985e+01
9.075526614870241e-01 1.150100466130612e+01
9.093370693904234e-01 1.150750219081641e+01
9.111248891636189e-01 1.151399165229047e+01
9.129161306014520e-01 1.152047304700648e+01
9.147108035362927e-01 1.152694637622103e+01
9.165089178382185e-01 1.153341164116916e+01
9.183104834151957e-01 1.153986884306427e+01
9.201155102132623e-01 1.154631798309820e+01
9.219240082167097e-01 1.155275906244116e+01
9.237359874482678e-01 1.155919208224172e+01
9.255514579692893e-01 1.156561704362683e+01
9.273704298799369e-01 1.157203394770179e+01
9.291929133193693e-01 1.157844279555024e+01
9.310189184659313e-01 1.158484358823416e+01
9.328484555373413e-01 1.159123632679384e+01
9.346815347908838e-01 1.159762101224788e+01
9.365181665235999e-01 1.160399764559321e+01
9.383583610724804e-01 1.161036622780501e+01
9.402021288146595e-01 1.161672675983675e+01
9.420494801676108e-01 1.162307924262019e+01
9.439004255893423e-01 1.162942367706533e+01
9.457549755785939e-01 1.163576006406041e+01
9.476131406750370e-01 1.164208840447192e+01
9.494749314594731e-01 1.164840869914458e+01
9.513403585540352e-01 1.165472094890131e+01
9.532094326223892e-01 1.166102515454324e+01
9.550821643699378e-01 1.166732131684969e+01
9.569585645440239e-01 1.167360943657818e+01
9.588386439341380e-01 1.167988951446439e+01
9.607224133721225e-01 1.168616155122214e+01
9.626098837323820e-01 1.169242554754345e+01
9.645010659320914e-01 1.169868150409843e+01
9.663959709314065e-01 1.170492942153535e+01
9.682946097336761e-01 1.171116930048060e+01
9.701969933856542e-01 1.171740114153865e+01
9.721031329777151e-01 1.172362494529211e+01
9.740130396440688e-01 1.172984071230163e+01
9.759267245629770e-01 1.173604844310597e+01
9.778441989569721e-01 1.174224813822195e+01
9.797654740930761e-01 1.174843979814443e+01
9.816905612830220e-01 1.175462342334633e+01
9.836194718834739e-01 1.176079901427861e+01
9.855522172962528e-01 1.176696657137022e+01
9.874888089685595e-01 1.177312609502817e+01
9.894292583932018e-01 1.177927758563743e+01
9.913735771088202e-01 1.178542104356099e+01
9.933217767001185e-01 1.179155646913980e+01
9.952738687980927e-01 1.179768386269281e+01
9.972298650802631e-01 1.180380322451691e+01
9.991897772709061e-01 1.180991455488693e+01
1.001153617141290e+00 1.181601785405568e+01
1.003121396509909e+00 1.182211312225386e+01
1.005093127242723e+00 1.182820035969011e+01
1.007068821253391e+00 1.183427956655098e+01
1.009048490503517e+00 1.184035074300091e+01
1.011032147002888e+00 1.184641388918223e+01
1.013019802809718e+00 1.185246900521517e+01
1.015011470030890e+00 1.185851609119780e+01
1.017007160822206e+00 1.186455514720608e+01
1.019006887388632e+00 1.187058617329379e+01
1.021010661984543e+00 1.187660916949257e+01
1.023018496913982e+00 1.188262413581188e+01
1.025030404530905e+00 1.188863107223901e+01
1.027046397239437e+00 1.189462997873906e+01
1.029066487494123e+00 1.190062085525492e+01
1.031090687800192e+00 1.190660370170728e+01
1.033119010713810e+00 1.191257851799462e+01
1.035151468842338e+00 1.191854530399318e+01
1.037188074844597e+00 1.192450405955697e+01
1.039228841431131e+00 1.193045478451775e+01
1.041273781364468e+00 1.193639747868503e+01
1.043322907459388e+00 1.194233214184606e+01
1.045376232583191e+00 1.194825877376580e+01
1.047433769655965e+00 1.195417737418695e+01
1.049495531650861e+00 1.196008794282992e+01
1.051561531594358e+00 1.196599047939278e+01
1.053631782566546e+00 1.197188498355135e+01
1.055706297701395e+00 1.197777145495910e+01
1.057785090187038e+00 1.198364989324718e+01
1.059868173266046e+00 1.198952029802440e+01
1.061955560235714e+00 1.199538266887723e+01
1.064047264448338e+00 1.200123700536982e+01
1.066143299311507e+00 1.200708330704392e+01
1.068243678288381e+00 1.201292157341894e+01
1.070348414897987e+00 1.201875180399190e+01
1.072457522715505e+00 1.202457399823744e+01
1.074571015372561e+00 1.203038815560783e+01
1.076688906557519e+00 1.203619427553293e+01
1.078811210015779e+00 1.204199235742018e+01
1.080937939550073e+00 1.204778240065463e+01
1.083069109020764e+00 1.205356440459891e+01
1.085204732346149e+00 1.205933836859321e+01
1.087344823502758e+00 1.206510429195529e+01
1.089489396525663e+00 1.207086217398049e+01
1.091638465508785e+00 1.207661201394168e+01
1.093792044605197e+00 1.208235381108928e+01
1.095950148027442e+00 1.208808756465127e+01
1.098112790047841e+00 1.209381327383313e+01
1.100279984998810e+00 1.209953093781791e+01
1.102451747273173e+00 1.210524055576614e+01
1.104628091324487e+00 1.211094212681590e+01
1.106809031667355e+00 1.211663565008275e+01
1.108994582877757e+00 1.212232112465979e+01
1.111184759593365e+00 1.212799854961759e+01
1.113379576513879e+00 1.213366792400423e+01
1.115579048401351e+00 1.213932924684527e+01
1.117783190080516e+00 1.214498251714377e+01
1.119992016439127e+00 1.215062773388024e+01
1.122205542428288e+00 1.215626489601270e+01
1.124423783062793e+00 1.216189400247661e+01
1.126646753421465e+00 1.216751505218493e+01
1.128874468647499e+00 1.217312804402805e+01
1.131106943948802e+00 1.217873297687383e+01
1.133344194598343e+00 1.218432984956760e+01
1.135586235934500e+00 1.218991866093211e+01
1.137833083361410e+00 1.219549940976760e+01
1.140084752349321e+00 1.220107209485172e+01
1.142341258434951e+00 1.220663671493958e+01
1.144602617221840e+00 1.221219326876371e+01
1.146868844380715e+00 1.221774175503412e+01
1.149139955649845e+00 1.222328217243820e+01
1.151415966835413e+00 1.222881451964081e+01
1.153696893811879e+00 1.223433879528424e+01
1.155982752522349e+00 1.223985499798820e+01
1.158273558978944e+00 1.224536312634982e+01
1.160569329263181e+00 1.225086317894367e+01
1.162870079526343e+00 1.225635515432176e+01
1.165175825989860e+00 1.226183905101349e+01
1.167486584945688e+00 1.226731486752572e+01
1.169802372756697e+00 1.227278260234272e+01
1.172123205857056e+00 1.227824225392617e+01
1.174449100752616e+00 1.228369382071521e+01
1.176780074021311e+00 1.228913730112638e+01
1.179116142313545e+00 1.229457269355367e+01
1.181457322352588e+00 1.229999999636846e+01
1.183803630934981e+00 1.230541920791961e+01
1.186155084930932e+00 1.231083032653336e+01
1.188511701284722e+00 1.231623335051344e+01
1.190873497015114e+00 1.232162827814096e+01
1.193240489215760e+00 1.232701510767450e+01
1.195612695055615e+00 1.233239383735008e+01
1.197990131779350e+00 1.233776446538116e+01
1.200372816707773e+00 1.234312698995864e+01
1.202760767238248e+00 1.234848140925089e+01
1.205154000845118e+00 1.235382772140370e+01
1.207552535080132e+00 1.235916592454037e+01
1.209956387572873e+00 1.236449601676163e+01
1.212365576031191e+00 1.236981799614568e+01
1.214780118241639e+00 1.237513186074822e+01
1.217200032069908e+00 1.238043760860239e+01
1.219625335461269e+00 1.238573523771885e+01
1.222056046441016e+00 1.239102474608575e+01
1.224492183114915e+00 1.239630613166872e+01
1.226933763669649e+00 1.240157939241092e+01
1.229380806373275e+00 1.240684452623300e+01
1.231833329575678e+00 1.241210153103316e+01
1.234291351709027e+00 1.241735040468709e+01
1.236754891288243e+00 1.242259114504806e+01
1.239223966911457e+00 1.242782374994686e+01
1.241698597260482e+00 1.243304821719186e+01
1.244178801101285e+00 1.243826454456896e+01
1.246664597284456e+00 1.244347272984167e+01
1.249156004745694e+00 1.244867277075108e+01
1.251653042506279e+00 1.245386466501585e+01
1.254155729673563e+00 1.245904841033229e+01
1.256664085441451e+00 1.246422400437429e+01
1.259178129090900e+00 1.246939144479341e+01
1.261697879990403e+00 1.247455072921883e+01
1.264223357596498e+00 1.247970185525739e+01
1.266754581454254e+00 1.248484482049359e+01
1.269291571197793e+00 1.248997962248966e+01
1.271834346550780e+00 1.249510625878548e+01
1.274382927326948e+00 1.250022472689865e+01
1.276937333430604e+00 1.250533502432453e+01
1.279497584857151e+00 1.251043714853620e+01
1.282063701693611e+00 1.251553109698450e+01
1.284635704119145e+00 1.252061686709806e+01
1.287213612405588e+00 1.252569445628328e+01
1.289797446917976e+00 1.253076386192440e+01
1.292387228115088e+00 1.253582508138348e+01
1.294982976549981e+00 1.254087811200041e+01
1.297584712870537e+00 1.254592295109297e+01
1.300192457820008e+00 1.255095959595683e+01
1.302806232237572e+00 1.255598804386554e+01
1.305426057058879e+00 1.256100829207059e+01
1.308051953316621e+00 1.256602033780144e+01
1.310683942141086e+00 1.257102417826550e+01
1.313322044760730e+00 1.257601981064816e+01
1.315966282502744e+00 1.258100723211284e+01
1.318616676793635e+00 1.258598643980102e+01
1.321273249159795e+00 1.259095743083219e+01
1.323936021228094e+00 1.259592020230399e+01
1.326605014726459e+00 1.260087475129212e+01
1.329280251484469e+00 1.260582107485044e+01
1.331961753433950e+00 1.261075917001098e+01
1.334649542609572e+00 1.261568903378394e+01
1.337343641149457e+00 1.262061066315777e+01
1.340044071295780e+00 1.262552405509913e+01
1.342750855395390e+00 1.263042920655299e+01
1.345464015900416e+00 1.263532611444259e+01
1.348183575368898e+00 1.264021477566953e+01
1.350909556465405e+00 1.264509518711378e+01
1.353641981961667e+00 1.264996734563367e+01
1.356380874737209e+00 1.265483124806601e+01
1.359126257779993e+00 1.265968689122602e+01
1.361878154187054e+00 1.266453427190745e+01
1.364636587165153e+00 1.266937338688258e+01
1.367401580031427e+00 1.267420423290221e+01
1.370173156214051e+00 1.267902680669580e+01
1.372951339252890e+00 1.268384110497140e+01
1.375736152800175e+00 1.268864712441574e+01
1.378527620621170e+00 1.269344486169429e+01
1.381325766594846e+00 1.269823431345121e+01
1.384130614714567e+00 1.270301547630951e+01
1.386942189088771e+00 1.270778834687098e+01
1.389760513941666e+00 1.271255292171629e+01
1.392585613613918e+00 1.271730919740504e+01
1.395417512563359e+00 1.272205717047575e+01
1.398256235365691e+00 1.272679683744596e+01
1.401101806715194e+00 1.273152819481222e+01
1.403954251425445e+00 1.273625123905019e+01
1.406813594430036e+00 1.274096596661463e+01
1.409679860783308e+00 1.274567237393950e+01
1.412553075661072e+00 1.275037045743796e+01
1.415433264361355e+00 1.275506021350245e+01
1.418320452305138e+00 1.275974163850473e+01
1.421214665037106e+00 1.276441472879592e+01
1.424115928226398e+00 1.276907948070656e+01
1.427024267667372e+00 1.277373589054665e+01
1.429939709280363e+00 1.277838395460573e+01
1.432862279112456e+00 1.278302366915290e+01
1.435792003338264e+00 1.278765503043689e+01
1.438728908260703e+00 1.279227803468612e+01
1.441673020311786e+00 1.279689267810875e+01
1.444624366053412e+00 1.280149895689272e+01
1.447582972178167e+00 1.280609686720585e+01
1.450548865510126e+00 1.281068640519585e+01
1.453522073005665e+00 1.281526756699042e+01
1.456502621754279e+00 1.281984034869728e+01
1.459490538979405e+00 1.282440474640426e+01
1.462485852039246e+00 1.282896075617933e+01
1.465488588427612e+00 1.283350837407071e+01
1.468498775774758e+00 1.283804759610687e+01
1.471516441848232e+00 1.284257841829668e+01
1.474541614553730e+00 1.284710083662938e+01
1.477574321935954e+00 1.285161484707474e+01
1.480614592179480e+00 1.285612044558306e+01
1.483662453609632e+00 1.286061762808528e+01
1.486717934693359e+00 1.286510639049304e+01
1.489781064040125e+00 1.286958672869874e+01
1.492851870402797e+00 1.287405863857564e+01
1.495930382678549e+00 1.287852211597792e+01
1.499016629909769e+00 1.288297715674074e+01
1.502110641284966e+00 1.288742375668034e+01
1.505212446139698e+00 1.289186191159411e+01
1.508322073957494e+00 1.289629161726068e+01
1.511439554370788e+00 1.290071286943999e+01
1.514564917161867e+00 1.290512566387334e+01
1.517698192263809e+00 1.290952999628356e+01
1.520839409761446e+00 1.291392586237499e+01
1.523988599892326e+00 1.291831325783366e+01
1.527145793047681e+00 1.292269217832728e+01
1.530311019773406e+00 1.292706261950543e+01
1.533484310771044e+00 1.293142457699958e+01
1.536665696898777e+00 1.293577804642319e+01
1.539855209172431e+00 1.294012302337183e+01
1.543052878766478e+00 1.294445950342324e+01
1.546258737015055e+00 1.294878748213745e+01
1.549472815412987e+00 1.295310695505687e+01
1.552695145616819e+00 1.295741791770637e+01
1.555925759445854e+00 1.296172036559340e+01
1.559164688883200e+00 1.296601429420809e+01
1.562411966076827e+00 1.297029969902333e+01
1.565667623340633e+00 1.297457657549490e+01
1.568931693155508e+00 1.297884491906155e+01
1.572204208170420e+00 1.298310472514512e+01
1.575485201203507e+00 1.298735598915066e+01
1.578774705243164e+00 1.299159870646651e+01
1.582072753449157e+00 1.299583287246442e+01
1.585379379153736e+00 1.300005848249968e+01
1.588694615862755e+00 1.300427553191120e+01
1.592018497256803e+00 1.300848401602167e+01
1.595351057192349e+00 1.301268393013764e+01
1.598692329702891e+00 1.301687526954963e+01
1.602042349000110e+00 1.302105802953231e+01
1.605401149475041e+00 1.302523220534454e+01
1.608768765699250e+00 1.302939779222955e+01
1.612145232426018e+00 1.303355478541506e+01
1.615530584591543e+00 1.303770318011337e+01
1.618924857316132e+00 1.304184297152154e+01
1.622328085905431e+00 1.304597415482146e+01
1.625740305851637e+00 1.305009672518004e+01
1.629161552834737e+00 1.305421067774931e+01
1.632591862723752e+00 1.305831600766655e+01
1.636031271577991e+00 1.306241271005445e+01
1.639479815648310e+00 1.306650078002122e+01
1.642937531378390e+00 1.307058021266078e+01
1.646404455406020e+00 1.307465100305283e+01
1.649880624564391e+00 1.307871314626305e+01
1.653366075883399e+00 1.308276663734323e+01
1.656860846590960e+00 1.308681147133142e+01
1.660364974114337e+00 1.309084764325205e+01
1.663878496081477e+00 1.309487514811613e+01
1.667401450322355e+00 1.309889398092137e+01
1.670933874870331e+00 1.310290413665236e+01
1.674475807963524e+00 1.310690561028068e+01
1.678027288046187e+00 1.311089839676511e+01
1.681588353770098e+00 1.311488249105179e+01
1.685159043995966e+00 1.311885788807432e+01
1.688739397794840e+00 1.312282458275401e+01
1.692329454449538e+00 1.312678257000000e+01
1.695929253456081e+00 1.313073184470941e+01
1.699538834525140e+00 1.313467240176757e+01
1.703158237583504e+00 1.313860423604815e+01
1.706787502775542e+00 1.314252734241335e+01
1.710426670464693e+00 1.314644171571406e+01
1.714075781234961e+00 1.315034735079007e+01
1.717734875892426e+00 1.315424424247023e+01
1.721403995466762e+00 1.315813238557265e+01
1.725083181212768e+00 1.316201177490486e+01
1.728772474611923e+00 1.316588240526404e+01
1.732471917373938e+00 1.316974427143717e+01
1.736181551438326e+00 1.317359736820126e+01
1.739901418975995e+00 1.317744169032349e+01
1.743631562390840e+00 1.318127723256147e+01
1.747372024321357e+00 1.318510398966343e+01
1.751122847642262e+00 1.318892195636839e+01
1.754884075466137e+00 1.319273112740636e+01
1.758655751145079e+00 1.319653149749861e+01
1.762437918272364e+00 1.320032306135783e+01
1.766230620684125e+00 1.320410581368834e+01
1.770033902461051e+00 1.320787974918633e+01
1.773847807930091e+00 1.321164486254005e+01
1.777672381666179e+00 1.321540114843006e+01
1.781507668493963e+00 1.321914860152945e+01
1.785353713489568e+00 1.322288721650401e+01
1.789210561982352e+00 1.322661698801256e+01
1.793078259556690e+00 1.323033791070706e+01
1.796956852053772e+00 1.323404997923295e+01
1.800846385573414e+00 1.323775318822933e+01
1.804746906475880e+00 1.324144753232919e+01
1.808658461383727e+00 1.324513300615968e+01
1.812581097183664e+00 1.324880960434235e+01
1.816514861028424e+00 1.325247732149338e+01
1.820459800338653e+00 1.325613615222385e+01
1.824415962804813e+00 1.325978609113997e+01
1.828383396389110e+00 1.326342713284336e+01
1.832362149327428e+00 1.326705927193128e+01
1.836352270131286e+00 1.327068250299690e+01
1.840353807589802e+00 1.327429682062960e+01
1.844366810771696e+00 1.327790221941516e+01
1.848391329027283e+00 1.328149869393613e+01
1.852427411990500e+00 1.328508623877199e+01
1.856475109580950e+00 1.328866484849952e+01
1.860534472005954e+00 1.329223451769303e+01
1.864605549762633e+00 1.329579524092466e+01
1.868688393639995e+00 1.329934701276465e+01
1.872783054721054e+00 1.330288982778163e+01
1.876889584384958e+00 1.330642368054294e+01
1.881008034309134e+00 1.330994856561488e+01
1.885138456471461e+00 1.331346447756303e+01
1.889280903152456e+00 1.331697141095256e+01
1.893435426937477e+00 1.332046936034851e+01
1.897602080718951e+00 1.332395832031613e+01
1.901780917698616e+00 1.332743828542115e+01
1.905971991389789e+00 1.333090925023011e+01
1.910175355619645e+00 1.333437120931071e+01
1.914391064531527e+00 1.333782415723207e+01
1.918619172587268e+00 1.334126808856510e+01
1.922859734569535e+00 1.334470299788282e+01
1.927112805584198e+00 1.334812887976067e+01
1.931378441062716e+00 1.335154572877685e+01
1.935656696764542e+00 1.335495353951269e+01
1.939947628779559e+00 1.335835230655295e+01
1.944251293530527e+00 1.336174202448619e+01
1.948567747775553e+00 1.336512268790509e+01
1.952897048610594e+00 1.336849429140686e+01
1.957239253471969e+00 1.337185682959351e+01
1.961594420138901e+00 1.337521029707229e+01
1.965962606736077e+00 1.337855468845602e+01
1.970343871736239e+00 1.338188999836344e+01
1.974738273962789e+00 1.338521622141960e+01
1.979145872592420e+00 1.338853335225626e+01
1.983566727157781e+00 1.339184138551219e+01
1.988000897550144e+00 1.339514031583365e+01
1.992448444022124e+00 1.339843013787470e+01
1.996909427190393e+00 1.340171084629763e+01
2.001383908038445e+00 1.340498243577334e+01
2.005871947919370e+00 1.340824490098174e+01
2.010373608558660e+00 1.341149823661216e+01
2.014888952057035e+00 1.341474243736373e+01
2.019418040893304e+00 1.341797749794582e+01
2.023960937927245e+00 1.342120341307844e+01
2.028517706402512e+00 1.342442017749266e+01
2.033088409949568e+00 1.342762778593103e+01
2.037673112588652e+00 1.343082623314801e+01
2.042271878732763e+00 1.343401551391040e+01
2.046884773190682e+00 1.343719562299777e+01
2.051511861170009e+00 1.344036655520292e+01
2.056153208280243e+00 1.344352830533228e+01
2.060808880535880e+00 1.344668086820641e+01
2.065478944359540e+00 1.344982423866041e+01
2.070163466585130e+00 1.345295841154441e+01
2.074862514461033e+00 1.345608338172400e+01
2.079576155653321e+00 1.345919914408071e+01
2.084304458249006e+00 1.346230569351250e+01
2.089047490759319e+00 1.346540302493418e+01
2.093805322123018e+00 1.346849113327797e+01
2.098578021709730e+00 1.347157001349390e+01
2.103365659323317e+00 1.347463966055034e+01
2.108168305205284e+00 1.347770006943451e+01
2.112986030038216e+00 1.348075123515294e+01
2.117818904949238e+00 1.348379315273198e+01
2.122667001513524e+00 1.348682581721834e+01
2.127530391757823e+00 1.348984922367955e+01
2.132409148164032e+00 1.349286336720453e+01
2.137303343672791e+00 1.349586824290406e+01
2.142213051687125e+00 1.349886384591134e+01
2.147138346076108e+00 1.350185017138253e+01
2.152079301178570e+00 1.350482721449723e+01
2.157035991806835e+00 1.350779497045910e+01
2.162008493250501e+00 1.351075343449634e+01
2.166996881280250e+00 1.351370260186227e+01
2.172001232151694e+00 1.351664246783587e+01
2.177021622609264e+00 1.351957302772239e+01
2.182058129890133e+00 1.352249427685384e+01
2.187110831728176e+00 1.352540621058962e+01
2.192179806357967e+00 1.352830882431707e+01
2.197265132518822e+00 1.353120211345205e+01
2.202366889458871e+00 1.353408607343955e+01
2.207485156939181e+00 1.353696069975427e+01
2.212620015237902e+00 1.353982598790119e+01
2.217771545154477e+00 1.354268193341621e+01
2.222939828013870e+00 1.354552853186675e+01
2.228124945670851e+00 1.354836577885236e+01
2.233326980514314e+00 1.355119367000532e+01
2.238546015471644e+00 1.355401220099130e+01
2.243782134013123e+00 1.355682136750995e+01
2.249035420156378e+00 1.355962116529557e+01
2.254305958470875e+00 1.356241159011774e+01
2.259593834082458e+00 1.356519263778194e+01
2.264899132677936e+00 1.356796430413024e+01
2.270221940509702e+00 1.357072658504194e+01
2.275562344400415e+00 1.357347947643424e+01
2.280920431747721e+00 1.357622297426289e+01
2.286296290529015e+00 1.357895707452287e+01
2.291690009306259e+00 1.358168177324910e+01
2.297101677230848e+00 1.358439706651708e+01
2.302531384048519e+00 1.358710295044361e+01
2.307979220104314e+00 1.358979942118749e+01
2.313445276347585e+00 1.359248647495021e+01
2.318929644337066e+00 1.359516410797664e+01
2.324432416245974e+00 1.359783231655580e+01
2.329953684867181e+00 1.360049109702152e+01
2.335493543618425e+00 1.360314044575321e+01
2.341052086547583e+00 1.360578035917657e+01
2.346629408337988e+00 1.360841083376434e+01
2.352225604313809e+00 1.361103186603703e+01
2.357840770445480e+00 1.361364345256369e+01
2.363475003355187e+00 1.361624558996264e+01
2.369128400322411e+00 1.361883827490226e+01
2.374801059289522e+00 1.362142150410175e+01
2.380493078867443e+00 1.362399527433188e+01
2.386204558341356e+00 1.362655958241582e+01
2.391935597676483e+00 1.362911442522987e+01
2.397686297523907e+00 1.363165979970429e+01
2.403456759226478e+00 1.363419570282411e+01
2.409247084824754e+00 1.363672213162989e+01
2.415057377063025e+00 1.363923908321857e+01
2.420887739395383e+00 1.364174655474427e+01
2.426738275991866e+00 1.364424454341911e+01
2.432609091744664e+00 1.364673304651408e+01
2.438500292274380e+00 1.364921206135980e+01
2.444411983936374e+00 1.365168158534745e+01
2.450344273827155e+00 1.365414161592955e+01
2.456297269790854e+00 1.365659215062086e+01
2.462271080425754e+00 1.365903318699921e+01
2.468265815090899e+00 1.366146472270640e+01
2.474281583912764e+00 1.366388675544903e+01
2.480318497792000e+00 1.366629928299945e+01
2.486376668410246e+00 1.366870230319657e+01
2.492456208237023e+00 1.367109581394679e+01
2.498557230536685e+00 1.367347981322493e+01
2.504679849375462e+00 1.367585429907507e+01
2.510824179628561e+00 1.367821926961152e+01
2.516990336987354e+00 1.368057472301971e+01
2.523178437966642e+00 1.368292065755714e+01
2.529388599911987e+00 1.368525707155426e+01
2.535620941007137e+00 1.368758396341549e+01
2.541875580281518e+00 1.368990133162009e+01
2.548152637617816e+00 1.369220917472315e+01
2.554452233759628e+00 1.369450749135654e+01
2.560774490319218e+00 1.369679628022987e+01
2.567119529785328e+00 1.369907554013147e+01
2.573487475531101e+00 1.370134526992937e+01
2.579878451822065e+00 1.370360546857225e+01
2.586292583824228e+00 1.370585613509050e+01
2.592729997612242e+00 1.370809726859713e+01
2.599190820177669e+00 1.371032886828885e+01
2.605675179437323e+00 1.371255093344702e+01
2.612183204241719e+00 1.371476346343872e+01
2.618715024383610e+00 1.371696645771772e+01
2.625270770606606e+00 1.371915991582555e+01
2.631850574613905e+00 1.372134383739251e+01
2.638454569077115e+00 1.372351822213873e+01
2.645082887645162e+00 1.372568306987521e+01
2.651735664953312e+00 1.372783838050487e+01
2.658413036632286e+00 1.372998415402360e+01
2.665115139317479e+00 1.373212039052137e+01
2.671842110658277e+00 1.373424709018325e+01
2.678594089327479e+00 1.373636425329054e+01
2.685371215030829e+00 1.373847188022180e+01
2.692173628516656e+00 1.374056997145399e+01
2.699001471585607e+00 1.374265852756356e+01
2.705854887100509e+00 1.374473754922753e+01
2.712734018996330e+00 1.374680703722462e+01
2.719639012290256e+00 1.374886699243637e+01
2.726570013091881e+00 1.375091741584823e+01
2.733527168613510e+00 1.375295830855076e+01
2.740510627180591e+00 1.375498967174068e+01
2.747520538242244e+00 1.375701150672207e+01
2.754557052381930e+00 1.375902381490750e+01
2.761620321328230e+00 1.376102659781916e+01
2.768710497965754e+00 1.376301985709006e+01
2.775827736346170e+00 1.376500359446516e+01
2.782972191699360e+00 1.376697781180256e+01
2.790144020444707e+00 1.376894251107468e+01
2.797343380202513e+00 1.377089769436940e+01
2.804570429805542e+00 1.377284336389132e+01
2.811825329310701e+00 1.377477952196286e+01
2.819108240010860e+00 1.377670617102556e+01
2.826419324446805e+00 1.377862331364121e+01
2.833758746419322e+00 1.378053095249307e+01
2.841126671001441e+00 1.378242909038711e+01
2.848523264550805e+00 1.378431773025322e+01
2.855948694722196e+00 1.378619687514642e+01
2.863403130480193e+00 1.378806652824811e+01
2.870886742111997e+00 1.378992669286728e+01
2.878399701240397e+00 1.379177737244179e+01
2.885942180836886e+00 1.379361857053955e+01
2.893514355234935e+00 1.379545029085986e+01
2.901116400143430e+00 1.379727253723458e+01
2.908748492660259e+00 1.379908531362942e+01
2.916410811286067e+00 1.380088862414523e+01
2.924103535938166e+00 1.380268247301922e+01
2.931826847964627e+00 1.380446686462628e+01
2.939580930158526e+00 1.380624180348021e+01
2.947365966772360e+00 1.380800729423503e+01
2.955182143532648e+00 1.380976334168627e+01
2.963029647654701e+00 1.381150995077223e+01
2.970908667857568e+00 1.381324712657530e+01
2.978819394379156e+00 1.381497487432324e+01
2.986762018991557e+00 1.381669319939048e+01
2.994736735016534e+00 1.381840210729945e+01
3.002743737341209e+00 1.382010160372184e+01
3.010783222433933e+00 1.382179169447994e+01
3.018855388360368e+00 1.382347238554797e+01
3.026960434799741e+00 1.382514368305335e+01
3.035098563061317e+00 1.382680559327805e+01
3.043269976101058e+00 1.382845812265990e+01
3.051474878538503e+00 1.383010127779393e+01
3.059713476673843e+00 1.383173506543367e+01
3.067985978505214e+00 1.383335949249253e+01
3.076292593746198e+00 1.383497456604504e+01
3.084633533843549e+00 1.383658029332828e+01
3.093009011995135e+00 1.383817668174317e+01
3.101419243168096e+00 1.383976373885579e+01
3.109864444117244e+00 1.384134147239875e+01
3.118344833403680e+00 1.384290989027251e+01
3.126860631413651e+00 1.384446900054674e+01
3.135412060377638e+00 1.384601881146164e+01
3.143999344389691e+00 1.384755933142929e+01
3.152622709427006e+00 1.384909056903500e+01
3.161282383369742e+00 1.385061253303863e+01
3.169978596021096e+00 1.385212523237598e+01
3.178711579127635e+00 1.385362867616006e+01
3.187481566399879e+00 1.385512287368252e+01
3.196288793533154e+00 1.385660783441492e+01
3.205133498228697e+00 1.385808356801012e+01
3.214015920215052e+00 1.385955008430358e+01
3.222936301269727e+00 1.386100739331474e+01
3.231894885241123e+00 1.386245550524833e+01
3.240891918070764e+00 1.386389443049574e+01
3.249927647815802e+00 1.386532417963630e+01
3.259002324671812e+00 1.386674476343867e+01
3.268116200995880e+00 1.386815619286214e+01
3.277269531330010e+00 1.386955847905798e+01
3.286462572424808e+00 1.387095163337074e+01
3.295695583263498e+00 1.387233566733959e+01
3.304968825086233e+00 1.387371059269964e+01
3.314282561414744e+00 1.387507642138325e+01
3.323637058077297e+00 1.387643316552134e+01
3.333032583233986e+00 1.387778083744472e+01
3.342469407402350e+00 1.387911944968536e+01
3.351947803483351e+00 1.388044901497770e+01
3.361468046787669e+00 1.388176954625999e+01
3.371030415062358e+00 1.388308105667548e+01
3.380635188517867e+00 1.388438355957381e+01
3.390282649855399e+00 1.388567706851224e+01
3.399973084294660e+00 1.388696159725688e+01
3.409706779601952e+00 1.388823715978405e+01
3.419484026118672e+00 1.388950377028144e+01
3.429305116790175e+00 1.389076144314943e+01
3.439170347195036e+00 1.389201019300231e+01
3.449080015574691e+00 1.389325003466949e+01
3.459034422863509e+00 1.389448098319679e+01
3.469033872719246e+00 1.389570305384757e+01
3.479078671553922e+00 1.389691626210403e+01
3.489169128565116e+00 1.389812062366835e+01
3.499305555767707e+00 1.389931615446390e+01
3.509488268026018e+00 1.390050287063643e+01
3.519717583086425e+00 1.390168078855521e+01
3.529993821610412e+00 1.390284992481424e+01
3.540317307208073e+00 1.390401029623333e+01
3.550688366472083e+00 1.390516191985930e+01
3.561107329012139e+00 1.390630481296708e+01
3.571574527489880e+00 1.390743899306079e+01
3.582090297654292e+00 1.390856447787489e+01
3.592654978377611e+00 1.390968128537524e+01
3.603268911691713e+00 1.391078943376018e+01
3.613932442825039e+00 1.391188894146158e+01
3.624645920240020e+00 1.391297982714586e+01
3.635409695671036e+00 1.391406210971509e+01
3.646224124162901e+00 1.391513580830792e+01
3.657089564109917e+00 1.391620094230063e+01
3.668006377295455e+00 1.391725753130807e+01
3.678974928932108e+00 1.391830559518467e+01
3.689995587702426e+00 1.391934515402535e+01
3.701068725800222e+00 1.392037622816644e+01
3.712194718972473e+00 1.392139883818664e+01
3.723373946561814e+00 1.392241300490784e+01
3.734606791549664e+00 1.392341874939605e+01
3.745893640599956e+00 1.392441609296222e+01
3.757234884103505e+00 1.392540505716308e+01
3.768630916223011e+00 1.392638566380194e+01
3.780082134938737e+00 1.392735793492949e+01
3.791588942094831e+00 1.392832189284455e+01
3.803151743446333e+00 1.392927756009484e+01
3.814770948706866e+00 1.393022495947767e+01
3.826446971597034e+00 1.393116411404066e+01
3.838180229893529e+00 1.393209504708237e+01
3.849971145478947e+00 1.393301778215301e+01
3.861820144392373e+00 1.393393234305502e+01
3.873727656880679e+00 1.393483875384367e+01
3.885694117450614e+00 1.393573703882763e+01
3.897719964921637e+00 1.393662722256952e+01
3.909805642479582e+00 1.393750932988643e+01
3.921951597731081e+00 1.393838338585038e+01
3.934158282758841e+00 1.393924941578879e+01
3.946426154177715e+00 1.394010744528492e+01
3.958755673191659e+00 1.394095750017826e+01
3.971147305651517e+00 1.394179960656487e+01
3.983601522113699e+00 1.394263379079776e+01
3.996118797899739e+00 1.394346007948715e+01
4.008699613156773e+00 1.394427849950078e+01
4.021344452918935e+00 1.394508907796412e+01
4.034053807169677e+00 1.394589184226058e+01
4.046828170905077e+00 1.394668682003165e+01
4.059668044198095e+00 1.394747403917711e+01
4.072573932263830e+00 1.394825352785504e+01
4.085546345525778e+00 1.394902531448192e+01
4.098585799683136e+00 1.394978942773268e+01
4.111692815779133e+00 1.395054589654062e+01
4.124867920270437e+00 1.395129475009740e+01
4.138111645097631e+00 1.395203601785296e+01
4.151424527756820e+00 1.395276972951535e+01
4.164807111372339e+00 1.395349591505058e+01
4.178259944770621e+00 1.395421460468238e+01
4.191783582555207e+00 1.395492582889199e+01
4.205378585182983e+00 1.395562961841782e+01
4.219045519041596e+00 1.395632600425512e+01
4.232784956528103e+00 1.395701501765559e+01
4.246597476128901e+00 1.395769669012697e+01
4.260483662500904e+00 1.395837105343253e+01
4.274444106554042e+00 1.395903813959056e+01
4.288479405535076e+00 1.395969798087382e+01
4.302590163112783e+00 1.396035060980889e+01
4.316776989464494e+00 1.396099605917554e+01
4.331040501364054e+00 1.396163436200598e+01
4.345381322271198e+00 1.396226555158412e+01
4.359800082422401e+00 1.396288966144474e+01
4.374297418923203e+00 1.396350672537264e+01
4.388873975842045e+00 1.396411677740173e+01
4.403530404305645e+00 1.396471985181403e+01
4.418267362595968e+00 1.396531598313868e+01
4.433085516248775e+00 1.396590520615083e+01
4.447985538153804e+00 1.396648755587056e+01
4.462968108656645e+00 1.396706306756163e+01
4.478033915662280e+00 1.396763177673031e+01
4.493183654740371e+00 1.396819371912403e+01
4.508418029232305e+00 1.396874893073005e+01
4.523737750360048e+00 1.396929744777402e+01
4.539143537336823e+00 1.396983930671856e+01
4.554636117479667e+00 1.397037454426169e+01
4.570216226323881e+00 1.397090319733525e+01
4.585884607739449e+00 1.397142530310326e+01
4.601642014049425e+00 1.397194089896020e+01
4.617489206150343e+00 1.397245002252925e+01
4.633426953634692e+00 1.397295271166043e+01
4.649456034915513e+00 1.397344900442875e+01
4.665577237353124e+00 1.397393893913222e+01
4.681791357384030e+00 1.397442255428980e+01
4.698099200652112e+00 1.397489988863938e+01
4.714501582142035e+00 1.397537098113557e+01
4.730999326315045e+00 1.397583587094751e+01
4.747593267247076e+00 1.397629459745658e+01
4.764284248769354e+00 1.397674720025403e+01
4.781073124611409e+00 1.397719371913862e+01
4.797960758546658e+00 1.397763419411404e+01
4.814948024540517e+00 1.397806866538646e+01
4.832035806901206e+00 1.397849717336183e+01
4.849225000433172e+00 1.397891975864324e+01
4.866516510593310e+00 1.397933646202813e+01
4.883911253649922e+00 1.397974732450546e+01
4.901410156844598e+00 1.398015238725284e+01
4.919014158556963e+00 1.398055169163354e+01
4.936724208472412e+00 1.398094527919344e+01
4.954541267752908e+00 1.398133319165793e+01
4.972466309210861e+00 1.398171547092873e+01
4.990500317486192e+00 1.398209215908064e+01
5.008644289226613e+00 1.398246329835817e+01
5.026899233271257e+00 1.398282893117223e+01
5.045266170837646e+00 1.398318910009655e+01
5.063746135712140e+00 1.398354384786422e+01
5.082340174443881e+00 1.398389321736403e+01
5.101049346542381e+00 1.398423725163681e+01
5.119874724678761e+00 1.398457599387165e+01
5.138817394890761e+00 1.398490948740205e+01
5.157878456791581e+00 1.398523777570204e+01
5.177059023782689e+00 1.398556090238220e+01
5.196360223270599e+00 1.398587891118557e+01
5.215783196887767e+00 1.398619184598357e+01
5.235329100717703e+00 1.398649975077175e+01
5.254999105524337e+00 1.398680266966559e+01
5.274794396985793e+00 1.398710064689606e+01
5.294716175932622e+00 1.398739372680529e+01
5.314765658590649e+00 1.398768195384203e+01
5.334944076828471e+00 1.398796537255709e+01
5.355252678409766e+00 1.398824402759875e+01
5.375692727250483e+00 1.398851796370801e+01
5.396265503681074e+00 1.398878722571383e+01
5.416972304713820e+00 1.398905185852830e+01
5.437814444315411e+00 1.398931190714170e+01
5.458793253684878e+00 1.398956741661753e+01
5.479910081537037e+00 1.398981843208749e+01
5.501166294391526e+00 1.399006499874628e+01
5.522563276867563e+00 1.399030716184650e+01
5.544102431984638e+00 1.399054496669335e+01
5.565785181469159e+00 1.399077845863929e+01
5.587612966067294e+00 1.399100768307871e+01
5.609587245864069e+00 1.399123268544244e+01
5.631709500608971e+00 1.399145351119226e+01
5.653981230048095e+00 1.399167020581530e+01
5.676403954263082e+00 1.399188281481843e+01
5.698979214016942e+00 1.399209138372254e+01
5.721708571107006e+00 1.399229595805680e+01
5.744593608725084e+00 1.399249658335286e+01
5.767635931825078e+00 1.399269330513894e+01
5.790837167498171e+00 1.399288616893393e+01
5.814198965355851e+00 1.399307522024141e+01
5.837722997920883e+00 1.399326050454362e+01
5.861410961026432e+00 1.399344206729537e+01
5.885264574223629e+00 1.399361995391791e+01
5.909285581197647e+00 1.399379420979274e+01
5.933475750192615e+00 1.399396488025539e+01
5.957836874445492e+00 1.399413201058916e+01
5.982370772629242e+00 1.399429564601879e+01
6.007079289305401e+00 1.399445583170410e+01
6.031964295386397e+00 1.399461261273362e+01
6.057027688607752e+00 1.399476603411812e+01
6.082271394010556e+00 1.399491614078418e+01
6.107697364434318e+00 1.399506297756768e+01
6.133307581020578e+00 1.399520658920724e+01
6.159104053727458e+00 1.399534702033771e+01
6.185088821855558e+00 1.399548431548355e+01
6.211263954585333e+00 1.399561851905222e+01
6.237631551526352e+00 1.399574967532757e+01
6.264193743278743e+00 1.399587782846317e+01
6.290952692007079e+00 1.399600302247566e+01
6.317910592027079e+00 1.399612530123804e+01
6.345069670405433e+00 1.399624470847303e+01
6.372432187573137e+00 1.399636128774632e+01
6.400000437952630e+00 1.399647508245987e+01
6.427776750599143e+00 1.399658613584525e+01
6.455763489856608e+00 1.399669449095686e+01
6.483963056028579e+00 1.399680019066528e+01
6.512377886064458e+00 1.399690327765055e+01
6.541010454261538e+00 1.399700379439548e+01
6.569863272983203e+00 1.399710178317897e+01
6.598938893393840e+00 1.399719728606936e+01
6.628239906210767e+00 1.399729034491779e+01
6.657768942473734e+00 1.399738100135156e+01
6.687528674332505e+00 1.399746929676754e+01
6.717521815852914e+00 1.399755527232565e+01
6.747751123841993e+00 1.399763896894225e+01
6.778219398692641e+00 1.399772042728372e+01
6.808929485248450e+00 1.399779968775995e+01
6.839884273689169e+00 1.399787679051796e+01
6.871086700437418e+00 1.399795177543555e+01
6.902539749087254e+00 1.399802468211492e+01
6.934246451355234e+00 1.399809554987649e+01
6.966209888054533e+00 1.399816441775265e+01
6.998433190092857e+00 1.399823132448166e+01
7.030919539494754e+00 1.399829630850154e+01
7.063672170449124e+00 1.399835940794412e+01
7.096694370382550e+00 1.399842066062906e+01
7.129989481059220e+00 1.399848010405804e+01
7.163560899708312e+00 1.399853777540900e+01
7.197412080179477e+00 1.399859371153045e+01
7.231546534127397e+00 1.399864794893587e+01
7.265967832226133e+00 1.399870052379824e+01
7.300679605414309e+00 1.399875147194465e+01
7.335685546171877e+00 1.399880082885099e+01
7.370989409829517e+00 1.399884862963677e+01
7.406595015911573e+00 1.399889490906008e+01
7.442506249513647e+00 1.399893970151257e+01
7.478727062715739e+00 1.399898304101467e+01
7.515261476032141e+00 1.399902496121085e+01
7.552113579899114e+00 1.399906549536503e+01
7.589287536201607e+00 1.399910467635614e+01
7.626787579840094e+00 1.399914253667376e+01
7.664618020338824e+00 1.399917910841398e+01
7.702783243496835e+00 1.399921442327533e+01
7.741287713082917e+00 1.399924851255491e+01
7.780135972576026e+00 1.399928140714462e+01
7.819332646952473e+00 1.399931313752760e+01
7.858882444521501e+00 1.399934373377476e+01
7.898790158810610e+00 1.399937322554155e+01
7.939060670502355e+00 1.399940164206483e+01
7.979698949424154e+00 1.399942901215994e+01
8.020710056592943e+00 1.399945536421793e+01
8.062099146316282e+00 1.399948072620300e+01
8.103871468351882e+00 1.399950512565002e+01
8.146032370127340e+00 1.399952858966236e+01
8.188587299022196e+00 1.399955114490984e+01
8.231541804714194e+00 1.399957281762681e+01
8.274901541591957e+00 1.399959363361055e+01
8.318672271236334e+00 1.399961361821974e+01
8.362859864972563e+00 1.399963279637323e+01
8.407470306495750e+00 1.399965119254886e+01
8.452509694572035e+00 1.399966883078266e+01
8.497984245818138e+00 1.399968573466814e+01
8.543900297561779e+00 1.399970192735574e+01
8.590264310785853e+00 1.399971743155265e+01
8.637082873159175e+00 1.399973226952263e+01
8.684362702156863e+00 1.399974646308623e+01
8.732110648273341e+00 1.399976003362105e+01
8.780333698331285e+00 1.399977300206233e+01
8.829038978889800e+00 1.399978538890371e+01
8.878233759755433e+00 1.399979721419816e+01
8.927925457599521e+00 1.399980849755917e+01
8.978121639685668e+00 1.399981925816215e+01
9.028830027711470e+00 1.399982951474600e+01
9.080058501768306e+00 1.399983928561491e+01
9.131815104423678e+00 1.399984858864042e+01
9.184108044930388e+00 1.399985744126356e+01
9.236945703567377e+00 1.399986586049734e+01
9.290336636116796e+00 1.399987386292936e+01
9.344289578482535e+00 1.399988146472463e+01
9.398813451455309e+00 1.399988868162862e+01
9.453917365629920e+00 1.399989552897048e+01
9.509610626480194e+00 1.399990202166650e+01
9.565902739597689e+00 1.399990817422369e+01
9.622803416100226e+00 1.399991400074365e+01
9.680322578216918e+00 1.399991951492651e+01
9.738470365056212e+00 1.399992473007518e+01
9.797257138564056e+00 1.399992965909968e+01
9.856693489679724e+00 1.399993431452170e+01
9.916790244696674e+00 1.399993870847930e+01
9.977558471836733e+00 1.399994285273182e+01
1.003900948804577e+01 1.399994675866493e+01
1.010115486601988e+01 1.399995043729581e+01
1.016400644147096e+01 1.399995389927850e+01
1.022757632064151e+01 1.399995715490947e+01
1.029187688807836e+01 1.399996021413319e+01
1.035692081467634e+01 1.399996308654798e+01
1.042272106600220e+01 1.399996578141187e+01
1.048929091091083e+01 1.399996830764864e+01
1.055664393046543e+01 1.399997067385402e+01
1.062479402717453e+01 1.399997288830188e+01
1.069375543455874e+01 1.399997495895064e+01
1.076354272706132e+01 1.399997689344971e+01
1.083417083031694e+01 1.399997869914603e+01
1.090565503179384e+01 1.399998038309070e+01
1.097801099182535e+01 1.399998195204566e+01
1.105125475504741e+01 1.399998341249048e+01
1.112540276225988e+01 1.399998477062913e+01
1.120047186272964e+01 1.399998603239690e+01
1.127647932695528e+01 1.399998720346724e+01
1.135344285991331e+01 1.399998828925876e+01
1.143138061480752e+01 1.399998929494213e+01
1.151031120734369e+01 1.399999022544710e+01
1.159025373055342e+01 1.399999108546944e+01
1.167122777019165e+01 1.399999187947795e+01
1.175325342073426e+01 1.399999261172142e+01
1.183635130200294e+01 1.399999328623558e+01
1.192054257644620e+01 1.399999390685001e+01
1.200584896710724e+01 1.399999447719504e+01
1.209229277631043e+01 1.399999500070862e+01
1.217989690510026e+01 1.399999548064307e+01
1.226868487346831e+01 1.399999592007185e+01
1.235868084140600e+01 1.399999632189621e+01
1.244990963082228e+01 1.399999668885181e+01
1.254239674836846e+01 1.399999702351522e+01
1.263616840921388e+01 1.399999732831035e+01
1.273125156181937e+01 1.399999760551478e+01
1.282767391375733e+01 1.399999785726601e+01
1.292546395863060e+01 1.399999808556754e+01
1.302465100414491e+01 1.399999829229493e+01
1.312526520139322e+01 1.399999847920168e+01
1.322733757541328e+01 1.399999864792495e+01
1.333090005708324e+01 1.399999879999124e+01
1.343598551642481e+01 1.399999893682188e+01
1.354262779738627e+01 1.399999905973839e+01
1.365086175418299e+01 1.399999916996769e+01
1.376072328927738e+01 1.399999926864716e+01
1.387224939308533e+01 1.399999935682958e+01
1.398547818550102e+01 1.399999943548791e+01
1.410044895933853e+01 1.399999950551986e+01
1.421720222579364e+01 1.399999956775238e+01
1.433577976203712e+01 1.399999962294595e+01
1.445622466105608e+01 1.399999967179870e+01
1.457858138386902e+01 1.399999971495041e+01
1.470289581424695e+01 1.399999975298631e+01
1.482921531608258e+01 1.399999978644074e+01
1.495758879355784e+01 1.399999981580064e+01
1.508806675427037e+01 1.399999984150890e+01
1.522070137549055e+01 1.399999986396753e+01
1.535554657373106e+01 1.399999988354069e+01
1.549265807782439e+01 1.399999990055752e+01
1.563209350571588e+01 1.399999991531491e+01
1.577391244519525e+01 1.399999992808006e+01
1.591817653880358e+01 1.399999993909284e+01
1.606494957317035e+01 1.399999994856816e+01
1.621429757305230e+01 1.399999995669806e+01
1.636628890036578e+01 1.399999996365371e+01
1.652099435852414e+01 1.399999996958730e+01
1.667848730241512e+01 1.399999997463382e+01
1.683884375437681e+01 1.399999997891263e+01
1.700214252655799e+01 1.399999998252901e+01
1.716846535007588e+01 1.399999998557553e+01
1.733789701141651e+01 1.399999998813340e+01
1.751052549655602e+01 1.399999999027357e+01
1.768644214331723e+01 1.399999999205789e+01
1.786574180251619e+01 1.399999999354011e+01
1.804852300849568e+01 1.399999999476674e+01
1.823488815969045e+01 1.399999999577792e+01
1.842494370991878e+01 1.399999999660817e+01
1.861880037115172e+01 1.399999999728706e+01
1.881657332857114e+01 1.399999999783984e+01
1.901838246879504e+01 1.399999999828796e+01
1.922435262221943e+01 1.399999999864961e+01
1.943461382050688e+01 1.399999999894012e+01
1.964930157033717e+01 1.399999999917236e+01
1.986855714463194e+01 1.399999999935711e+01
2.009252789256750e+01 1.399999999950332e+01
2.032136756980596e+01 1.399999999961843e+01
2.055523669050021e+01 1.399999999970855e+01
2.079430290276544e+01 1.399999999977872e+01
2.103874138946366e+01 1.399999999983303e+01
2.128873529631405e+01 1.399999999987481e+01
2.154447618952882e+01 1.399999999990676e+01
2.180616454537649e+01 1.399999999993103e+01
2.207401027430299e+01 1.399999999994934e+01
2.234823328248958e+01 1.399999999996306e+01
2.262906407400596e+01 1.399999999997327e+01
2.291674439702275e+01 1.399999999998081e+01
2.321152793789187e+01 1.399999999998634e+01
2.351368106728265e+01 1.399999999999035e+01
2.382348364298713e+01 1.399999999999325e+01
2.414122987447896e+01 1.399999999999532e+01
2.446722925484065e+01 1.399999999999678e+01
2.480180756626448e+01 1.399999999999781e+01
2.514530796599295e+01 1.399999999999853e+01
2.549809216030875e+01 1.399999999999902e+01
2.586054167501668e+01 1.399999999999935e+01
2.623305923179984e+01 1.399999999999958e+01
2.661607024088674e+01 1.399999999999973e+01
2.701002442166193e+01 1.399999999999983e+01
2.741539756419863e+01 1.399999999999989e+01
2.783269344622170e+01 1.399999999999993e+01
2.826244592173800e+01 1.399999999999996e+01
2.870522119954277e+01 1.399999999999998e+01
2.916162033204913e+01 1.399999999999999e+01
2.963228193744631e+01 1.399999999999999e+01
3.011788518111017e+01 1.399999999999999e+01
3.061915304553727e+01 1.400000000000000e+01
3.113685592191280e+01 1.400000000000000e+01
3.167181556083419e+01 1.400000000000000e+01
3.222490942480387e+01 1.400000000000000e+01
3.279707549097929e+01 1.400000000000000e+01
3.338931755947664e+01 1.400000000000000e+01
3.400271113042033e+01 1.400000000000000e+01
3.463840992212575e+01 1.400000000000000e+01
3.529765311352382e+01 1.400000000000000e+01
3.598177340648408e+01 1.400000000000000e+01
3.669220601840434e+01 1.400000000000000e+01
3.743049873275302e+01 1.400000000000000e+01
3.819832315567547e+01 1.400000000000000e+01
3.899748735096211e+01 1.400000000000000e+01
3.982995005438588e+01 1.400000000000000e+01
4.069783670263600e+01 1.400000000000000e+01
4.160345755298394e+01 1.400000000000000e+01
4.254932821890290e+01 1.400000000000000e+01
4.353819300600022e+01 1.400000000000000e+01
4.457305150412510e+01 1.400000000000000e+01
4.565718897835115e+01 1.400000000000000e+01
4.679421120741750e+01 1.400000000000000e+01
4.798808454793743e+01 1.400000000000000e+01
4.924318216232991e+01 1.400000000000000e+01
