0.000000000000000e+00 0.000000000000000e+00
1.537953044934743e-04 3.170879811935379e-02
3.077436391406735e-04 6.341103901439737e-02
4.618452324585020e-04 9.510672402758757e-02
6.161003134190773e-04 1.267958544995693e-01
7.705091114508641e-04 1.584784317694528e-01
9.250718564398110e-04 1.901544571746641e-01
1.079788778730493e-03 2.218239320509809e-01
1.234660109127253e-03 2.534868577325682e-01
1.389686078895353e-03 2.851432355518355e-01
1.544866919762122e-03 3.167930668396082e-01
1.700202863918114e-03 3.484363529250771e-01
1.855694144018261e-03 3.800730951356570e-01
2.011340993183041e-03 4.117032947972348e-01
2.167143644999638e-03 4.433269532339779e-01
2.323102333523111e-03 4.749440717682916e-01
2.479217293277570e-03 5.065546517210890e-01
2.635488759257346e-03 5.381586944114787e-01
2.791916966928176e-03 5.697562011569133e-01
2.948502152228379e-03 6.013471732732256e-01
3.105244551570049e-03 6.329316120745148e-01
3.262144401840238e-03 6.645095188732455e-01
3.419201940402156e-03 6.960808949801276e-01
3.576417405096363e-03 7.276457417042792e-01
3.733791034241974e-03 7.592040603530705e-01
3.891323066637857e-03 7.907558522321878e-01
4.049013741563846e-03 8.223011186456617e-01
4.206863298781951e-03 8.538398608957536e-01
4.364871978537577e-03 8.853720802831262e-01
4.523040021560731e-03 9.168977781066801e-01
4.681367669067258e-03 9.484169556636530e-01
4.839855162760062e-03 9.799296142495493e-01
4.998502744830333e-03 1.011435755158182e+00
5.157310657958785e-03 1.042935379681694e+00
5.316279145316892e-03 1.074428489110460e+00
5.475408450568128e-03 1.105915084733191e+00
5.634698817869213e-03 1.137395167836829e+00
5.794150491871364e-03 1.168868739706660e+00
5.953763717721539e-03 1.200335801626260e+00
6.113538741063708e-03 1.231796354877403e+00
6.273475808040098e-03 1.263250400740255e+00
6.433575165292466e-03 1.294697940493158e+00
6.593837059963363e-03 1.326138975412810e+00
6.754261739697412e-03 1.357573506774102e+00
6.914849452642571e-03 1.389001535850277e+00
7.075600447451427e-03 1.420423063912764e+00
7.236514973282470e-03 1.451838092231348e+00
7.397593279801379e-03 1.483246622073978e+00
7.558835617182325e-03 1.514648654706960e+00
7.720242236109253e-03 1.546044191394778e+00
7.881813387777187e-03 1.577433233400207e+00
8.043549323893534e-03 1.608815781984269e+00
8.205450296679385e-03 1.640191838406281e+00
8.367516558870839e-03 1.671561403923761e+00
8.529748363720301e-03 1.702924479792479e+00
8.692145964997816e-03 1.734281067266423e+00
8.854709616992385e-03 1.765631167597910e+00
9.017439574513290e-03 1.796974782037417e+00
9.180336092891431e-03 1.828311911833723e+00
9.343399427980662e-03 1.859642558233730e+00
9.506629836159124e-03 1.890966722482716e+00
9.670027574330593e-03 1.922284405824087e+00
9.833592899925829e-03 1.953595609499558e+00
9.997326070903921e-03 1.984900334748950e+00
1.016122734575365e-02 2.016198582810439e+00
1.032529698349486e-02 2.047490354920349e+00
1.048953524367979e-02 2.078775652313233e+00
1.065394238639447e-02 2.110054476221883e+00
1.081851867226010e-02 2.141326827877243e+00
1.098326436243438e-02 2.172592708508567e+00
1.114817971861296e-02 2.203852119343239e+00
1.131326500303079e-02 2.235105061606866e+00
1.147852047846347e-02 2.266351536523281e+00
1.164394640822873e-02 2.297591545314461e+00
1.180954305618776e-02 2.328825089200699e+00
1.197531068674665e-02 2.360052169400362e+00
1.214124956485777e-02 2.391272787130049e+00
1.230735995602120e-02 2.422486943604596e+00
1.247364212628614e-02 2.453694640036957e+00
1.264009634225234e-02 2.484895877638323e+00
1.280672287107150e-02 2.516090657618079e+00
1.297352198044874e-02 2.547278981183716e+00
1.314049393864399e-02 2.578460849541010e+00
1.330763901447344e-02 2.609636263893798e+00
1.347495747731102e-02 2.640805225444161e+00
1.364244959708979e-02 2.671967735392379e+00
1.381011564430343e-02 2.703123794936836e+00
1.397795589000768e-02 2.734273405274067e+00
1.414597060582181e-02 2.765416567598891e+00
1.431416006393008e-02 2.796553283104110e+00
1.448252453708320e-02 2.827683552980865e+00
1.465106429859984e-02 2.858807378418305e+00
1.481977962236806e-02 2.889924760603805e+00
1.498867078284682e-02 2.921035700722904e+00
1.515773805506748e-02 2.952140199959217e+00
1.532698171463526e-02 2.983238259494605e+00
1.549640203773078e-02 3.014329880508981e+00
1.566599930111152e-02 3.045415064180418e+00
1.583577378211334e-02 3.076493811685147e+00
1.600572575865201e-02 3.107566124197518e+00
1.617585550922473e-02 3.138632002890034e+00
1.634616331291159e-02 3.169691448933321e+00
1.651664944937719e-02 3.200744463496065e+00
1.668731419887209e-02 3.231791047745176e+00
1.685815784223438e-02 3.262831202845618e+00
1.702918066089123e-02 3.293864929960478e+00
1.720038293686041e-02 3.324892230251017e+00
1.737176495275188e-02 3.355913104876507e+00
1.754332699176927e-02 3.386927554994386e+00
1.771506933771155e-02 3.417935581760204e+00
1.788699227497447e-02 3.448937186327655e+00
1.805909608855225e-02 3.479932369848392e+00
1.823138106403906e-02 3.510921133472294e+00
1.840384748763064e-02 3.541903478347344e+00
1.857649564612590e-02 3.572879405619489e+00
1.874932582692848e-02 3.603848916432867e+00
1.892233831804837e-02 3.634812011929732e+00
1.909553340810348e-02 3.665768693250300e+00
1.926891138632126e-02 3.696718961532994e+00
1.944247254254033e-02 3.727662817914201e+00
1.961621716721206e-02 3.758600263528479e+00
1.979014555140222e-02 3.789531299508390e+00
1.996425798679258e-02 3.820455926984579e+00
2.013855476568256e-02 3.851374147085828e+00
2.031303618099085e-02 3.882285960938852e+00
2.048770252625708e-02 3.913191369668496e+00
2.066255409564342e-02 3.944090374397724e+00
2.083759118393626e-02 3.974982976247446e+00
2.101281408654790e-02 4.005869176336653e+00
2.118822309951812e-02 4.036748975782444e+00
2.136381851951593e-02 4.067622375699855e+00
2.153960064384124e-02 4.098489377202043e+00
2.171556977042646e-02 4.129349981400217e+00
2.189172619783828e-02 4.160204189403537e+00
2.206807022527929e-02 4.191052002319289e+00
2.224460215258970e-02 4.221893421252702e+00
2.242132228024907e-02 4.252728447307128e+00
2.259823090937793e-02 4.283557081583844e+00
2.277532834173960e-02 4.314379325182188e+00
2.295261487974179e-02 4.345195179199543e+00
2.313009082643844e-02 4.376004644731246e+00
2.330775648553134e-02 4.406807722870745e+00
2.348561216137193e-02 4.437604414709348e+00
2.366365815896302e-02 4.468394721336495e+00
2.384189478396053e-02 4.499178643839564e+00
2.402032234267522e-02 4.529956183303952e+00
2.419894114207450e-02 4.560727340813031e+00
2.437775148978412e-02 4.591492117448176e+00
2.455675369409000e-02 4.622250514288794e+00
2.473594806393996e-02 4.653002532412174e+00
2.491533490894550e-02 4.683748172893679e+00
2.509491453938361e-02 4.714487436806621e+00
2.527468726619854e-02 4.745220325222256e+00
2.545465340100358e-02 4.775946839209865e+00
2.563481325608290e-02 4.806666979836670e+00
2.581516714439333e-02 4.837380748167831e+00
2.599571537956616e-02 4.868088145266555e+00
2.617645827590898e-02 4.898789172193894e+00
2.635739614840752e-02 4.929483830008962e+00
2.653852931272743e-02 4.960172119768707e+00
2.671985808521614e-02 4.990854042528177e+00
2.690138278290474e-02 5.021529599340212e+00
2.708310372350976e-02 5.052198791255691e+00
2.726502122543506e-02 5.082861619323381e+00
2.744713560777370e-02 5.113518084590062e+00
2.762944719030979e-02 5.144168188100302e+00
2.781195629352034e-02 5.174811930896780e+00
2.799466323857720e-02 5.205449314019930e+00
2.817756834734886e-02 5.236080338508174e+00
2.836067194240243e-02 5.266705005397924e+00
2.854397434700547e-02 5.297323315723389e+00
2.872747588512789e-02 5.327935270516775e+00
2.891117688144392e-02 5.358540870808127e+00
2.909507766133398e-02 5.389140117625402e+00
2.927917855088660e-02 5.419733011994552e+00
2.946347987690036e-02 5.450319554939298e+00
2.964798196688580e-02 5.480899747481303e+00
2.983268514906741e-02 5.511473590640165e+00
3.001758975238554e-02 5.542041085433326e+00
3.020269610649834e-02 5.572602232876072e+00
3.038800454178375e-02 5.603157033981624e+00
3.057351538934146e-02 5.633705489761098e+00
3.075922898099485e-02 5.664247601223387e+00
3.094514564929303e-02 5.694783369375344e+00
3.113126572751277e-02 5.725312795221654e+00
3.131758954966049e-02 5.755835879764845e+00
3.150411745047431e-02 5.786352624005310e+00
3.169084976542601e-02 5.816863028941313e+00
3.187778683072305e-02 5.847367095568934e+00
3.206492898331060e-02 5.877864824882145e+00
3.225227656087354e-02 5.908356217872722e+00
3.243982990183854e-02 5.938841275530308e+00
3.262758934537602e-02 5.969319998842302e+00
3.281555523140227e-02 5.999792388794056e+00
3.300372790058147e-02 6.030258446368677e+00
3.319210769432773e-02 6.060718172547062e+00
3.338069495480719e-02 6.091171568308020e+00
3.356949002494007e-02 6.121618634628092e+00
3.375849324840276e-02 6.152059372481645e+00
3.394770496962989e-02 6.182493782840915e+00
3.413712553381643e-02 6.212921866675856e+00
3.432675528691979e-02 6.243343624954285e+00
3.451659457566195e-02 6.273759058641787e+00
3.470664374753150e-02 6.304168168701722e+00
3.489690315078588e-02 6.334570956095291e+00
3.508737313445337e-02 6.364967421781422e+00
3.527805404833534e-02 6.395357566716854e+00
3.546894624300832e-02 6.425741391856107e+00
3.566005006982615e-02 6.456118898151438e+00
3.585136588092221e-02 6.486490086552905e+00
3.604289402921151e-02 6.516854958008317e+00
3.623463486839285e-02 6.547213513463255e+00
3.642658875295105e-02 6.577565753861030e+00
3.661875603815912e-02 6.607911680142728e+00
3.681113708008045e-02 6.638251293247173e+00
3.700373223557096e-02 6.668584594110946e+00
3.719654186228140e-02 6.698911583668341e+00
3.738956631865949e-02 6.729232262851411e+00
3.758280596395214e-02 6.759546632589917e+00
3.777626115820776e-02 6.789854693811392e+00
3.796993226227840e-02 6.820156447441029e+00
3.816381963782205e-02 6.850451894401800e+00
3.835792364730484e-02 6.880741035614335e+00
3.855224465400337e-02 6.911023871997045e+00
3.874678302200694e-02 6.941300404465963e+00
3.894153911621980e-02 6.971570633934888e+00
3.913651330236347e-02 7.001834561315277e+00
3.933170594697902e-02 7.032092187516319e+00
3.952711741742933e-02 7.062343513444858e+00
3.972274808190145e-02 7.092588540005444e+00
3.991859830940890e-02 7.122827268100266e+00
4.011466846979397e-02 7.153059698629278e+00
4.031095893373002e-02 7.183285832490036e+00
4.050747007272389e-02 7.213505670577760e+00
4.070420225911821e-02 7.243719213785340e+00
4.090115586609373e-02 7.273926463003356e+00
4.109833126767169e-02 7.304127419120022e+00
4.129572883871623e-02 7.334322083021185e+00
4.149334895493669e-02 7.364510455590377e+00
4.169119199289005e-02 7.394692537708750e+00
4.188925832998332e-02 7.424868330255045e+00
4.208754834447590e-02 7.455037834105724e+00
4.228606241548203e-02 7.485201050134812e+00
4.248480092297319e-02 7.515357979213995e+00
4.268376424778051e-02 7.545508622212523e+00
4.288295277159724e-02 7.575652979997351e+00
4.308236687698114e-02 7.605791053432966e+00
4.328200694735698e-02 7.635922843381458e+00
4.348187336701897e-02 7.666048350702567e+00
4.368196652113320e-02 7.696167576253615e+00
4.388228679574018e-02 7.726280520889475e+00
4.408283457775729e-02 7.756387185462650e+00
4.428361025498122e-02 7.786487570823205e+00
4.448461421609058e-02 7.816581677818782e+00
4.468584685064830e-02 7.846669507294621e+00
4.488730854910421e-02 7.876751060093497e+00
4.508899970279753e-02 7.906826337055733e+00
4.529092070395945e-02 7.936895339019266e+00
4.549307194571564e-02 7.966958066819551e+00
4.569545382208876e-02 7.997014521289586e+00
4.589806672800113e-02 8.027064703259938e+00
4.610091105927718e-02 8.057108613558697e+00
4.630398721264613e-02 8.087146253011468e+00
4.650729558574448e-02 8.117177622441432e+00
4.671083657711870e-02 8.147202722669242e+00
4.691461058622774e-02 8.177221554513125e+00
4.711861801344572e-02 8.207234118788769e+00
4.732285926006453e-02 8.237240416309390e+00
4.752733472829645e-02 8.267240447885740e+00
4.773204482127675e-02 8.297234214326032e+00
4.793698994306644e-02 8.327221716436000e+00
4.814217049865486e-02 8.357202955018842e+00
4.834758689396235e-02 8.387177930875275e+00
4.855323953584294e-02 8.417146644803438e+00
4.875912883208702e-02 8.447109097599004e+00
4.896525519142408e-02 8.477065290055073e+00
4.917161902352535e-02 8.507015222962259e+00
4.937822073900656e-02 8.536958897108597e+00
4.958506074943066e-02 8.566896313279578e+00
4.979213946731053e-02 8.596827472258170e+00
4.999945730611173e-02 8.626752374824711e+00
5.020701468025528e-02 8.656671021757084e+00
5.041481200512039e-02 8.686583413830547e+00
5.062284969704722e-02 8.716489551817766e+00
5.083112817333971e-02 8.746389436488869e+00
5.103964785226832e-02 8.776283068611406e+00
5.124840915307287e-02 8.806170448950290e+00
5.145741249596530e-02 8.836051578267920e+00
5.166665830213256e-02 8.865926457323994e+00
5.187614699373935e-02 8.895795086875722e+00
5.208587899393106e-02 8.925657467677603e+00
5.229585472683652e-02 8.955513600481609e+00
5.250607461757095e-02 8.985363486037009e+00
5.271653909223875e-02 9.015207125090512e+00
5.292724857793642e-02 9.045044518386156e+00
5.313820350275548e-02 9.074875666665392e+00
5.334940429578528e-02 9.104700570666978e+00
5.356085138711598e-02 9.134519231127051e+00
5.377254520784147e-02 9.164331648779076e+00
5.398448619006227e-02 9.194137824353923e+00
5.419667476688846e-02 9.223937758579694e+00
5.440911137244268e-02 9.253731452181931e+00
5.462179644186304e-02 9.283518905883419e+00
5.483473041130613e-02 9.313300120404300e+00
5.504791371794997e-02 9.343075096462023e+00
5.526134679999703e-02 9.372843834771352e+00
5.547503009667721e-02 9.402606336044393e+00
5.568896404825084e-02 9.432362600990430e+00
5.590314909601177e-02 9.462112630316192e+00
5.611758568229033e-02 9.491856424725562e+00
5.633227425045642e-02 9.521593984919782e+00
5.654721524492251e-02 9.551325311597360e+00
5.676240911114680e-02 9.581050405454057e+00
5.697785629563622e-02 9.610769267182874e+00
5.719355724594954e-02 9.640481897474118e+00
5.740951241070047e-02 9.670188297015322e+00
5.762572223956079e-02 9.699888466491259e+00
5.784218718326339e-02 9.729582406583951e+00
5.805890769360556e-02 9.759270117972676e+00
5.827588422345198e-02 9.788951601333899e+00
5.849311722673794e-02 9.818626857341300e+00
5.871060715847248e-02 9.848295886665817e+00
5.892835447474162e-02 9.877958689975614e+00
5.914635963271150e-02 9.907615267935981e+00
5.936462309063157e-02 9.937265621209441e+00
5.958314530783786e-02 9.966909750455770e+00
5.980192674475614e-02 9.996547656331842e+00
6.002096786290518e-02 1.002617933949173e+01
6.024026912490000e-02 1.005580480058672e+01
6.045983099445512e-02 1.008542404026525e+01
6.067965393638785e-02 1.011503705917288e+01
6.089973841662150e-02 1.014464385795238e+01
6.112008490218875e-02 1.017424443724364e+01
6.134069386123495e-02 1.020383879768367e+01
6.156156576302137e-02 1.023342693990668e+01
6.178270107792859e-02 1.026300886454394e+01
6.200410027745979e-02 1.029258457222388e+01
6.222576383424418e-02 1.032215406357206e+01
6.244769222204025e-02 1.035171733921113e+01
6.266988591573923e-02 1.038127439976084e+01
6.289234539136850e-02 1.041082524583805e+01
6.311507112609485e-02 1.044036987805670e+01
6.333806359822806e-02 1.046990829702783e+01
6.356132328722423e-02 1.049944050335953e+01
6.378485067368922e-02 1.052896649765702e+01
6.400864623938213e-02 1.055848628052253e+01
6.423271046721871e-02 1.058799985255536e+01
6.445704384127493e-02 1.061750721435187e+01
6.468164684679034e-02 1.064700836650550e+01
6.490651997017167e-02 1.067650330960666e+01
6.513166369899633e-02 1.070599204424283e+01
6.535707852201580e-02 1.073547457099852e+01
6.558276492915943e-02 1.076495089045527e+01
6.580872341153768e-02 1.079442100319160e+01
6.603495446144596e-02 1.082388490978305e+01
6.626145857236800e-02 1.085334261080218e+01
6.648823623897955e-02 1.088279410681848e+01
6.671528795715198e-02 1.091223939839852e+01
6.694261422395581e-02 1.094167848610577e+01
6.717021553766442e-02 1.097111137050070e+01
6.739809239775765e-02 1.100053805214075e+01
6.762624530492552e-02 1.102995853158031e+01
6.785467476107176e-02 1.105937280937071e+01
6.808338126931764e-02 1.108878088606026e+01
6.831236533400556e-02 1.111818276219417e+01
6.854162746070282e-02 1.114757843831460e+01
6.877116815620529e-02 1.117696791496061e+01
6.900098792854122e-02 1.120635119266822e+01
6.923108728697487e-02 1.123572827197031e+01
6.946146674201037e-02 1.126509915339668e+01
6.969212680539551e-02 1.129446383747403e+01
6.992306799012542e-02 1.132382232472596e+01
7.015429081044645e-02 1.135317461567291e+01
7.038579578186001e-02 1.138252071083224e+01
7.061758342112634e-02 1.141186061071815e+01
7.084965424626836e-02 1.144119431584168e+01
7.108200877657560e-02 1.147052182671077e+01
7.131464753260799e-02 1.149984314383016e+01
7.154757103619978e-02 1.152915826770145e+01
7.178077981046345e-02 1.155846719882304e+01
7.201427437979362e-02 1.158776993769019e+01
7.224805526987098e-02 1.161706648479495e+01
7.248212300766622e-02 1.164635684062619e+01
7.271647812144404e-02 1.167564100566956e+01
7.295112114076702e-02 1.170491898040753e+01
7.318605259649974e-02 1.173419076531931e+01
7.342127302081269e-02 1.176345636088095e+01
7.365678294718636e-02 1.179271576756521e+01
7.389258291041516e-02 1.182196898584161e+01
7.412867344661157e-02 1.185121601617650e+01
7.436505509321020e-02 1.188045685903287e+01
7.460172838897183e-02 1.190969151487052e+01
7.483869387398749e-02 1.193891998414596e+01
7.507595208968257e-02 1.196814226731243e+01
7.531350357882105e-02 1.199735836481989e+01
7.555134888550949e-02 1.202656827711495e+01
7.578948855520125e-02 1.205577200464099e+01
7.602792313470068e-02 1.208496954783805e+01
7.626665317216727e-02 1.211416090714284e+01
7.650567921711987e-02 1.214334608298879e+01
7.674500182044090e-02 1.217252507580595e+01
7.698462153438057e-02 1.220169788602104e+01
7.722453891256117e-02 1.223086451405746e+01
7.746475450998126e-02 1.226002496033520e+01
7.770526888302005e-02 1.228917922527093e+01
7.794608258944158e-02 1.231832730927794e+01
7.818719618839912e-02 1.234746921276613e+01
7.842861024043947e-02 1.237660493614199e+01
7.867032530750732e-02 1.240573447980865e+01
7.891234195294954e-02 1.243485784416581e+01
7.915466074151967e-02 1.246397502960976e+01
7.939728223938219e-02 1.249308603653337e+01
7.964020701411702e-02 1.252219086532606e+01
7.988343563472397e-02 1.255128951637385e+01
8.012696867162705e-02 1.258038199005927e+01
8.037080669667901e-02 1.260946828676141e+01
8.061495028316588e-02 1.263854840685592e+01
8.085940000581138e-02 1.266762235071494e+01
8.110415644078137e-02 1.269669011870712e+01
8.134922016568857e-02 1.272575171119768e+01
8.159459175959691e-02 1.275480712854826e+01
8.184027180302617e-02 1.278385637111703e+01
8.208626087795662e-02 1.281289943925867e+01
8.233255956783346e-02 1.284193633332431e+01
8.257916845757166e-02 1.287096705366153e+01
8.282608813356028e-02 1.289999160061439e+01
8.307331918366741e-02 1.292900997452337e+01
8.332086219724473e-02 1.295802217572543e+01
8.356871776513213e-02 1.298702820455394e+01
8.381688647966246e-02 1.301602806133867e+01
8.406536893466628e-02 1.304502174640584e+01
8.431416572547655e-02 1.307400926007806e+01
8.456327744893341e-02 1.310299060267429e+01
8.481270470338896e-02 1.313196577450996e+01
8.506244808871202e-02 1.316093477589684e+01
8.531250820629291e-02 1.318989760714301e+01
8.556288565904842e-02 1.321885426855299e+01
8.581358105142646e-02 1.324780476042761e+01
8.606459498941108e-02 1.327674908306404e+01
8.631592808052729e-02 1.330568723675582e+01
8.656758093384592e-02 1.333461922179270e+01
8.681955415998865e-02 1.336354503846088e+01
8.707184837113284e-02 1.339246468704278e+01
8.732446418101651e-02 1.342137816781715e+01
8.757740220494345e-02 1.345028548105898e+01
8.783066305978793e-02 1.347918662703958e+01
8.808424736400004e-02 1.350808160602651e+01
8.833815573761050e-02 1.353697041828354e+01
8.859238880223583e-02 1.356585306407076e+01
8.884694718108330e-02 1.359472954364445e+01
8.910183149895619e-02 1.362359985725712e+01
8.935704238225879e-02 1.365246400515750e+01
8.961258045900149e-02 1.368132198759055e+01
8.986844635880610e-02 1.371017380479738e+01
9.012464071291083e-02 1.373901945701534e+01
9.038116415417562e-02 1.376785894447789e+01
9.063801731708730e-02 1.379669226741473e+01
9.089520083776476e-02 1.382551942605166e+01
9.115271535396434e-02 1.385434042061067e+01
9.141056150508498e-02 1.388315525130986e+01
9.166873993217353e-02 1.391196391836345e+01
9.192725127793019e-02 1.394076642198182e+01
9.218609618671361e-02 1.396956276237140e+01
9.244527530454645e-02 1.399835293973475e+01
9.270478927912069e-02 1.402713695427054e+01
9.296463875980299e-02 1.405591480617345e+01
9.322482439764010e-02 1.408468649563430e+01
9.348534684536439e-02 1.411345202283990e+01
9.374620675739920e-02 1.414221138797314e+01
9.400740478986437e-02 1.417096459121298e+01
9.426894160058177e-02 1.419971163273432e+01
9.453081784908078e-02 1.422845251270811e+01
9.479303419660380e-02 1.425718723130136e+01
9.505559130611192e-02 1.428591578867700e+01
9.531848984229038e-02 1.431463818499397e+01
9.558173047155431e-02 1.434335442040715e+01
9.584531386205429e-02 1.437206449506748e+01
9.610924068368192e-02 1.440076840912171e+01
9.637351160807570e-02 1.442946616271264e+01
9.663812730862655e-02 1.445815775597896e+01
9.690308846048359e-02 1.448684318905526e+01
9.716839574055994e-02 1.451552246207206e+01
9.743404982753832e-02 1.454419557515576e+01
9.770005140187704e-02 1.457286252842868e+01
9.796640114581570e-02 1.460152332200898e+01
9.823309974338099e-02 1.463017795601067e+01
9.850014788039262e-02 1.465882643054367e+01
9.876754624446919e-02 1.468746874571368e+01
9.903529552503404e-02 1.471610490162226e+01
9.930339641332125e-02 1.474473489836679e+01
9.957184960238150e-02 1.477335873604044e+01
9.984065578708812e-02 1.480197641473219e+01
1.001098156641430e-01 1.483058793452680e+01
1.003793299320828e-01 1.485919329550482e+01
1.006491992912847e-01 1.488779249774250e+01
1.009194244439727e-01 1.491638554131193e+01
1.011900060942236e-01 1.494497242628085e+01
1.014609449479731e-01 1.497355315271281e+01
1.017322417130222e-01 1.500212772066700e+01
1.020038970990430e-01 1.503069613019838e+01
1.022759118175849e-01 1.505925838135754e+01
1.025482865820813e-01 1.508781447419081e+01
1.028210221078551e-01 1.511636440874012e+01
1.030941191121256e-01 1.514490818504311e+01
1.033675783140145e-01 1.517344580313307e+01
1.036414004345523e-01 1.520197726303888e+01
1.039155861966844e-01 1.523050256478506e+01
1.041901363252778e-01 1.525902170839174e+01
1.044650515471273e-01 1.528753469387464e+01
1.047403325909620e-01 1.531604152124508e+01
1.050159801874515e-01 1.534454219050994e+01
1.052919950692129e-01 1.537303670167167e+01
1.055683779708166e-01 1.540152505472823e+01
1.058451296287934e-01 1.543000724967317e+01
1.061222507816406e-01 1.545848328649552e+01
1.063997421698290e-01 1.548695316517984e+01
1.066776045358091e-01 1.551541688570618e+01
1.069558386240179e-01 1.554387444805008e+01
1.072344451808857e-01 1.557232585218257e+01
1.075134249548423e-01 1.560077109807008e+01
1.077927786963244e-01 1.562921018567456e+01
1.080725071577816e-01 1.565764311495336e+01
1.083526110936837e-01 1.568606988585922e+01
1.086330912605273e-01 1.571449049834038e+01
1.089139484168424e-01 1.574290495234036e+01
1.091951833231996e-01 1.577131324779815e+01
1.094767967422168e-01 1.579971538464808e+01
1.097587894385661e-01 1.582811136281984e+01
1.100411621789804e-01 1.585650118223846e+01
1.103239157322612e-01 1.588488484282428e+01
1.106070508692846e-01 1.591326234449302e+01
1.108905683630088e-01 1.594163368715562e+01
1.111744689884814e-01 1.596999887071838e+01
1.114587535228457e-01 1.599835789508285e+01
1.117434227453486e-01 1.602671076014583e+01
1.120284774373471e-01 1.605505746579940e+01
1.123139183823157e-01 1.608339801193088e+01
1.125997463658538e-01 1.611173239842276e+01
1.128859621756925e-01 1.614006062515280e+01
1.131725666017020e-01 1.616838269199391e+01
1.134595604358991e-01 1.619669859881424e+01
1.137469444724540e-01 1.622500834547704e+01
1.140347195076981e-01 1.625331193184077e+01
1.143228863401311e-01 1.628160935775900e+01
1.146114457704285e-01 1.630990062308042e+01
1.149003986014488e-01 1.633818572764887e+01
1.151897456382413e-01 1.636646467130327e+01
1.154794876880533e-01 1.639473745387761e+01
1.157696255603378e-01 1.642300407520096e+01
1.160601600667607e-01 1.645126453509743e+01
1.163510920212088e-01 1.647951883338624e+01
1.166424222397971e-01 1.650776696988154e+01
1.169341515408767e-01 1.653600894439258e+01
1.172262807450421e-01 1.656424475672353e+01
1.175188106751391e-01 1.659247440667359e+01
1.178117421562726e-01 1.662069789403695e+01
1.181050760158142e-01 1.664891521860270e+01
1.183988130834102e-01 1.667712638015491e+01
1.186929541909892e-01 1.670533137847256e+01
1.189875001727699e-01 1.673353021332953e+01
1.192824518652693e-01 1.676172288449462e+01
1.195778101073104e-01 1.678990939173150e+01
1.198735757400302e-01 1.681808973479870e+01
1.201697496068876e-01 1.684626391344960e+01
1.204663325536716e-01 1.687443192743243e+01
1.207633254285093e-01 1.690259377649022e+01
1.210607290818736e-01 1.693074946036081e+01
1.213585443665922e-01 1.695889897877685e+01
1.216567721378546e-01 1.698704233146574e+01
1.219554132532213e-01 1.701517951814966e+01
1.222544685726316e-01 1.704331053854550e+01
1.225539389584116e-01 1.707143539236490e+01
1.228538252752830e-01 1.709955407931422e+01
1.231541283903710e-01 1.712766659909449e+01
1.234548491732130e-01 1.715577295140147e+01
1.237559884957667e-01 1.718387313592552e+01
1.240575472324185e-01 1.721196715235168e+01
1.243595262599926e-01 1.724005500035964e+01
1.246619264577586e-01 1.726813667962366e+01
1.249647487074404e-01 1.729621218981266e+01
1.252679938932253e-01 1.732428153059013e+01
1.255716629017715e-01 1.735234470161406e+01
1.258757566222177e-01 1.738040170253707e+01
1.261802759461915e-01 1.740845253300630e+01
1.264852217678180e-01 1.743649719266339e+01
1.267905949837284e-01 1.746453568114449e+01
1.270963964930693e-01 1.749256799808024e+01
1.274026271975110e-01 1.752059414309575e+01
1.277092880012567e-01 1.754861411581059e+01
1.280163798110513e-01 1.757662791583874e+01
1.283239035361901e-01 1.760463554278861e+01
1.286318600885283e-01 1.763263699626303e+01
1.289402503824895e-01 1.766063227585921e+01
1.292490753350750e-01 1.768862138116872e+01
1.295583358658729e-01 1.771660431177747e+01
1.298680328970672e-01 1.774458106726573e+01
1.301781673534467e-01 1.777255164720806e+01
1.304887401624148e-01 1.780051605117335e+01
1.307997522539981e-01 1.782847427872473e+01
1.311112045608561e-01 1.785642632941964e+01
1.314230980182904e-01 1.788437220280976e+01
1.317354335642540e-01 1.791231189844094e+01
1.320482121393609e-01 1.794024541585333e+01
1.323614346868951e-01 1.796817275458122e+01
1.326751021528207e-01 1.799609391415306e+01
1.329892154857910e-01 1.802400889409152e+01
1.333037756371581e-01 1.805191769391337e+01
1.336187835609827e-01 1.807982031312950e+01
1.339342402140435e-01 1.810771675124491e+01
1.342501465558471e-01 1.813560700775869e+01
1.345665035486376e-01 1.816349108216399e+01
1.348833121574063e-01 1.819136897394802e+01
1.352005733499019e-01 1.821924068259203e+01
1.355182880966397e-01 1.824710620757124e+01
1.358364573709123e-01 1.827496554835490e+01
1.361550821487987e-01 1.830281870440623e+01
1.364741634091748e-01 1.833066567518239e+01
1.367937021337237e-01 1.835850646013451e+01
1.371136993069447e-01 1.838634105870760e+01
1.374341559161646e-01 1.841416947034059e+01
1.377550729515472e-01 1.844199169446630e+01
1.380764514061035e-01 1.846980773051137e+01
1.383982922757024e-01 1.849761757789634e+01
1.387205965590805e-01 1.852542123603552e+01
1.390433652578524e-01 1.855321870433705e+01
1.393665993765216e-01 1.858100998220286e+01
1.396902999224905e-01 1.860879506902863e+01
1.400144679060709e-01 1.863657396420379e+01
1.403391043404947e-01 1.866434666711150e+01
1.406642102419241e-01 1.869211317712859e+01
1.409897866294627e-01 1.871987349362565e+01
1.413158345251657e-01 1.874762761596683e+01
1.416423549540509e-01 1.877537554351004e+01
1.419693489441091e-01 1.880311727560674e+01
1.422968175263156e-01 1.883085281160200e+01
1.426247617346400e-01 1.885858215083451e+01
1.429531826060579e-01 1.888630529263650e+01
1.432820811805615e-01 1.891402223633373e+01
1.436114585011706e-01 1.894173298124551e+01
1.439413156139438e-01 1.896943752668465e+01
1.442716535679892e-01 1.899713587195743e+01
1.446024734154759e-01 1.902482801636358e+01
1.449337762116452e-01 1.905251395919631e+01
1.452655630148212e-01 1.908019369974221e+01
1.455978348864230e-01 1.910786723728128e+01
1.459305928909752e-01 1.913553457108691e+01
1.462638380961196e-01 1.916319570042581e+01
1.465975715726270e-01 1.919085062455807e+01
1.469317943944077e-01 1.921849934273708e+01
1.472665076385243e-01 1.924614185420948e+01
1.476017123852019e-01 1.927377815821523e+01
1.479374097178408e-01 1.930140825398752e+01
1.482736007230277e-01 1.932903214075277e+01
1.486102864905475e-01 1.935664981773057e+01
1.489474681133950e-01 1.938426128413375e+01
1.492851466877869e-01 1.941186653916826e+01
1.496233233131734e-01 1.943946558203320e+01
1.499619990922506e-01 1.946705841192079e+01
1.503011751309719e-01 1.949464502801631e+01
1.506408525385605e-01 1.952222542949817e+01
1.509810324275212e-01 1.954979961553777e+01
1.513217159136529e-01 1.957736758529958e+01
1.516629041160603e-01 1.960492933794103e+01
1.520045981571667e-01 1.963248487261257e+01
1.523467991627257e-01 1.966003418845758e+01
1.526895082618341e-01 1.968757728461239e+01
1.530327265869443e-01 1.971511416020622e+01
1.533764552738761e-01 1.974264481436120e+01
1.537206954618301e-01 1.977016924619231e+01
1.540654482933999e-01 1.979768745480736e+01
1.544107149145846e-01 1.982519943930701e+01
1.547564964748015e-01 1.985270519878469e+01
1.551027941268994e-01 1.988020473232660e+01
1.554496090271707e-01 1.990769803901166e+01
1.557969423353647e-01 1.993518511791159e+01
1.561447952147003e-01 1.996266596809071e+01
1.564931688318793e-01 1.999014058860608e+01
1.568420643570990e-01 2.001760897850738e+01
1.571914829640656e-01 2.004507113683694e+01
1.575414258300074e-01 2.007252706262965e+01
1.578918941356879e-01 2.009997675491301e+01
1.582428890654189e-01 2.012742021270705e+01
1.585944118070744e-01 2.015485743502433e+01
1.589464635521033e-01 2.018228842086992e+01
1.592990454955435e-01 2.020971316924136e+01
1.596521588360348e-01 2.023713167912865e+01
1.600058047758330e-01 2.026454394951418e+01
1.603599845208233e-01 2.029194997937279e+01
1.607146992805342e-01 2.031934976767165e+01
1.610699502681509e-01 2.034674331337031e+01
1.614257387005295e-01 2.037413061542062e+01
1.617820657982108e-01 2.040151167276677e+01
1.621389327854339e-01 2.042888648434515e+01
1.624963408901510e-01 2.045625504908446e+01
1.628542913440406e-01 2.048361736590559e+01
1.632127853825223e-01 2.051097343372162e+01
1.635718242447707e-01 2.053832325143780e+01
1.639314091737298e-01 2.056566681795155e+01
1.642915414161271e-01 2.059300413215234e+01
1.646522222224885e-01 2.062033519292179e+01
1.650134528471522e-01 2.064765999913355e+01
1.653752345482839e-01 2.067497854965330e+01
1.657375685878905e-01 2.070229084333873e+01
1.661004562318357e-01 2.072959687903951e+01
1.664638987498542e-01 2.075689665559727e+01
1.668278974155667e-01 2.078419017184554e+01
1.671924535064947e-01 2.081147742660978e+01
1.675575683040754e-01 2.083875841870728e+01
1.679232430936770e-01 2.086603314694719e+01
1.682894791646133e-01 2.089330161013050e+01
1.686562778101594e-01 2.092056380704992e+01
1.690236403275664e-01 2.094781973648998e+01
1.693915680180771e-01 2.097506939722689e+01
1.697600621869412e-01 2.100231278802860e+01
1.701291241434307e-01 2.102954990765471e+01
1.704987552008554e-01 2.105678075485644e+01
1.708689566765786e-01 2.108400532837667e+01
1.712397298920326e-01 2.111122362694983e+01
1.716110761727346e-01 2.113843564930193e+01
1.719829968483024e-01 2.116564139415048e+01
1.723554932524700e-01 2.119284086020451e+01
1.727285667231043e-01 2.122003404616450e+01
1.731022186022202e-01 2.124722095072238e+01
1.734764502359972e-01 2.127440157256148e+01
1.738512629747957e-01 2.130157591035652e+01
1.742266581731726e-01 2.132874396277354e+01
1.746026371898986e-01 2.135590572846993e+01
1.749792013879735e-01 2.138306120609437e+01
1.753563521346436e-01 2.141021039428677e+01
1.757340908014175e-01 2.143735329167827e+01
1.761124187640835e-01 2.146448989689124e+01
1.764913374027256e-01 2.149162020853916e+01
1.768708481017405e-01 2.151874422522670e+01
1.772509522498547e-01 2.154586194554959e+01
1.776316512401413e-01 2.157297336809467e+01
1.780129464700368e-01 2.160007849143980e+01
1.783948393413584e-01 2.162717731415383e+01
1.787773312603213e-01 2.165426983479662e+01
1.791604236375558e-01 2.168135605191898e+01
1.795441178881245e-01 2.170843596406259e+01
1.799284154315400e-01 2.173550956976005e+01
1.803133176917822e-01 2.176257686753482e+01
1.806988260973162e-01 2.178963785590111e+01
1.810849420811095e-01 2.181669253336401e+01
1.814716670806501e-01 2.184374089841927e+01
1.818590025379643e-01 2.187078294955343e+01
1.822469498996344e-01 2.189781868524367e+01
1.826355106168170e-01 2.192484810395785e+01
1.830246861452610e-01 2.195187120415444e+01
1.834144779453256e-01 2.197888798428247e+01
1.838048874819989e-01 2.200589844278159e+01
1.841959162249160e-01 2.203290257808190e+01
1.845875656483772e-01 2.205990038860401e+01
1.849798372313675e-01 2.208689187275900e+01
1.853727324575740e-01 2.211387702894834e+01
1.857662528154053e-01 2.214085585556390e+01
1.861603997980103e-01 2.216782835098788e+01
1.865551749032966e-01 2.219479451359280e+01
1.869505796339503e-01 2.222175434174148e+01
1.873466154974541e-01 2.224870783378696e+01
1.877432840061073e-01 2.227565498807248e+01
1.881405866770446e-01 2.230259580293149e+01
1.885385250322553e-01 2.232953027668754e+01
1.889371005986033e-01 2.235645840765430e+01
1.893363149078461e-01 2.238338019413550e+01
1.897361694966546e-01 2.241029563442490e+01
1.901366659066329e-01 2.243720472680628e+01
1.905378056843381e-01 2.246410746955332e+01
1.909395903813002e-01 2.249100386092969e+01
1.913420215540416e-01 2.251789389918889e+01
1.917451007640983e-01 2.254477758257431e+01
1.921488295780391e-01 2.257165490931911e+01
1.925532095674862e-01 2.259852587764625e+01
1.929582423091358e-01 2.262539048576843e+01
1.933639293847784e-01 2.265224873188802e+01
1.937702723813193e-01 2.267910061419710e+01
1.941772728907997e-01 2.270594613087733e+01
1.945849325104168e-01 2.273278528009996e+01
1.949932528425455e-01 2.275961806002584e+01
1.954022354947588e-01 2.278644446880524e+01
1.958118820798490e-01 2.281326450457798e+01
1.962221942158492e-01 2.284007816547327e+01
1.966331735260542e-01 2.286688544960972e+01
1.970448216390424e-01 2.289368635509531e+01
1.974571401886966e-01 2.292048088002731e+01
1.978701308142264e-01 2.294726902249228e+01
1.982837951601894e-01 2.297405078056603e+01
1.986981348765131e-01 2.300082615231354e+01
1.991131516185171e-01 2.302759513578895e+01
1.995288470469349e-01 2.305435772903553e+01
1.999452228279359e-01 2.308111393008562e+01
2.003622806331483e-01 2.310786373696057e+01
2.007800221396807e-01 2.313460714767079e+01
2.011984490301451e-01 2.316134416021557e+01
2.016175629926791e-01 2.318807477258314e+01
2.020373657209693e-01 2.321479898275062e+01
2.024578589142730e-01 2.324151678868393e+01
2.028790442774422e-01 2.326822818833781e+01
2.033009235209462e-01 2.329493317965570e+01
2.037234983608945e-01 2.332163176056978e+01
2.041467705190606e-01 2.334832392900090e+01
2.045707417229049e-01 2.337500968285848e+01
2.049954137055985e-01 2.340168902004056e+01
2.054207882060468e-01 2.342836193843372e+01
2.058468669689130e-01 2.345502843591299e+01
2.062736517446424e-01 2.348168851034186e+01
2.067011442894857e-01 2.350834215957225e+01
2.071293463655237e-01 2.353498938144442e+01
2.075582597406914e-01 2.356163017378695e+01
2.079878861888020e-01 2.358826453441667e+01
2.084182274895718e-01 2.361489246113868e+01
2.088492854286441e-01 2.364151395174622e+01
2.092810617976150e-01 2.366812900402071e+01
2.097135583940570e-01 2.369473761573163e+01
2.101467770215448e-01 2.372133978463650e+01
2.105807194896801e-01 2.374793550848090e+01
2.110153876141166e-01 2.377452478499831e+01
2.114507832165856e-01 2.380110761191014e+01
2.118869081249215e-01 2.382768398692567e+01
2.123237641730868e-01 2.385425390774199e+01
2.127613532011988e-01 2.388081737204398e+01
2.131996770555545e-01 2.390737437750423e+01
2.136387375886569e-01 2.393392492178301e+01
2.140785366592415e-01 2.396046900252823e+01
2.145190761323017e-01 2.398700661737537e+01
2.149603578791162e-01 2.401353776394747e+01
2.154023837772742e-01 2.404006243985503e+01
2.158451557107035e-01 2.406658064269601e+01
2.162886755696960e-01 2.409309237005579e+01
2.167329452509352e-01 2.411959761950701e+01
2.171779666575235e-01 2.414609638860970e+01
2.176237416990086e-01 2.417258867491110e+01
2.180702722914115e-01 2.419907447594560e+01
2.185175603572535e-01 2.422555378923483e+01
2.189656078255843e-01 2.425202661228744e+01
2.194144166320091e-01 2.427849294259917e+01
2.198639887187168e-01 2.430495277765273e+01
2.203143260345084e-01 2.433140611491782e+01
2.207654305348243e-01 2.435785295185099e+01
2.212173041817733e-01 2.438429328589566e+01
2.216699489441609e-01 2.441072711448205e+01
2.221233667975174e-01 2.443715443502710e+01
2.225775597241276e-01 2.446357524493448e+01
2.230325297130587e-01 2.448998954159445e+01
2.234882787601901e-01 2.451639732238391e+01
2.239448088682420e-01 2.454279858466626e+01
2.244021220468051e-01 2.456919332579140e+01
2.248602203123701e-01 2.459558154309564e+01
2.253191056883570e-01 2.462196323390169e+01
2.257787802051452e-01 2.464833839551858e+01
2.262392459001036e-01 2.467470702524161e+01
2.267005048176198e-01 2.470106912035226e+01
2.271625590091319e-01 2.472742467811822e+01
2.276254105331574e-01 2.475377369579327e+01
2.280890614553245e-01 2.478011617061724e+01
2.285535138484029e-01 2.480645209981596e+01
2.290187697923344e-01 2.483278148060120e+01
2.294848313742640e-01 2.485910431017061e+01
2.299517006885713e-01 2.488542058570768e+01
2.304193798369017e-01 2.491173030438168e+01
2.308878709281980e-01 2.493803346334758e+01
2.313571760787319e-01 2.496433005974604e+01
2.318272974121364e-01 2.499062009070329e+01
2.322982370594371e-01 2.501690355333113e+01
2.327699971590850e-01 2.504318044472685e+01
2.332425798569887e-01 2.506945076197317e+01
2.337159873065465e-01 2.509571450213816e+01
2.341902216686801e-01 2.512197166227525e+01
2.346652851118664e-01 2.514822223942311e+01
2.351411798121710e-01 2.517446623060558e+01
2.356179079532818e-01 2.520070363283167e+01
2.360954717265418e-01 2.522693444309547e+01
2.365738733309830e-01 2.525315865837608e+01
2.370531149733599e-01 2.527937627563757e+01
2.375331988681840e-01 2.530558729182888e+01
2.380141272377570e-01 2.533179170388383e+01
2.384959023122060e-01 2.535798950872099e+01
2.389785263295176e-01 2.538418070324366e+01
2.394620015355722e-01 2.541036528433978e+01
2.399463301841794e-01 2.543654324888190e+01
2.404315145371127e-01 2.546271459372711e+01
2.409175568641450e-01 2.548887931571692e+01
2.414044594430835e-01 2.551503741167729e+01
2.418922245598058e-01 2.554118887841853e+01
2.423808545082953e-01 2.556733371273518e+01
2.428703515906775e-01 2.559347191140605e+01
2.433607181172556e-01 2.561960347119404e+01
2.438519564065478e-01 2.564572838884622e+01
2.443440687853226e-01 2.567184666109360e+01
2.448370575886367e-01 2.569795828465119e+01
2.453309251598711e-01 2.572406325621788e+01
2.458256738507687e-01 2.575016157247639e+01
2.463213060214715e-01 2.577625323009320e+01
2.468178240405581e-01 2.580233822571849e+01
2.473152302850813e-01 2.582841655598603e+01
2.478135271406063e-01 2.585448821751321e+01
2.483127170012488e-01 2.588055320690086e+01
2.488128022697130e-01 2.590661152073327e+01
2.493137853573307e-01 2.593266315557806e+01
2.498156686840995e-01 2.595870810798615e+01
2.503184546787222e-01 2.598474637449167e+01
2.508221457786458e-01 2.601077795161194e+01
2.513267444301008e-01 2.603680283584730e+01
2.518322530881409e-01 2.606282102368114e+01
2.523386742166829e-01 2.608883251157978e+01
2.528460102885465e-01 2.611483729599242e+01
2.533542637854949e-01 2.614083537335105e+01
2.538634371982749e-01 2.616682674007038e+01
2.543735330266577e-01 2.619281139254780e+01
2.548845537794801e-01 2.621878932716326e+01
2.553965019746850e-01 2.624476054027924e+01
2.559093801393635e-01 2.627072502824065e+01
2.564231908097961e-01 2.629668278737479e+01
2.569379365314940e-01 2.632263381399120e+01
2.574536198592426e-01 2.634857810438170e+01
2.579702433571420e-01 2.637451565482022e+01
2.584878095986507e-01 2.640044646156276e+01
2.590063211666279e-01 2.642637052084734e+01
2.595257806533765e-01 2.645228782889389e+01
2.600461906606865e-01 2.647819838190416e+01
2.605675537998779e-01 2.650410217606171e+01
2.610898726918451e-01 2.652999920753176e+01
2.616131499671004e-01 2.655588947246116e+01
2.621373882658179e-01 2.658177296697829e+01
2.626625902378789e-01 2.660764968719302e+01
2.631887585429150e-01 2.663351962919654e+01
2.637158958503544e-01 2.665938278906141e+01
2.642440048394667e-01 2.668523916284138e+01
2.647730881994074e-01 2.671108874657136e+01
2.653031486292651e-01 2.673693153626730e+01
2.658341888381058e-01 2.676276752792617e+01
2.663662115450202e-01 2.678859671752582e+01
2.668992194791696e-01 2.681441910102495e+01
2.674332153798328e-01 2.684023467436297e+01
2.679682019964527e-01 2.686604343345998e+01
2.685041820886837e-01 2.689184537421665e+01
2.690411584264393e-01 2.691764049251415e+01
2.695791337899396e-01 2.694342878421404e+01
2.701181109697592e-01 2.696921024515824e+01
2.706580927668759e-01 2.699498487116892e+01
2.711990819927185e-01 2.702075265804837e+01
2.717410814692162e-01 2.704651360157900e+01
2.722840940288476e-01 2.707226769752318e+01
2.728281225146897e-01 2.709801494162323e+01
2.733731697804679e-01 2.712375532960123e+01
2.739192386906055e-01 2.714948885715905e+01
2.744663321202744e-01 2.717521551997818e+01
2.750144529554449e-01 2.720093531371964e+01
2.755636040929372e-01 2.722664823402399e+01
2.761137884404719e-01 2.725235427651111e+01
2.766650089167212e-01 2.727805343678020e+01
2.772172684513613e-01 2.730374571040966e+01
2.777705699851233e-01 2.732943109295702e+01
2.783249164698461e-01 2.735510957995881e+01
2.788803108685288e-01 2.738078116693051e+01
2.794367561553830e-01 2.740644584936642e+01
2.799942553158866e-01 2.743210362273962e+01
2.805528113468366e-01 2.745775448250184e+01
2.811124272564032e-01 2.748339842408336e+01
2.816731060641837e-01 2.750903544289295e+01
2.822348508012563e-01 2.753466553431774e+01
2.827976645102361e-01 2.756028869372318e+01
2.833615502453281e-01 2.758590491645286e+01
2.839265110723840e-01 2.761151419782852e+01
2.844925500689574e-01 2.763711653314985e+01
2.850596703243587e-01 2.766271191769446e+01
2.856278749397132e-01 2.768830034671780e+01
2.861971670280157e-01 2.771388181545297e+01
2.867675497141884e-01 2.773945631911072e+01
2.873390261351382e-01 2.776502385287932e+01
2.879115994398133e-01 2.779058441192442e+01
2.884852727892622e-01 2.781613799138901e+01
2.890600493566906e-01 2.784168458639329e+01
2.896359323275213e-01 2.786722419203459e+01
2.902129248994519e-01 2.789275680338722e+01
2.907910302825143e-01 2.791828241550242e+01
2.913702516991349e-01 2.794380102340826e+01
2.919505923841934e-01 2.796931262210949e+01
2.925320555850837e-01 2.799481720658748e+01
2.931146445617743e-01 2.802031477180010e+01
2.936983625868694e-01 2.804580531268162e+01
2.942832129456699e-01 2.807128882414259e+01
2.948691989362350e-01 2.809676530106977e+01
2.954563238694445e-01 2.812223473832597e+01
2.960445910690611e-01 2.814769713075001e+01
2.966340038717927e-01 2.817315247315655e+01
2.972245656273563e-01 2.819860076033603e+01
2.978162796985404e-01 2.822404198705454e+01
2.984091494612698e-01 2.824947614805370e+01
2.990031783046693e-01 2.827490323805058e+01
2.995983696311282e-01 2.830032325173757e+01
3.001947268563657e-01 2.832573618378226e+01
3.007922534094959e-01 2.835114202882737e+01
3.013909527330934e-01 2.837654078149060e+01
3.019908282832598e-01 2.840193243636450e+01
3.025918835296902e-01 2.842731698801645e+01
3.031941219557395e-01 2.845269443098842e+01
3.037975470584903e-01 2.847806475979695e+01
3.044021623488206e-01 2.850342796893300e+01
3.050079713514713e-01 2.852878405286183e+01
3.056149776051154e-01 2.855413300602289e+01
3.062231846624265e-01 2.857947482282974e+01
3.068325960901481e-01 2.860480949766984e+01
3.074432154691635e-01 2.863013702490454e+01
3.080550463945658e-01 2.865545739886889e+01
3.086680924757286e-01 2.868077061387154e+01
3.092823573363768e-01 2.870607666419464e+01
3.098978446146582e-01 2.873137554409369e+01
3.105145579632150e-01 2.875666724779742e+01
3.111325010492564e-01 2.878195176950769e+01
3.117516775546312e-01 2.880722910339936e+01
3.123720911759010e-01 2.883249924362017e+01
3.129937456244133e-01 2.885776218429059e+01
3.136166446263761e-01 2.888301791950372e+01
3.142407919229320e-01 2.890826644332519e+01
3.148661912702331e-01 2.893350774979294e+01
3.154928464395169e-01 2.895874183291721e+01
3.161207612171811e-01 2.898396868668036e+01
3.167499394048607e-01 2.900918830503670e+01
3.173803848195045e-01 2.903440068191245e+01
3.180121012934520e-01 2.905960581120553e+01
3.186450926745113e-01 2.908480368678546e+01
3.192793628260375e-01 2.910999430249327e+01
3.199149156270106e-01 2.913517765214131e+01
3.205517549721152e-01 2.916035372951311e+01
3.211898847718199e-01 2.918552252836331e+01
3.218293089524570e-01 2.921068404241750e+01
3.224700314563035e-01 2.923583826537205e+01
3.231120562416619e-01 2.926098519089399e+01
3.237553872829418e-01 2.928612481262093e+01
3.244000285707415e-01 2.931125712416084e+01
3.250459841119311e-01 2.933638211909197e+01
3.256932579297356e-01 2.936149979096268e+01
3.263418540638174e-01 2.938661013329131e+01
3.269917765703615e-01 2.941171313956608e+01
3.276430295221597e-01 2.943680880324487e+01
3.282956170086950e-01 2.946189711775513e+01
3.289495431362285e-01 2.948697807649373e+01
3.296048120278842e-01 2.951205167282685e+01
3.302614278237364e-01 2.953711790008974e+01
3.309193946808970e-01 2.956217675158669e+01
3.315787167736027e-01 2.958722822059079e+01
3.322393982933037e-01 2.961227230034386e+01
3.329014434487523e-01 2.963730898405625e+01
3.335648564660923e-01 2.966233826490672e+01
3.342296415889491e-01 2.968736013604225e+01
3.348958030785198e-01 2.971237459057797e+01
3.355633452136647e-01 2.973738162159692e+01
3.362322722909989e-01 2.976238122214997e+01
3.369025886249837e-01 2.978737338525560e+01
3.375742985480204e-01 2.981235810389981e+01
3.382474064105432e-01 2.983733537103596e+01
3.389219165811129e-01 2.986230517958455e+01
3.395978334465118e-01 2.988726752243313e+01
3.402751614118384e-01 2.991222239243612e+01
3.409539049006035e-01 2.993716978241467e+01
3.416340683548262e-01 2.996210968515646e+01
3.423156562351312e-01 2.998704209341560e+01
3.429986730208456e-01 3.001196699991241e+01
3.436831232100976e-01 3.003688439733329e+01
3.443690113199154e-01 3.006179427833056e+01
3.450563418863257e-01 3.008669663552230e+01
3.457451194644549e-01 3.011159146149215e+01
3.464353486286287e-01 3.013647874878922e+01
3.471270339724736e-01 3.016135848992781e+01
3.478201801090193e-01 3.018623067738736e+01
3.485147916708010e-01 3.021109530361223e+01
3.492108733099619e-01 3.023595236101149e+01
3.499084296983584e-01 3.026080184195885e+01
3.506074655276637e-01 3.028564373879241e+01
3.513079855094726e-01 3.031047804381448e+01
3.520099943754086e-01 3.033530474929150e+01
3.527134968772297e-01 3.036012384745374e+01
3.534184977869353e-01 3.038493533049524e+01
3.541250018968750e-01 3.040973919057357e+01
3.548330140198560e-01 3.043453541980965e+01
3.555425389892537e-01 3.045932401028762e+01
3.562535816591206e-01 3.048410495405460e+01
3.569661469042978e-01 3.050887824312058e+01
3.576802396205259e-01 3.053364386945817e+01
3.583958647245568e-01 3.055840182500246e+01
3.591130271542678e-01 3.058315210165082e+01
3.598317318687739e-01 3.060789469126274e+01
3.605519838485425e-01 3.063262958565960e+01
3.612737880955091e-01 3.065735677662455e+01
3.619971496331919e-01 3.068207625590226e+01
3.627220735068091e-01 3.070678801519874e+01
3.634485647833963e-01 3.073149204618120e+01
3.641766285519242e-01 3.075618834047781e+01
3.649062699234175e-01 3.078087688967753e+01
3.656374940310745e-01 3.080555768532989e+01
3.663703060303877e-01 3.083023071894485e+01
3.671047110992646e-01 3.085489598199256e+01
3.678407144381499e-01 3.087955346590317e+01
3.685783212701483e-01 3.090420316206665e+01
3.693175368411479e-01 3.092884506183258e+01
3.700583664199443e-01 3.095347915650994e+01
3.708008152983665e-01 3.097810543736692e+01
3.715448887914023e-01 3.100272389563075e+01
3.722905922373254e-01 3.102733452248743e+01
3.730379309978230e-01 3.105193730908158e+01
3.737869104581239e-01 3.107653224651620e+01
3.745375360271288e-01 3.110111932585249e+01
3.752898131375397e-01 3.112569853810965e+01
3.760437472459912e-01 3.115026987426461e+01
3.767993438331824e-01 3.117483332525189e+01
3.775566084040097e-01 3.119938888196334e+01
3.783155464877007e-01 3.122393653524798e+01
3.790761636379485e-01 3.124847627591171e+01
3.798384654330474e-01 3.127300809471718e+01
3.806024574760292e-01 3.129753198238348e+01
3.813681453947998e-01 3.132204792958601e+01
3.821355348422789e-01 3.134655592695621e+01
3.829046314965377e-01 3.137105596508136e+01
3.836754410609395e-01 3.139554803450433e+01
3.844479692642811e-01 3.142003212572338e+01
3.852222218609336e-01 3.144450822919196e+01
3.859982046309864e-01 3.146897633531841e+01
3.867759233803906e-01 3.149343643446581e+01
3.875553839411037e-01 3.151788851695172e+01
3.883365921712354e-01 3.154233257304793e+01
3.891195539551946e-01 3.156676859298027e+01
3.899042752038369e-01 3.159119656692831e+01
3.906907618546132e-01 3.161561648502523e+01
3.914790198717201e-01 3.164002833735748e+01
3.922690552462502e-01 3.166443211396462e+01
3.930608739963435e-01 3.168882780483901e+01
3.938544821673409e-01 3.171321539992564e+01
3.946498858319378e-01 3.173759488912185e+01
3.954470910903390e-01 3.176196626227708e+01
3.962461040704147e-01 3.178632950919267e+01
3.970469309278572e-01 3.181068461962155e+01
3.978495778463393e-01 3.183503158326804e+01
3.986540510376734e-01 3.185937038978759e+01
3.994603567419718e-01 3.188370102878653e+01
4.002685012278080e-01 3.190802348982181e+01
4.010784907923791e-01 3.193233776240075e+01
4.018903317616691e-01 3.195664383598079e+01
4.027040304906142e-01 3.198094169996923e+01
4.035195933632682e-01 3.200523134372297e+01
4.043370267929696e-01 3.202951275654825e+01
4.051563372225097e-01 3.205378592770041e+01
4.059775311243015e-01 3.207805084638358e+01
4.068006150005508e-01 3.210230750175046e+01
4.076255953834275e-01 3.212655588290203e+01
4.084524788352381e-01 3.215079597888730e+01
4.092812719486001e-01 3.217502777870303e+01
4.101119813466176e-01 3.219925127129345e+01
4.109446136830562e-01 3.222346644555000e+01
4.117791756425225e-01 3.224767329031104e+01
4.126156739406419e-01 3.227187179436162e+01
4.134541153242389e-01 3.229606194643314e+01
4.142945065715187e-01 3.232024373520312e+01
4.151368544922497e-01 3.234441714929487e+01
4.159811659279473e-01 3.236858217727725e+01
4.168274477520597e-01 3.239273880766437e+01
4.176757068701537e-01 3.241688702891532e+01
4.185259502201029e-01 3.244102682943383e+01
4.193781847722767e-01 3.246515819756805e+01
4.202324175297312e-01 3.248928112161020e+01
4.210886555284003e-01 3.251339558979632e+01
4.219469058372896e-01 3.253750159030594e+01
4.228071755586705e-01 3.256159911126180e+01
4.236694718282759e-01 3.258568814072954e+01
4.245338018154983e-01 3.260976866671743e+01
4.254001727235879e-01 3.263384067717604e+01
4.262685917898526e-01 3.265790415999790e+01
4.271390662858601e-01 3.268195910301731e+01
4.280116035176400e-01 3.270600549400987e+01
4.288862108258891e-01 3.273004332069232e+01
4.297628955861768e-01 3.275407257072210e+01
4.306416652091525e-01 3.277809323169718e+01
4.315225271407542e-01 3.280210529115557e+01
4.324054888624195e-01 3.282610873657516e+01
4.332905578912963e-01 3.285010355537331e+01
4.341777417804573e-01 3.287408973490653e+01
4.350670481191137e-01 3.289806726247021e+01
4.359584845328328e-01 3.292203612529822e+01
4.368520586837553e-01 3.294599631056266e+01
4.377477782708142e-01 3.296994780537347e+01
4.386456510299575e-01 3.299389059677812e+01
4.395456847343694e-01 3.301782467176127e+01
4.404478871946956e-01 3.304175001724444e+01
4.413522662592687e-01 3.306566662008566e+01
4.422588298143360e-01 3.308957446707915e+01
4.431675857842884e-01 3.311347354495494e+01
4.440785421318921e-01 3.313736384037857e+01
4.449917068585203e-01 3.316124533995070e+01
4.459070880043879e-01 3.318511803020681e+01
4.468246936487874e-01 3.320898189761677e+01
4.477445319103265e-01 3.323283692858458e+01
4.486666109471678e-01 3.325668310944791e+01
4.495909389572696e-01 3.328052042647788e+01
4.505175241786295e-01 3.330434886587854e+01
4.514463748895280e-01 3.332816841378663e+01
4.523774994087763e-01 3.335197905627113e+01
4.533109060959640e-01 3.337578077933296e+01
4.542466033517092e-01 3.339957356890457e+01
4.551845996179107e-01 3.342335741084957e+01
4.561249033780023e-01 3.344713229096237e+01
4.570675231572071e-01 3.347089819496778e+01
4.580124675227972e-01 3.349465510852065e+01
4.589597450843517e-01 3.351840301720549e+01
4.599093644940188e-01 3.354214190653607e+01
4.608613344467793e-01 3.356587176195502e+01
4.618156636807114e-01 3.358959256883348e+01
4.627723609772586e-01 3.361330431247069e+01
4.637314351614991e-01 3.363700697809357e+01
4.646928951024168e-01 3.366070055085635e+01
4.656567497131751e-01 3.368438501584018e+01
4.666230079513914e-01 3.370806035805270e+01
4.675916788194160e-01 3.373172656242763e+01
4.685627713646108e-01 3.375538361382441e+01
4.695362946796308e-01 3.377903149702772e+01
4.705122579027086e-01 3.380267019674714e+01
4.714906702179396e-01 3.382629969761668e+01
4.724715408555706e-01 3.384991998419437e+01
4.734548790922899e-01 3.387353104096187e+01
4.744406942515200e-01 3.389713285232401e+01
4.754289957037117e-01 3.392072540260839e+01
4.764197928666410e-01 3.394430867606492e+01
4.774130952057093e-01 3.396788265686542e+01
4.784089122342436e-01 3.399144732910317e+01
4.794072535138007e-01 3.401500267679245e+01
4.804081286544735e-01 3.403854868386817e+01
4.814115473151990e-01 3.406208533418533e+01
4.824175192040686e-01 3.408561261151865e+01
4.834260540786425e-01 3.410913049956207e+01
4.844371617462636e-01 3.413263898192834e+01
4.854508520643768e-01 3.415613804214853e+01
4.864671349408485e-01 3.417962766367158e+01
4.874860203342892e-01 3.420310782986387e+01
4.885075182543797e-01 3.422657852400871e+01
4.895316387621984e-01 3.425003972930588e+01
4.905583919705513e-01 3.427349142887120e+01
4.915877880443055e-01 3.429693360573600e+01
4.926198372007239e-01 3.432036624284669e+01
4.936545497098040e-01 3.434378932306425e+01
4.946919358946181e-01 3.436720282916375e+01
4.957320061316569e-01 3.439060674383389e+01
4.967747708511752e-01 3.441400104967647e+01
4.978202405375404e-01 3.443738572920593e+01
4.988684257295843e-01 3.446076076484884e+01
4.999193370209575e-01 3.448412613894341e+01
5.009729850604853e-01 3.450748183373896e+01
5.020293805525282e-01 3.453082783139544e+01
5.030885342573440e-01 3.455416411398294e+01
5.041504569914534e-01 3.457749066348110e+01
5.052151596280081e-01 3.460080746177869e+01
5.062826530971619e-01 3.462411449067303e+01
5.073529483864447e-01 3.464741173186947e+01
5.084260565411398e-01 3.467069916698090e+01
5.095019886646629e-01 3.469397677752718e+01
5.105807559189461e-01 3.471724454493461e+01
5.116623695248238e-01 3.474050245053542e+01
5.127468407624212e-01 3.476375047556721e+01
5.138341809715467e-01 3.478698860117242e+01
5.149244015520869e-01 3.481021680839774e+01
5.160175139644059e-01 3.483343507819362e+01
5.171135297297454e-01 3.485664339141366e+01
5.182124604306312e-01 3.487984172881409e+01
5.193143177112799e-01 3.490303007105318e+01
5.204191132780100e-01 3.492620839869069e+01
5.215268588996580e-01 3.494937669218729e+01
5.226375664079950e-01 3.497253493190399e+01
5.237512476981481e-01 3.499568309810155e+01
5.248679147290255e-01 3.501882117093993e+01
5.259875795237442e-01 3.504194913047765e+01
5.271102541700615e-01 3.506506695667127e+01
5.282359508208103e-01 3.508817462937473e+01
5.293646816943376e-01 3.511127212833879e+01
5.304964590749459e-01 3.513435943321040e+01
5.316312953133395e-01 3.515743652353213e+01
5.327692028270740e-01 3.518050337874153e+01
5.339101941010082e-01 3.520355997817054e+01
5.350542816877617e-01 3.522660630104482e+01
5.362014782081749e-01 3.524964232648322e+01
5.373517963517731e-01 3.527266803349705e+01
5.385052488772337e-01 3.529568340098949e+01
5.396618486128593e-01 3.531868840775499e+01
5.408216084570523e-01 3.534168303247860e+01
5.419845413787943e-01 3.536466725373529e+01
5.431506604181302e-01 3.538764104998938e+01
5.443199786866549e-01 3.541060439959379e+01
5.454925093680052e-01 3.543355728078947e+01
5.466682657183550e-01 3.545649967170470e+01
5.478472610669153e-01 3.547943155035441e+01
5.490295088164372e-01 3.550235289463953e+01
5.502150224437200e-01 3.552526368234631e+01
5.514038155001241e-01 3.554816389114563e+01
5.525959016120859e-01 3.557105349859234e+01
5.537912944816399e-01 3.559393248212452e+01
5.549900078869429e-01 3.561680081906284e+01
5.561920556828028e-01 3.563965848660982e+01
5.573974518012138e-01 3.566250546184915e+01
5.586062102518939e-01 3.568534172174498e+01
5.598183451228271e-01 3.570816724314119e+01
5.610338705808122e-01 3.573098200276068e+01
5.622528008720128e-01 3.575378597720464e+01
5.634751503225154e-01 3.577657914295185e+01
5.647009333388902e-01 3.579936147635787e+01
5.659301644087569e-01 3.582213295365441e+01
5.671628581013557e-01 3.584489355094850e+01
5.683990290681227e-01 3.586764324422177e+01
5.696386920432703e-01 3.589038200932969e+01
5.708818618443730e-01 3.591310982200083e+01
5.721285533729575e-01 3.593582665783606e+01
5.733787816150984e-01 3.595853249230780e+01
5.746325616420183e-01 3.598122730075927e+01
5.758899086106930e-01 3.600391105840363e+01
5.771508377644637e-01 3.602658374032329e+01
5.784153644336518e-01 3.604924532146905e+01
5.796835040361804e-01 3.607189577665932e+01
5.809552720782013e-01 3.609453508057934e+01
5.822306841547266e-01 3.611716320778034e+01
5.835097559502661e-01 3.613978013267870e+01
5.847925032394710e-01 3.616238582955523e+01
5.860789418877815e-01 3.618498027255426e+01
5.873690878520816e-01 3.620756343568279e+01
5.886629571813579e-01 3.623013529280973e+01
5.899605660173661e-01 3.625269581766500e+01
5.912619305953021e-01 3.627524498383872e+01
5.925670672444783e-01 3.629778276478029e+01
5.938759923890080e-01 3.632030913379761e+01
5.951887225484925e-01 3.634282406405615e+01
5.965052743387179e-01 3.636532752857810e+01
5.978256644723551e-01 3.638781950024150e+01
5.991499097596671e-01 3.641029995177933e+01
6.004780271092226e-01 3.643276885577863e+01
6.018100335286161e-01 3.645522618467964e+01
6.031459461251922e-01 3.647767191077479e+01
6.044857821067804e-01 3.650010600620791e+01
6.058295587824322e-01 3.652252844297323e+01
6.071772935631667e-01 3.654493919291450e+01
6.085290039627237e-01 3.656733822772402e+01
6.098847075983206e-01 3.658972551894175e+01
6.112444221914192e-01 3.661210103795435e+01
6.126081655684973e-01 3.663446475599417e+01
6.139759556618279e-01 3.665681664413838e+01
6.153478105102653e-01 3.667915667330799e+01
6.167237482600371e-01 3.670148481426681e+01
6.181037871655458e-01 3.672380103762055e+01
6.194879455901755e-01 3.674610531381578e+01
6.208762420071060e-01 3.676839761313899e+01
6.222686950001354e-01 3.679067790571557e+01
6.236653232645080e-01 3.681294616150875e+01
6.250661456077524e-01 3.683520235031867e+01
6.264711809505256e-01 3.685744644178132e+01
6.278804483274636e-01 3.687967840536751e+01
6.292939668880427e-01 3.690189821038186e+01
6.307117558974451e-01 3.692410582596169e+01
6.321338347374358e-01 3.694630122107607e+01
6.335602229072445e-01 3.696848436452467e+01
6.349909400244578e-01 3.699065522493677e+01
6.364260058259181e-01 3.701281377077014e+01
6.378654401686310e-01 3.703495997030994e+01
6.393092630306813e-01 3.705709379166771e+01
6.407574945121577e-01 3.707921520278021e+01
6.422101548360850e-01 3.710132417140832e+01
6.436672643493659e-01 3.712342066513596e+01
6.451288435237308e-01 3.714550465136895e+01
6.465949129566956e-01 3.716757609733386e+01
6.480654933725309e-01 3.718963497007695e+01
6.495406056232381e-01 3.721168123646293e+01
6.510202706895337e-01 3.723371486317386e+01
6.525045096818459e-01 3.725573581670799e+01
6.539933438413169e-01 3.727774406337858e+01
6.554867945408172e-01 3.729973956931273e+01
6.569848832859679e-01 3.732172230045018e+01
6.584876317161739e-01 3.734369222254212e+01
6.599950616056639e-01 3.736564930115001e+01
6.615071948645438e-01 3.738759350164435e+01
6.630240535398576e-01 3.740952478920343e+01
6.645456598166593e-01 3.743144312881216e+01
6.660720360190935e-01 3.745334848526080e+01
6.676032046114884e-01 3.747524082314369e+01
6.691391881994567e-01 3.749712010685806e+01
6.706800095310091e-01 3.751898630060268e+01
6.722256914976769e-01 3.754083936837665e+01
6.737762571356454e-01 3.756267927397811e+01
6.753317296268985e-01 3.758450598100291e+01
6.768921323003746e-01 3.760631945284332e+01
6.784574886331313e-01 3.762811965268675e+01
6.800278222515247e-01 3.764990654351442e+01
6.816031569323971e-01 3.767168008809998e+01
6.831835166042771e-01 3.769344024900823e+01
6.847689253485915e-01 3.771518698859376e+01
6.863594074008873e-01 3.773692026899950e+01
6.879549871520688e-01 3.775864005215553e+01
6.895556891496425e-01 3.778034629977753e+01
6.911615380989768e-01 3.780203897336546e+01
6.927725588645736e-01 3.782371803420217e+01
6.943887764713492e-01 3.784538344335196e+01
6.960102161059335e-01 3.786703516165920e+01
6.976369031179761e-01 3.788867314974686e+01
6.992688630214676e-01 3.791029736801507e+01
7.009061214960747e-01 3.793190777663968e+01
7.025487043884852e-01 3.795350433557083e+01
7.041966377137699e-01 3.797508700453140e+01
7.058499476567553e-01 3.799665574301561e+01
7.075086605734109e-01 3.801821051028747e+01
7.091728029922486e-01 3.803975126537929e+01
7.108424016157381e-01 3.806127796709015e+01
7.125174833217350e-01 3.808279057398442e+01
7.141980751649226e-01 3.810428904439016e+01
7.158842043782691e-01 3.812577333639761e+01
7.175758983744978e-01 3.814724340785763e+01
7.192731847475738e-01 3.816869921638008e+01
7.209760912742028e-01 3.819014071933230e+01
7.226846459153480e-01 3.821156787383747e+01
7.243988768177595e-01 3.823298063677302e+01
7.261188123155200e-01 3.825437896476900e+01
7.278444809316067e-01 3.827576281420649e+01
7.295759113794664e-01 3.829713214121587e+01
7.313131325646099e-01 3.831848690167526e+01
7.330561735862196e-01 3.833982705120879e+01
7.348050637387742e-01 3.836115254518495e+01
7.365598325136906e-01 3.838246333871491e+01
7.383205096009803e-01 3.840375938665075e+01
7.400871248909252e-01 3.842504064358384e+01
7.418597084757685e-01 3.844630706384304e+01
7.436382906514235e-01 3.846755860149295e+01
7.454229019191997e-01 3.848879521033226e+01
7.472135729875453e-01 3.851001684389183e+01
7.490103347738104e-01 3.853122345543304e+01
7.508132184060253e-01 3.855241499794592e+01
7.526222552246983e-01 3.857359142414739e+01
7.544374767846319e-01 3.859475268647938e+01
7.562589148567570e-01 3.861589873710709e+01
7.580866014299870e-01 3.863702952791704e+01
7.599205687130905e-01 3.865814501051531e+01
7.617608491365837e-01 3.867924513622557e+01
7.636074753546404e-01 3.870032985608727e+01
7.654604802470258e-01 3.872139912085370e+01
7.673198969210455e-01 3.874245288099009e+01
7.691857587135194e-01 3.876349108667169e+01
7.710580991927725e-01 3.878451368778176e+01
7.729369521606492e-01 3.880552063390974e+01
7.748223516545467e-01 3.882651187434916e+01
7.767143319494697e-01 3.884748735809569e+01
7.786129275601092e-01 3.886844703384519e+01
7.805181732429403e-01 3.888939084999163e+01
7.824301039983425e-01 3.891031875462507e+01
7.843487550727446e-01 3.893123069552968e+01
7.862741619607889e-01 3.895212662018157e+01
7.882063604075210e-01 3.897300647574682e+01
7.901453864106019e-01 3.899387020907933e+01
7.920912762225436e-01 3.901471776671875e+01
7.940440663529674e-01 3.903554909488832e+01
7.960037935708880e-01 3.905636413949277e+01
7.979704949070219e-01 3.907716284611615e+01
7.999442076561187e-01 3.909794516001968e+01
8.019249693793196e-01 3.911871102613955e+01
8.039128179065393e-01 3.913946038908473e+01
8.059077913388742e-01 3.916019319313476e+01
8.079099280510380e-01 3.918090938223750e+01
8.099192666938211e-01 3.920160890000692e+01
8.119358461965781e-01 3.922229168972081e+01
8.139597057697422e-01 3.924295769431846e+01
8.159908849073666e-01 3.926360685639850e+01
8.180294233896922e-01 3.928423911821640e+01
8.200753612857467e-01 3.930485442168231e+01
8.221287389559687e-01 3.932545270835860e+01
8.241895970548617e-01 3.934603391945757e+01
8.262579765336782e-01 3.936659799583902e+01
8.283339186431298e-01 3.938714487800785e+01
8.304174649361324e-01 3.940767450611171e+01
8.325086572705773e-01 3.942818681993851e+01
8.346075378121343e-01 3.944868175891396e+01
8.367141490370856e-01 3.946915926209917e+01
8.388285337351916e-01 3.948961926818808e+01
8.409507350125881e-01 3.951006171550503e+01
8.430807962947158e-01 3.953048654200219e+01
8.452187613292818e-01 3.955089368525704e+01
8.473646741892553e-01 3.957128308246985e+01
8.495185792758952e-01 3.959165467046101e+01
8.516805213218136e-01 3.961200838566852e+01
8.538505453940718e-01 3.963234416414536e+01
8.560286968973123e-01 3.965266194155684e+01
8.582150215769255e-01 3.967296165317795e+01
8.604095655222511e-01 3.969324323389072e+01
8.626123751698191e-01 3.971350661818150e+01
8.648234973066232e-01 3.973375174013826e+01
8.670429790734341e-01 3.975397853344789e+01
8.692708679681497e-01 3.977418693139341e+01
8.715072118491831e-01 3.979437686685125e+01
8.737520589388894e-01 3.981454827228843e+01
8.760054578270328e-01 3.983470107975980e+01
8.782674574742911e-01 3.985483522090512e+01
8.805381072158028e-01 3.987495062694637e+01
8.828174567647538e-01 3.989504722868474e+01
8.851055562160034e-01 3.991512495649781e+01
8.874024560497579e-01 3.993518374033665e+01
8.897082071352802e-01 3.995522350972291e+01
8.920228607346463e-01 3.997524419374581e+01
8.943464685065441e-01 3.999524572105924e+01
8.966790825101156e-01 4.001522801987875e+01
8.990207552088466e-01 4.003519101797852e+01
9.013715394744987e-01 4.005513464268838e+01
9.037314885910891e-01 4.007505882089073e+01
9.061006562589164e-01 4.009496347901747e+01
9.084790965986331e-01 4.011484854304692e+01
9.108668641553684e-01 4.013471393850070e+01
9.132640139028964e-01 4.015455959044058e+01
9.156706012478554e-01 4.017438542346540e+01
9.180866820340179e-01 4.019419136170777e+01
9.205123125466076e-01 4.021397732883099e+01
9.229475495166728e-01 4.023374324802572e+01
9.253924501255081e-01 4.025348904200687e+01
9.278470720091301e-01 4.027321463301020e+01
9.303114732628063e-01 4.029291994278911e+01
9.327857124456393e-01 4.031260489261134e+01
9.352698485852033e-01 4.033226940325559e+01
9.377639411822405e-01 4.035191339500821e+01
9.402680502154103e-01 4.037153678765979e+01
9.427822361460979e-01 4.039113950050178e+01
9.453065599232806e-01 4.041072145232309e+01
9.478410829884516e-01 4.043028256140661e+01
9.503858672806070e-01 4.044982274552574e+01
9.529409752412905e-01 4.046934192194097e+01
9.555064698197002e-01 4.048884000739626e+01
9.580824144778597e-01 4.050831691811561e+01
9.606688731958478e-01 4.052777256979942e+01
9.632659104770996e-01 4.054720687762096e+01
9.658735913537666e-01 4.056661975622275e+01
9.684919813921447e-01 4.058601111971292e+01
9.711211466981707e-01 4.060538088166160e+01
9.737611539229842e-01 4.062472895509718e+01
9.764120702685612e-01 4.064405525250266e+01
9.790739634934161e-01 4.066335968581192e+01
9.817469019183742e-01 4.068264216640598e+01
9.844309544324177e-01 4.070190260510920e+01
9.871261904986025e-01 4.072114091218553e+01
9.898326801600534e-01 4.074035699733466e+01
9.925504940460290e-01 4.075955076968821e+01
9.952797033780675e-01 4.077872213780584e+01
9.980203799762074e-01 4.079787100967138e+01
1.000772596265286e+00 4.081699729268889e+01
1.003536425281324e+00 4.083610089367878e+01
1.006311940677978e+00 4.085518171887379e+01
1.009099216733093e+00 4.087423967391506e+01
1.011898328355322e+00 4.089327466384808e+01
1.014709351090836e+00 4.091228659311868e+01
1.017532361130127e+00 4.093127536556897e+01
1.020367435314884e+00 4.095024088443327e+01
1.023214651144972e+00 4.096918305233399e+01
1.026074086785490e+00 4.098810177127753e+01
1.028945821073924e+00 4.100699694265012e+01
1.031829933527395e+00 4.102586846721360e+01
1.034726504349995e+00 4.104471624510130e+01
1.037635614440225e+00 4.106354017581377e+01
1.040557345398525e+00 4.108234015821454e+01
1.043491779534906e+00 4.110111609052586e+01
1.046438999876673e+00 4.111986787032438e+01
1.049399090176265e+00 4.113859539453690e+01
1.052372134919181e+00 4.115729855943594e+01
1.055358219332022e+00 4.117597726063545e+01
1.058357429390634e+00 4.119463139308638e+01
1.061369851828359e+00 4.121326085107228e+01
1.064395574144396e+00 4.123186552820489e+01
1.067434684612274e+00 4.125044531741966e+01
1.070487272288435e+00 4.126900011097125e+01
1.073553427020935e+00 4.128752980042908e+01
1.076633239458256e+00 4.130603427667277e+01
1.079726801058244e+00 4.132451342988759e+01
1.082834204097158e+00 4.134296714955990e+01
1.085955541678847e+00 4.136139532447258e+01
1.089090907744050e+00 4.137979784270036e+01
1.092240397079817e+00 4.139817459160525e+01
1.095404105329064e+00 4.141652545783182e+01
1.098582129000252e+00 4.143485032730256e+01
1.101774565477206e+00 4.145314908521316e+01
1.104981513029055e+00 4.147142161602780e+01
1.108203070820320e+00 4.148966780347443e+01
1.111439338921135e+00 4.150788753053992e+01
1.114690418317605e+00 4.152608067946537e+01
1.117956410922316e+00 4.154424713174129e+01
1.121237419584979e+00 4.156238676810271e+01
1.124533548103232e+00 4.158049946852442e+01
1.127844901233577e+00 4.159858511221605e+01
1.131171584702489e+00 4.161664357761722e+01
1.134513705217660e+00 4.163467474239261e+01
1.137871370479414e+00 4.165267848342708e+01
1.141244689192271e+00 4.167065467682072e+01
1.144633771076684e+00 4.168860319788386e+01
1.148038726880930e+00 4.170652392113214e+01
1.151459668393177e+00 4.172441672028152e+01
1.154896708453717e+00 4.174228146824328e+01
1.158349960967374e+00 4.176011803711896e+01
1.161819540916082e+00 4.177792629819537e+01
1.165305564371656e+00 4.179570612193952e+01
1.168808148508730e+00 4.181345737799354e+01
1.172327411617885e+00 4.183117993516969e+01
1.175863473118969e+00 4.184887366144510e+01
1.179416453574604e+00 4.186653842395688e+01
1.182986474703887e+00 4.188417408899679e+01
1.186573659396291e+00 4.190178052200628e+01
1.190178131725768e+00 4.191935758757128e+01
1.193800016965048e+00 4.193690514941704e+01
1.197439441600161e+00 4.195442307040300e+01
1.201096533345152e+00 4.197191121251764e+01
1.204771421157030e+00 4.198936943687323e+01
1.208464235250916e+00 4.200679760370076e+01
1.212175107115432e+00 4.202419557234465e+01
1.215904169528305e+00 4.204156320125762e+01
1.219651556572198e+00 4.205890034799545e+01
1.223417403650791e+00 4.207620686921182e+01
1.227201847505080e+00 4.209348262065306e+01
1.231005026229935e+00 4.211072745715298e+01
1.234827079290894e+00 4.212794123262762e+01
1.238668147541210e+00 4.214512380007010e+01
1.242528373239159e+00 4.216227501154532e+01
1.246407900065598e+00 4.217939471818487e+01
1.250306873141793e+00 4.219648277018172e+01
1.254225439047518e+00 4.221353901678508e+01
1.258163745839417e+00 4.223056330629517e+01
1.262121943069658e+00 4.224755548605808e+01
1.266100181804864e+00 4.226451540246053e+01
1.270098614645323e+00 4.228144290092474e+01
1.274117395744513e+00 4.229833782590325e+01
1.278156680828904e+00 4.231520002087376e+01
1.282216627218073e+00 4.233202932833403e+01
1.286297393845136e+00 4.234882558979671e+01
1.290399141277479e+00 4.236558864578426e+01
1.294522031737824e+00 4.238231833582385e+01
1.298666229125613e+00 4.239901449844231e+01
1.302831899038727e+00 4.241567697116103e+01
1.307019208795545e+00 4.243230559049097e+01
1.311228327457347e+00 4.244890019192767e+01
1.315459425851064e+00 4.246546060994622e+01
1.319712676592393e+00 4.248198667799635e+01
1.323988254109266e+00 4.249847822849748e+01
1.328286334665702e+00 4.251493509283384e+01
1.332607096386024e+00 4.253135710134962e+01
1.336950719279469e+00 4.254774408334416e+01
1.341317385265188e+00 4.256409586706709e+01
1.345707278197639e+00 4.258041227971369e+01
1.350120583892397e+00 4.259669314742010e+01
1.354557490152366e+00 4.261293829525872e+01
1.359018186794427e+00 4.262914754723354e+01
1.363502865676500e+00 4.264532072627561e+01
1.368011720725052e+00 4.266145765423853e+01
1.372544947963055e+00 4.267755815189398e+01
1.377102745538393e+00 4.269362203892729e+01
1.381685313752726e+00 4.270964913393314e+01
1.386292855090843e+00 4.272563925441126e+01
1.390925574250481e+00 4.274159221676219e+01
1.395583678172637e+00 4.275750783628317e+01
1.400267376072387e+00 4.277338592716401e+01
1.404976879470207e+00 4.278922630248314e+01
1.409712402223816e+00 4.280502877420363e+01
1.414474160560549e+00 4.282079315316939e+01
1.419262373110262e+00 4.283651924910133e+01
1.424077260938804e+00 4.285220687059376e+01
1.428919047582031e+00 4.286785582511079e+01
1.433787959080401e+00 4.288346591898278e+01
1.438684224014157e+00 4.289903695740301e+01
1.443608073539088e+00 4.291456874442432e+01
1.448559741422917e+00 4.293006108295599e+01
1.453539464082291e+00 4.294551377476061e+01
1.458547480620412e+00 4.296092662045116e+01
1.463584032865304e+00 4.297629941948811e+01
1.468649365408738e+00 4.299163197017671e+01
1.473743725645829e+00 4.300692406966444e+01
1.478867363815318e+00 4.302217551393847e+01
1.484020533040539e+00 4.303738609782339e+01
1.489203489371109e+00 4.305255561497900e+01
1.494416491825333e+00 4.306768385789823e+01
1.499659802433362e+00 4.308277061790533e+01
1.504933686281086e+00 4.309781568515402e+01
1.510238411554822e+00 4.311281884862606e+01
1.515574249586760e+00 4.312777989612970e+01
1.520941474901241e+00 4.314269861429852e+01
1.526340365261823e+00 4.315757478859040e+01
1.531771201719215e+00 4.317240820328656e+01
1.537234268660032e+00 4.318719864149097e+01
1.542729853856450e+00 4.320194588512980e+01
1.548258248516728e+00 4.321664971495118e+01
1.553819747336647e+00 4.323130991052511e+01
1.559414648551881e+00 4.324592625024359e+01
1.565043253991304e+00 4.326049851132105e+01
1.570705869131266e+00 4.327502646979485e+01
1.576402803150866e+00 4.328950990052621e+01
1.582134368988213e+00 4.330394857720123e+01
1.587900883397739e+00 4.331834227233225e+01
1.593702667008546e+00 4.333269075725944e+01
1.599540044383837e+00 4.334699380215266e+01
1.605413344081439e+00 4.336125117601359e+01
1.611322898715444e+00 4.337546264667814e+01
1.617269045019010e+00 4.338962798081923e+01
1.623252123908312e+00 4.340374694394971e+01
1.629272480547703e+00 4.341781930042578e+01
1.635330464416092e+00 4.343184481345057e+01
1.641426429374564e+00 4.344582324507814e+01
1.647560733735290e+00 4.345975435621781e+01
1.653733740331730e+00 4.347363790663884e+01
1.659945816590173e+00 4.348747365497538e+01
1.666197334602638e+00 4.350126135873194e+01
1.672488671201171e+00 4.351500077428914e+01
1.678820208033559e+00 4.352869165690985e+01
1.685192331640514e+00 4.354233376074578e+01
1.691605433534330e+00 4.355592683884444e+01
1.698059910279074e+00 4.356947064315656e+01
1.704556163572329e+00 4.358296492454392e+01
1.711094600328525e+00 4.359640943278763e+01
1.717675632763916e+00 4.360980391659687e+01
1.724299678483198e+00 4.362314812361814e+01
1.730967160567852e+00 4.363644180044492e+01
1.737678507666222e+00 4.364968469262792e+01
1.744434154085372e+00 4.366287654468576e+01
1.751234539884782e+00 4.367601710011623e+01
1.758080110971895e+00 4.368910610140808e+01
1.764971319199589e+00 4.370214329005335e+01
1.771908622465597e+00 4.371512840656028e+01
1.778892484813925e+00 4.372806119046679e+01
1.785923376538337e+00 4.374094138035460e+01
1.793001774287913e+00 4.375376871386392e+01
1.800128161174775e+00 4.376654292770878e+01
1.807303026883998e+00 4.377926375769306e+01
1.814526867785773e+00 4.379193093872707e+01
1.821800187049890e+00 4.380454420484496e+01
1.829123494762557e+00 4.381710328922271e+01
1.836497308045657e+00 4.382960792419688e+01
1.843922151178466e+00 4.384205784128410e+01
1.851398555721922e+00 4.385445277120132e+01
1.858927060645470e+00 4.386679244388678e+01
1.866508212456595e+00 4.387907658852186e+01
1.874142565333061e+00 4.389130493355366e+01
1.881830681257953e+00 4.390347720671842e+01
1.889573130157581e+00 4.391559313506587e+01
1.897370490042311e+00 4.392765244498433e+01
1.905223347150420e+00 4.393965486222680e+01
1.913132296095015e+00 4.395160011193793e+01
1.921097940014124e+00 4.396348791868191e+01
1.929120890724019e+00 4.397531800647133e+01
1.937201768875861e+00 4.398709009879703e+01
1.945341204115761e+00 4.399880391865896e+01
1.953539835248313e+00 4.401045918859806e+01
1.961798310403732e+00 4.402205563072911e+01
1.970117287208642e+00 4.403359296677486e+01
1.978497432960645e+00 4.404507091810100e+01
1.986939424806759e+00 4.405648920575250e+01
1.995443949925808e+00 4.406784755049088e+01
2.004011705714886e+00 4.407914567283287e+01
2.012643399980004e+00 4.409038329309006e+01
2.021339751131001e+00 4.410156013140999e+01
2.030101488380878e+00 4.411267590781832e+01
2.038929351949622e+00 4.412373034226239e+01
2.047824093272675e+00 4.413472315465604e+01
2.056786475214154e+00 4.414565406492581e+01
2.065817272284959e+00 4.415652279305849e+01
2.074917270865883e+00 4.416732905915003e+01
2.084087269435892e+00 4.417807258345599e+01
2.093328078805668e+00 4.418875308644331e+01
2.102640522356606e+00 4.419937028884366e+01
2.112025436285374e+00 4.420992391170826e+01
2.121483669854209e+00 4.422041367646431e+01
2.131016085647113e+00 4.423083930497293e+01
2.140623559832087e+00 4.424120051958874e+01
2.150306982429590e+00 4.425149704322113e+01
2.160067257587393e+00 4.426172859939710e+01
2.169905303861989e+00 4.427189491232595e+01
2.179822054506782e+00 4.428199570696558e+01
2.189818457767196e+00 4.429203070909063e+01
2.199895477182936e+00 4.430199964536244e+01
2.210054091897591e+00 4.431190224340084e+01
2.220295296975777e+00 4.432173823185773e+01
2.230620103728072e+00 4.433150734049276e+01
2.241029540043909e+00 4.434120930025076e+01
2.251524650732716e+00 4.435084384334123e+01
2.262106497873499e+00 4.436041070331987e+01
2.272776161173125e+00 4.436990961517210e+01
2.283534738333580e+00 4.437934031539867e+01
2.294383345428434e+00 4.438870254210344e+01
2.305323117288790e+00 4.439799603508320e+01
2.316355207899022e+00 4.440722053591978e+01
2.327480790802563e+00 4.441637578807433e+01
2.338701059518048e+00 4.442546153698380e+01
2.350017227966143e+00 4.443447753015984e+01
2.361430530907356e+00 4.444342351728982e+01
2.372942224391164e+00 4.445229925034040e+01
2.384553586216827e+00 4.446110448366335e+01
2.396265916406188e+00 4.446983897410377e+01
2.408080537688906e+00 4.447850248111093e+01
2.419998796000419e+00 4.448709476685131e+01
2.432022060993092e+00 4.449561559632443e+01
2.444151726560924e+00 4.450406473748097e+01
2.456389211378245e+00 4.451244196134361e+01
2.468735959452863e+00 4.452074704213044e+01
2.481193440694070e+00 4.452897975738092e+01
2.493763151496008e+00 4.453713988808450e+01
2.506446615336881e+00 4.454522721881199e+01
2.519245383394487e+00 4.455324153784954e+01
2.532161035178645e+00 4.456118263733529e+01
2.545195179181007e+00 4.456905031339890e+01
2.558349453542838e+00 4.457684436630370e+01
2.571625526741355e+00 4.458456460059163e+01
2.585025098295204e+00 4.459221082523102e+01
2.598549899489744e+00 4.459978285376711e+01
2.612201694122730e+00 4.460728050447536e+01
2.625982279271121e+00 4.461470360051764e+01
2.639893486079687e+00 4.462205197010120e+01
2.653937180572146e+00 4.462932544664046e+01
2.668115264485583e+00 4.463652386892159e+01
2.682429676128958e+00 4.464364708127001e+01
2.696882391266471e+00 4.465069493372060e+01
2.711475424026679e+00 4.465766728219076e+01
2.726210827838208e+00 4.466456398865630e+01
2.741090696392985e+00 4.467138492132998e+01
2.756117164637956e+00 4.467812995484302e+01
2.771292409796245e+00 4.468479897042909e+01
2.786618652418794e+00 4.469139185611120e+01
2.802098157467573e+00 4.469790850689120e+01
2.817733235431411e+00 4.470434882494184e+01
2.833526243475692e+00 4.471071271980153e+01
2.849479586627022e+00 4.471700010857156e+01
2.865595718994182e+00 4.472321091611587e+01
2.881877145026649e+00 4.472934507526314e+01
2.898326420812024e+00 4.473540252701138e+01
2.914946155413829e+00 4.474138322073468e+01
2.931739012251068e+00 4.474728711439224e+01
2.948707710521159e+00 4.475311417473946e+01
2.965855026667780e+00 4.475886437754114e+01
2.983183795895315e+00 4.476453770778650e+01
3.000696913731653e+00 4.477013415990608e+01
3.018397337641107e+00 4.477565373799030e+01
3.036288088689373e+00 4.478109645600959e+01
3.054372253262484e+00 4.478646233803596e+01
3.072652984841829e+00 4.479175141846586e+01
3.091133505837337e+00 4.479696374224410e+01
3.109817109481148e+00 4.480209936508883e+01
3.128707161784007e+00 4.480715835371720e+01
3.147807103556897e+00 4.481214078607169e+01
3.167120452500438e+00 4.481704675154681e+01
3.186650805364688e+00 4.482187635121593e+01
3.206401840182209e+00 4.482662969805819e+01
3.226377318577200e+00 4.483130691718497e+01
3.246581088153848e+00 4.483590814606602e+01
3.267017084967013e+00 4.484043353475459e+01
3.287689336078592e+00 4.484488324611171e+01
3.308601962203097e+00 4.484925745602892e+01
3.329759180446018e+00 4.485355635364952e+01
3.351165307138854e+00 4.485778014158765e+01
3.372824760774806e+00 4.486192903614523e+01
3.394742065049276e+00 4.486600326752606e+01
3.416921852009668e+00 4.487000308004708e+01
3.439368865318981e+00 4.487392873234601e+01
3.462087963638104e+00 4.487778049758531e+01
3.485084124131855e+00 4.488155866365189e+01
3.508362446104051e+00 4.488526353335201e+01
3.531928154767263e+00 4.488889542460129e+01
3.555786605152998e+00 4.489245467060894e+01
3.579943286168556e+00 4.489594162005598e+01
3.604403824806951e+00 4.489935663726686e+01
3.629173990516723e+00 4.490270010237405e+01
3.654259699738716e+00 4.490597241147482e+01
3.679667020617402e+00 4.490917397678000e+01
3.705402177894522e+00 4.491230522675384e+01
3.731471557993422e+00 4.491536660624450e+01
3.757881714302772e+00 4.491835857660459e+01
3.784639372668818e+00 4.492128161580109e+01
3.811751437105937e+00 4.492413621851396e+01
3.839224995735552e+00 4.492692289622289e+01
3.867067326964221e+00 4.492964217728133e+01
3.895285905912202e+00 4.493229460697736e+01
3.923888411104369e+00 4.493488074758048e+01
3.952882731436154e+00 4.493740117837359e+01
3.982276973427687e+00 4.493985649566968e+01
4.012079468780214e+00 4.494224731281215e+01
4.042298782249566e+00 4.494457426015822e+01
4.072943719852282e+00 4.494683798504462e+01
4.104023337420995e+00 4.494903915173475e+01
4.135546949526404e+00 4.495117844134652e+01
4.167524138784408e+00 4.495325655176019e+01
4.199964765567898e+00 4.495527419750532e+01
4.232878978143839e+00 4.495723210962603e+01
4.266277223257663e+00 4.495913103552397e+01
4.300170257187988e+00 4.496097173877798e+01
4.334569157296378e+00 4.496275499893981e+01
4.369485334098126e+00 4.496448161130524e+01
4.404930543881727e+00 4.496615238665960e+01
4.440916901906291e+00 4.496776815099722e+01
4.477456896208156e+00 4.496932974521403e+01
4.514563402049585e+00 4.497083802477250e+01
4.552249697044785e+00 4.497229385933863e+01
4.590529477000550e+00 4.497369813238995e+01
4.629416872511158e+00 4.497505174079431e+01
4.668926466349937e+00 4.497635559435881e+01
4.709073311702245e+00 4.497761061534841e+01
4.749872951287922e+00 4.497881773797381e+01
4.791341437424194e+00 4.497997790784832e+01
4.833495353083372e+00 4.498109208141329e+01
4.876351834003533e+00 4.498216122533219e+01
4.919928591913951e+00 4.498318631585285e+01
4.964243938941494e+00 4.498416833813818e+01
5.009316813268663e+00 4.498510828556520e+01
5.055166806118704e+00 4.498600715899269e+01
5.101814190148747e+00 4.498686596599769e+01
5.149279949337211e+00 4.498768572008122e+01
5.197585810458214e+00 4.498846743984389e+01
5.246754276242103e+00 4.498921214813184e+01
5.296808660328393e+00 4.498992087115402e+01
5.347773124125343e+00 4.499059463757168e+01
5.399672715698385e+00 4.499123447756112e+01
5.452533410819075e+00 4.499184142185106e+01
5.506382156315852e+00 4.499241650073605e+01
5.561246915878618e+00 4.499296074306745e+01
5.617156718480663e+00 4.499347517522392e+01
5.674141709594286e+00 4.499396082006327e+01
5.732233205389728e+00 4.499441869585788e+01
5.791463750122334e+00 4.499484981521610e+01
5.851867176928866e+00 4.499525518399211e+01
5.913478672271515e+00 4.499563580018711e+01
5.976334844287754e+00 4.499599265284462e+01
6.040473795324732e+00 4.499632672094327e+01
6.105935198960411e+00 4.499663897229021e+01
6.172760381838514e+00 4.499693036241888e+01
6.240992410671931e+00 4.499720183349463e+01
6.310676184799676e+00 4.499745431323230e+01
6.381858534715114e+00 4.499768871382972e+01
6.454588327020018e+00 4.499790593092137e+01
6.528916576298673e+00 4.499810684255645e+01
6.604896564450171e+00 4.499829230820596e+01
6.682583968065746e+00 4.499846316780336e+01
6.762036994490766e+00 4.499862024082320e+01
6.843316527270385e+00 4.499876432540277e+01
6.926486281742571e+00 4.499889619751111e+01
7.011612971614084e+00 4.499901661017031e+01
7.098766487434920e+00 4.499912629273358e+01
7.188020087974329e+00 4.499922595022463e+01
7.279450605600066e+00 4.499931626274283e+01
7.373138666870881e+00 4.499939788493828e+01
7.469168929673488e+00 4.499947144556076e+01
7.567630338369811e+00 4.499953754708630e+01
7.668616398571169e+00 4.499959676542477e+01
7.772225473323211e+00 4.499964964971134e+01
7.878561102673990e+00 4.499969672218452e+01
7.987732348807479e+00 4.499973847815271e+01
8.099854169160770e+00 4.499977538605077e+01
8.215047820208671e+00 4.499980788758766e+01
8.333441294896792e+00 4.499983639798521e+01
8.455169797040915e+00 4.499986130630775e+01
8.580376256389183e+00 4.499988297588139e+01
8.709211888472158e+00 4.499990174480104e+01
8.841836803851688e+00 4.499991792652240e+01
8.978420671929115e+00 4.499993181053561e+01
9.119143445099800e+00 4.499994366311596e+01
9.264196149752689e+00 4.499995372814675e+01
9.413781751425949e+00 4.499996222800831e+01
9.568116102358676e+00 4.499996936452652e+01
9.727428980740848e+00 4.499997531997350e+01
9.891965232184729e+00 4.499998025811239e+01
1.006198602534344e+01 4.499998432527775e+01
1.023777023521937e+01 4.499998765148248e+01
1.041961596957377e+01 4.499999035154203e+01
1.060784225601078e+01 4.499999252620607e+01
1.080279090982054e+01 4.499999426328827e+01
1.100482860558702e+01 4.499999563878438e+01
1.121434917897452e+01 4.499999671796931e+01
1.143177618909359e+01 4.499999755646441e+01
1.165756577652492e+01 4.499999820126634e+01
1.189220985758102e+01 4.499999869173013e+01
1.213623970187935e+01 4.499999906049945e+01
1.239022994798584e+01 4.499999933437850e+01
1.265480312101337e+01 4.499999953514082e+01
1.293063472693570e+01 4.499999968027162e+01
1.321845901137638e+01 4.499999978364148e+01
1.351907548623665e+01 4.499999985611063e+01
1.383335634631791e+01 4.499999990606415e+01
1.416225492082148e+01 4.499999993987984e+01
1.450681533220618e+01 4.499999996233137e+01
1.486818356853647e+01 4.499999997693066e+01
1.524762021668327e+01 4.499999998621384e+01
1.564651515447871e+01 4.499999999197610e+01
1.606640456268435e+01 4.499999999546105e+01
1.650899069565786e+01 4.499999999751027e+01
1.697616494712991e+01 4.499999999867914e+01
1.747003487011463e+01 4.499999999932417e+01
1.799295596503976e+01 4.499999999966758e+01
1.854756924753598e+01 4.499999999984337e+01
1.913684586018821e+01 4.499999999992959e+01
1.976414031881800e+01 4.499999999996994e+01
2.043325440802311e+01 4.499999999998788e+01
2.114851429648374e+01 4.499999999999540e+01
2.191486417697746e+01 4.499999999999837e+01
2.273798071528534e+01 4.499999999999947e+01
2.362441391038612e+01 4.499999999999984e+01
2.458176176109497e+01 4.499999999999996e+01
2.561888859936289e+01 4.499999999999999e+01
2.674620038008914e+01 4.500000000000000e+01
2.797599504997206e+01 4.500000000000000e+01
2.932291302174858e+01 4.500000000000000e+01
3.080452279070274e+01 4.500000000000000e+01
3.244209148270470e+01 4.500000000000000e+01
3.426161225159618e+01 4.500000000000000e+01
3.629519428741564e+01 4.500000000000000e+01
3.858297407771252e+01 4.500000000000000e+01
4.117579117338229e+01 4.500000000000000e+01
4.413901071129058e+01 4.500000000000000e+01
4.755811017810862e+01 4.500000000000000e+01
