0.000000000000000e+00 0.000000000000000e+00
1.159768731144091e-04 3.577272015726152e-02
2.320693185986382e-04 7.154297697218226e-02
3.482775092927219e-04 1.073107704047942e-01
4.646016183815130e-04 1.430761004147527e-01
5.810418193955424e-04 1.788389669612300e-01
6.975982862118824e-04 2.145993700025954e-01
8.142711930550120e-04 2.503573094969482e-01
9.310607144976848e-04 2.861127854016630e-01
1.047967025461801e-03 3.218657976736594e-01
1.164990301219277e-03 3.576163462692463e-01
1.282130717392927e-03 3.933644311442990e-01
1.399388449957336e-03 4.291100522539182e-01
1.516763675239747e-03 4.648532095529205e-01
1.634256569920936e-03 5.005939029953907e-01
1.751867311036109e-03 5.363321325349304e-01
1.869596075975783e-03 5.720678981244660e-01
1.987443042486681e-03 6.078011997165831e-01
2.105408388672628e-03 6.435320372630997e-01
2.223492292995445e-03 6.792604107154574e-01
2.341694934275851e-03 7.149863200242947e-01
2.460016491694367e-03 7.507097651399590e-01
2.578457144792217e-03 7.864307460120514e-01
2.697017073472240e-03 8.221492625896900e-01
2.815696457999799e-03 8.578653148213604e-01
2.934495479003697e-03 8.935789026550367e-01
3.053414317477090e-03 9.292900260381174e-01
3.172453154778407e-03 9.649986849173686e-01
3.291612172632275e-03 1.000704879239052e+00
3.410891553130439e-03 1.036408608948861e+00
3.530291478732695e-03 1.072109873991835e+00
3.649812132267814e-03 1.107808674312551e+00
3.769453696934481e-03 1.143505009854870e+00
3.889216356302228e-03 1.179198880562254e+00
4.009100294312373e-03 1.214890286377361e+00
4.129105695278961e-03 1.250579227242447e+00
4.249232743889712e-03 1.286265703099168e+00
4.369481625206966e-03 1.321949713888472e+00
4.489852524668630e-03 1.357631259550828e+00
4.610345628089139e-03 1.393310340026076e+00
4.730961121660405e-03 1.428986955253457e+00
4.851699191952779e-03 1.464661105171707e+00
4.972560025916016e-03 1.500332789718918e+00
5.093543810880232e-03 1.536002008832483e+00
5.214650734556880e-03 1.571668762449342e+00
5.335880985039717e-03 1.607333050505744e+00
5.457234750805775e-03 1.642994872937500e+00
5.578712220716345e-03 1.678654229679609e+00
5.700313584017951e-03 1.714311120666622e+00
5.822039030343335e-03 1.749965545832410e+00
5.943888749712440e-03 1.785617505110267e+00
6.065862932533403e-03 1.821266998432883e+00
6.187961769603545e-03 1.856914025732365e+00
6.310185452110363e-03 1.892558586940119e+00
6.432534171632535e-03 1.928200681987128e+00
6.555008120140910e-03 1.963840310803469e+00
6.677607489999525e-03 1.999477473318976e+00
6.800332473966601e-03 2.035112169462501e+00
6.923183265195561e-03 2.070744399162585e+00
7.046160057236036e-03 2.106374162346988e+00
7.169263044034892e-03 2.142001458942893e+00
7.292492419937237e-03 2.177626288876795e+00
7.415848379687453e-03 2.213248652074711e+00
7.539331118430218e-03 2.248868548461871e+00
7.662940831711536e-03 2.284485977963087e+00
7.786677715479770e-03 2.320100940502321e+00
7.910541966086673e-03 2.355713436003022e+00
8.034533780288433e-03 2.391323464388009e+00
8.158653355246714e-03 2.426931025579492e+00
8.282900888529694e-03 2.462536119498942e+00
8.407276578113120e-03 2.498138746067340e+00
8.531780622381357e-03 2.533738905204977e+00
8.656413220128450e-03 2.569336596831398e+00
8.781174570559162e-03 2.604931820865723e+00
8.906064873290064e-03 2.640524577226209e+00
9.031084328350571e-03 2.676114865830634e+00
9.156233136184034e-03 2.711702686596077e+00
9.281511497648795e-03 2.747288039438892e+00
9.406919614019269e-03 2.782870924274981e+00
9.532457686987014e-03 2.818451341019461e+00
9.658125918661831e-03 2.854029289586791e+00
9.783924511572823e-03 2.889604769890830e+00
9.909853668669507e-03 2.925177781844724e+00
1.003591359332288e-02 2.960748325361067e+00
1.016210448932655e-02 2.996316400351688e+00
1.028842656089778e-02 3.031882006727834e+00
1.041488001267867e-02 3.067445144400054e+00
1.054146504973715e-02 3.103005813278301e+00
1.066818187756821e-02 3.138564013271747e+00
1.079503070209493e-02 3.174119744289015e+00
1.092201172966962e-02 3.209673006237985e+00
1.104912516707494e-02 3.245223799025887e+00
1.117637122152502e-02 3.280772122559391e+00
1.130375010066660e-02 3.316317976744301e+00
1.143126201258013e-02 3.351861361485867e+00
1.155890716578092e-02 3.387402276688668e+00
1.168668576922029e-02 3.422940722256619e+00
1.181459803228668e-02 3.458476698092888e+00
1.194264416480684e-02 3.494010204100022e+00
1.207082437704692e-02 3.529541240179839e+00
1.219913887971364e-02 3.565069806233531e+00
1.232758788395549e-02 3.600595902161572e+00
1.245617160136382e-02 3.636119527863769e+00
1.258489024397405e-02 3.671640683239275e+00
1.271374402426681e-02 3.707159368186431e+00
1.284273315516912e-02 3.742675582602935e+00
1.297185785005557e-02 3.778189326385991e+00
1.310111832274946e-02 3.813700599431805e+00
1.323051478752404e-02 3.849209401636038e+00
1.336004745910365e-02 3.884715732893717e+00
1.348971655266492e-02 3.920219593098963e+00
1.361952228383794e-02 3.955720982145493e+00
1.374946486870751e-02 3.991219899926023e+00
1.387954452381428e-02 4.026716346332805e+00
1.400976146615599e-02 4.062210321257176e+00
1.414011591318867e-02 4.097701824589862e+00
1.427060808282783e-02 4.133190856221020e+00
1.440123819344969e-02 4.168677416039813e+00
1.453200646389241e-02 4.204161503934884e+00
1.466291311345729e-02 4.239643119794081e+00
1.479395836191001e-02 4.275122263504620e+00
1.492514242948186e-02 4.310598934952978e+00
1.505646553687095e-02 4.346073134024756e+00
1.518792790524348e-02 4.381544860605061e+00
1.531952975623498e-02 4.417014114578109e+00
1.545127131195153e-02 4.452480895827478e+00
1.558315279497101e-02 4.487945204235999e+00
1.571517442834439e-02 4.523407039685701e+00
1.584733643559696e-02 4.558866402058015e+00
1.597963904072958e-02 4.594323291233565e+00
1.611208246821998e-02 4.629777707092209e+00
1.624466694302400e-02 4.665229649513101e+00
1.637739269057688e-02 4.700679118374680e+00
1.651025993679453e-02 4.736126113554612e+00
1.664326890807482e-02 4.771570634929795e+00
1.677641983129883e-02 4.807012682376445e+00
1.690971293383222e-02 4.842452255770034e+00
1.704314844352643e-02 4.877889354985165e+00
1.717672658872005e-02 4.913323979895857e+00
1.731044759824008e-02 4.948756130375315e+00
1.744431170140325e-02 4.984185806295883e+00
1.757831912801735e-02 5.019613007529294e+00
1.771247010838251e-02 5.055037733946449e+00
1.784676487329254e-02 5.090459985417517e+00
1.798120365403625e-02 5.125879761811916e+00
1.811578668239879e-02 5.161297062998287e+00
1.825051419066295e-02 5.196711888844419e+00
1.838538641161053e-02 5.232124239217519e+00
1.852040357852367e-02 5.267534113983807e+00
1.865556592518617e-02 5.302941513008918e+00
1.879087368588489e-02 5.338346436157615e+00
1.892632709541106e-02 5.373748883293871e+00
1.906192638906165e-02 5.409148854280971e+00
1.919767180264074e-02 5.444546348981348e+00
1.933356357246089e-02 5.479941367256608e+00
1.946960193534449e-02 5.515333908967769e+00
1.960578712862516e-02 5.550723973974776e+00
1.974211939014911e-02 5.586111562137091e+00
1.987859895827654e-02 5.621496673313068e+00
2.001522607188303e-02 5.656879307360605e+00
2.015200097036092e-02 5.692259464136505e+00
2.028892389362071e-02 5.727637143496992e+00
2.042599508209248e-02 5.763012345297341e+00
2.056321477672727e-02 5.798385069392154e+00
2.070058321899853e-02 5.833755315635102e+00
2.083810065090348e-02 5.869123083879160e+00
2.097576731496459e-02 5.904488373976442e+00
2.111358345423099e-02 5.939851185778288e+00
2.125154931227985e-02 5.975211519135136e+00
2.138966513321790e-02 6.010569373896772e+00
2.152793116168281e-02 6.045924749912047e+00
2.166634764284462e-02 6.081277647029012e+00
2.180491482240727e-02 6.116628065094908e+00
2.194363294660995e-02 6.151976003956136e+00
2.208250226222867e-02 6.187321463458325e+00
2.222152301657761e-02 6.222664443446277e+00
2.236069545751068e-02 6.258004943763837e+00
2.250001983342293e-02 6.293342964254258e+00
2.263949639325208e-02 6.328678504759687e+00
2.277912538647994e-02 6.364011565121679e+00
2.291890706313396e-02 6.399342145180754e+00
2.305884167378870e-02 6.434670244776797e+00
2.319892946956732e-02 6.469995863748657e+00
2.333917070214305e-02 6.505319001934438e+00
2.347956562374079e-02 6.540639659171404e+00
2.362011448713853e-02 6.575957835295945e+00
2.376081754566891e-02 6.611273530143571e+00
2.390167505322072e-02 6.646586743549079e+00
2.404268726424046e-02 6.681897475346155e+00
2.418385443373385e-02 6.717205725367947e+00
2.432517681726737e-02 6.752511493446448e+00
2.446665467096979e-02 6.787814779413033e+00
2.460828825153374e-02 6.823115583098044e+00
2.475007781621726e-02 6.858413904331016e+00
2.489202362284534e-02 6.893709742940665e+00
2.503412592981148e-02 6.929003098754684e+00
2.517638499607928e-02 6.964293971600107e+00
2.531880108118404e-02 6.999582361302963e+00
2.546137444523424e-02 7.034868267688417e+00
2.560410534891323e-02 7.070151690580737e+00
2.574699405348075e-02 7.105432629803374e+00
2.589004082077457e-02 7.140711085178808e+00
2.603324591321204e-02 7.175987056528747e+00
2.617660959379174e-02 7.211260543673909e+00
2.632013212609507e-02 7.246531546434170e+00
2.646381377428789e-02 7.281800064628449e+00
2.660765480312207e-02 7.317066098074918e+00
2.675165547793719e-02 7.352329646590668e+00
2.689581606466216e-02 7.387590709992018e+00
2.704013682981683e-02 7.422849288094326e+00
2.718461804051363e-02 7.458105380712055e+00
2.732925996445926e-02 7.493358987658780e+00
2.747406286995631e-02 7.528610108747117e+00
2.761902702590491e-02 7.563858743788870e+00
2.776415270180443e-02 7.599104892594767e+00
2.790944016775512e-02 7.634348554974778e+00
2.805488969445980e-02 7.669589730737854e+00
2.820050155322553e-02 7.704828419692078e+00
2.834627601596532e-02 7.740064621644592e+00
2.849221335519979e-02 7.775298336401555e+00
2.863831384405889e-02 7.810529563768284e+00
2.878457775628360e-02 7.845758303549111e+00
2.893100536622766e-02 7.880984555547478e+00
2.907759694885921e-02 7.916208319565840e+00
2.922435277976262e-02 7.951429595405678e+00
2.937127313514015e-02 7.986648382867671e+00
2.951835829181366e-02 8.021864681751403e+00
2.966560852722642e-02 8.057078491855563e+00
2.981302411944482e-02 8.092289812977981e+00
2.996060534716009e-02 8.127498644915363e+00
3.010835248969010e-02 8.162704987463549e+00
3.025626582698111e-02 8.197908840417497e+00
3.040434563960954e-02 8.233110203571066e+00
3.055259220878372e-02 8.268309076717223e+00
3.070100581634570e-02 8.303505459647994e+00
3.084958674477303e-02 8.338699352154350e+00
3.099833527718053e-02 8.373890754026370e+00
3.114725169732213e-02 8.409079665053149e+00
3.129633628959263e-02 8.444266085022740e+00
3.144558933902954e-02 8.479450013722300e+00
3.159501113131487e-02 8.514631450937998e+00
3.174460195277701e-02 8.549810396454959e+00
3.189436209039247e-02 8.584986850057334e+00
3.204429183178778e-02 8.620160811528358e+00
3.219439146524133e-02 8.655332280650136e+00
3.234466127968520e-02 8.690501257203955e+00
3.249510156470699e-02 8.725667740969946e+00
3.264571261055173e-02 8.760831731727365e+00
3.279649470812373e-02 8.795993229254350e+00
3.294744814898842e-02 8.831152233328105e+00
3.309857322537427e-02 8.866308743724794e+00
3.324987023017469e-02 8.901462760219601e+00
3.340133945694981e-02 8.936614282586653e+00
3.355298119992856e-02 8.971763310599123e+00
3.370479575401042e-02 9.006909844029060e+00
3.385678341476740e-02 9.042053882647636e+00
3.400894447844595e-02 9.077195426224911e+00
3.416127924196889e-02 9.112334474529852e+00
3.431378800293731e-02 9.147471027330504e+00
3.446647105963255e-02 9.182605084393828e+00
3.461932871101812e-02 9.217736645485800e+00
3.477236125674166e-02 9.252865710371289e+00
3.492556899713690e-02 9.287992278814137e+00
3.507895223322560e-02 9.323116350577180e+00
3.523251126671955e-02 9.358237925422124e+00
3.538624640002257e-02 9.393357003109742e+00
3.554015793623241e-02 9.428473583399658e+00
3.569424617914284e-02 9.463587666050458e+00
3.584851143324558e-02 9.498699250819719e+00
3.600295400373234e-02 9.533808337463860e+00
3.615757419649684e-02 9.568914925738362e+00
3.631237231813680e-02 9.604019015397455e+00
3.646734867595595e-02 9.639120606194531e+00
3.662250357796614e-02 9.674219697881725e+00
3.677783733288931e-02 9.709316290210126e+00
3.693335025015956e-02 9.744410382929814e+00
3.708904263992523e-02 9.779501975789678e+00
3.724491481305090e-02 9.814591068537666e+00
3.740096708111951e-02 9.849677660920520e+00
3.755719975643446e-02 9.884761752683879e+00
3.771361315202160e-02 9.919843343572374e+00
3.787020758163141e-02 9.954922433329500e+00
3.802698335974107e-02 9.989999021697564e+00
3.818394080155653e-02 1.002507310841793e+01
3.834108022301465e-02 1.006014469323075e+01
3.849840194078540e-02 1.009521377587504e+01
3.865590627227380e-02 1.013028035608880e+01
3.881359353562223e-02 1.016534443360882e+01
3.897146404971251e-02 1.020040600817085e+01
3.912951813416799e-02 1.023546507950939e+01
3.928775610935584e-02 1.027052164735799e+01
3.944617829638908e-02 1.030557571144893e+01
3.960478501712880e-02 1.034062727151335e+01
3.976357659418642e-02 1.037567632728143e+01
3.992255335092573e-02 1.041072287848198e+01
4.008171561146519e-02 1.044576692484279e+01
4.024106370068015e-02 1.048080846609053e+01
4.040059794420492e-02 1.051584750195062e+01
4.056031866843516e-02 1.055088403214744e+01
4.072022620053000e-02 1.058591805640413e+01
4.088032086841429e-02 1.062094957444270e+01
4.104060300078089e-02 1.065597858598402e+01
4.120107292709285e-02 1.069100509074771e+01
4.136173097758571e-02 1.072602908845230e+01
4.152257748326977e-02 1.076105057881519e+01
4.168361277593233e-02 1.079606956155249e+01
4.184483718814000e-02 1.083108603637918e+01
4.200625105324099e-02 1.086610000300909e+01
4.216785470536736e-02 1.090111146115480e+01
4.232964847943742e-02 1.093612041052775e+01
4.249163271115795e-02 1.097112685083823e+01
4.265380773702655e-02 1.100613078179518e+01
4.281617389433402e-02 1.104113220310652e+01
4.297873152116660e-02 1.107613111447881e+01
4.314148095640843e-02 1.111112751561758e+01
4.330442253974382e-02 1.114612140622692e+01
4.346755661165963e-02 1.118111278600994e+01
4.363088351344769e-02 1.121610165466841e+01
4.379440358720711e-02 1.125108801190292e+01
4.395811717584672e-02 1.128607185741273e+01
4.412202462308744e-02 1.132105319089601e+01
4.428612627346471e-02 1.135603201204967e+01
4.445042247233086e-02 1.139100832056934e+01
4.461491356585759e-02 1.142598211614945e+01
4.477959990103834e-02 1.146095339848313e+01
4.494448182569083e-02 1.149592216726240e+01
4.510955968845936e-02 1.153088842217784e+01
4.527483383881737e-02 1.156585216291899e+01
4.544030462706993e-02 1.160081338917391e+01
4.560597240435613e-02 1.163577210062959e+01
4.577183752265159e-02 1.167072829697162e+01
4.593790033477101e-02 1.170568197788447e+01
4.610416119437059e-02 1.174063314305119e+01
4.627062045595061e-02 1.177558179215364e+01
4.643727847485789e-02 1.181052792487241e+01
4.660413560728834e-02 1.184547154088673e+01
4.677119221028955e-02 1.188041263987463e+01
4.693844864176325e-02 1.191535122151284e+01
4.710590526046791e-02 1.195028728547674e+01
4.727356242602133e-02 1.198522083144047e+01
4.744142049890315e-02 1.202015185907683e+01
4.760947984045748e-02 1.205508036805734e+01
4.777774081289552e-02 1.209000635805226e+01
4.794620377929805e-02 1.212492982873043e+01
4.811486910361819e-02 1.215985077975944e+01
4.828373715068391e-02 1.219476921080557e+01
4.845280828620070e-02 1.222968512153376e+01
4.862208287675421e-02 1.226459851160766e+01
4.879156128981290e-02 1.229950938068944e+01
4.896124389373070e-02 1.233441772844022e+01
4.913113105774967e-02 1.236932355451943e+01
4.930122315200266e-02 1.240422685858545e+01
4.947152054751609e-02 1.243912764029521e+01
4.964202361621250e-02 1.247402589930425e+01
4.981273273091337e-02 1.250892163526677e+01
4.998364826534182e-02 1.254381484783564e+01
5.015477059412528e-02 1.257870553666242e+01
5.032610009279832e-02 1.261359370139713e+01
5.049763713780531e-02 1.264847934168865e+01
5.066938210650320e-02 1.268336245718428e+01
5.084133537716436e-02 1.271824304753012e+01
5.101349732897922e-02 1.275312111237072e+01
5.118586834205920e-02 1.278799665134930e+01
5.135844879743939e-02 1.282286966410783e+01
5.153123907708144e-02 1.285774015028664e+01
5.170423956387633e-02 1.289260810952489e+01
5.187745064164725e-02 1.292747354146016e+01
5.205087269515235e-02 1.296233644572877e+01
5.222450611008769e-02 1.299719682196548e+01
5.239835127309002e-02 1.303205466980378e+01
5.257240857173969e-02 1.306690998887564e+01
5.274667839456355e-02 1.310176277881168e+01
5.292116113103777e-02 1.313661303924095e+01
5.309585717159081e-02 1.317146076979130e+01
5.327076690760630e-02 1.320630597008893e+01
5.344589073142596e-02 1.324114863975876e+01
5.362122903635257e-02 1.327598877842408e+01
5.379678221665288e-02 1.331082638570694e+01
5.397255066756053e-02 1.334566146122776e+01
5.414853478527912e-02 1.338049400460564e+01
5.432473496698508e-02 1.341532401545814e+01
5.450115161083072e-02 1.345015149340136e+01
5.467778511594724e-02 1.348497643804996e+01
5.485463588244766e-02 1.351979884901706e+01
5.503170431142992e-02 1.355461872591439e+01
5.520899080497990e-02 1.358943606835209e+01
5.538649576617443e-02 1.362425087593898e+01
5.556421959908436e-02 1.365906314828215e+01
5.574216270877765e-02 1.369387288498746e+01
5.592032550132240e-02 1.372868008565900e+01
5.609870838379001e-02 1.376348474989955e+01
5.627731176425820e-02 1.379828687731029e+01
5.645613605181415e-02 1.383308646749093e+01
5.663518165655769e-02 1.386788352003963e+01
5.681444898960432e-02 1.390267803455303e+01
5.699393846308842e-02 1.393747001062621e+01
5.717365049016642e-02 1.397225944785279e+01
5.735358548501995e-02 1.400704634582483e+01
5.753374386285903e-02 1.404183070413276e+01
5.771412603992524e-02 1.407661252236559e+01
5.789473243349494e-02 1.411139180011069e+01
5.807556346188252e-02 1.414616853695390e+01
5.825661954444358e-02 1.418094273247949e+01
5.843790110157818e-02 1.421571438627020e+01
5.861940855473415e-02 1.425048349790712e+01
5.880114232641024e-02 1.428525006696989e+01
5.898310284015956e-02 1.432001409303641e+01
5.916529052059270e-02 1.435477557568314e+01
5.934770579338115e-02 1.438953451448488e+01
5.953034908526060e-02 1.442429090901479e+01
5.971322082403421e-02 1.445904475884458e+01
5.989632143857599e-02 1.449379606354414e+01
6.007965135883418e-02 1.452854482268194e+01
6.026321101583453e-02 1.456329103582474e+01
6.044700084168378e-02 1.459803470253771e+01
6.063102126957300e-02 1.463277582238437e+01
6.081527273378097e-02 1.466751439492668e+01
6.099975566967766e-02 1.470225041972483e+01
6.118447051372757e-02 1.473698389633753e+01
6.136941770349327e-02 1.477171482432171e+01
6.155459767763879e-02 1.480644320323277e+01
6.174001087593310e-02 1.484116903262433e+01
6.192565773925362e-02 1.487589231204846e+01
6.211153870958969e-02 1.491061304105548e+01
6.229765423004602e-02 1.494533121919413e+01
6.248400474484640e-02 1.498004684601140e+01
6.267059069933698e-02 1.501475992105261e+01
6.285741253998998e-02 1.504947044386139e+01
6.304447071440727e-02 1.508417841397976e+01
6.323176567132383e-02 1.511888383094795e+01
6.341929786061137e-02 1.515358669430453e+01
6.360706773328206e-02 1.518828700358632e+01
6.379507574149197e-02 1.522298475832849e+01
6.398332233854477e-02 1.525767995806449e+01
6.417180797889543e-02 1.529237260232598e+01
6.436053311815376e-02 1.532706269064294e+01
6.454949821308822e-02 1.536175022254365e+01
6.473870372162946e-02 1.539643519755458e+01
6.492815010287412e-02 1.543111761520051e+01
6.511783781708852e-02 1.546579747500441e+01
6.530776732571236e-02 1.550047477648763e+01
6.549793909136252e-02 1.553514951916957e+01
6.568835357783674e-02 1.556982170256802e+01
6.587901125011743e-02 1.560449132619893e+01
6.606991257437549e-02 1.563915838957645e+01
6.626105801797402e-02 1.567382289221302e+01
6.645244804947223e-02 1.570848483361926e+01
6.664408313862921e-02 1.574314421330398e+01
6.683596375640780e-02 1.577780103077423e+01
6.702809037497839e-02 1.581245528553518e+01
6.722046346772292e-02 1.584710697709024e+01
6.741308350923862e-02 1.588175610494104e+01
6.760595097534201e-02 1.591640266858737e+01
6.779906634307277e-02 1.595104666752712e+01
6.799243009069772e-02 1.598568810125645e+01
6.818604269771474e-02 1.602032696926961e+01
6.837990464485669e-02 1.605496327105900e+01
6.857401641409547e-02 1.608959700611528e+01
6.876837848864598e-02 1.612422817392710e+01
6.896299135297010e-02 1.615885677398138e+01
6.915785549278075e-02 1.619348280576309e+01
6.935297139504593e-02 1.622810626875532e+01
6.954833954799278e-02 1.626272716243937e+01
6.974396044111163e-02 1.629734548629458e+01
6.993983456516006e-02 1.633196123979839e+01
7.013596241216712e-02 1.636657442242637e+01
7.033234447543731e-02 1.640118503365224e+01
7.052898124955481e-02 1.643579307294771e+01
7.072587323038756e-02 1.647039853978265e+01
7.092302091509153e-02 1.650500143362493e+01
7.112042480211482e-02 1.653960175394061e+01
7.131808539120184e-02 1.657419950019369e+01
7.151600318339764e-02 1.660879467184637e+01
7.171417868105201e-02 1.664338726835874e+01
7.191261238782387e-02 1.667797728918905e+01
7.211130480868538e-02 1.671256473379360e+01
7.231025644992636e-02 1.674714960162664e+01
7.250946781915851e-02 1.678173189214051e+01
7.270893942531978e-02 1.681631160478561e+01
7.290867177867863e-02 1.685088873901026e+01
7.310866539083848e-02 1.688546329426082e+01
7.330892077474199e-02 1.692003526998177e+01
7.350943844467552e-02 1.695460466561543e+01
7.371021891627343e-02 1.698917148060215e+01
7.391126270652261e-02 1.702373571438033e+01
7.411257033376686e-02 1.705829736638626e+01
7.431414231771138e-02 1.709285643605434e+01
7.451597917942718e-02 1.712741292281673e+01
7.471808144135562e-02 1.716196682610375e+01
7.492044962731291e-02 1.719651814534359e+01
7.512308426249464e-02 1.723106687996231e+01
7.532598587348031e-02 1.726561302938402e+01
7.552915498823787e-02 1.730015659303076e+01
7.573259213612835e-02 1.733469757032238e+01
7.593629784791044e-02 1.736923596067682e+01
7.614027265574506e-02 1.740377176350979e+01
7.634451709320010e-02 1.743830497823497e+01
7.654903169525497e-02 1.747283560426392e+01
7.675381699830525e-02 1.750736364100611e+01
7.695887354016753e-02 1.754188908786886e+01
7.716420186008396e-02 1.757641194425744e+01
7.736980249872707e-02 1.761093220957491e+01
7.757567599820450e-02 1.764544988322226e+01
7.778182290206367e-02 1.767996496459826e+01
7.798824375529677e-02 1.771447745309963e+01
7.819493910434533e-02 1.774898734812086e+01
7.840190949710520e-02 1.778349464905430e+01
7.860915548293132e-02 1.781799935529013e+01
7.881667761264262e-02 1.785250146621640e+01
7.902447643852686e-02 1.788700098121886e+01
7.923255251434559e-02 1.792149789968119e+01
7.944090639533895e-02 1.795599222098480e+01
7.964953863823079e-02 1.799048394450892e+01
7.985844980123345e-02 1.802497306963055e+01
8.006764044405282e-02 1.805945959572450e+01
8.027711112789337e-02 1.809394352216334e+01
8.048686241546313e-02 1.812842484831739e+01
8.069689487097867e-02 1.816290357355475e+01
8.090720906017029e-02 1.819737969724122e+01
8.111780555028700e-02 1.823185321874045e+01
8.132868491010166e-02 1.826632413741371e+01
8.153984770991607e-02 1.830079245262009e+01
8.175129452156613e-02 1.833525816371631e+01
8.196302591842704e-02 1.836972127005689e+01
8.217504247541840e-02 1.840418177099404e+01
8.238734476900947e-02 1.843863966587761e+01
8.259993337722439e-02 1.847309495405516e+01
8.281280887964744e-02 1.850754763487203e+01
8.302597185742824e-02 1.854199770767109e+01
8.323942289328715e-02 1.857644517179300e+01
8.345316257152043e-02 1.861089002657599e+01
8.366719147800571e-02 1.864533227135598e+01
8.388151020020730e-02 1.867977190546656e+01
8.409611932718151e-02 1.871420892823893e+01
8.431101944958212e-02 1.874864333900194e+01
8.452621115966580e-02 1.878307513708201e+01
8.474169505129742e-02 1.881750432180322e+01
8.495747171995573e-02 1.885193089248726e+01
8.517354176273866e-02 1.888635484845337e+01
8.538990577836891e-02 1.892077618901845e+01
8.560656436719949e-02 1.895519491349692e+01
8.582351813121920e-02 1.898961102120080e+01
8.604076767405829e-02 1.902402451143968e+01
8.625831360099404e-02 1.905843538352072e+01
8.647615651895629e-02 1.909284363674854e+01
8.669429703653325e-02 1.912724927042548e+01
8.691273576397705e-02 1.916165228385122e+01
8.713147331320942e-02 1.919605267632307e+01
8.735051029782746e-02 1.923045044713587e+01
8.756984733310935e-02 1.926484559558188e+01
8.778948503602012e-02 1.929923812095095e+01
8.800942402521750e-02 1.933362802253038e+01
8.822966492105754e-02 1.936801529960496e+01
8.845020834560066e-02 1.940239995145692e+01
8.867105492261740e-02 1.943678197736608e+01
8.889220527759427e-02 1.947116137660954e+01
8.911366003773970e-02 1.950553814846196e+01
8.933541983199003e-02 1.953991229219542e+01
8.955748529101533e-02 1.957428380707943e+01
8.977985704722551e-02 1.960865269238095e+01
9.000253573477619e-02 1.964301894736428e+01
9.022552198957488e-02 1.967738257129120e+01
9.044881644928691e-02 1.971174356342086e+01
9.067241975334157e-02 1.974610192300979e+01
9.089633254293816e-02 1.978045764931191e+01
9.112055546105222e-02 1.981481074157852e+01
9.134508915244152e-02 1.984916119905824e+01
9.156993426365245e-02 1.988350902099710e+01
9.179509144302607e-02 1.991785420663845e+01
9.202056134070438e-02 1.995219675522297e+01
9.224634460863658e-02 1.998653666598862e+01
9.247244190058539e-02 2.002087393817082e+01
9.269885387213327e-02 2.005520857100208e+01
9.292558118068889e-02 2.008954056371243e+01
9.315262448549336e-02 2.012386991552904e+01
9.337998444762673e-02 2.015819662567642e+01
9.360766173001427e-02 2.019252069337635e+01
9.383565699743308e-02 2.022684211784784e+01
9.406397091651844e-02 2.026116089830720e+01
9.429260415577038e-02 2.029547703396791e+01
9.452155738556010e-02 2.032979052404077e+01
9.475083127813665e-02 2.036410136773375e+01
9.498042650763340e-02 2.039840956425202e+01
9.521034375007473e-02 2.043271511279803e+01
9.544058368338267e-02 2.046701801257133e+01
9.567114698738345e-02 2.050131826276872e+01
9.590203434381432e-02 2.053561586258414e+01
9.613324643633019e-02 2.056991081120876e+01
9.636478395051037e-02 2.060420310783081e+01
9.659664757386548e-02 2.063849275163575e+01
9.682883799584405e-02 2.067277974180609e+01
9.706135590783953e-02 2.070706407752157e+01
9.729420200319702e-02 2.074134575795897e+01
9.752737697722028e-02 2.077562478229221e+01
9.776088152717854e-02 2.080990114969229e+01
9.799471635231356e-02 2.084417485932735e+01
9.822888215384651e-02 2.087844591036247e+01
9.846337963498503e-02 2.091271430195997e+01
9.869820950093025e-02 2.094698003327911e+01
9.893337245888391e-02 2.098124310347625e+01
9.916886921805537e-02 2.101550351170476e+01
9.940470048966887e-02 2.104976125711506e+01
9.964086698697051e-02 2.108401633885453e+01
9.987736942523560e-02 2.111826875606761e+01
1.001142085217758e-01 2.115251850789573e+01
1.003513849959464e-01 2.118676559347730e+01
1.005888995691536e-01 2.122101001194767e+01
1.008267529648618e-01 2.125525176243919e+01
1.010649459086009e-01 2.128949084408115e+01
1.013034791279740e-01 2.132372725599980e+01
1.015423533526643e-01 2.135796099731827e+01
1.017815693144428e-01 2.139219206715670e+01
1.020211277471760e-01 2.142642046463202e+01
1.022610293868328e-01 2.146064618885815e+01
1.025012749714927e-01 2.149486923894590e+01
1.027418652413530e-01 2.152908961400286e+01
1.029828009387364e-01 2.156330731313364e+01
1.032240828080988e-01 2.159752233543956e+01
1.034657115960368e-01 2.163173468001884e+01
1.037076880512957e-01 2.166594434596657e+01
1.039500129247766e-01 2.170015133237460e+01
1.041926869695450e-01 2.173435563833166e+01
1.044357109408379e-01 2.176855726292315e+01
1.046790855960721e-01 2.180275620523145e+01
1.049228116948517e-01 2.183695246433554e+01
1.051668899989764e-01 2.187114603931126e+01
1.054113212724491e-01 2.190533692923119e+01
1.056561062814840e-01 2.193952513316460e+01
1.059012457945145e-01 2.197371065017760e+01
1.061467405822017e-01 2.200789347933291e+01
1.063925914174417e-01 2.204207361968998e+01
1.066387990753743e-01 2.207625107030504e+01
1.068853643333911e-01 2.211042583023087e+01
1.071322879711433e-01 2.214459789851707e+01
1.073795707705505e-01 2.217876727420974e+01
1.076272135158084e-01 2.221293395635177e+01
1.078752169933973e-01 2.224709794398260e+01
1.081235819920905e-01 2.228125923613833e+01
1.083723093029627e-01 2.231541783185165e+01
1.086213997193983e-01 2.234957373015190e+01
1.088708540370996e-01 2.238372693006496e+01
1.091206730540958e-01 2.241787743061327e+01
1.093708575707512e-01 2.245202523081592e+01
1.096214083897735e-01 2.248617032968843e+01
1.098723263162229e-01 2.252031272624299e+01
1.101236121575206e-01 2.255445241948821e+01
1.103752667234569e-01 2.258858940842926e+01
1.106272908262008e-01 2.262272369206783e+01
1.108796852803080e-01 2.265685526940203e+01
1.111324509027301e-01 2.269098413942655e+01
1.113855885128232e-01 2.272511030113245e+01
1.116390989323567e-01 2.275923375350730e+01
1.118929829855226e-01 2.279335449553507e+01
1.121472414989439e-01 2.282747252619620e+01
1.124018753016839e-01 2.286158784446746e+01
1.126568852252551e-01 2.289570044932213e+01
1.129122721036283e-01 2.292981033972982e+01
1.131680367732417e-01 2.296391751465646e+01
1.134241800730101e-01 2.299802197306445e+01
1.136807028443336e-01 2.303212371391247e+01
1.139376059311075e-01 2.306622273615556e+01
1.141948901797313e-01 2.310031903874503e+01
1.144525564391177e-01 2.313441262062857e+01
1.147106055607023e-01 2.316850348075010e+01
1.149690383984528e-01 2.320259161804986e+01
1.152278558088785e-01 2.323667703146438e+01
1.154870586510398e-01 2.327075971992634e+01
1.157466477865575e-01 2.330483968236480e+01
1.160066240796226e-01 2.333891691770494e+01
1.162669883970057e-01 2.337299142486819e+01
1.165277416080667e-01 2.340706320277218e+01
1.167888845847647e-01 2.344113225033072e+01
1.170504182016670e-01 2.347519856645379e+01
1.173123433359600e-01 2.350926215004752e+01
1.175746608674579e-01 2.354332300001422e+01
1.178373716786132e-01 2.357738111525224e+01
1.181004766545265e-01 2.361143649465615e+01
1.183639766829561e-01 2.364548913711653e+01
1.186278726543285e-01 2.367953904152015e+01
1.188921654617481e-01 2.371358620674973e+01
1.191568560010073e-01 2.374763063168412e+01
1.194219451705967e-01 2.378167231519821e+01
1.196874338717153e-01 2.381571125616289e+01
1.199533230082805e-01 2.384974745344508e+01
1.202196134869386e-01 2.388378090590770e+01
1.204863062170751e-01 2.391781161240963e+01
1.207534021108247e-01 2.395183957180575e+01
1.210209020830823e-01 2.398586478294687e+01
1.212888070515129e-01 2.401988724467974e+01
1.215571179365624e-01 2.405390695584708e+01
1.218258356614678e-01 2.408792391528743e+01
1.220949611522684e-01 2.412193812183529e+01
1.223644953378159e-01 2.415594957432103e+01
1.226344391497852e-01 2.418995827157087e+01
1.229047935226852e-01 2.422396421240688e+01
1.231755593938696e-01 2.425796739564696e+01
1.234467377035479e-01 2.429196782010480e+01
1.237183293947959e-01 2.432596548458996e+01
1.239903354135667e-01 2.435996038790771e+01
1.242627567087020e-01 2.439395252885914e+01
1.245355942319430e-01 2.442794190624107e+01
1.248088489379412e-01 2.446192851884605e+01
1.250825217842700e-01 2.449591236546239e+01
1.253566137314354e-01 2.452989344487408e+01
1.256311257428876e-01 2.456387175586074e+01
1.259060587850322e-01 2.459784729719779e+01
1.261814138272416e-01 2.463182006765620e+01
1.264571918418660e-01 2.466579006600261e+01
1.267333938042454e-01 2.469975729099934e+01
1.270100206927208e-01 2.473372174140425e+01
1.272870734886457e-01 2.476768341597077e+01
1.275645531763979e-01 2.480164231344801e+01
1.278424607433910e-01 2.483559843258052e+01
1.281207971800863e-01 2.486955177210847e+01
1.283995634800044e-01 2.490350233076754e+01
1.286787606397368e-01 2.493745010728888e+01
1.289583896589583e-01 2.497139510039916e+01
1.292384515404388e-01 2.500533730882054e+01
1.295189472900547e-01 2.503927673127061e+01
1.297998779168018e-01 2.507321336646239e+01
1.300812444328069e-01 2.510714721310434e+01
1.303630478533399e-01 2.514107826990031e+01
1.306452891968264e-01 2.517500653554959e+01
1.309279694848595e-01 2.520893200874675e+01
1.312110897422124e-01 2.524285468818177e+01
1.314946509968510e-01 2.527677457253996e+01
1.317786542799458e-01 2.531069166050191e+01
1.320631006258847e-01 2.534460595074356e+01
1.323479910722856e-01 2.537851744193611e+01
1.326333266600091e-01 2.541242613274601e+01
1.329191084331707e-01 2.544633202183494e+01
1.332053374391542e-01 2.548023510785983e+01
1.334920147286240e-01 2.551413538947285e+01
1.337791413555381e-01 2.554803286532128e+01
1.340667183771611e-01 2.558192753404762e+01
1.343547468540769e-01 2.561581939428955e+01
1.346432278502025e-01 2.564970844467980e+01
1.349321624327999e-01 2.568359468384631e+01
1.352215516724904e-01 2.571747811041203e+01
1.355113966432669e-01 2.575135872299505e+01
1.358016984225081e-01 2.578523652020847e+01
1.360924580909909e-01 2.581911150066050e+01
1.363836767329046e-01 2.585298366295424e+01
1.366753554358641e-01 2.588685300568797e+01
1.369674952909230e-01 2.592071952745479e+01
1.372600973925881e-01 2.595458322684284e+01
1.375531628388322e-01 2.598844410243520e+01
1.378466927311084e-01 2.602230215280985e+01
1.381406881743637e-01 2.605615737653969e+01
1.384351502770527e-01 2.609000977219248e+01
1.387300801511518e-01 2.612385933833089e+01
1.390254789121731e-01 2.615770607351239e+01
1.393213476791786e-01 2.619154997628927e+01
1.396176875747940e-01 2.622539104520867e+01
1.399144997252231e-01 2.625922927881246e+01
1.402117852602622e-01 2.629306467563728e+01
1.405095453133140e-01 2.632689723421458e+01
1.408077810214027e-01 2.636072695307042e+01
1.411064935251878e-01 2.639455383072566e+01
1.414056839689789e-01 2.642837786569577e+01
1.417053535007505e-01 2.646219905649093e+01
1.420055032721564e-01 2.649601740161594e+01
1.423061344385444e-01 2.652983289957019e+01
1.426072481589716e-01 2.656364554884771e+01
1.429088455962187e-01 2.659745534793707e+01
1.432109279168055e-01 2.663126229532143e+01
1.435134962910055e-01 2.666506638947844e+01
1.438165518928611e-01 2.669886762888028e+01
1.441200959001993e-01 2.673266601199364e+01
1.444241294946459e-01 2.676646153727963e+01
1.447286538616422e-01 2.680025420319385e+01
1.450336701904592e-01 2.683404400818632e+01
1.453391796742136e-01 2.686783095070140e+01
1.456451835098834e-01 2.690161502917794e+01
1.459516828983236e-01 2.693539624204904e+01
1.462586790442815e-01 2.696917458774219e+01
1.465661731564129e-01 2.700295006467917e+01
1.468741664472978e-01 2.703672267127607e+01
1.471826601334562e-01 2.707049240594326e+01
1.474916554353645e-01 2.710425926708529e+01
1.478011535774712e-01 2.713802325310097e+01
1.481111557882132e-01 2.717178436238336e+01
1.484216633000322e-01 2.720554259331958e+01
1.487326773493909e-01 2.723929794429102e+01
1.490441991767894e-01 2.727305041367313e+01
1.493562300267816e-01 2.730679999983544e+01
1.496687711479922e-01 2.734054670114167e+01
1.499818237931327e-01 2.737429051594949e+01
1.502953892190188e-01 2.740803144261062e+01
1.506094686865866e-01 2.744176947947088e+01
1.509240634609101e-01 2.747550462486993e+01
1.512391748112177e-01 2.750923687714153e+01
1.515548040109095e-01 2.754296623461330e+01
1.518709523375745e-01 2.757669269560677e+01
1.521876210730077e-01 2.761041625843742e+01
1.525048115032274e-01 2.764413692141451e+01
1.528225249184928e-01 2.767785468284121e+01
1.531407626133214e-01 2.771156954101448e+01
1.534595258865064e-01 2.774528149422507e+01
1.537788160411347e-01 2.777899054075745e+01
1.540986343846044e-01 2.781269667888991e+01
1.544189822286428e-01 2.784639990689440e+01
1.547398608893241e-01 2.788010022303660e+01
1.550612716870878e-01 2.791379762557578e+01
1.553832159467566e-01 2.794749211276493e+01
1.557056949975543e-01 2.798118368285058e+01
1.560287101731248e-01 2.801487233407291e+01
1.563522628115498e-01 2.804855806466561e+01
1.566763542553677e-01 2.808224087285593e+01
1.570009858515919e-01 2.811592075686461e+01
1.573261589517298e-01 2.814959771490587e+01
1.576518749118012e-01 2.818327174518741e+01
1.579781350923572e-01 2.821694284591032e+01
1.583049408584994e-01 2.825061101526912e+01
1.586322935798988e-01 2.828427625145170e+01
1.589601946308147e-01 2.831793855263924e+01
1.592886453901144e-01 2.835159791700633e+01
1.596176472412921e-01 2.838525434272080e+01
1.599472015724886e-01 2.841890782794374e+01
1.602773097765106e-01 2.845255837082948e+01
1.606079732508506e-01 2.848620596952556e+01
1.609391933977063e-01 2.851985062217271e+01
1.612709716240007e-01 2.855349232690480e+01
1.616033093414019e-01 2.858713108184884e+01
1.619362079663429e-01 2.862076688512492e+01
1.622696689200423e-01 2.865439973484620e+01
1.626036936285239e-01 2.868802962911887e+01
1.629382835226375e-01 2.872165656604214e+01
1.632734400380790e-01 2.875528054370822e+01
1.636091646154110e-01 2.878890156020223e+01
1.639454587000838e-01 2.882251961360224e+01
1.642823237424554e-01 2.885613470197920e+01
1.646197611978132e-01 2.888974682339692e+01
1.649577725263945e-01 2.892335597591207e+01
1.652963591934073e-01 2.895696215757413e+01
1.656355226690523e-01 2.899056536642527e+01
1.659752644285432e-01 2.902416560050052e+01
1.663155859521288e-01 2.905776285782754e+01
1.666564887251141e-01 2.909135713642670e+01
1.669979742378823e-01 2.912494843431102e+01
1.673400439859162e-01 2.915853674948618e+01
1.676826994698200e-01 2.919212207995038e+01
1.680259421953415e-01 2.922570442369442e+01
1.683697736733939e-01 2.925928377870165e+01
1.687141954200781e-01 2.929286014294787e+01
1.690592089567051e-01 2.932643351440139e+01
1.694048158098181e-01 2.936000389102292e+01
1.697510175112153e-01 2.939357127076558e+01
1.700978155979724e-01 2.942713565157486e+01
1.704452116124652e-01 2.946069703138862e+01
1.707932071023929e-01 2.949425540813699e+01
1.711418036208006e-01 2.952781077974237e+01
1.714910027261027e-01 2.956136314411944e+01
1.718408059821061e-01 2.959491249917507e+01
1.721912149580332e-01 2.962845884280826e+01
1.725422312285460e-01 2.966200217291023e+01
1.728938563737691e-01 2.969554248736425e+01
1.732460919793138e-01 2.972907978404567e+01
1.735989396363017e-01 2.976261406082194e+01
1.739524009413887e-01 2.979614531555244e+01
1.743064774967892e-01 2.982967354608859e+01
1.746611709103001e-01 2.986319875027369e+01
1.750164827953254e-01 2.989672092594299e+01
1.753724147709005e-01 2.993024007092360e+01
1.757289684617168e-01 2.996375618303444e+01
1.760861454981463e-01 2.999726926008629e+01
1.764439475162669e-01 3.003077929988162e+01
1.768023761578869e-01 3.006428630021471e+01
1.771614330705702e-01 3.009779025887146e+01
1.775211199076617e-01 3.013129117362952e+01
1.778814383283126e-01 3.016478904225805e+01
1.782423899975060e-01 3.019828386251789e+01
1.786039765860823e-01 3.023177563216142e+01
1.789661997707652e-01 3.026526434893248e+01
1.793290612341877e-01 3.029875001056647e+01
1.796925626649178e-01 3.033223261479017e+01
1.800567057574849e-01 3.036571215932179e+01
1.804214922124066e-01 3.039918864187091e+01
1.807869237362139e-01 3.043266206013844e+01
1.811530020414794e-01 3.046613241181658e+01
1.815197288468427e-01 3.049959969458880e+01
1.818871058770382e-01 3.053306390612977e+01
1.822551348629218e-01 3.056652504410536e+01
1.826238175414979e-01 3.059998310617254e+01
1.829931556559470e-01 3.063343808997946e+01
1.833631509556531e-01 3.066688999316527e+01
1.837338051962314e-01 3.070033881336016e+01
1.841051201395557e-01 3.073378454818533e+01
1.844770975537870e-01 3.076722719525291e+01
1.848497392134009e-01 3.080066675216593e+01
1.852230468992160e-01 3.083410321651834e+01
1.855970223984226e-01 3.086753658589485e+01
1.859716675046107e-01 3.090096685787100e+01
1.863469840177992e-01 3.093439403001307e+01
1.867229737444643e-01 3.096781809987803e+01
1.870996384975686e-01 3.100123906501358e+01
1.874769800965904e-01 3.103465692295796e+01
1.878550003675529e-01 3.106807167124005e+01
1.882337011430536e-01 3.110148330737929e+01
1.886130842622940e-01 3.113489182888556e+01
1.889931515711092e-01 3.116829723325927e+01
1.893739049219980e-01 3.120169951799121e+01
1.897553461741532e-01 3.123509868056253e+01
1.901374771934912e-01 3.126849471844475e+01
1.905202998526833e-01 3.130188762909967e+01
1.909038160311854e-01 3.133527740997935e+01
1.912880276152697e-01 3.136866405852603e+01
1.916729364980546e-01 3.140204757217214e+01
1.920585445795367e-01 3.143542794834018e+01
1.924448537666215e-01 3.146880518444280e+01
1.928318659731551e-01 3.150217927788264e+01
1.932195831199555e-01 3.153555022605230e+01
1.936080071348449e-01 3.156891802633436e+01
1.939971399526812e-01 3.160228267610129e+01
1.943869835153902e-01 3.163564417271541e+01
1.947775397719982e-01 3.166900251352883e+01
1.951688106786640e-01 3.170235769588345e+01
1.955607981987121e-01 3.173570971711089e+01
1.959535043026648e-01 3.176905857453240e+01
1.963469309682761e-01 3.180240426545887e+01
1.967410801805645e-01 3.183574678719079e+01
1.971359539318460e-01 3.186908613701814e+01
1.975315542217684e-01 3.190242231222044e+01
1.979278830573443e-01 3.193575531006661e+01
1.983249424529858e-01 3.196908512781494e+01
1.987227344305382e-01 3.200241176271307e+01
1.991212610193141e-01 3.203573521199799e+01
1.995205242561283e-01 3.206905547289588e+01
1.999205261853327e-01 3.210237254262208e+01
2.003212688588503e-01 3.213568641838118e+01
2.007227543362113e-01 3.216899709736680e+01
2.011249846845879e-01 3.220230457676161e+01
2.015279619788297e-01 3.223560885373729e+01
2.019316883014993e-01 3.226890992545447e+01
2.023361657429089e-01 3.230220778906271e+01
2.027413964011552e-01 3.233550244170036e+01
2.031473823821570e-01 3.236879388049459e+01
2.035541257996905e-01 3.240208210256135e+01
2.039616287754266e-01 3.243536710500526e+01
2.043698934389679e-01 3.246864888491957e+01
2.047789219278853e-01 3.250192743938618e+01
2.051887163877557e-01 3.253520276547543e+01
2.055992789721995e-01 3.256847486024625e+01
2.060106118429180e-01 3.260174372074599e+01
2.064227171697318e-01 3.263500934401031e+01
2.068355971306185e-01 3.266827172706327e+01
2.072492539117514e-01 3.270153086691720e+01
2.076636897075382e-01 3.273478676057263e+01
2.080789067206591e-01 3.276803940501826e+01
2.084949071621066e-01 3.280128879723091e+01
2.089116932512245e-01 3.283453493417547e+01
2.093292672157471e-01 3.286777781280483e+01
2.097476312918393e-01 3.290101743005982e+01
2.101667877241363e-01 3.293425378286917e+01
2.105867387657835e-01 3.296748686814945e+01
2.110074866784776e-01 3.300071668280502e+01
2.114290337325063e-01 3.303394322372794e+01
2.118513822067898e-01 3.306716648779796e+01
2.122745343889216e-01 3.310038647188243e+01
2.126984925752098e-01 3.313360317283625e+01
2.131232590707189e-01 3.316681658750183e+01
2.135488361893109e-01 3.320002671270900e+01
2.139752262536881e-01 3.323323354527501e+01
2.144024315954352e-01 3.326643708200437e+01
2.148304545550613e-01 3.329963731968891e+01
2.152592974820429e-01 3.333283425510763e+01
2.156889627348672e-01 3.336602788502664e+01
2.161194526810750e-01 3.339921820619922e+01
2.165507696973044e-01 3.343240521536558e+01
2.169829161693343e-01 3.346558890925296e+01
2.174158944921284e-01 3.349876928457547e+01
2.178497070698797e-01 3.353194633803406e+01
2.182843563160549e-01 3.356512006631645e+01
2.187198446534388e-01 3.359829046609710e+01
2.191561745141800e-01 3.363145753403707e+01
2.195933483398357e-01 3.366462126678407e+01
2.200313685814171e-01 3.369778166097230e+01
2.204702376994356e-01 3.373093871322246e+01
2.209099581639488e-01 3.376409242014158e+01
2.213505324546068e-01 3.379724277832311e+01
2.217919630606985e-01 3.383038978434669e+01
2.222342524811989e-01 3.386353343477822e+01
2.226774032248162e-01 3.389667372616970e+01
2.231214178100389e-01 3.392981065505926e+01
2.235662987651841e-01 3.396294421797096e+01
2.240120486284447e-01 3.399607441141488e+01
2.244586699479385e-01 3.402920123188692e+01
2.249061652817562e-01 3.406232467586881e+01
2.253545371980104e-01 3.409544473982802e+01
2.258037882748846e-01 3.412856142021766e+01
2.262539211006831e-01 3.416167471347650e+01
2.267049382738799e-01 3.419478461602880e+01
2.271568424031697e-01 3.422789112428430e+01
2.276096361075170e-01 3.426099423463812e+01
2.280633220162079e-01 3.429409394347073e+01
2.285179027689001e-01 3.432719024714784e+01
2.289733810156747e-01 3.436028314202036e+01
2.294297594170872e-01 3.439337262442429e+01
2.298870406442196e-01 3.442645869068069e+01
2.303452273787323e-01 3.445954133709559e+01
2.308043223129171e-01 3.449262055995989e+01
2.312643281497491e-01 3.452569635554934e+01
2.317252476029402e-01 3.455876872012446e+01
2.321870833969926e-01 3.459183764993038e+01
2.326498382672521e-01 3.462490314119692e+01
2.331135149599622e-01 3.465796519013836e+01
2.335781162323188e-01 3.469102379295345e+01
2.340436448525245e-01 3.472407894582535e+01
2.345101035998434e-01 3.475713064492149e+01
2.349774952646570e-01 3.479017888639352e+01
2.354458226485192e-01 3.482322366637727e+01
2.359150885642129e-01 3.485626498099264e+01
2.363852958358056e-01 3.488930282634350e+01
2.368564472987068e-01 3.492233719851762e+01
2.373285457997243e-01 3.495536809358667e+01
2.378015941971221e-01 3.498839550760606e+01
2.382755953606779e-01 3.502141943661481e+01
2.387505521717408e-01 3.505443987663564e+01
2.392264675232902e-01 3.508745682367473e+01
2.397033443199943e-01 3.512047027372169e+01
2.401811854782690e-01 3.515348022274955e+01
2.406599939263379e-01 3.518648666671455e+01
2.411397726042913e-01 3.521948960155613e+01
2.416205244641473e-01 3.525248902319690e+01
2.421022524699117e-01 3.528548492754241e+01
2.425849595976390e-01 3.531847731048124e+01
2.430686488354939e-01 3.535146616788474e+01
2.435533231838128e-01 3.538445149560711e+01
2.440389856551661e-01 3.541743328948520e+01
2.445256392744201e-01 3.545041154533847e+01
2.450132870788002e-01 3.548338625896891e+01
2.455019321179541e-01 3.551635742616089e+01
2.459915774540152e-01 3.554932504268120e+01
2.464822261616666e-01 3.558228910427884e+01
2.469738813282055e-01 3.561524960668497e+01
2.474665460536078e-01 3.564820654561284e+01
2.479602234505938e-01 3.568115991675769e+01
2.484549166446930e-01 3.571410971579667e+01
2.489506287743103e-01 3.574705593838870e+01
2.494473629907928e-01 3.577999858017445e+01
2.499451224584961e-01 3.581293763677622e+01
2.504439103548518e-01 3.584587310379781e+01
2.509437298704346e-01 3.587880497682448e+01
2.514445842090310e-01 3.591173325142285e+01
2.519464765877074e-01 3.594465792314077e+01
2.524494102368791e-01 3.597757898750726e+01
2.529533884003792e-01 3.601049644003241e+01
2.534584143355290e-01 3.604341027620725e+01
2.539644913132077e-01 3.607632049150375e+01
2.544716226179233e-01 3.610922708137457e+01
2.549798115478833e-01 3.614213004125310e+01
2.554890614150666e-01 3.617502936655330e+01
2.559993755452952e-01 3.620792505266964e+01
2.565107572783068e-01 3.624081709497690e+01
2.570232099678272e-01 3.627370548883023e+01
2.575367369816444e-01 3.630659022956492e+01
2.580513417016815e-01 3.633947131249631e+01
2.585670275240717e-01 3.637234873291982e+01
2.590837978592324e-01 3.640522248611066e+01
2.596016561319407e-01 3.643809256732383e+01
2.601206057814093e-01 3.647095897179404e+01
2.606406502613620e-01 3.650382169473555e+01
2.611617930401108e-01 3.653668073134209e+01
2.616840376006327e-01 3.656953607678671e+01
2.622073874406480e-01 3.660238772622179e+01
2.627318460726971e-01 3.663523567477881e+01
2.632574170242204e-01 3.666807991756829e+01
2.637841038376365e-01 3.670092044967968e+01
2.643119100704222e-01 3.673375726618129e+01
2.648408392951926e-01 3.676659036212008e+01
2.653708950997815e-01 3.679941973252169e+01
2.659020810873224e-01 3.683224537239020e+01
2.664344008763311e-01 3.686506727670812e+01
2.669678581007863e-01 3.689788544043617e+01
2.675024564102136e-01 3.693069985851329e+01
2.680381994697681e-01 3.696351052585641e+01
2.685750909603185e-01 3.699631743736046e+01
2.691131345785310e-01 3.702912058789814e+01
2.696523340369545e-01 3.706191997231986e+01
2.701926930641057e-01 3.709471558545359e+01
2.707342154045555e-01 3.712750742210483e+01
2.712769048190149e-01 3.716029547705639e+01
2.718207650844224e-01 3.719307974506832e+01
2.723657999940316e-01 3.722586022087779e+01
2.729120133574995e-01 3.725863689919898e+01
2.734594090009748e-01 3.729140977472287e+01
2.740079907671880e-01 3.732417884211731e+01
2.745577625155403e-01 3.735694409602667e+01
2.751087281221954e-01 3.738970553107193e+01
2.756608914801692e-01 3.742246314185035e+01
2.762142564994227e-01 3.745521692293553e+01
2.767688271069533e-01 3.748796686887718e+01
2.773246072468886e-01 3.752071297420101e+01
2.778816008805793e-01 3.755345523340863e+01
2.784398119866933e-01 3.758619364097737e+01
2.789992445613108e-01 3.761892819136023e+01
2.795599026180195e-01 3.765165887898570e+01
2.801217901880105e-01 3.768438569825760e+01
2.806849113201749e-01 3.771710864355504e+01
2.812492700812011e-01 3.774982770923219e+01
2.818148705556729e-01 3.778254288961821e+01
2.823817168461679e-01 3.781525417901713e+01
2.829498130733564e-01 3.784796157170764e+01
2.835191633761015e-01 3.788066506194302e+01
2.840897719115599e-01 3.791336464395098e+01
2.846616428552826e-01 3.794606031193356e+01
2.852347804013169e-01 3.797875206006691e+01
2.858091887623092e-01 3.801143988250121e+01
2.863848721696078e-01 3.804412377336058e+01
2.869618348733671e-01 3.807680372674281e+01
2.875400811426519e-01 3.810947973671934e+01
2.881196152655432e-01 3.814215179733503e+01
2.887004415492436e-01 3.817481990260812e+01
2.892825643201845e-01 3.820748404652996e+01
2.898659879241330e-01 3.824014422306493e+01
2.904507167263006e-01 3.827280042615035e+01
2.910367551114518e-01 3.830545264969622e+01
2.916241074840137e-01 3.833810088758517e+01
2.922127782681863e-01 3.837074513367222e+01
2.928027719080535e-01 3.840338538178471e+01
2.933940928676956e-01 3.843602162572213e+01
2.939867456313008e-01 3.846865385925594e+01
2.945807347032794e-01 3.850128207612944e+01
2.951760646083776e-01 3.853390627005763e+01
2.957727398917924e-01 3.856652643472701e+01
2.963707651192874e-01 3.859914256379545e+01
2.969701448773090e-01 3.863175465089206e+01
2.975708837731038e-01 3.866436268961701e+01
2.981729864348369e-01 3.869696667354135e+01
2.987764575117102e-01 3.872956659620688e+01
2.993813016740828e-01 3.876216245112597e+01
2.999875236135905e-01 3.879475423178144e+01
3.005951280432682e-01 3.882734193162632e+01
3.012041196976712e-01 3.885992554408378e+01
3.018145033329985e-01 3.889250506254687e+01
3.024262837272167e-01 3.892508048037843e+01
3.030394656801846e-01 3.895765179091088e+01
3.036540540137785e-01 3.899021898744610e+01
3.042700535720191e-01 3.902278206325518e+01
3.048874692211980e-01 3.905534101157831e+01
3.055063058500070e-01 3.908789582562462e+01
3.061265683696657e-01 3.912044649857195e+01
3.067482617140526e-01 3.915299302356674e+01
3.073713908398352e-01 3.918553539372378e+01
3.079959607266023e-01 3.921807360212613e+01
3.086219763769962e-01 3.925060764182485e+01
3.092494428168465e-01 3.928313750583888e+01
3.098783650953042e-01 3.931566318715484e+01
3.105087482849779e-01 3.934818467872684e+01
3.111405974820693e-01 3.938070197347633e+01
3.117739178065116e-01 3.941321506429189e+01
3.124087144021062e-01 3.944572394402903e+01
3.130449924366638e-01 3.947822860551007e+01
3.136827571021432e-01 3.951072904152385e+01
3.143220136147934e-01 3.954322524482566e+01
3.149627672152951e-01 3.957571720813696e+01
3.156050231689048e-01 3.960820492414521e+01
3.162487867655981e-01 3.964068838550374e+01
3.168940633202154e-01 3.967316758483143e+01
3.175408581726082e-01 3.970564251471265e+01
3.181891766877865e-01 3.973811316769699e+01
3.188390242560666e-01 3.977057953629907e+01
3.194904062932211e-01 3.980304161299834e+01
3.201433282406287e-01 3.983549939023892e+01
3.207977955654269e-01 3.986795286042935e+01
3.214538137606628e-01 3.990040201594238e+01
3.221113883454486e-01 3.993284684911484e+01
3.227705248651150e-01 3.996528735224734e+01
3.234312288913681e-01 3.999772351760417e+01
3.240935060224457e-01 4.003015533741295e+01
3.247573618832755e-01 4.006258280386455e+01
3.254228021256346e-01 4.009500590911283e+01
3.260898324283101e-01 4.012742464527441e+01
3.267584584972599e-01 4.015983900442848e+01
3.274286860657761e-01 4.019224897861660e+01
3.281005208946484e-01 4.022465455984241e+01
3.287739687723295e-01 4.025705574007149e+01
3.294490355151012e-01 4.028945251123116e+01
3.301257269672418e-01 4.032184486521012e+01
3.308040490011948e-01 4.035423279385837e+01
3.314840075177387e-01 4.038661628898694e+01
3.321656084461584e-01 4.041899534236764e+01
3.328488577444171e-01 4.045136994573285e+01
3.335337613993300e-01 4.048374009077528e+01
3.342203254267398e-01 4.051610576914779e+01
3.349085558716918e-01 4.054846697246307e+01
3.355984588086122e-01 4.058082369229348e+01
3.362900403414860e-01 4.061317592017078e+01
3.369833066040381e-01 4.064552364758590e+01
3.376782637599134e-01 4.067786686598870e+01
3.383749180028605e-01 4.071020556678775e+01
3.390732755569150e-01 4.074253974135002e+01
3.397733426765853e-01 4.077486938100074e+01
3.404751256470391e-01 4.080719447702306e+01
3.411786307842917e-01 4.083951502065786e+01
3.418838644353948e-01 4.087183100310347e+01
3.425908329786287e-01 4.090414241551545e+01
3.432995428236932e-01 4.093644924900628e+01
3.440100004119021e-01 4.096875149464520e+01
3.447222122163782e-01 4.100104914345785e+01
3.454361847422497e-01 4.103334218642607e+01
3.461519245268488e-01 4.106563061448765e+01
3.468694381399102e-01 4.109791441853603e+01
3.475887321837732e-01 4.113019358942005e+01
3.483098132935838e-01 4.116246811794370e+01
3.490326881374984e-01 4.119473799486584e+01
3.497573634168898e-01 4.122700321089994e+01
3.504838458665538e-01 4.125926375671376e+01
3.512121422549188e-01 4.129151962292919e+01
3.519422593842546e-01 4.132377080012182e+01
3.526742040908854e-01 4.135601727882081e+01
3.534079832454024e-01 4.138825904950853e+01
3.541436037528793e-01 4.142049610262028e+01
3.548810725530888e-01 4.145272842854405e+01
3.556203966207200e-01 4.148495601762016e+01
3.563615829655995e-01 4.151717886014107e+01
3.571046386329128e-01 4.154939694635102e+01
3.578495707034262e-01 4.158161026644579e+01
3.585963862937134e-01 4.161381881057230e+01
3.593450925563810e-01 4.164602256882849e+01
3.600956966802975e-01 4.167822153126285e+01
3.608482058908229e-01 4.171041568787424e+01
3.616026274500410e-01 4.174260502861151e+01
3.623589686569923e-01 4.177478954337326e+01
3.631172368479104e-01 4.180696922200747e+01
3.638774393964584e-01 4.183914405431125e+01
3.646395837139683e-01 4.187131403003048e+01
3.654036772496814e-01 4.190347913885955e+01
3.661697274909918e-01 4.193563937044100e+01
3.669377419636902e-01 4.196779471436519e+01
3.677077282322107e-01 4.199994516017006e+01
3.684796938998789e-01 4.203209069734071e+01
3.692536466091628e-01 4.206423131530916e+01
3.700295940419244e-01 4.209636700345395e+01
3.708075439196736e-01 4.212849775109986e+01
3.715875040038252e-01 4.216062354751755e+01
3.723694820959566e-01 4.219274438192325e+01
3.731534860380676e-01 4.222486024347843e+01
3.739395237128431e-01 4.225697112128941e+01
3.747276030439164e-01 4.228907700440706e+01
3.755177319961371e-01 4.232117788182646e+01
3.763099185758375e-01 4.235327374248652e+01
3.771041708311041e-01 4.238536457526968e+01
3.779004968520503e-01 4.241745036900149e+01
3.786989047710906e-01 4.244953111245032e+01
3.794994027632174e-01 4.248160679432698e+01
3.803019990462803e-01 4.251367740328435e+01
3.811067018812671e-01 4.254574292791702e+01
3.819135195725877e-01 4.257780335676094e+01
3.827224604683592e-01 4.260985867829304e+01
3.835335329606940e-01 4.264190888093085e+01
3.843467454859900e-01 4.267395395303215e+01
3.851621065252235e-01 4.270599388289459e+01
3.859796246042433e-01 4.273802865875528e+01
3.867993082940684e-01 4.277005826879045e+01
3.876211662111875e-01 4.280208270111504e+01
3.884452070178607e-01 4.283410194378231e+01
3.892714394224240e-01 4.286611598478349e+01
3.900998721795961e-01 4.289812481204731e+01
3.909305140907871e-01 4.293012841343968e+01
3.917633740044113e-01 4.296212677676324e+01
3.925984608162003e-01 4.299411988975700e+01
3.934357834695202e-01 4.302610774009590e+01
3.942753509556907e-01 4.305809031539037e+01
3.951171723143074e-01 4.309006760318604e+01
3.959612566335655e-01 4.312203959096321e+01
3.968076130505875e-01 4.315400626613645e+01
3.976562507517523e-01 4.318596761605419e+01
3.985071789730282e-01 4.321792362799836e+01
3.993604070003077e-01 4.324987428918384e+01
4.002159441697449e-01 4.328181958675815e+01
4.010737998680963e-01 4.331375950780090e+01
4.019339835330650e-01 4.334569403932345e+01
4.027965046536449e-01 4.337762316826844e+01
4.036613727704712e-01 4.340954688150932e+01
4.045285974761717e-01 4.344146516584992e+01
4.053981884157214e-01 4.347337800802400e+01
4.062701552867999e-01 4.350528539469478e+01
4.071445078401523e-01 4.353718731245453e+01
4.080212558799520e-01 4.356908374782404e+01
4.089004092641684e-01 4.360097468725222e+01
4.097819779049347e-01 4.363286011711556e+01
4.106659717689219e-01 4.366474002371773e+01
4.115524008777135e-01 4.369661439328907e+01
4.124412753081844e-01 4.372848321198607e+01
4.133326051928832e-01 4.376034646589102e+01
4.142264007204166e-01 4.379220414101133e+01
4.151226721358379e-01 4.382405622327918e+01
4.160214297410382e-01 4.385590269855099e+01
4.169226838951422e-01 4.388774355260693e+01
4.178264450149042e-01 4.391957877115038e+01
4.187327235751112e-01 4.395140833980744e+01
4.196415301089868e-01 4.398323224412644e+01
4.205528752085995e-01 4.401505046957742e+01
4.214667695252742e-01 4.404686300155157e+01
4.223832237700067e-01 4.407866982536078e+01
4.233022487138828e-01 4.411047092623703e+01
4.242238551885003e-01 4.414226628933196e+01
4.251480540863938e-01 4.417405589971621e+01
4.260748563614644e-01 4.420583974237899e+01
4.270042730294124e-01 4.423761780222748e+01
4.279363151681739e-01 4.426939006408629e+01
4.288709939183605e-01 4.430115651269692e+01
4.298083204837035e-01 4.433291713271720e+01
4.307483061315012e-01 4.436467190872070e+01
4.316909621930711e-01 4.439642082519623e+01
4.326363000642046e-01 4.442816386654719e+01
4.335843312056262e-01 4.445990101709104e+01
4.345350671434569e-01 4.449163226105873e+01
4.354885194696815e-01 4.452335758259409e+01
4.364446998426191e-01 4.455507696575326e+01
4.374036199873991e-01 4.458679039450405e+01
4.383652916964393e-01 4.461849785272544e+01
4.393297268299309e-01 4.465019932420687e+01
4.402969373163248e-01 4.468189479264768e+01
4.412669351528234e-01 4.471358424165653e+01
4.422397324058776e-01 4.474526765475072e+01
4.432153412116863e-01 4.477694501535559e+01
4.441937737767013e-01 4.480861630680391e+01
4.451750423781368e-01 4.484028151233523e+01
4.461591593644819e-01 4.487194061509524e+01
4.471461371560201e-01 4.490359359813515e+01
4.481359882453502e-01 4.493524044441100e+01
4.491287251979144e-01 4.496688113678304e+01
4.501243606525299e-01 4.499851565801508e+01
4.511229073219251e-01 4.503014399077377e+01
4.521243779932804e-01 4.506176611762801e+01
4.531287855287746e-01 4.509338202104817e+01
4.541361428661350e-01 4.512499168340553e+01
4.551464630191936e-01 4.515659508697151e+01
4.561597590784469e-01 4.518819221391699e+01
4.571760442116213e-01 4.521978304631165e+01
4.581953316642435e-01 4.525136756612320e+01
4.592176347602168e-01 4.528294575521675e+01
4.602429669024006e-01 4.531451759535405e+01
4.612713415731960e-01 4.534608306819273e+01
4.623027723351379e-01 4.537764215528566e+01
4.633372728314904e-01 4.540919483808017e+01
4.643748567868485e-01 4.544074109791730e+01
4.654155380077449e-01 4.547228091603107e+01
4.664593303832626e-01 4.550381427354772e+01
4.675062478856534e-01 4.553534115148498e+01
4.685563045709599e-01 4.556686153075127e+01
4.696095145796457e-01 4.559837539214493e+01
4.706658921372295e-01 4.562988271635346e+01
4.717254515549268e-01 4.566138348395279e+01
4.727882072302944e-01 4.569287767540634e+01
4.738541736478836e-01 4.572436527106436e+01
4.749233653798980e-01 4.575584625116311e+01
4.759957970868581e-01 4.578732059582397e+01
4.770714835182702e-01 4.581878828505269e+01
4.781504395133038e-01 4.585024929873859e+01
4.792326800014726e-01 4.588170361665361e+01
4.803182200033251e-01 4.591315121845163e+01
4.814070746311375e-01 4.594459208366751e+01
4.824992590896158e-01 4.597602619171626e+01
4.835947886766040e-01 4.600745352189222e+01
4.846936787837978e-01 4.603887405336816e+01
4.857959448974654e-01 4.607028776519439e+01
4.869016025991750e-01 4.610169463629796e+01
4.880106675665291e-01 4.613309464548162e+01
4.891231555739061e-01 4.616448777142310e+01
4.902390824932069e-01 4.619587399267409e+01
4.913584642946109e-01 4.622725328765934e+01
4.924813170473369e-01 4.625862563467578e+01
4.936076569204132e-01 4.628999101189156e+01
4.947375001834523e-01 4.632134939734513e+01
4.958708632074355e-01 4.635270076894427e+01
4.970077624655028e-01 4.638404510446520e+01
4.981482145337516e-01 4.641538238155153e+01
4.992922360920419e-01 4.644671257771337e+01
5.004398439248096e-01 4.647803567032631e+01
5.015910549218873e-01 4.650935163663043e+01
5.027458860793332e-01 4.654066045372937e+01
5.039043545002673e-01 4.657196209858921e+01
5.050664773957153e-01 4.660325654803759e+01
5.062322720854615e-01 4.663454377876256e+01
5.074017559989096e-01 4.666582376731169e+01
5.085749466759503e-01 4.669709649009093e+01
5.097518617678387e-01 4.672836192336356e+01
5.109325190380796e-01 4.675962004324921e+01
5.121169363633213e-01 4.679087082572273e+01
5.133051317342576e-01 4.682211424661313e+01
5.144971232565388e-01 4.685335028160250e+01
5.156929291516912e-01 4.688457890622495e+01
5.168925677580460e-01 4.691580009586540e+01
5.180960575316765e-01 4.694701382575860e+01
5.193034170473445e-01 4.697822007098794e+01
5.205146649994555e-01 4.700941880648429e+01
5.217298202030253e-01 4.704061000702491e+01
5.229489015946518e-01 4.707179364723227e+01
5.241719282335003e-01 4.710296970157289e+01
5.253989193022964e-01 4.713413814435615e+01
5.266298941083289e-01 4.716529894973316e+01
5.278648720844623e-01 4.719645209169551e+01
5.291038727901598e-01 4.722759754407405e+01
5.303469159125151e-01 4.725873528053776e+01
5.315940212672967e-01 4.728986527459242e+01
5.328452087999989e-01 4.732098749957943e+01
5.341004985869067e-01 4.735210192867457e+01
5.353599108361686e-01 4.738320853488670e+01
5.366234658888823e-01 4.741430729105650e+01
5.378911842201882e-01 4.744539816985521e+01
5.391630864403762e-01 4.747648114378330e+01
5.404391932960027e-01 4.750755618516919e+01
5.417195256710189e-01 4.753862326616790e+01
5.430041045879090e-01 4.756968235875979e+01
5.442929512088421e-01 4.760073343474911e+01
5.455860868368329e-01 4.763177646576272e+01
5.468835329169172e-01 4.766281142324873e+01
5.481853110373357e-01 4.769383827847507e+01
5.494914429307322e-01 4.772485700252812e+01
5.508019504753627e-01 4.775586756631132e+01
5.521168556963175e-01 4.778686994054372e+01
5.534361807667547e-01 4.781786409575862e+01
5.547599480091461e-01 4.784885000230200e+01
5.560881798965369e-01 4.787982763033118e+01
5.574208990538180e-01 4.791079694981332e+01
5.587581282590084e-01 4.794175793052388e+01
5.600998904445555e-01 4.797271054204518e+01
5.614462086986441e-01 4.800365475376489e+01
5.627971062665224e-01 4.803459053487448e+01
5.641526065518380e-01 4.806551785436766e+01
5.655127331179909e-01 4.809643668103889e+01
5.668775096894980e-01 4.812734698348173e+01
5.682469601533734e-01 4.815824873008735e+01
5.696211085605211e-01 4.818914188904283e+01
5.709999791271436e-01 4.822002642832965e+01
5.723835962361639e-01 4.825090231572197e+01
5.737719844386638e-01 4.828176951878507e+01
5.751651684553346e-01 4.831262800487359e+01
5.765631731779455e-01 4.834347774112999e+01
5.779660236708253e-01 4.837431869448271e+01
5.793737451723610e-01 4.840515083164461e+01
5.807863630965108e-01 4.843597411911114e+01
5.822039030343336e-01 4.846678852315864e+01
5.836263907555341e-01 4.849759400984261e+01
5.850538522100260e-01 4.852839054499590e+01
5.864863135295072e-01 4.855917809422694e+01
5.879238010290568e-01 4.858995662291794e+01
5.893663412087452e-01 4.862072609622305e+01
5.908139607552638e-01 4.865148647906657e+01
5.922666865435688e-01 4.868223773614101e+01
5.937245456385465e-01 4.871297983190531e+01
5.951875652966920e-01 4.874371273058286e+01
5.966557729678098e-01 4.877443639615964e+01
5.981291962967291e-01 4.880515079238234e+01
5.996078631250397e-01 4.883585588275628e+01
6.010918014928447e-01 4.886655163054355e+01
6.025810396405351e-01 4.889723799876104e+01
6.040756060105785e-01 4.892791495017834e+01
6.055755292493319e-01 4.895858244731579e+01
6.070808382088704e-01 4.898924045244242e+01
6.085915619488391e-01 4.901988892757392e+01
6.101077297383214e-01 4.905052783447047e+01
6.116293710577294e-01 4.908115713463474e+01
6.131565156007157e-01 4.911177678930972e+01
6.146891932761042e-01 4.914238675947656e+01
6.162274342098426e-01 4.917298700585245e+01
6.177712687469765e-01 4.920357748888841e+01
6.193207274536442e-01 4.923415816876707e+01
6.208758411190958e-01 4.926472900540048e+01
6.224366407577299e-01 4.929528995842784e+01
6.240031576111574e-01 4.932584098721323e+01
6.255754231502856e-01 4.935638205084332e+01
6.271534690774253e-01 4.938691310812503e+01
6.287373273284220e-01 4.941743411758324e+01
6.303270300748098e-01 4.944794503745841e+01
6.319226097259900e-01 4.947844582570415e+01
6.335240989314339e-01 4.950893643998487e+01
6.351315305829093e-01 4.953941683767336e+01
6.367449378167321e-01 4.956988697584824e+01
6.383643540160437e-01 4.960034681129159e+01
6.399898128131143e-01 4.963079630048638e+01
6.416213480916692e-01 4.966123539961395e+01
6.432589939892449e-01 4.969166406455147e+01
6.449027848995693e-01 4.972208225086938e+01
6.465527554749703e-01 4.975248991382869e+01
6.482089406288097e-01 4.978288700837847e+01
6.498713755379466e-01 4.981327348915313e+01
6.515400956452274e-01 4.984364931046971e+01
6.532151366620059e-01 4.987401442632526e+01
6.548965345706885e-01 4.990436879039397e+01
6.565843256273131e-01 4.993471235602452e+01
6.582785463641529e-01 4.996504507623722e+01
6.599792335923550e-01 4.999536690372121e+01
6.616864244046039e-01 5.002567779083165e+01
6.634001561778191e-01 5.005597768958673e+01
6.651204665758834e-01 5.008626655166486e+01
6.668473935524019e-01 5.011654432840171e+01
6.685809753534927e-01 5.014681097078723e+01
6.703212505206111e-01 5.017706642946264e+01
6.720682578934045e-01 5.020731065471743e+01
6.738220366126045e-01 5.023754359648629e+01
6.755826261229469e-01 5.026776520434600e+01
6.773500661761312e-01 5.029797542751234e+01
6.791243968338111e-01 5.032817421483691e+01
6.809056584706227e-01 5.035836151480396e+01
6.826938917772458e-01 5.038853727552717e+01
6.844891377635027e-01 5.041870144474639e+01
6.862914377614932e-01 5.044885396982434e+01
6.881008334287673e-01 5.047899479774334e+01
6.899173667515336e-01 5.050912387510190e+01
6.917410800479078e-01 5.053924114811138e+01
6.935720159711979e-01 5.056934656259251e+01
6.954102175132316e-01 5.059944006397202e+01
6.972557280077186e-01 5.062952159727904e+01
6.991085911336579e-01 5.065959110714164e+01
7.009688509187822e-01 5.068964853778326e+01
7.028365517430473e-01 5.071969383301906e+01
7.047117383421592e-01 5.074972693625234e+01
7.065944558111470e-01 5.077974779047082e+01
7.084847496079775e-01 5.080975633824292e+01
7.103826655572149e-01 5.083975252171402e+01
7.122882498537219e-01 5.086973628260266e+01
7.142015490664092e-01 5.089970756219670e+01
7.161226101420278e-01 5.092966630134944e+01
7.180514804090112e-01 5.095961244047574e+01
7.199882075813591e-01 5.098954591954798e+01
7.219328397625735e-01 5.101946667809214e+01
7.238854254496415e-01 5.104937465518374e+01
7.258460135370665e-01 5.107926978944372e+01
7.278146533209492e-01 5.110915201903434e+01
7.297913945031194e-01 5.113902128165500e+01
7.317762871953187e-01 5.116887751453805e+01
7.337693819234368e-01 5.119872065444449e+01
7.357707296317954e-01 5.122855063765967e+01
7.377803816874916e-01 5.125836739998897e+01
7.397983898847911e-01 5.128817087675336e+01
7.418248064495797e-01 5.131796100278500e+01
7.438596840438666e-01 5.134773771242271e+01
7.459030757703470e-01 5.137750093950743e+01
7.479550351770220e-01 5.140725061737766e+01
7.500156162618765e-01 5.143698667886478e+01
7.520848734776148e-01 5.146670905628841e+01
7.541628617364574e-01 5.149641768145163e+01
7.562496364149991e-01 5.152611248563621e+01
7.583452533591275e-01 5.155579339959776e+01
7.604497688890063e-01 5.158546035356085e+01
7.625632398041186e-01 5.161511327721403e+01
7.646857233883785e-01 5.164475209970487e+01
7.668172774153057e-01 5.167437674963489e+01
7.689579601532696e-01 5.170398715505443e+01
7.711078303707953e-01 5.173358324345752e+01
7.732669473419451e-01 5.176316494177662e+01
7.754353708517631e-01 5.179273217637738e+01
7.776131612017966e-01 5.182228487305328e+01
7.798003792156831e-01 5.185182295702025e+01
7.819970862448142e-01 5.188134635291118e+01
7.842033441740717e-01 5.191085498477047e+01
7.864192154276399e-01 5.194034877604842e+01
7.886447629748919e-01 5.196982764959558e+01
7.908800503363551e-01 5.199929152765709e+01
7.931251415897541e-01 5.202874033186687e+01
7.953801013761356e-01 5.205817398324188e+01
7.976449949060693e-01 5.208759240217616e+01
7.999198879659365e-01 5.211699550843488e+01
8.022048469242983e-01 5.214638322114837e+01
8.044999387383517e-01 5.217575545880602e+01
8.068052309604675e-01 5.220511213925008e+01
8.091207917448200e-01 5.223445317966953e+01
8.114466898541021e-01 5.226377849659368e+01
8.137829946663345e-01 5.229308800588593e+01
8.161297761817607e-01 5.232238162273723e+01
8.184871050298407e-01 5.235165926165965e+01
8.208550524763348e-01 5.238092083647979e+01
8.232336904304886e-01 5.241016626033212e+01
8.256230914523083e-01 5.243939544565227e+01
8.280233287599411e-01 5.246860830417022e+01
8.304344762371537e-01 5.249780474690342e+01
8.328566084409144e-01 5.252698468414989e+01
8.352898006090759e-01 5.255614802548113e+01
8.377341286681670e-01 5.258529467973503e+01
8.401896692412902e-01 5.261442455500868e+01
8.426564996561295e-01 5.264353755865116e+01
8.451346979530647e-01 5.267263359725607e+01
8.476243428934039e-01 5.270171257665421e+01
8.501255139677256e-01 5.273077440190598e+01
8.526382914043417e-01 5.275981897729383e+01
8.551627561778722e-01 5.278884620631454e+01
8.576989900179459e-01 5.281785599167146e+01
8.602470754180197e-01 5.284684823526661e+01
8.628070956443237e-01 5.287582283819278e+01
8.653791347449294e-01 5.290477970072546e+01
8.679632775589501e-01 5.293371872231464e+01
8.705596097258663e-01 5.296263980157669e+01
8.731682176949909e-01 5.299154283628596e+01
8.757891887350591e-01 5.302042772336637e+01
8.784226109439636e-01 5.304929435888292e+01
8.810685732586245e-01 5.307814263803304e+01
8.837271654650025e-01 5.310697245513791e+01
8.863984782082532e-01 5.313578370363361e+01
8.890826030030303e-01 5.316457627606224e+01
8.917796322439355e-01 5.319335006406288e+01
8.944896592161229e-01 5.322210495836250e+01
8.972127781060502e-01 5.325084084876668e+01
8.999490840123937e-01 5.327955762415031e+01
9.026986729571168e-01 5.330825517244816e+01
9.054616418967055e-01 5.333693338064530e+01
9.082380887335603e-01 5.336559213476745e+01
9.110281123275635e-01 5.339423131987125e+01
9.138318125078115e-01 5.342285082003427e+01
9.166492900845230e-01 5.345145051834513e+01
9.194806468611199e-01 5.348003029689328e+01
9.223259856464899e-01 5.350859003675885e+01
9.251854102674306e-01 5.353712961800220e+01
9.280590255812800e-01 5.356564891965356e+01
9.309469374887303e-01 5.359414781970234e+01
9.338492529468414e-01 5.362262619508643e+01
9.367660799822424e-01 5.365108392168140e+01
9.396975277045381e-01 5.367952087428945e+01
9.426437063199109e-01 5.370793692662838e+01
9.456047271449327e-01 5.373633195132032e+01
9.485807026205856e-01 5.376470581988033e+01
9.515717463264953e-01 5.379305840270504e+01
9.545779729953793e-01 5.382138956906082e+01
9.575994985277182e-01 5.384969918707219e+01
9.606364400066499e-01 5.387798712370980e+01
9.636889157130962e-01 5.390625324477845e+01
9.667570451411138e-01 5.393449741490483e+01
9.698409490134914e-01 5.396271949752528e+01
9.729407492975818e-01 5.399091935487321e+01
9.760565692213837e-01 5.401909684796658e+01
9.791885332898688e-01 5.404725183659504e+01
9.823367673015665e-01 5.407538417930703e+01
9.855013983654081e-01 5.410349373339672e+01
9.886825549178341e-01 5.413158035489077e+01
9.918803667401681e-01 5.415964389853494e+01
9.950949649762678e-01 5.418768421778051e+01
9.983264821504515e-01 5.421570116477061e+01
1.001575052185713e+00 5.424369459032638e+01
1.004840810422220e+00 5.427166434393283e+01
1.008123893636109e+00 5.429961027372475e+01
1.011424440058581e+00 5.432753222647223e+01
1.014742589395307e+00 5.435543004756624e+01
1.018078482846134e+00 5.438330358100382e+01
1.021432263125115e+00 5.441115266937324e+01
1.024804074480864e+00 5.443897715383891e+01
1.028194062717238e+00 5.446677687412613e+01
1.031602375214349e+00 5.449455166850570e+01
1.035029160949926e+00 5.452230137377827e+01
1.038474570521023e+00 5.455002582525856e+01
1.041938756166077e+00 5.457772485675937e+01
1.045421871787333e+00 5.460539830057545e+01
1.048924072973638e+00 5.463304598746704e+01
1.052445517023603e+00 5.466066774664337e+01
1.055986362969160e+00 5.468826340574592e+01
1.059546771599500e+00 5.471583279083141e+01
1.063126905485409e+00 5.474337572635466e+01
1.066726929004017e+00 5.477089203515121e+01
1.070347008363956e+00 5.479838153841981e+01
1.073987311630932e+00 5.482584405570454e+01
1.077648008753747e+00 5.485327940487686e+01
1.081329271590734e+00 5.488068740211744e+01
1.085031273936662e+00 5.490806786189768e+01
1.088754191550081e+00 5.493542059696109e+01
1.092498202181140e+00 5.496274541830439e+01
1.096263485599875e+00 5.499004213515848e+01
1.100050223624985e+00 5.501731055496907e+01
1.103858600153096e+00 5.504455048337714e+01
1.107688801188532e+00 5.507176172419918e+01
1.111541014873595e+00 5.509894407940713e+01
1.115415431519380e+00 5.512609734910819e+01
1.119312243637106e+00 5.515322133152425e+01
1.123231645970007e+00 5.518031582297121e+01
1.127173835525773e+00 5.520738061783797e+01
1.131139011609562e+00 5.523441550856520e+01
1.135127375857583e+00 5.526142028562385e+01
1.139139132271282e+00 5.528839473749341e+01
1.143174487252120e+00 5.531533865063994e+01
1.147233649636975e+00 5.534225180949378e+01
1.151316830734167e+00 5.536913399642703e+01
1.155424244360125e+00 5.539598499173080e+01
1.159556106876714e+00 5.542280457359209e+01
1.163712637229223e+00 5.544959251807056e+01
1.167894056985040e+00 5.547634859907484e+01
1.172100590373025e+00 5.550307258833871e+01
1.176332464323587e+00 5.552976425539690e+01
1.180589908509500e+00 5.555642336756070e+01
1.184873155387450e+00 5.558304968989318e+01
1.189182440240341e+00 5.560964298518422e+01
1.193518001220383e+00 5.563620301392518e+01
1.197880079392965e+00 5.566272953428329e+01
1.202268918781329e+00 5.568922230207579e+01
1.206684766412083e+00 5.571568107074369e+01
1.211127872361545e+00 5.574210559132527e+01
1.215598489802955e+00 5.576849561242931e+01
1.220096875054560e+00 5.579485088020792e+01
1.224623287628605e+00 5.582117113832915e+01
1.229177990281236e+00 5.584745612794921e+01
1.233761249063352e+00 5.587370558768447e+01
1.238373333372400e+00 5.589991925358298e+01
1.243014516005164e+00 5.592609685909584e+01
1.247685073211552e+00 5.595223813504813e+01
1.252385284749411e+00 5.597834280960959e+01
1.257115433940376e+00 5.600441060826485e+01
1.261875807726811e+00 5.603044125378348e+01
1.266666696729825e+00 5.605643446618956e+01
1.271488395308422e+00 5.608238996273105e+01
1.276341201619784e+00 5.610830745784865e+01
1.281225417680734e+00 5.613418666314448e+01
1.286141349430391e+00 5.616002728735029e+01
1.291089306794053e+00 5.618582903629542e+01
1.296069603748327e+00 5.621159161287432e+01
1.301082558387547e+00 5.623731471701375e+01
1.306128492991498e+00 5.626299804563963e+01
1.311207734094485e+00 5.628864129264359e+01
1.316320612555771e+00 5.631424414884897e+01
1.321467463631417e+00 5.633980630197669e+01
1.326648627047567e+00 5.636532743661061e+01
1.331864447075197e+00 5.639080723416254e+01
1.337115272606369e+00 5.641624537283695e+01
1.342401457232026e+00 5.644164152759518e+01
1.347723359321369e+00 5.646699537011945e+01
1.353081342102844e+00 5.649230656877636e+01
1.358475773746778e+00 5.651757478858004e+01
1.363907027449715e+00 5.654279969115500e+01
1.369375481520480e+00 5.656798093469848e+01
1.374881519468020e+00 5.659311817394254e+01
1.380425530091061e+00 5.661821106011572e+01
1.386007907569625e+00 5.664325924090428e+01
1.391629051558455e+00 5.666826236041313e+01
1.397289367282400e+00 5.669322005912638e+01
1.402989265633785e+00 5.671813197386743e+01
1.408729163271847e+00 5.674299773775876e+01
1.414509482724260e+00 5.676781698018129e+01
1.420330652490826e+00 5.679258932673346e+01
1.426193107149353e+00 5.681731439918978e+01
1.432097287463813e+00 5.684199181545908e+01
1.438043640494803e+00 5.686662118954245e+01
1.444032619712396e+00 5.689120213149072e+01
1.450064685111412e+00 5.691573424736155e+01
1.456140303329192e+00 5.694021713917625e+01
1.462259947765941e+00 5.696465040487615e+01
1.468424098707686e+00 5.698903363827866e+01
1.474633243451925e+00 5.701336642903290e+01
1.480887876436048e+00 5.703764836257508e+01
1.487188499368583e+00 5.706187902008342e+01
1.493535621363353e+00 5.708605797843279e+01
1.499929759076601e+00 5.711018481014899e+01
1.506371436847197e+00 5.713425908336267e+01
1.512861186839961e+00 5.715828036176299e+01
1.519399549192223e+00 5.718224820455085e+01
1.525987072163674e+00 5.720616216639191e+01
1.532624312289627e+00 5.723002179736917e+01
1.539311834537744e+00 5.725382664293543e+01
1.546050212468359e+00 5.727757624386529e+01
1.552840028398443e+00 5.730127013620692e+01
1.559681873569372e+00 5.732490785123362e+01
1.566576348318536e+00 5.734848891539499e+01
1.573524062254955e+00 5.737201285026799e+01
1.580525634438942e+00 5.739547917250763e+01
1.587581693565996e+00 5.741888739379756e+01
1.594692878154978e+00 5.744223702080031e+01
1.601859836740738e+00 5.746552755510743e+01
1.609083228071268e+00 5.748875849318944e+01
1.616363721309549e+00 5.751192932634557e+01
1.623701996240196e+00 5.753503954065336e+01
1.631098743481048e+00 5.755808861691817e+01
1.638554664699828e+00 5.758107603062253e+01
1.646070472836027e+00 5.760400125187542e+01
1.653646892328162e+00 5.762686374536148e+01
1.661284659346551e+00 5.764966297029021e+01
1.668984522031756e+00 5.767239838034503e+01
1.676747240738881e+00 5.769506942363251e+01
1.684573588287866e+00 5.771767554263150e+01
1.692464350219971e+00 5.774021617414238e+01
1.700420325060607e+00 5.776269074923636e+01
1.708442324588717e+00 5.778509869320498e+01
1.716531174112892e+00 5.780743942550963e+01
1.724687712754427e+00 5.782971235973140e+01
1.732912793737486e+00 5.785191690352105e+01
1.741207284686648e+00 5.787405245854929e+01
1.749572067931987e+00 5.789611842045738e+01
1.758008040821970e+00 5.791811417880798e+01
1.766516116044345e+00 5.794003911703656e+01
1.775097221955324e+00 5.796189261240303e+01
1.783752302917259e+00 5.798367403594406e+01
1.792482319645099e+00 5.800538275242577e+01
1.801288249561877e+00 5.802701812029715e+01
1.810171087163517e+00 5.804857949164398e+01
1.819131844393241e+00 5.807006621214360e+01
1.828171551025871e+00 5.809147762102031e+01
1.837291255062330e+00 5.811281305100169e+01
1.846492023134668e+00 5.813407182827577e+01
1.855774940921937e+00 5.815525327244921e+01
1.865141113577254e+00 5.817635669650645e+01
1.874591666166403e+00 5.819738140677002e+01
1.884127744118350e+00 5.821832670286207e+01
1.893750513688040e+00 5.823919187766712e+01
1.903461162431884e+00 5.825997621729621e+01
1.913260899696314e+00 5.828067900105250e+01
1.923150957119863e+00 5.830129950139844e+01
1.933132589149186e+00 5.832183698392456e+01
1.943207073569477e+00 5.834229070732006e+01
1.953375712049773e+00 5.836265992334521e+01
1.963639830703592e+00 5.838294387680578e+01
1.974000780665467e+00 5.840314180552954e+01
1.984459938683850e+00 5.842325294034497e+01
1.995018707730982e+00 5.844327650506234e+01
2.005678517630240e+00 5.846321171645729e+01
2.016440825701606e+00 5.848305778425694e+01
2.027307117425833e+00 5.850281391112885e+01
2.038278907127967e+00 5.852247929267289e+01
2.049357738680854e+00 5.854205311741615e+01
2.060545186229358e+00 5.856153456681109e+01
2.071842854935972e+00 5.858092281523710e+01
2.083252381748595e+00 5.860021703000569e+01
2.094775436191194e+00 5.861941637136935e+01
2.106413721178219e+00 5.863851999253447e+01
2.118168973853554e+00 5.865752703967839e+01
2.130042966454904e+00 5.867643665197079e+01
2.142037507204492e+00 5.869524796159965e+01
2.154154441227035e+00 5.871396009380212e+01
2.166395651495960e+00 5.873257216690031e+01
2.178763059808897e+00 5.875108329234244e+01
2.191258627793470e+00 5.876949257474949e+01
2.203884357944551e+00 5.878779911196767e+01
2.216642294694068e+00 5.880600199512689e+01
2.229534525514636e+00 5.882410030870575e+01
2.242563182058174e+00 5.884209313060293e+01
2.255730441330897e+00 5.885997953221571e+01
2.269038526906000e+00 5.887775857852568e+01
2.282489710175462e+00 5.889542932819202e+01
2.296086311642431e+00 5.891299083365273e+01
2.309830702255780e+00 5.893044214123412e+01
2.323725304788399e+00 5.894778229126893e+01
2.337772595260939e+00 5.896501031822344e+01
2.351975104412733e+00 5.898212525083401e+01
2.366335419221770e+00 5.899912611225341e+01
2.380856184475597e+00 5.901601192020729e+01
2.395540104395201e+00 5.903278168716145e+01
2.410389944313896e+00 5.904943442050004e+01
2.425408532413485e+00 5.906596912271534e+01
2.440598761519924e+00 5.908238479160963e+01
2.455963590960923e+00 5.909868042050952e+01
2.471506048487945e+00 5.911485499849326e+01
2.487229232265281e+00 5.913090751063161e+01
2.503136312928899e+00 5.914683693824283e+01
2.519230535717974e+00 5.916264225916222e+01
2.535515222682068e+00 5.917832244802685e+01
2.551993774967163e+00 5.919387647657613e+01
2.568669675183812e+00 5.920930331396873e+01
2.585546489860906e+00 5.922460192711650e+01
2.602627871988632e+00 5.923977128103595e+01
2.619917563654501e+00 5.925481033921820e+01
2.637419398776390e+00 5.926971806401773e+01
2.655137305936824e+00 5.928449341706083e+01
2.673075311322853e+00 5.929913535967442e+01
2.691237541776208e+00 5.931364285333591e+01
2.709628227958531e+00 5.932801486014491e+01
2.728251707636838e+00 5.934225034331749e+01
2.747112429094486e+00 5.935634826770369e+01
2.766214954673385e+00 5.937030760032929e+01
2.785563964453299e+00 5.938412731096233e+01
2.805164260074515e+00 5.939780637270550e+01
2.825020768710387e+00 5.941134376261490e+01
2.845138547196731e+00 5.942473846234633e+01
2.865522786325274e+00 5.943798945882970e+01
2.886178815308868e+00 5.945109574497253e+01
2.907112106426470e+00 5.946405632039339e+01
2.928328279856473e+00 5.947687019218608e+01
2.949833108707287e+00 5.948953637571558e+01
2.971632524254693e+00 5.950205389544637e+01
2.993732621395855e+00 5.951442178580431e+01
3.016139664330645e+00 5.952663909207263e+01
3.038860092481302e+00 5.953870487132316e+01
3.061900526662254e+00 5.955061819338349e+01
3.085267775512440e+00 5.956237814184086e+01
3.108968842203342e+00 5.957398381508379e+01
3.133010931436554e+00 5.958543432738205e+01
3.157401456745616e+00 5.959672881000582e+01
3.182148048117583e+00 5.960786641238482e+01
3.207258559950903e+00 5.961884630330798e+01
3.232741079366933e+00 5.962966767216451e+01
3.258603934893656e+00 5.964032973022675e+01
3.284855705541081e+00 5.965083171197556e+01
3.311505230289225e+00 5.966117287646857e+01
3.338561618010618e+00 5.967135250875187e+01
3.366034257850806e+00 5.968136992131530e+01
3.393932830091618e+00 5.969122445559177e+01
3.422267317523693e+00 5.970091548350058e+01
3.451048017356266e+00 5.971044240903494e+01
3.480285553694125e+00 5.971980466989348e+01
3.509990890613389e+00 5.972900173915559e+01
3.540175345870062e+00 5.973803312700017e+01
3.570850605277242e+00 5.974689838246738e+01
3.602028737789464e+00 5.975559709526247e+01
3.633722211334947e+00 5.976412889760100e+01
3.665943909439521e+00 5.977249346609427e+01
3.698707148688703e+00 5.978069052367344e+01
3.732025697077708e+00 5.978871984155118e+01
3.765913793302423e+00 5.979658124121845e+01
3.800386167048254e+00 5.980427459647483e+01
3.835458060337483e+00 5.981179983548947e+01
3.871145250000215e+00 5.981915694289027e+01
3.907464071338393e+00 5.982634596187796e+01
3.944431443057610e+00 5.983336699636161e+01
3.982064893546536e+00 5.984022021311174e+01
4.020382588589813e+00 5.984690584392666e+01
4.059403360606361e+00 5.985342418780724e+01
4.099146739512105e+00 5.985977561313494e+01
4.139632985313274e+00 5.986596055984721e+01
4.180883122544664e+00 5.987197954160420e+01
4.222918976675698e+00 5.987783314793960e+01
4.265763212616945e+00 5.988352204638853e+01
4.309439375469663e+00 5.988904698458418e+01
4.353971933672444e+00 5.989440879231466e+01
4.399386324710923e+00 5.989960838353067e+01
4.445709003570172e+00 5.990464675829401e+01
4.492967494123537e+00 5.990952500465617e+01
4.541190443667797e+00 5.991424430045567e+01
4.590407680831527e+00 5.991880591502179e+01
4.640650277102835e+00 5.992321121077200e+01
4.691950612243001e+00 5.992746164468934e+01
4.744342443875522e+00 5.993155876966535e+01
4.797860981564656e+00 5.993550423569341e+01
4.852542965725294e+00 5.993929979089675e+01
4.908426751735604e+00 5.994294728237431e+01
4.965552399657266e+00 5.994644865684758e+01
5.023961770004135e+00 5.994980596109027e+01
5.083698626040705e+00 5.995302134212248e+01
5.144808743135574e+00 5.995609704715052e+01
5.207340025744290e+00 5.995903542323295e+01
5.271342632649681e+00 5.996183891665314e+01
5.336869111148059e+00 5.996451007197862e+01
5.403974540935539e+00 5.996705153078719e+01
5.472716688522730e+00 5.996946603003991e+01
5.543156173087381e+00 5.997175640008162e+01
5.615356644766148e+00 5.997392556224966e+01
5.689384976487401e+00 5.997597652607269e+01
5.765311470560496e+00 5.997791238604199e+01
5.843210081362763e+00 5.997973631793935e+01
5.923158655607194e+00 5.998145157470689e+01
6.005239191831460e+00 5.998306148184619e+01
6.089538120926670e+00 5.998456943233654e+01
6.176146609723118e+00 5.998597888106450e+01
6.265160889875024e+00 5.998729333876059e+01
6.356682614538231e+00 5.998851636544182e+01
6.450819245620407e+00 5.998965156336369e+01
6.547684474704965e+00 5.999070256948891e+01
6.647398681115539e+00 5.999167304748605e+01
6.750089431001034e+00 5.999256667927614e+01
6.855892021792172e+00 5.999338715615177e+01
6.964950076915346e+00 5.999413816949970e+01
7.077416196261119e+00 5.999482340116481e+01
7.193452668601970e+00 5.999544651350084e+01
7.313232252953843e+00 5.999601113916108e+01
7.436939036792662e+00 5.999652087069015e+01
7.564769380092776e+00 5.999697924998620e+01
7.696932955369135e+00 5.999738975771103e+01
7.833653895310226e+00 5.999775580273403e+01
7.975172061214163e+00 5.999808071170285e+01
8.121744447328954e+00 5.999836771884186e+01
8.273646738393342e+00 5.999861995608521e+01
8.431175040237926e+00 5.999884044365687e+01
8.594647806303060e+00 5.999903208121435e+01
8.764407986447623e+00 5.999919763967447e+01
8.940825428558600e+00 5.999933975384072e+01
9.124299568354058e+00 5.999946091594892e+01
9.315262448549328e+00 5.999956347024361e+01
9.514182115419404e+00 5.999964960868965e+01
9.721566448964754e+00 5.999972136791253e+01
9.937967492664297e+00 5.999978062744615e+01
1.016398636052827e+01 5.999982910934884e+01
1.040027881329514e+01 5.999986837922647e+01
1.064756161270228e+01 5.999989984867614e+01
1.090661978350982e+01 5.999992477913597e+01
1.117831493825919e+01 5.999994428709483e+01
1.146359485074603e+01 5.999995935058395e+01
1.176350450233469e+01 5.999997081683821e+01
1.207919887242809e+01 5.999997941098234e+01
1.241195780306707e+01 5.999998574556626e+01
1.276320334096378e+01 5.999999033074656e+01
1.313452005245450e+01 5.999999358488968e+01
1.352767892344477e+01 5.999999584535757e+01
1.394466560479808e+01 5.999999737923173e+01
1.438771395373597e+01 5.999999839373556e+01
1.485934606712136e+01 5.999999904613129e+01
1.536242032139923e+01 5.999999945289384e+01
1.590018935183418e+01 5.999999969800123e+01
1.647637045587164e+01 5.999999984022626e+01
1.709523164168951e+01 5.999999991936489e+01
1.776169753410890e+01 5.999999996139014e+01
1.848148069792185e+01 5.999999998257044e+01
1.926124579205254e+01 5.999999999263640e+01
2.010881654654223e+01 5.999999999711361e+01
2.103343918780391e+01 5.999999999896093e+01
2.204612112823338e+01 5.999999999966063e+01
2.316007126270580e+01 5.999999999990089e+01
2.439127930606976e+01 5.999999999997458e+01
2.575928824314114e+01 5.999999999999439e+01
2.728823940810327e+01 5.999999999999896e+01
2.900830946868568e+01 5.999999999999984e+01
3.095772220401196e+01 5.999999999999998e+01
3.318562247295675e+01 6.000000000000000e+01
3.575627662943154e+01 6.000000000000000e+01
3.875537314531881e+01 6.000000000000000e+01
4.229975993682113e+01 6.000000000000000e+01
4.655302408662480e+01 6.000000000000000e+01
