0.000000000000000e+00 0.000000000000000e+00
1.912048315965127e-04 2.884231296683026e-02
3.825996332194501e-04 5.767444119446452e-02
5.741846881243189e-04 8.649638912302748e-02
7.659602801300379e-04 1.153081611883024e-01
9.579266936203397e-04 1.441097618217455e-01
1.150084213545176e-03 1.729011954504216e-01
1.342433125422129e-03 2.016824664970471e-01
1.534973715337824e-03 2.304535793799829e-01
1.727706269949346e-03 2.592145385132198e-01
1.920631076485669e-03 2.879653483064502e-01
2.113748422749073e-03 3.167060131649322e-01
2.307058597116584e-03 3.454365374895971e-01
2.500561888541406e-03 3.741569256770703e-01
2.694258586554359e-03 4.028671821195715e-01
2.888148981265324e-03 4.315673112049510e-01
3.082233363364695e-03 4.602573173167528e-01
3.276512024124826e-03 4.889372048341798e-01
3.470985255401491e-03 5.176069781319725e-01
3.665653349635348e-03 5.462666415806368e-01
3.860516599853399e-03 5.749161995462870e-01
4.055575299670465e-03 6.035556563906468e-01
4.250829743290659e-03 6.321850164711620e-01
4.446280225508865e-03 6.608042841408377e-01
4.641927041712224e-03 6.894134637484157e-01
4.837770487881615e-03 7.180125596381899e-01
5.033810860593158e-03 7.466015761502121e-01
5.230048457019701e-03 7.751805176200577e-01
5.426483574932332e-03 8.037493883790532e-01
5.623116512701873e-03 8.323081927541196e-01
5.819947569300401e-03 8.608569350678650e-01
6.016977044302758e-03 8.893956196384920e-01
6.214205237888073e-03 9.179242507798975e-01
6.411632450841285e-03 9.464428328015870e-01
6.609258984554671e-03 9.749513700087604e-01
6.807085141029384e-03 1.003449866702233e+00
7.005111222876986e-03 1.031938327178466e+00
7.203337533320997e-03 1.060416755729605e+00
7.401764376198436e-03 1.088885156643393e+00
7.600392055961380e-03 1.117343534203258e+00
7.799220877678512e-03 1.145791892688273e+00
7.998251147036697e-03 1.174230236373127e+00
8.197483170342532e-03 1.202658569528225e+00
8.396917254523932e-03 1.231076896419530e+00
8.596553707131693e-03 1.259485221308708e+00
8.796392836341088e-03 1.287883548453095e+00
8.996434950953439e-03 1.316271882105603e+00
9.196680360397712e-03 1.344650226514872e+00
9.397129374732117e-03 1.373018585925109e+00
9.597782304645702e-03 1.401376964576251e+00
9.798639461459964e-03 1.429725366703813e+00
9.999701157130451e-03 1.458063796538994e+00
1.020096770424839e-02 1.486392258308626e+00
1.040243941604228e-02 1.514710756235210e+00
1.060411660637957e-02 1.543019294536840e+00
1.080599958976822e-02 1.571317877427347e+00
1.100808868135839e-02 1.599606509116107e+00
1.121038419694406e-02 1.627885193808218e+00
1.141288645296466e-02 1.656153935704367e+00
1.161559576650676e-02 1.684412739000933e+00
1.181851245530567e-02 1.712661607889927e+00
1.202163683774717e-02 1.740900546558990e+00
1.222496923286910e-02 1.769129559191441e+00
1.242850996036307e-02 1.797348649966160e+00
1.263225934057616e-02 1.825557823057814e+00
1.283621769451255e-02 1.853757082636569e+00
1.304038534383522e-02 1.881946432868311e+00
1.324476261086767e-02 1.910125877914574e+00
1.344934981859559e-02 1.938295421932487e+00
1.365414729066854e-02 1.966455069074890e+00
1.385915535140173e-02 1.994604823490185e+00
1.406437432577764e-02 2.022744689322494e+00
1.426980453944782e-02 2.050874670711501e+00
1.447544631873455e-02 2.078994771792615e+00
1.468129999063259e-02 2.107104996696826e+00
1.488736588281095e-02 2.135205349550773e+00
1.509364432361455e-02 2.163295834476784e+00
1.530013564206604e-02 2.191376455592724e+00
1.550684016786751e-02 2.219447217012210e+00
1.571375823140225e-02 2.247508122844408e+00
1.592089016373650e-02 2.275559177194197e+00
1.612823629662125e-02 2.303600384162053e+00
1.633579696249399e-02 2.331631747844057e+00
1.654357249448046e-02 2.359653272332004e+00
1.675156322639650e-02 2.387664961713249e+00
1.695976949274974e-02 2.415666820070847e+00
1.716819162874152e-02 2.443658851483448e+00
1.737682997026855e-02 2.471641060025327e+00
1.758568485392482e-02 2.499613449766443e+00
1.779475661700338e-02 2.527576024772358e+00
1.800404559749812e-02 2.555528789104208e+00
1.821355213410565e-02 2.583471746818880e+00
1.842327656622706e-02 2.611404901968818e+00
1.863321923396984e-02 2.639328258602070e+00
1.884338047814961e-02 2.667241820762399e+00
1.905376064029207e-02 2.695145592489148e+00
1.926436006263478e-02 2.723039577817254e+00
1.947517908812905e-02 2.750923780777363e+00
1.968621806044179e-02 2.778798205395681e+00
1.989747732395735e-02 2.806662855694050e+00
2.010895722377946e-02 2.834517735689992e+00
2.032065810573304e-02 2.862362849396590e+00
2.053258031636613e-02 2.890198200822581e+00
2.074472420295177e-02 2.918023793972310e+00
2.095709011348988e-02 2.945839632845775e+00
2.116967839670918e-02 2.973645721438572e+00
2.138248940206910e-02 3.001442063741891e+00
2.159552347976168e-02 3.029228663742629e+00
2.180878098071351e-02 3.057005525423186e+00
2.202226225658764e-02 3.084772652761700e+00
2.223596765978552e-02 3.112530049731824e+00
2.244989754344895e-02 3.140277720302905e+00
2.266405226146199e-02 3.168015668439850e+00
2.287843216845297e-02 3.195743898103224e+00
2.309303761979638e-02 3.223462413249173e+00
2.330786897161490e-02 3.251171217829473e+00
2.352292658078130e-02 3.278870315791536e+00
2.373821080492047e-02 3.306559711078322e+00
2.395372200241140e-02 3.334239407628466e+00
2.416946053238914e-02 3.361909409376182e+00
2.438542675474680e-02 3.389569720251281e+00
2.460162103013757e-02 3.417220344179213e+00
2.481804371997672e-02 3.444861285081046e+00
2.503469518644361e-02 3.472492546873362e+00
2.525157579248371e-02 3.500114133468479e+00
2.546868590181062e-02 3.527726048774213e+00
2.568602587890812e-02 3.555328296694022e+00
2.590359608903222e-02 3.582920881127002e+00
2.612139689821314e-02 3.610503805967767e+00
2.633942867325746e-02 3.638077075106629e+00
2.655769178175011e-02 3.665640692429378e+00
2.677618659205644e-02 3.693194661817529e+00
2.699491347332433e-02 3.720738987148103e+00
2.721387279548623e-02 3.748273672293756e+00
2.743306492926128e-02 3.775798721122712e+00
2.765249024615736e-02 3.803314137498838e+00
2.787214911847324e-02 3.830819925281503e+00
2.809204191930063e-02 3.858316088325765e+00
2.831216902252635e-02 3.885802630482203e+00
2.853253080283440e-02 3.913279555597008e+00
2.875312763570811e-02 3.940746867511976e+00
2.897395989743228e-02 3.968204570064444e+00
2.919502796509529e-02 3.995652667087342e+00
2.941633221659127e-02 4.023091162409230e+00
2.963787303062225e-02 4.050520059854222e+00
2.985965078670032e-02 4.077939363241967e+00
3.008166586514980e-02 4.105349076387746e+00
3.030391864710939e-02 4.132749203102414e+00
3.052640951453440e-02 4.160139747192382e+00
3.074913885019888e-02 4.187520712459644e+00
3.097210703769785e-02 4.214892102701782e+00
3.119531446144949e-02 4.242253921711892e+00
3.141876150669739e-02 4.269606173278717e+00
3.164244855951268e-02 4.296948861186550e+00
3.186637600679634e-02 4.324281989215208e+00
3.209054423628138e-02 4.351605561140090e+00
3.231495363653510e-02 4.378919580732180e+00
3.253960459696131e-02 4.406224051758045e+00
3.276449750780264e-02 4.433518977979745e+00
3.298963276014272e-02 4.460804363154971e+00
3.321501074590849e-02 4.488080211036916e+00
3.344063185787250e-02 4.515346525374383e+00
3.366649648965515e-02 4.542603309911655e+00
3.389260503572698e-02 4.569850568388667e+00
3.411895789141100e-02 4.597088304540833e+00
3.434555545288494e-02 4.624316522099122e+00
3.457239811718361e-02 4.651535224790095e+00
3.479948628220124e-02 4.678744416335817e+00
3.502682034669370e-02 4.705944100453927e+00
3.525440071028095e-02 4.733134280857584e+00
3.548222777344933e-02 4.760314961255503e+00
3.571030193755390e-02 4.787486145351963e+00
3.593862360482082e-02 4.814647836846717e+00
3.616719317834970e-02 4.841800039435142e+00
3.639601106211598e-02 4.868942756808060e+00
3.662507766097332e-02 4.896075992651888e+00
3.685439338065594e-02 4.923199750648564e+00
3.708395862778109e-02 4.950314034475525e+00
3.731377380985140e-02 4.977418847805801e+00
3.754383933525730e-02 5.004514194307859e+00
3.777415561327944e-02 5.031600077645777e+00
3.800472305409114e-02 5.058676501479088e+00
3.823554206876079e-02 5.085743469462905e+00
3.846661306925432e-02 5.112800985247816e+00
3.869793646843762e-02 5.139849052479931e+00
3.892951268007905e-02 5.166887674800897e+00
3.916134211885185e-02 5.193916855847871e+00
3.939342520033666e-02 5.220936599253488e+00
3.962576234102397e-02 5.247946908645932e+00
3.985835395831663e-02 5.274947787648880e+00
4.009120047053236e-02 5.301939239881502e+00
4.032430229690621e-02 5.328921268958489e+00
4.055765985759315e-02 5.355893878490029e+00
4.079127357367052e-02 5.382857072081798e+00
4.102514386714061e-02 5.409810853334985e+00
4.125927116093320e-02 5.436755225846269e+00
4.149365587890808e-02 5.463690193207828e+00
4.172829844585764e-02 5.490615759007301e+00
4.196319928750938e-02 5.517531926827864e+00
4.219835883052860e-02 5.544438700248136e+00
4.243377750252084e-02 5.571336082842237e+00
4.266945573203455e-02 5.598224078179779e+00
4.290539394856374e-02 5.625102689825837e+00
4.314159258255047e-02 5.651971921340980e+00
4.337805206538754e-02 5.678831776281243e+00
4.361477282942110e-02 5.705682258198131e+00
4.385175530795333e-02 5.732523370638649e+00
4.408899993524500e-02 5.759355117145216e+00
4.432650714651817e-02 5.786177501255786e+00
4.456427737795886e-02 5.812990526503707e+00
4.480231106671971e-02 5.839794196417838e+00
4.504060865092265e-02 5.866588514522473e+00
4.527917056966158e-02 5.893373484337388e+00
4.551799726300511e-02 5.920149109377792e+00
4.575708917199921e-02 5.946915393154349e+00
4.599644673866998e-02 5.973672339173184e+00
4.623607040602631e-02 6.000419950935875e+00
4.647596061806269e-02 6.027158231939406e+00
4.671611781976188e-02 6.053887185676263e+00
4.695654245709770e-02 6.080606815634304e+00
4.719723497703780e-02 6.107317125296895e+00
4.743819582754639e-02 6.134018118142787e+00
4.767942545758706e-02 6.160709797646192e+00
4.792092431712554e-02 6.187392167276727e+00
4.816269285713252e-02 6.214065230499465e+00
4.840473152958644e-02 6.240728990774873e+00
4.864704078747630e-02 6.267383451558889e+00
4.888962108480452e-02 6.294028616302800e+00
4.913247287658973e-02 6.320664488453378e+00
4.937559661886967e-02 6.347291071452773e+00
4.961899276870398e-02 6.373908368738537e+00
4.986266178417712e-02 6.400516383743689e+00
5.010660412440122e-02 6.427115119896577e+00
5.035082024951893e-02 6.453704580621007e+00
5.059531062070641e-02 6.480284769336173e+00
5.084007570017612e-02 6.506855689456660e+00
5.108511595117980e-02 6.533417344392472e+00
5.133043183801139e-02 6.559969737548940e+00
5.157602382600991e-02 6.586512872326860e+00
5.182189238156250e-02 6.613046752122401e+00
5.206803797210725e-02 6.639571380327062e+00
5.231446106613628e-02 6.666086760327808e+00
5.256116213319860e-02 6.692592895506912e+00
5.280814164390322e-02 6.719089789242030e+00
5.305540006992201e-02 6.745577444906250e+00
5.330293788399280e-02 6.772055865867951e+00
5.355075555992234e-02 6.798525055490920e+00
5.379885357258937e-02 6.824985017134331e+00
5.404723239794759e-02 6.851435754152668e+00
5.429589251302874e-02 6.877877269895794e+00
5.454483439594569e-02 6.904309567708935e+00
5.479405852589541e-02 6.930732650932679e+00
5.504356538316216e-02 6.957146522902903e+00
5.529335544912047e-02 6.983551186950894e+00
5.554342920623830e-02 7.009946646403254e+00
5.579378713808012e-02 7.036332904581936e+00
5.604442972931006e-02 7.062709964804213e+00
5.629535746569498e-02 7.089077830382706e+00
5.654657083410766e-02 7.115436504625343e+00
5.679807032252991e-02 7.141785990835420e+00
5.704985642005578e-02 7.168126292311495e+00
5.730192961689469e-02 7.194457412347521e+00
5.755429040437458e-02 7.220779354232683e+00
5.780693927494522e-02 7.247092121251551e+00
5.805987672218128e-02 7.273395716683964e+00
5.831310324078559e-02 7.299690143805083e+00
5.856661932659243e-02 7.325975405885373e+00
5.882042547657067e-02 7.352251506190594e+00
5.907452218882708e-02 7.378518447981804e+00
5.932890996260956e-02 7.404776234515349e+00
5.958358929831040e-02 7.431024869042862e+00
5.983856069746964e-02 7.457264354811286e+00
6.009382466277821e-02 7.483494695062806e+00
6.034938169808140e-02 7.509715893034929e+00
6.060523230838206e-02 7.535927951960410e+00
6.086137699984400e-02 7.562130875067293e+00
6.111781627979524e-02 7.588324665578863e+00
6.137455065673147e-02 7.614509326713701e+00
6.163158064031934e-02 7.640684861685621e+00
6.188890674139980e-02 7.666851273703731e+00
6.214652947199160e-02 7.693008565972342e+00
6.240444934529459e-02 7.719156741691066e+00
6.266266687569313e-02 7.745295804054752e+00
6.292118257875956e-02 7.771425756253432e+00
6.317999697125762e-02 7.797546601472476e+00
6.343911057114585e-02 7.823658342892404e+00
6.369852389758109e-02 7.849760983689006e+00
6.395823747092191e-02 7.875854527033304e+00
6.421825181273216e-02 7.901938976091536e+00
6.447856744578437e-02 7.928014334025146e+00
6.473918489406330e-02 7.954080603990814e+00
6.500010468276948e-02 7.980137789140425e+00
6.526132733832267e-02 8.006185892621080e+00
6.552285338836547e-02 8.032224917575046e+00
6.578468336176682e-02 8.058254867139858e+00
6.604681778862563e-02 8.084275744448199e+00
6.630925720027427e-02 8.110287552627931e+00
6.657200212928220e-02 8.136290294802155e+00
6.683505310945964e-02 8.162283974089132e+00
6.709841067586107e-02 8.188268593602277e+00
6.736207536478890e-02 8.214244156450231e+00
6.762604771379715e-02 8.240210665736772e+00
6.789032826169511e-02 8.266168124560849e+00
6.815491754855087e-02 8.292116536016586e+00
6.841981611569518e-02 8.318055903193258e+00
6.868502450572506e-02 8.343986229175322e+00
6.895054326250745e-02 8.369907517042318e+00
6.921637293118303e-02 8.395819769869021e+00
6.948251405816988e-02 8.421722990725293e+00
6.974896719116726e-02 8.447617182676133e+00
7.001573287915938e-02 8.473502348781704e+00
7.028281167241908e-02 8.499378492097264e+00
7.055020412251173e-02 8.525245615673224e+00
7.081791078229897e-02 8.551103722555105e+00
7.108593220594253e-02 8.576952815783560e+00
7.135426894890801e-02 8.602792898394316e+00
7.162292156796880e-02 8.628623973418243e+00
7.189189062120988e-02 8.654446043881304e+00
7.216117666803168e-02 8.680259112804546e+00
7.243078026915396e-02 8.706063183204130e+00
7.270070198661975e-02 8.731858258091304e+00
7.297094238379921e-02 8.757644340472378e+00
7.324150202539353e-02 8.783421433348781e+00
7.351238147743891e-02 8.809189539716979e+00
7.378358130731047e-02 8.834948662568529e+00
7.405510208372626e-02 8.860698804890053e+00
7.432694437675118e-02 8.886439969663222e+00
7.459910875780103e-02 8.912172159864792e+00
7.487159579964642e-02 8.937895378466539e+00
7.514440607641690e-02 8.963609628435311e+00
7.541754016360491e-02 8.989314912732972e+00
7.569099863806986e-02 9.015011234316432e+00
7.596478207804219e-02 9.040698596137666e+00
7.623889106312745e-02 9.066377001143618e+00
7.651332617431039e-02 9.092046452276314e+00
7.678808799395902e-02 9.117706952472755e+00
7.706317710582877e-02 9.143358504664992e+00
7.733859409506669e-02 9.169001111780023e+00
7.761433954821542e-02 9.194634776739932e+00
7.789041405321757e-02 9.220259502461719e+00
7.816681819941972e-02 9.245875291857438e+00
7.844355257757671e-02 9.271482147834103e+00
7.872061777985581e-02 9.297080073293696e+00
7.899801439984101e-02 9.322669071133230e+00
7.927574303253714e-02 9.348249144244622e+00
7.955380427437418e-02 9.373820295514811e+00
7.983219872321166e-02 9.399382527825662e+00
8.011092697834273e-02 9.424935844054001e+00
8.038998964049852e-02 9.450480247071646e+00
8.066938731185259e-02 9.476015739745293e+00
8.094912059602510e-02 9.501542324936640e+00
8.122919009808725e-02 9.527060005502278e+00
8.150959642456557e-02 9.552568784293754e+00
8.179034018344639e-02 9.578068664157520e+00
8.207142198418019e-02 9.603559647934976e+00
8.235284243768595e-02 9.629041738462391e+00
8.263460215635567e-02 9.654514938570973e+00
8.291670175405877e-02 9.679979251086824e+00
8.319914184614653e-02 9.705434678830951e+00
8.348192304945663e-02 9.730881224619239e+00
8.376504598231756e-02 9.756318891262467e+00
8.404851126455315e-02 9.781747681566301e+00
8.433231951748718e-02 9.807167598331255e+00
8.461647136394776e-02 9.832578644352736e+00
8.490096742827200e-02 9.857980822420998e+00
8.518580833631058e-02 9.883374135321180e+00
8.547099471543228e-02 9.908758585833230e+00
8.575652719452863e-02 9.934134176731984e+00
8.604240640401856e-02 9.959500910787071e+00
8.632863297585294e-02 9.984858790763013e+00
8.661520754351934e-02 1.001020781941909e+01
8.690213074204665e-02 1.003554799950946e+01
8.718940320800979e-02 1.006087933378308e+01
8.747702557953439e-02 1.008620182498371e+01
8.776499849630154e-02 1.011151547584991e+01
8.805332259955256e-02 1.013682028911505e+01
8.834199853209371e-02 1.016211626750730e+01
8.863102693830095e-02 1.018740341374958e+01
8.892040846412481e-02 1.021268173055963e+01
8.921014375709518e-02 1.023795122064994e+01
8.950023346632606e-02 1.026321188672777e+01
8.979067824252047e-02 1.028846373149513e+01
9.008147873797541e-02 1.031370675764883e+01
9.037263560658652e-02 1.033894096788037e+01
9.066414950385322e-02 1.036416636487601e+01
9.095602108688343e-02 1.038938295131678e+01
9.124825101439861e-02 1.041459072987841e+01
9.154083994673878e-02 1.043978970323134e+01
9.183378854586730e-02 1.046497987404074e+01
9.212709747537606e-02 1.049016124496651e+01
9.242076740049038e-02 1.051533381866322e+01
9.271479898807403e-02 1.054049759778014e+01
9.300919290663438e-02 1.056565258496128e+01
9.330394982632736e-02 1.059079878284525e+01
9.359907041896259e-02 1.061593619406541e+01
9.389455535800847e-02 1.064106482124976e+01
9.419040531859735e-02 1.066618466702096e+01
9.448662097753059e-02 1.069129573399632e+01
9.478320301328379e-02 1.071639802478784e+01
9.508015210601191e-02 1.074149154200211e+01
9.537746893755457e-02 1.076657628824040e+01
9.567515419144115e-02 1.079165226609859e+01
9.597320855289608e-02 1.081671947816717e+01
9.627163270884413e-02 1.084177792703127e+01
9.657042734791565e-02 1.086682761527062e+01
9.686959316045186e-02 1.089186854545956e+01
9.716913083851018e-02 1.091690072016699e+01
9.746904107586958e-02 1.094192414195643e+01
9.776932456803587e-02 1.096693881338599e+01
9.806998201224719e-02 1.099194473700831e+01
9.837101410747937e-02 1.101694191537064e+01
9.867242155445122e-02 1.104193035101477e+01
9.897420505563015e-02 1.106691004647704e+01
9.927636531523752e-02 1.109188100428835e+01
9.957890303925415e-02 1.111684322697412e+01
9.988181893542580e-02 1.114179671705428e+01
1.001851137132687e-01 1.116674147704334e+01
1.004887880840751e-01 1.119167750945027e+01
1.007928427609188e-01 1.121660481677859e+01
1.010972784586609e-01 1.124152340152628e+01
1.014020958939549e-01 1.126643326618583e+01
1.017072957852532e-01 1.129133441324424e+01
1.020128788528116e-01 1.131622684518295e+01
1.023188458186962e-01 1.134111056447789e+01
1.026251974067880e-01 1.136598557359944e+01
1.029319343427893e-01 1.139085187501245e+01
1.032390573542293e-01 1.141570947117620e+01
1.035465671704696e-01 1.144055836454444e+01
1.038544645227102e-01 1.146539855756528e+01
1.041627501439953e-01 1.149023005268135e+01
1.044714247692189e-01 1.151505285232963e+01
1.047804891351309e-01 1.153986695894151e+01
1.050899439803428e-01 1.156467237494281e+01
1.053997900453338e-01 1.158946910275373e+01
1.057100280724563e-01 1.161425714478883e+01
1.060206588059423e-01 1.163903650345709e+01
1.063316829919089e-01 1.166380718116180e+01
1.066431013783647e-01 1.168856918030067e+01
1.069549147152156e-01 1.171332250326572e+01
1.072671237542705e-01 1.173806715244333e+01
1.075797292492481e-01 1.176280313021420e+01
1.078927319557821e-01 1.178753043895337e+01
1.082061326314281e-01 1.181224908103021e+01
1.085199320356691e-01 1.183695905880837e+01
1.088341309299218e-01 1.186166037464580e+01
1.091487300775430e-01 1.188635303089478e+01
1.094637302438355e-01 1.191103702990186e+01
1.097791321960544e-01 1.193571237400782e+01
1.100949367034133e-01 1.196037906554778e+01
1.104111445370907e-01 1.198503710685107e+01
1.107277564702361e-01 1.200968650024128e+01
1.110447732779762e-01 1.203432724803626e+01
1.113621957374217e-01 1.205895935254804e+01
1.116800246276732e-01 1.208358281608296e+01
1.119982607298276e-01 1.210819764094150e+01
1.123169048269848e-01 1.213280382941838e+01
1.126359577042538e-01 1.215740138380249e+01
1.129554201487594e-01 1.218199030637695e+01
1.132752929496483e-01 1.220657059941903e+01
1.135955768980963e-01 1.223114226520017e+01
1.139162727873139e-01 1.225570530598599e+01
1.142373814125538e-01 1.228025972403623e+01
1.145589035711165e-01 1.230480552160482e+01
1.148808400623578e-01 1.232934270093979e+01
1.152031916876949e-01 1.235387126428329e+01
1.155259592506130e-01 1.237839121387162e+01
1.158491435566723e-01 1.240290255193514e+01
1.161727454135148e-01 1.242740528069833e+01
1.164967656308702e-01 1.245189940237978e+01
1.168212050205638e-01 1.247638491919211e+01
1.171460643965223e-01 1.250086183334206e+01
1.174713445747813e-01 1.252533014703039e+01
1.177970463734917e-01 1.254978986245192e+01
1.181231706129268e-01 1.257424098179552e+01
1.184497181154889e-01 1.259868350724407e+01
1.187766897057168e-01 1.262311744097450e+01
1.191040862102919e-01 1.264754278515772e+01
1.194319084580459e-01 1.267195954195866e+01
1.197601572799675e-01 1.269636771353623e+01
1.200888335092092e-01 1.272076730204333e+01
1.204179379810949e-01 1.274515830962684e+01
1.207474715331266e-01 1.276954073842758e+01
1.210774350049912e-01 1.279391459058033e+01
1.214078292385685e-01 1.281827986821381e+01
1.217386550779375e-01 1.284263657345067e+01
1.220699133693841e-01 1.286698470840750e+01
1.224016049614081e-01 1.289132427519478e+01
1.227337307047306e-01 1.291565527591689e+01
1.230662914523011e-01 1.293997771267210e+01
1.233992880593048e-01 1.296429158755259e+01
1.237327213831702e-01 1.298859690264436e+01
1.240665922835760e-01 1.301289366002732e+01
1.244009016224591e-01 1.303718186177520e+01
1.247356502640214e-01 1.306146150995555e+01
1.250708390747377e-01 1.308573260662979e+01
1.254064689233627e-01 1.310999515385313e+01
1.257425406809393e-01 1.313424915367461e+01
1.260790552208051e-01 1.315849460813703e+01
1.264160134186009e-01 1.318273151927700e+01
1.267534161522776e-01 1.320695988912491e+01
1.270912643021045e-01 1.323117971970489e+01
1.274295587506761e-01 1.325539101303485e+01
1.277683003829207e-01 1.327959377112640e+01
1.281074900861074e-01 1.330378799598493e+01
1.284471287498543e-01 1.332797368960953e+01
1.287872172661359e-01 1.335215085399296e+01
1.291277565292913e-01 1.337631949112176e+01
1.294687474360318e-01 1.340047960297608e+01
1.298101908854488e-01 1.342463119152977e+01
1.301520877790217e-01 1.344877425875036e+01
1.304944390206259e-01 1.347290880659901e+01
1.308372455165408e-01 1.349703483703054e+01
1.311805081754576e-01 1.352115235199339e+01
1.315242279084875e-01 1.354526135342958e+01
1.318684056291696e-01 1.356936184327482e+01
1.322130422534793e-01 1.359345382345835e+01
1.325581386998361e-01 1.361753729590300e+01
1.329036958891119e-01 1.364161226252520e+01
1.332497147446393e-01 1.366567872523491e+01
1.335961961922195e-01 1.368973668593565e+01
1.339431411601310e-01 1.371378614652448e+01
1.342905505791374e-01 1.373782710889197e+01
1.346384253824960e-01 1.376185957492222e+01
1.349867665059664e-01 1.378588354649280e+01
1.353355748878184e-01 1.380989902547482e+01
1.356848514688407e-01 1.383390601373282e+01
1.360345971923493e-01 1.385790451312482e+01
1.363848130041959e-01 1.388189452550227e+01
1.367354998527766e-01 1.390587605271011e+01
1.370866586890405e-01 1.392984909658665e+01
1.374382904664980e-01 1.395381365896365e+01
1.377903961412298e-01 1.397776974166626e+01
1.381429766718950e-01 1.400171734651301e+01
1.384960330197407e-01 1.402565647531584e+01
1.388495661486098e-01 1.404958712988000e+01
1.392035770249503e-01 1.407350931200415e+01
1.395580666178241e-01 1.409742302348025e+01
1.399130358989156e-01 1.412132826609358e+01
1.402684858425407e-01 1.414522504162278e+01
1.406244174256558e-01 1.416911335183973e+01
1.409808316278667e-01 1.419299319850965e+01
1.413377294314374e-01 1.421686458339099e+01
1.416951118212994e-01 1.424072750823549e+01
1.420529797850608e-01 1.426458197478815e+01
1.424113343130149e-01 1.428842798478714e+01
1.427701763981498e-01 1.431226553996393e+01
1.431295070361576e-01 1.433609464204316e+01
1.434893272254434e-01 1.435991529274265e+01
1.438496379671345e-01 1.438372749377343e+01
1.442104402650899e-01 1.440753124683969e+01
1.445717351259093e-01 1.443132655363876e+01
1.449335235589430e-01 1.445511341586114e+01
1.452958065763006e-01 1.447889183519041e+01
1.456585851928613e-01 1.450266181330331e+01
1.460218604262824e-01 1.452642335186966e+01
1.463856332970096e-01 1.455017645255236e+01
1.467499048282861e-01 1.457392111700739e+01
1.471146760461624e-01 1.459765734688378e+01
1.474799479795059e-01 1.462138514382362e+01
1.478457216600106e-01 1.464510450946199e+01
1.482119981222068e-01 1.466881544542705e+01
1.485787784034706e-01 1.469251795333989e+01
1.489460635440341e-01 1.471621203481464e+01
1.493138545869952e-01 1.473989769145837e+01
1.496821525783270e-01 1.476357492487114e+01
1.500509585668881e-01 1.478724373664590e+01
1.504202736044328e-01 1.481090412836858e+01
1.507900987456205e-01 1.483455610161801e+01
1.511604350480262e-01 1.485819965796592e+01
1.515312835721502e-01 1.488183479897690e+01
1.519026453814288e-01 1.490546152620844e+01
1.522745215422438e-01 1.492907984121086e+01
1.526469131239331e-01 1.495268974552737e+01
1.530198211988008e-01 1.497629124069393e+01
1.533932468421278e-01 1.499988432823938e+01
1.537671911321816e-01 1.502346900968530e+01
1.541416551502272e-01 1.504704528654609e+01
1.545166399805371e-01 1.507061316032889e+01
1.548921467104020e-01 1.509417263253360e+01
1.552681764301414e-01 1.511772370465285e+01
1.556447302331139e-01 1.514126637817197e+01
1.560218092157279e-01 1.516480065456904e+01
1.563994144774523e-01 1.518832653531478e+01
1.567775471208272e-01 1.521184402187260e+01
1.571562082514744e-01 1.523535311569855e+01
1.575353989781086e-01 1.525885381824136e+01
1.579151204125477e-01 1.528234613094233e+01
1.582953736697241e-01 1.530583005523541e+01
1.586761598676955e-01 1.532930559254713e+01
1.590574801276556e-01 1.535277274429657e+01
1.594393355739454e-01 1.537623151189540e+01
1.598217273340643e-01 1.539968189674782e+01
1.602046565386809e-01 1.542312390025056e+01
1.605881243216444e-01 1.544655752379287e+01
1.609721318199955e-01 1.546998276875647e+01
1.613566801739782e-01 1.549339963651556e+01
1.617417705270503e-01 1.551680812843683e+01
1.621274040258955e-01 1.554020824587939e+01
1.625135818204341e-01 1.556359999019477e+01
1.629003050638352e-01 1.558698336272694e+01
1.632875749125272e-01 1.561035836481222e+01
1.636753925262102e-01 1.563372499777934e+01
1.640637590678674e-01 1.565708326294939e+01
1.644526757037763e-01 1.568043316163579e+01
1.648421436035205e-01 1.570377469514426e+01
1.652321639400020e-01 1.572710786477288e+01
1.656227378894522e-01 1.575043267181199e+01
1.660138666314443e-01 1.577374911754420e+01
1.664055513489047e-01 1.579705720324438e+01
1.667977932281254e-01 1.582035693017964e+01
1.671905934587756e-01 1.584364829960931e+01
1.675839532339139e-01 1.586693131278493e+01
1.679778737500003e-01 1.589020597095019e+01
1.683723562069086e-01 1.591347227534099e+01
1.687674018079381e-01 1.593673022718535e+01
1.691630117598261e-01 1.595997982770342e+01
1.695591872727605e-01 1.598322107810749e+01
1.699559295603915e-01 1.600645397960191e+01
1.703532398398445e-01 1.602967853338313e+01
1.707511193317321e-01 1.605289474063963e+01
1.711495692601674e-01 1.607610260255196e+01
1.715485908527754e-01 1.609930212029265e+01
1.719481853407066e-01 1.612249329502628e+01
1.723483539586491e-01 1.614567612790937e+01
1.727490979448418e-01 1.616885062009044e+01
1.731504185410866e-01 1.619201677270992e+01
1.735523169927615e-01 1.621517458690018e+01
1.739547945488336e-01 1.623832406378550e+01
1.743578524618720e-01 1.626146520448205e+01
1.747614919880605e-01 1.628459801009786e+01
1.751657143872110e-01 1.630772248173281e+01
1.755705209227764e-01 1.633083862047861e+01
1.759759128618640e-01 1.635394642741878e+01
1.763818914752484e-01 1.637704590362863e+01
1.767884580373850e-01 1.640013705017525e+01
1.771956138264233e-01 1.642321986811745e+01
1.776033601242201e-01 1.644629435850583e+01
1.780116982163533e-01 1.646936052238262e+01
1.784206293921353e-01 1.649241836078182e+01
1.788301549446262e-01 1.651546787472905e+01
1.792402761706480e-01 1.653850906524159e+01
1.796509943707980e-01 1.656154193332837e+01
1.800623108494623e-01 1.658456647998991e+01
1.804742269148303e-01 1.660758270621832e+01
1.808867438789077e-01 1.663059061299730e+01
1.812998630575313e-01 1.665359020130206e+01
1.817135857703822e-01 1.667658147209936e+01
1.821279133410005e-01 1.669956442634749e+01
1.825428470967988e-01 1.672253906499618e+01
1.829583883690772e-01 1.674550538898665e+01
1.833745384930364e-01 1.676846339925156e+01
1.837912988077933e-01 1.679141309671499e+01
1.842086706563943e-01 1.681435448229243e+01
1.846266553858303e-01 1.683728755689073e+01
1.850452543470509e-01 1.686021232140811e+01
1.854644688949791e-01 1.688312877673413e+01
1.858843003885261e-01 1.690603692374966e+01
1.863047501906056e-01 1.692893676332685e+01
1.867258196681487e-01 1.695182829632915e+01
1.871475101921188e-01 1.697471152361122e+01
1.875698231375266e-01 1.699758644601900e+01
1.879927598834445e-01 1.702045306438957e+01
1.884163218130224e-01 1.704331137955123e+01
1.888405103135020e-01 1.706616139232345e+01
1.892653267762324e-01 1.708900310351681e+01
1.896907725966855e-01 1.711183651393302e+01
1.901168491744705e-01 1.713466162436488e+01
1.905435579133503e-01 1.715747843559625e+01
1.909709002212558e-01 1.718028694840205e+01
1.913988775103023e-01 1.720308716354820e+01
1.918274911968047e-01 1.722587908179166e+01
1.922567427012929e-01 1.724866270388033e+01
1.926866334485280e-01 1.727143803055307e+01
1.931171648675175e-01 1.729420506253969e+01
1.935483383915316e-01 1.731696380056089e+01
1.939801554581188e-01 1.733971424532825e+01
1.944126175091221e-01 1.736245639754422e+01
1.948457259906950e-01 1.738519025790208e+01
1.952794823533174e-01 1.740791582708592e+01
1.957138880518119e-01 1.743063310577061e+01
1.961489445453604e-01 1.745334209462181e+01
1.965846532975198e-01 1.747604279429590e+01
1.970210157762392e-01 1.749873520543996e+01
1.974580334538755e-01 1.752141932869178e+01
1.978957078072108e-01 1.754409516467982e+01
1.983340403174683e-01 1.756676271402316e+01
1.987730324703298e-01 1.758942197733151e+01
1.992126857559516e-01 1.761207295520517e+01
1.996530016689820e-01 1.763471564823501e+01
2.000939817085780e-01 1.765735005700241e+01
2.005356273784225e-01 1.767997618207931e+01
2.009779401867411e-01 1.770259402402812e+01
2.014209216463194e-01 1.772520358340170e+01
2.018645732745204e-01 1.774780486074338e+01
2.023088965933015e-01 1.777039785658685e+01
2.027538931292324e-01 1.779298257145627e+01
2.031995644135118e-01 1.781555900586607e+01
2.036459119819859e-01 1.783812716032109e+01
2.040929373751654e-01 1.786068703531643e+01
2.045406421382433e-01 1.788323863133749e+01
2.049890278211130e-01 1.790578194885994e+01
2.054380959783858e-01 1.792831698834964e+01
2.058878481694092e-01 1.795084375026270e+01
2.063382859582849e-01 1.797336223504538e+01
2.067894109138864e-01 1.799587244313408e+01
2.072412246098783e-01 1.801837437495535e+01
2.076937286247333e-01 1.804086803092580e+01
2.081469245417517e-01 1.806335341145215e+01
2.086008139490792e-01 1.808583051693112e+01
2.090553984397259e-01 1.810829934774948e+01
2.095106796115842e-01 1.813075990428394e+01
2.099666590674484e-01 1.815321218690121e+01
2.104233384150331e-01 1.817565619595790e+01
2.108807192669919e-01 1.819809193180052e+01
2.113388032409369e-01 1.822051939476550e+01
2.117975919594571e-01 1.824293858517905e+01
2.122570870501383e-01 1.826534950335724e+01
2.127172901455816e-01 1.828775214960590e+01
2.131782028834236e-01 1.831014652422064e+01
2.136398269063547e-01 1.833253262748680e+01
2.141021638621398e-01 1.835491045967940e+01
2.145652154036372e-01 1.837728002106315e+01
2.150289831888181e-01 1.839964131189239e+01
2.154934688807874e-01 1.842199433241110e+01
2.159586741478021e-01 1.844433908285281e+01
2.164246006632930e-01 1.846667556344063e+01
2.168912501058831e-01 1.848900377438716e+01
2.173586241594090e-01 1.851132371589456e+01
2.178267245129403e-01 1.853363538815438e+01
2.182955528608005e-01 1.855593879134765e+01
2.187651109025875e-01 1.857823392564480e+01
2.192354003431933e-01 1.860052079120561e+01
2.197064228928259e-01 1.862279938817923e+01
2.201781802670288e-01 1.864506971670411e+01
2.206506741867029e-01 1.866733177690798e+01
2.211239063781264e-01 1.868958556890784e+01
2.215978785729767e-01 1.871183109280987e+01
2.220725925083510e-01 1.873406834870947e+01
2.225480499267877e-01 1.875629733669120e+01
2.230242525762879e-01 1.877851805682872e+01
2.235012022103362e-01 1.880073050918481e+01
2.239789005879231e-01 1.882293469381128e+01
2.244573494735659e-01 1.884513061074901e+01
2.249365506373308e-01 1.886731826002784e+01
2.254165058548546e-01 1.888949764166659e+01
2.258972169073666e-01 1.891166875567304e+01
2.263786855817108e-01 1.893383160204381e+01
2.268609136703677e-01 1.895598618076443e+01
2.273439029714772e-01 1.897813249180927e+01
2.278276552888602e-01 1.900027053514148e+01
2.283121724320414e-01 1.902240031071297e+01
2.287974562162720e-01 1.904452181846444e+01
2.292835084625520e-01 1.906663505832520e+01
2.297703309976534e-01 1.908874003021331e+01
2.302579256541427e-01 1.911083673403543e+01
2.307462942704042e-01 1.913292516968682e+01
2.312354386906630e-01 1.915500533705131e+01
2.317253607650079e-01 1.917707723600126e+01
2.322160623494156e-01 1.919914086639752e+01
2.327075453057729e-01 1.922119622808942e+01
2.331998115019014e-01 1.924324332091471e+01
2.336928628115802e-01 1.926528214469951e+01
2.341867011145706e-01 1.928731269925834e+01
2.346813282966392e-01 1.930933498439401e+01
2.351767462495825e-01 1.933134899989762e+01
2.356729568712504e-01 1.935335474554854e+01
2.361699620655712e-01 1.937535222111434e+01
2.366677637425752e-01 1.939734142635078e+01
2.371663638184196e-01 1.941932236100175e+01
2.376657642154130e-01 1.944129502479926e+01
2.381659668620401e-01 1.946325941746338e+01
2.386669736929866e-01 1.948521553870223e+01
2.391687866491639e-01 1.950716338821191e+01
2.396714076777344e-01 1.952910296567650e+01
2.401748387321365e-01 1.955103427076798e+01
2.406790817721103e-01 1.957295730314624e+01
2.411841387637225e-01 1.959487206245901e+01
2.416900116793922e-01 1.961677854834182e+01
2.421967024979167e-01 1.963867676041799e+01
2.427042132044971e-01 1.966056669829858e+01
2.432125457907641e-01 1.968244836158231e+01
2.437217022548048e-01 1.970432174985562e+01
2.442316846011877e-01 1.972618686269252e+01
2.447424948409901e-01 1.974804369965461e+01
2.452541349918239e-01 1.976989226029107e+01
2.457666070778623e-01 1.979173254413854e+01
2.462799131298666e-01 1.981356455072115e+01
2.467940551852128e-01 1.983538827955045e+01
2.473090352879191e-01 1.985720373012536e+01
2.478248554886722e-01 1.987901090193217e+01
2.483415178448550e-01 1.990080979444447e+01
2.488590244205742e-01 1.992260040712311e+01
2.493773772866870e-01 1.994438273941617e+01
2.498965785208295e-01 1.996615679075893e+01
2.504166302074439e-01 1.998792256057378e+01
2.509375344378069e-01 2.000968004827024e+01
2.514592933100572e-01 2.003142925324489e+01
2.519819089292242e-01 2.005317017488132e+01
2.525053834072559e-01 2.007490281255012e+01
2.530297188630475e-01 2.009662716560880e+01
2.535549174224702e-01 2.011834323340179e+01
2.540809812183992e-01 2.014005101526034e+01
2.546079123907437e-01 2.016175051050253e+01
2.551357130864748e-01 2.018344171843320e+01
2.556643854596555e-01 2.020512463834396e+01
2.561939316714695e-01 2.022679926951305e+01
2.567243538902511e-01 2.024846561120538e+01
2.572556542915140e-01 2.027012366267244e+01
2.577878350579820e-01 2.029177342315230e+01
2.583208983796183e-01 2.031341489186952e+01
2.588548464536556e-01 2.033504806803514e+01
2.593896814846265e-01 2.035667295084661e+01
2.599254056843939e-01 2.037828953948777e+01
2.604620212721806e-01 2.039989783312878e+01
2.609995304746016e-01 2.042149783092611e+01
2.615379355256932e-01 2.044308953202246e+01
2.620772386669452e-01 2.046467293554674e+01
2.626174421473311e-01 2.048624804061399e+01
2.631585482233400e-01 2.050781484632540e+01
2.637005591590079e-01 2.052937335176819e+01
2.642434772259488e-01 2.055092355601560e+01
2.647873047033871e-01 2.057246545812685e+01
2.653320438781890e-01 2.059399905714709e+01
2.658776970448951e-01 2.061552435210733e+01
2.664242665057517e-01 2.063704134202441e+01
2.669717545707442e-01 2.065855002590099e+01
2.675201635576291e-01 2.068005040272542e+01
2.680694957919666e-01 2.070154247147176e+01
2.686197536071540e-01 2.072302623109972e+01
2.691709393444580e-01 2.074450168055458e+01
2.697230553530486e-01 2.076596881876718e+01
2.702761039900320e-01 2.078742764465386e+01
2.708300876204846e-01 2.080887815711641e+01
2.713850086174862e-01 2.083032035504199e+01
2.719408693621541e-01 2.085175423730314e+01
2.724976722436775e-01 2.087317980275771e+01
2.730554196593510e-01 2.089459705024876e+01
2.736141140146097e-01 2.091600597860457e+01
2.741737577230633e-01 2.093740658663858e+01
2.747343532065314e-01 2.095879887314934e+01
2.752959028950777e-01 2.098018283692041e+01
2.758584092270457e-01 2.100155847672039e+01
2.764218746490938e-01 2.102292579130281e+01
2.769863016162307e-01 2.104428477940609e+01
2.775516925918513e-01 2.106563543975351e+01
2.781180500477720e-01 2.108697777105314e+01
2.786853764642674e-01 2.110831177199779e+01
2.792536743301061e-01 2.112963744126495e+01
2.798229461425872e-01 2.115095477751677e+01
2.803931944075769e-01 2.117226377939995e+01
2.809644216395451e-01 2.119356444554575e+01
2.815366303616026e-01 2.121485677456990e+01
2.821098231055381e-01 2.123614076507254e+01
2.826840024118557e-01 2.125741641563821e+01
2.832591708298118e-01 2.127868372483573e+01
2.838353309174543e-01 2.129994269121821e+01
2.844124852416586e-01 2.132119331332296e+01
2.849906363781672e-01 2.134243558967143e+01
2.855697869116275e-01 2.136366951876919e+01
2.861499394356302e-01 2.138489509910583e+01
2.867310965527479e-01 2.140611232915493e+01
2.873132608745748e-01 2.142732120737401e+01
2.878964350217646e-01 2.144852173220447e+01
2.884806216240712e-01 2.146971390207150e+01
2.890658233203869e-01 2.149089771538408e+01
2.896520427587832e-01 2.151207317053489e+01
2.902392825965501e-01 2.153324026590023e+01
2.908275455002365e-01 2.155439899984002e+01
2.914168341456904e-01 2.157554937069770e+01
2.920071512180997e-01 2.159669137680018e+01
2.925984994120329e-01 2.161782501645779e+01
2.931908814314799e-01 2.163895028796421e+01
2.937842999898936e-01 2.166006718959642e+01
2.943787578102309e-01 2.168117571961464e+01
2.949742576249949e-01 2.170227587626228e+01
2.955708021762758e-01 2.172336765776583e+01
2.961683942157944e-01 2.174445106233490e+01
2.967670365049431e-01 2.176552608816202e+01
2.973667318148290e-01 2.178659273342273e+01
2.979674829263169e-01 2.180765099627541e+01
2.985692926300717e-01 2.182870087486125e+01
2.991721637266020e-01 2.184974236730422e+01
2.997760990263037e-01 2.187077547171095e+01
3.003811013495031e-01 2.189180018617072e+01
3.009871735265012e-01 2.191281650875537e+01
3.015943183976179e-01 2.193382443751925e+01
3.022025388132362e-01 2.195482397049914e+01
3.028118376338466e-01 2.197581510571421e+01
3.034222177300926e-01 2.199679784116593e+01
3.040336819828150e-01 2.201777217483802e+01
3.046462332830979e-01 2.203873810469642e+01
3.052598745323136e-01 2.205969562868913e+01
3.058746086421691e-01 2.208064474474625e+01
3.064904385347516e-01 2.210158545077987e+01
3.071073671425751e-01 2.212251774468396e+01
3.077253974086268e-01 2.214344162433441e+01
3.083445322864141e-01 2.216435708758886e+01
3.089647747400114e-01 2.218526413228669e+01
3.095861277441075e-01 2.220616275624894e+01
3.102085942840533e-01 2.222705295727823e+01
3.108321773559093e-01 2.224793473315871e+01
3.114568799664940e-01 2.226880808165601e+01
3.120827051334319e-01 2.228967300051711e+01
3.127096558852024e-01 2.231052948747032e+01
3.133377352611885e-01 2.233137754022520e+01
3.139669463117259e-01 2.235221715647251e+01
3.145972920981525e-01 2.237304833388410e+01
3.152287756928579e-01 2.239387107011287e+01
3.158614001793332e-01 2.241468536279268e+01
3.164951686522218e-01 2.243549120953830e+01
3.171300842173689e-01 2.245628860794532e+01
3.177661499918732e-01 2.247707755559011e+01
3.184033691041372e-01 2.249785805002970e+01
3.190417446939190e-01 2.251863008880175e+01
3.196812799123834e-01 2.253939366942444e+01
3.203219779221541e-01 2.256014878939644e+01
3.209638418973657e-01 2.258089544619682e+01
3.216068750237161e-01 2.260163363728495e+01
3.222510804985193e-01 2.262236336010046e+01
3.228964615307583e-01 2.264308461206316e+01
3.235430213411383e-01 2.266379739057293e+01
3.241907631621406e-01 2.268450169300971e+01
3.248396902380761e-01 2.270519751673338e+01
3.254898058251397e-01 2.272588485908367e+01
3.261411131914647e-01 2.274656371738013e+01
3.267936156171773e-01 2.276723408892202e+01
3.274473163944525e-01 2.278789597098826e+01
3.281022188275681e-01 2.280854936083730e+01
3.287583262329618e-01 2.282919425570712e+01
3.294156419392862e-01 2.284983065281507e+01
3.300741692874656e-01 2.287045854935787e+01
3.307339116307523e-01 2.289107794251147e+01
3.313948723347838e-01 2.291168882943099e+01
3.320570547776399e-01 2.293229120725066e+01
3.327204623498998e-01 2.295288507308371e+01
3.333850984547010e-01 2.297347042402231e+01
3.340509665077966e-01 2.299404725713749e+01
3.347180699376139e-01 2.301461556947903e+01
3.353864121853140e-01 2.303517535807543e+01
3.360559967048499e-01 2.305572661993376e+01
3.367268269630269e-01 2.307626935203966e+01
3.373989064395617e-01 2.309680355135716e+01
3.380722386271433e-01 2.311732921482869e+01
3.387468270314926e-01 2.313784633937494e+01
3.394226751714244e-01 2.315835492189479e+01
3.400997865789073e-01 2.317885495926523e+01
3.407781647991265e-01 2.319934644834127e+01
3.414578133905445e-01 2.321982938595585e+01
3.421387359249643e-01 2.324030376891977e+01
3.428209359875913e-01 2.326076959402158e+01
3.435044171770965e-01 2.328122685802752e+01
3.441891831056796e-01 2.330167555768141e+01
3.448752373991331e-01 2.332211568970459e+01
3.455625836969057e-01 2.334254725079578e+01
3.462512256521670e-01 2.336297023763106e+01
3.469411669318722e-01 2.338338464686372e+01
3.476324112168271e-01 2.340379047512420e+01
3.483249622017536e-01 2.342418771902003e+01
3.490188235953555e-01 2.344457637513568e+01
3.497139991203846e-01 2.346495644003246e+01
3.504104925137076e-01 2.348532791024853e+01
3.511083075263728e-01 2.350569078229871e+01
3.518074479236773e-01 2.352604505267442e+01
3.525079174852354e-01 2.354639071784359e+01
3.532097200050456e-01 2.356672777425057e+01
3.539128592915604e-01 2.358705621831602e+01
3.546173391677538e-01 2.360737604643684e+01
3.553231634711920e-01 2.362768725498605e+01
3.560303360541018e-01 2.364798984031271e+01
3.567388607834416e-01 2.366828379874183e+01
3.574487415409716e-01 2.368856912657426e+01
3.581599822233243e-01 2.370884582008659e+01
3.588725867420767e-01 2.372911387553106e+01
3.595865590238209e-01 2.374937328913551e+01
3.603019030102371e-01 2.376962405710316e+01
3.610186226581655e-01 2.378986617561264e+01
3.617367219396800e-01 2.381009964081783e+01
3.624562048421608e-01 2.383032444884776e+01
3.631770753683686e-01 2.385054059580652e+01
3.638993375365190e-01 2.387074807777318e+01
3.646229953803565e-01 2.389094689080162e+01
3.653480529492306e-01 2.391113703092051e+01
3.660745143081702e-01 2.393131849413318e+01
3.668023835379604e-01 2.395149127641749e+01
3.675316647352188e-01 2.397165537372575e+01
3.682623620124718e-01 2.399181078198461e+01
3.689944794982326e-01 2.401195749709498e+01
3.697280213370784e-01 2.403209551493189e+01
3.704629916897293e-01 2.405222483134440e+01
3.711993947331261e-01 2.407234544215547e+01
3.719372346605100e-01 2.409245734316193e+01
3.726765156815021e-01 2.411256053013427e+01
3.734172420221833e-01 2.413265499881661e+01
3.741594179251751e-01 2.415274074492653e+01
3.749030476497202e-01 2.417281776415505e+01
3.756481354717644e-01 2.419288605216640e+01
3.763946856840383e-01 2.421294560459804e+01
3.771427025961399e-01 2.423299641706044e+01
3.778921905346173e-01 2.425303848513703e+01
3.786431538430523e-01 2.427307180438406e+01
3.793955968821444e-01 2.429309637033053e+01
3.801495240297948e-01 2.431311217847802e+01
3.809049396811919e-01 2.433311922430061e+01
3.816618482488959e-01 2.435311750324477e+01
3.824202541629259e-01 2.437310701072922e+01
3.831801618708449e-01 2.439308774214486e+01
3.839415758378481e-01 2.441305969285458e+01
3.847045005468494e-01 2.443302285819324e+01
3.854689404985696e-01 2.445297723346745e+01
3.862349002116253e-01 2.447292281395555e+01
3.870023842226172e-01 2.449285959490740e+01
3.877713970862208e-01 2.451278757154436e+01
3.885419433752753e-01 2.453270673905908e+01
3.893140276808747e-01 2.455261709261541e+01
3.900876546124594e-01 2.457251862734833e+01
3.908628287979072e-01 2.459241133836375e+01
3.916395548836262e-01 2.461229522073842e+01
3.924178375346473e-01 2.463217026951984e+01
3.931976814347174e-01 2.465203647972608e+01
3.939790912863942e-01 2.467189384634570e+01
3.947620718111398e-01 2.469174236433761e+01
3.955466277494160e-01 2.471158202863093e+01
3.963327638607803e-01 2.473141283412488e+01
3.971204849239821e-01 2.475123477568867e+01
3.979097957370591e-01 2.477104784816133e+01
3.987007011174353e-01 2.479085204635162e+01
3.994932059020186e-01 2.481064736503788e+01
4.002873149472992e-01 2.483043379896792e+01
4.010830331294500e-01 2.485021134285888e+01
4.018803653444245e-01 2.486997999139708e+01
4.026793165080588e-01 2.488973973923790e+01
4.034798915561719e-01 2.490949058100570e+01
4.042820954446679e-01 2.492923251129358e+01
4.050859331496375e-01 2.494896552466336e+01
4.058914096674611e-01 2.496868961564537e+01
4.066985300149130e-01 2.498840477873834e+01
4.075072992292647e-01 2.500811100840927e+01
4.083177223683901e-01 2.502780829909327e+01
4.091298045108709e-01 2.504749664519347e+01
4.099435507561026e-01 2.506717604108082e+01
4.107589662244017e-01 2.508684648109401e+01
4.115760560571119e-01 2.510650795953929e+01
4.123948254167137e-01 2.512616047069035e+01
4.132152794869318e-01 2.514580400878816e+01
4.140374234728457e-01 2.516543856804087e+01
4.148612626009985e-01 2.518506414262362e+01
4.156868021195086e-01 2.520468072667841e+01
4.165140472981810e-01 2.522428831431399e+01
4.173430034286190e-01 2.524388689960566e+01
4.181736758243375e-01 2.526347647659517e+01
4.190060698208761e-01 2.528305703929054e+01
4.198401907759136e-01 2.530262858166596e+01
4.206760440693833e-01 2.532219109766159e+01
4.215136351035878e-01 2.534174458118344e+01
4.223529693033162e-01 2.536128902610321e+01
4.231940521159606e-01 2.538082442625815e+01
4.240368890116347e-01 2.540035077545090e+01
4.248814854832912e-01 2.541986806744933e+01
4.257278470468427e-01 2.543937629598643e+01
4.265759792412802e-01 2.545887545476010e+01
4.274258876287949e-01 2.547836553743302e+01
4.282775777948999e-01 2.549784653763253e+01
4.291310553485518e-01 2.551731844895039e+01
4.299863259222745e-01 2.553678126494271e+01
4.308433951722824e-01 2.555623497912974e+01
4.317022687786063e-01 2.557567958499575e+01
4.325629524452175e-01 2.559511507598882e+01
4.334254519001549e-01 2.561454144552071e+01
4.342897728956517e-01 2.563395868696672e+01
4.351559212082637e-01 2.565336679366550e+01
4.360239026389978e-01 2.567276575891887e+01
4.368937230134410e-01 2.569215557599170e+01
4.377653881818915e-01 2.571153623811172e+01
4.386389040194894e-01 2.573090773846934e+01
4.395142764263490e-01 2.575027007021755e+01
4.403915113276913e-01 2.576962322647165e+01
4.412706146739778e-01 2.578896720030916e+01
4.421515924410453e-01 2.580830198476964e+01
4.430344506302411e-01 2.582762757285449e+01
4.439191952685591e-01 2.584694395752680e+01
4.448058324087771e-01 2.586625113171117e+01
4.456943681295953e-01 2.588554908829357e+01
4.465848085357743e-01 2.590483782012110e+01
4.474771597582756e-01 2.592411732000188e+01
4.483714279544019e-01 2.594338758070482e+01
4.492676193079393e-01 2.596264859495950e+01
4.501657400292992e-01 2.598190035545595e+01
4.510657963556620e-01 2.600114285484449e+01
4.519677945511215e-01 2.602037608573553e+01
4.528717409068305e-01 2.603960004069941e+01
4.537776417411464e-01 2.605881471226623e+01
4.546855033997790e-01 2.607802009292563e+01
4.555953322559385e-01 2.609721617512664e+01
4.565071347104843e-01 2.611640295127747e+01
4.574209171920759e-01 2.613558041374534e+01
4.583366861573232e-01 2.615474855485628e+01
4.592544480909388e-01 2.617390736689498e+01
4.601742095058911e-01 2.619305684210454e+01
4.610959769435589e-01 2.621219697268634e+01
4.620197569738852e-01 2.623132775079980e+01
4.629455561955347e-01 2.625044916856223e+01
4.638733812360498e-01 2.626956121804859e+01
4.648032387520099e-01 2.628866389129136e+01
4.657351354291890e-01 2.630775718028029e+01
4.666690779827176e-01 2.632684107696220e+01
4.676050731572429e-01 2.634591557324084e+01
4.685431277270918e-01 2.636498066097665e+01
4.694832484964338e-01 2.638403633198654e+01
4.704254422994457e-01 2.640308257804374e+01
4.713697160004774e-01 2.642211939087759e+01
4.723160764942188e-01 2.644114676217328e+01
4.732645307058665e-01 2.646016468357170e+01
4.742150855912943e-01 2.647917314666927e+01
4.751677481372218e-01 2.649817214301761e+01
4.761225253613868e-01 2.651716166412347e+01
4.770794243127165e-01 2.653614170144842e+01
4.780384520715020e-01 2.655511224640871e+01
4.789996157495719e-01 2.657407329037502e+01
4.799629224904693e-01 2.659302482467224e+01
4.809283794696276e-01 2.661196684057931e+01
4.818959938945495e-01 2.663089932932893e+01
4.828657730049857e-01 2.664982228210742e+01
4.838377240731159e-01 2.666873569005443e+01
4.848118544037308e-01 2.668763954426279e+01
4.857881713344144e-01 2.670653383577826e+01
4.867666822357288e-01 2.672541855559929e+01
4.877473945113993e-01 2.674429369467683e+01
4.887303155985015e-01 2.676315924391409e+01
4.897154529676491e-01 2.678201519416631e+01
4.907028141231830e-01 2.680086153624057e+01
4.916924066033622e-01 2.681969826089553e+01
4.926842379805553e-01 2.683852535884118e+01
4.936783158614340e-01 2.685734282073868e+01
4.946746478871674e-01 2.687615063720007e+01
4.956732417336174e-01 2.689494879878805e+01
4.966741051115368e-01 2.691373729601578e+01
4.976772457667665e-01 2.693251611934659e+01
4.986826714804364e-01 2.695128525919380e+01
4.996903900691659e-01 2.697004470592043e+01
5.007004093852669e-01 2.698879444983902e+01
5.017127373169478e-01 2.700753448121132e+01
5.027273817885179e-01 2.702626479024811e+01
5.037443507605956e-01 2.704498536710894e+01
5.047636522303158e-01 2.706369620190186e+01
5.057852942315394e-01 2.708239728468320e+01
5.068092848350646e-01 2.710108860545733e+01
5.078356321488394e-01 2.711977015417637e+01
5.088643443181762e-01 2.713844192074000e+01
5.098954295259657e-01 2.715710389499517e+01
5.109288959928957e-01 2.717575606673584e+01
5.119647519776682e-01 2.719439842570275e+01
5.130030057772204e-01 2.721303096158316e+01
5.140436657269453e-01 2.723165366401061e+01
5.150867402009155e-01 2.725026652256459e+01
5.161322376121076e-01 2.726886952677036e+01
5.171801664126278e-01 2.728746266609868e+01
5.182305350939410e-01 2.730604592996549e+01
5.192833521870986e-01 2.732461930773169e+01
5.203386262629710e-01 2.734318278870289e+01
5.213963659324783e-01 2.736173636212909e+01
5.224565798468266e-01 2.738028001720448e+01
5.235192766977427e-01 2.739881374306708e+01
5.245844652177111e-01 2.741733752879855e+01
5.256521541802147e-01 2.743585136342388e+01
5.267223523999744e-01 2.745435523591110e+01
5.277950687331926e-01 2.747284913517107e+01
5.288703120777963e-01 2.749133305005709e+01
5.299480913736844e-01 2.750980696936475e+01
5.310284156029750e-01 2.752827088183152e+01
5.321112937902543e-01 2.754672477613659e+01
5.331967350028292e-01 2.756516864090048e+01
5.342847483509785e-01 2.758360246468482e+01
5.353753429882103e-01 2.760202623599205e+01
5.364685281115162e-01 2.762043994326508e+01
5.375643129616315e-01 2.763884357488710e+01
5.386627068232945e-01 2.765723711918117e+01
5.397637190255099e-01 2.767562056441002e+01
5.408673589418117e-01 2.769399389877569e+01
5.419736359905299e-01 2.771235711041930e+01
5.430825596350585e-01 2.773071018742066e+01
5.441941393841249e-01 2.774905311779803e+01
5.453083847920620e-01 2.776738588950782e+01
5.464253054590817e-01 2.778570849044425e+01
5.475449110315509e-01 2.780402090843907e+01
5.486672112022694e-01 2.782232313126125e+01
5.497922157107484e-01 2.784061514661663e+01
5.509199343434942e-01 2.785889694214768e+01
5.520503769342899e-01 2.787716850543312e+01
5.531835533644828e-01 2.789542982398763e+01
5.543194735632720e-01 2.791368088526156e+01
5.554581475079977e-01 2.793192167664055e+01
5.565995852244339e-01 2.795015218544526e+01
5.577437967870824e-01 2.796837239893101e+01
5.588907923194699e-01 2.798658230428750e+01
5.600405819944453e-01 2.800478188863842e+01
5.611931760344817e-01 2.802297113904120e+01
5.623485847119785e-01 2.804115004248661e+01
5.635068183495668e-01 2.805931858589845e+01
5.646678873204175e-01 2.807747675613323e+01
5.658318020485497e-01 2.809562453997983e+01
5.669985730091434e-01 2.811376192415912e+01
5.681682107288540e-01 2.813188889532368e+01
5.693407257861287e-01 2.815000544005744e+01
5.705161288115247e-01 2.816811154487531e+01
5.716944304880311e-01 2.818620719622283e+01
5.728756415513935e-01 2.820429238047587e+01
5.740597727904377e-01 2.822236708394025e+01
5.752468350474005e-01 2.824043129285137e+01
5.764368392182587e-01 2.825848499337387e+01
5.776297962530648e-01 2.827652817160130e+01
5.788257171562803e-01 2.829456081355571e+01
5.800246129871157e-01 2.831258290518733e+01
5.812264948598709e-01 2.833059443237418e+01
5.824313739442789e-01 2.834859538092174e+01
5.836392614658517e-01 2.836658573656255e+01
5.848501687062282e-01 2.838456548495582e+01
5.860641070035268e-01 2.840253461168713e+01
5.872810877526983e-01 2.842049310226799e+01
5.885011224058828e-01 2.843844094213550e+01
5.897242224727689e-01 2.845637811665195e+01
5.909503995209553e-01 2.847430461110445e+01
5.921796651763158e-01 2.849222041070456e+01
5.934120311233672e-01 2.851012550058788e+01
5.946475091056383e-01 2.852801986581366e+01
5.958861109260442e-01 2.854590349136445e+01
5.971278484472611e-01 2.856377636214566e+01
5.983727335921061e-01 2.858163846298521e+01
5.996207783439176e-01 2.859948977863310e+01
6.008719947469409e-01 2.861733029376101e+01
6.021263949067147e-01 2.863515999296193e+01
6.033839909904626e-01 2.865297886074973e+01
6.046447952274854e-01 2.867078688155877e+01
6.059088199095580e-01 2.868858403974346e+01
6.071760773913289e-01 2.870637031957789e+01
6.084465800907229e-01 2.872414570525541e+01
6.097203404893462e-01 2.874191018088818e+01
6.109973711328953e-01 2.875966373050678e+01
6.122776846315691e-01 2.877740633805981e+01
6.135612936604841e-01 2.879513798741340e+01
6.148482109600922e-01 2.881285866235086e+01
6.161384493366026e-01 2.883056834657221e+01
6.174320216624060e-01 2.884826702369374e+01
6.187289408765041e-01 2.886595467724760e+01
6.200292199849392e-01 2.888363129068139e+01
6.213328720612302e-01 2.890129684735765e+01
6.226399102468101e-01 2.891895133055347e+01
6.239503477514683e-01 2.893659472346004e+01
6.252641978537951e-01 2.895422700918221e+01
6.265814739016297e-01 2.897184817073800e+01
6.279021893125136e-01 2.898945819105821e+01
6.292263575741446e-01 2.900705705298591e+01
6.305539922448378e-01 2.902464473927603e+01
6.318851069539863e-01 2.904222123259487e+01
6.332197154025286e-01 2.905978651551963e+01
6.345578313634194e-01 2.907734057053798e+01
6.358994686821020e-01 2.909488338004756e+01
6.372446412769868e-01 2.911241492635554e+01
6.385933631399319e-01 2.912993519167811e+01
6.399456483367287e-01 2.914744415814003e+01
6.413015110075914e-01 2.916494180777415e+01
6.426609653676483e-01 2.918242812252091e+01
6.440240257074402e-01 2.919990308422786e+01
6.453907063934199e-01 2.921736667464921e+01
6.467610218684582e-01 2.923481887544528e+01
6.481349866523515e-01 2.925225966818204e+01
6.495126153423352e-01 2.926968903433063e+01
6.508939226136004e-01 2.928710695526680e+01
6.522789232198156e-01 2.930451341227048e+01
6.536676319936513e-01 2.932190838652524e+01
6.550600638473095e-01 2.933929185911776e+01
6.564562337730580e-01 2.935666381103736e+01
6.578561568437682e-01 2.937402422317547e+01
6.592598482134576e-01 2.939137307632510e+01
6.606673231178362e-01 2.940871035118032e+01
6.620785968748578e-01 2.942603602833577e+01
6.634936848852772e-01 2.944335008828610e+01
6.649126026332076e-01 2.946065251142544e+01
6.663353656866883e-01 2.947794327804689e+01
6.677619896982512e-01 2.949522236834195e+01
6.691924904054981e-01 2.951248976240001e+01
6.706268836316762e-01 2.952974544020782e+01
6.720651852862635e-01 2.954698938164887e+01
6.735074113655564e-01 2.956422156650295e+01
6.749535779532624e-01 2.958144197444549e+01
6.764037012210992e-01 2.959865058504709e+01
6.778577974293958e-01 2.961584737777291e+01
6.793158829277014e-01 2.963303233198212e+01
6.807779741553978e-01 2.965020542692734e+01
6.822440876423177e-01 2.966736664175406e+01
6.837142400093670e-01 2.968451595550010e+01
6.851884479691528e-01 2.970165334709499e+01
6.866667283266176e-01 2.971877879535940e+01
6.881490979796770e-01 2.973589227900458e+01
6.896355739198642e-01 2.975299377663177e+01
6.911261732329782e-01 2.977008326673158e+01
6.926209130997396e-01 2.978716072768342e+01
6.941198107964506e-01 2.980422613775493e+01
6.956228836956593e-01 2.982127947510132e+01
6.971301492668324e-01 2.983832071776480e+01
6.986416250770309e-01 2.985534984367397e+01
7.001573287915938e-01 2.987236683064321e+01
7.016772781748248e-01 2.988937165637207e+01
7.032014910906876e-01 2.990636429844463e+01
7.047299855035051e-01 2.992334473432890e+01
7.062627794786652e-01 2.994031294137618e+01
7.077998911833330e-01 2.995726889682044e+01
7.093413388871675e-01 2.997421257777768e+01
7.108871409630467e-01 2.999114396124531e+01
7.124373158877970e-01 3.000806302410147e+01
7.139918822429291e-01 3.002496974310441e+01
7.155508587153805e-01 3.004186409489187e+01
7.171142640982650e-01 3.005874605598038e+01
7.186821172916273e-01 3.007561560276461e+01
7.202544373032044e-01 3.009247271151673e+01
7.218312432491937e-01 3.010931735838576e+01
7.234125543550289e-01 3.012614951939685e+01
7.249983899561595e-01 3.014296917045065e+01
7.265887694988408e-01 3.015977628732261e+01
7.281837125409273e-01 3.017657084566233e+01
7.297832387526749e-01 3.019335282099284e+01
7.313873679175497e-01 3.021012218870993e+01
7.329961199330438e-01 3.022687892408147e+01
7.346095148114976e-01 3.024362300224668e+01
7.362275726809295e-01 3.026035439821547e+01
7.378503137858733e-01 3.027707308686769e+01
7.394777584882231e-01 3.029377904295246e+01
7.411099272680832e-01 3.031047224108745e+01
7.427468407246290e-01 3.032715265575813e+01
7.443885195769723e-01 3.034382026131709e+01
7.460349846650370e-01 3.036047503198330e+01
7.476862569504392e-01 3.037711694184137e+01
7.493423575173774e-01 3.039374596484082e+01
7.510033075735307e-01 3.041036207479535e+01
7.526691284509632e-01 3.042696524538209e+01
7.543398416070373e-01 3.044355545014084e+01
7.560154686253349e-01 3.046013266247336e+01
7.576960312165876e-01 3.047669685564254e+01
7.593815512196143e-01 3.049324800277174e+01
7.610720506022656e-01 3.050978607684391e+01
7.627675514623805e-01 3.052631105070092e+01
7.644680760287474e-01 3.054282289704272e+01
7.661736466620771e-01 3.055932158842660e+01
7.678842858559811e-01 3.057580709726638e+01
7.696000162379624e-01 3.059227939583164e+01
7.713208605704114e-01 3.060873845624691e+01
7.730468417516140e-01 3.062518425049090e+01
7.747779828167666e-01 3.064161675039566e+01
7.765143069390004e-01 3.065803592764582e+01
7.782558374304164e-01 3.067444175377771e+01
7.800025977431274e-01 3.069083420017863e+01
7.817546114703133e-01 3.070721323808596e+01
7.835119023472797e-01 3.072357883858636e+01
7.852744942525326e-01 3.073993097261495e+01
7.870424112088586e-01 3.075626961095444e+01
7.888156773844173e-01 3.077259472423435e+01
7.905943170938413e-01 3.078890628293007e+01
7.923783547993485e-01 3.080520425736212e+01
7.941678151118631e-01 3.082148861769522e+01
7.959627227921482e-01 3.083775933393743e+01
7.977631027519462e-01 3.085401637593935e+01
7.995689800551331e-01 3.087025971339316e+01
8.013803799188799e-01 3.088648931583182e+01
8.031973277148283e-01 3.090270515262814e+01
8.050198489702733e-01 3.091890719299395e+01
8.068479693693604e-01 3.093509540597911e+01
8.086817147542906e-01 3.095126976047075e+01
8.105211111265397e-01 3.096743022519225e+01
8.123661846480860e-01 3.098357676870238e+01
8.142169616426510e-01 3.099970935939443e+01
8.160734685969512e-01 3.101582796549522e+01
8.179357321619625e-01 3.103193255506420e+01
8.198037791541944e-01 3.104802309599258e+01
8.216776365569778e-01 3.106409955600232e+01
8.235573315217630e-01 3.108016190264523e+01
8.254428913694342e-01 3.109621010330202e+01
8.273343435916293e-01 3.111224412518136e+01
8.292317158520786e-01 3.112826393531892e+01
8.311350359879522e-01 3.114426950057640e+01
8.330443320112226e-01 3.116026078764058e+01
8.349596321100382e-01 3.117623776302236e+01
8.368809646501096e-01 3.119220039305576e+01
8.388083581761121e-01 3.120814864389693e+01
8.407418414130969e-01 3.122408248152322e+01
8.426814432679206e-01 3.124000187173211e+01
8.446271928306832e-01 3.125590678014029e+01
8.465791193761851e-01 3.127179717218258e+01
8.485372523653925e-01 3.128767301311100e+01
8.505016214469223e-01 3.130353426799368e+01
8.524722564585370e-01 3.131938090171389e+01
8.544491874286552e-01 3.133521287896901e+01
8.564324445778774e-01 3.135103016426946e+01
8.584220583205268e-01 3.136683272193771e+01
8.604180592662025e-01 3.138262051610721e+01
8.624204782213499e-01 3.139839351072134e+01
8.644293461908451e-01 3.141415166953237e+01
8.664446943795971e-01 3.142989495610039e+01
8.684665541941611e-01 3.144562333379224e+01
8.704949572443708e-01 3.146133676578044e+01
8.725299353449859e-01 3.147703521504213e+01
8.745715205173568e-01 3.149271864435795e+01
8.766197449911012e-01 3.150838701631098e+01
8.786746412058022e-01 3.152404029328563e+01
8.807362418127207e-01 3.153967843746654e+01
8.828045796765249e-01 3.155530141083748e+01
8.848796878770355e-01 3.157090917518023e+01
8.869615997109903e-01 3.158650169207344e+01
8.890503486938248e-01 3.160207892289156e+01
8.911459685614717e-01 3.161764082880363e+01
8.932484932721748e-01 3.163318737077221e+01
8.953579570083261e-01 3.164871850955221e+01
8.974743941783158e-01 3.166423420568972e+01
8.995978394184044e-01 3.167973441952088e+01
9.017283275946130e-01 3.169521911117073e+01
9.038658938046298e-01 3.171068824055199e+01
9.060105733797380e-01 3.172614176736393e+01
9.081624018867630e-01 3.174157965109118e+01
9.103214151300386e-01 3.175700185100254e+01
9.124876491533923e-01 3.177240832614977e+01
9.146611402421508e-01 3.178779903536642e+01
9.168419249251665e-01 3.180317393726659e+01
9.190300399768649e-01 3.181853299024376e+01
9.212255224193100e-01 3.183387615246954e+01
9.234284095242927e-01 3.184920338189246e+01
9.256387388154405e-01 3.186451463623671e+01
9.278565480703489e-01 3.187980987300096e+01
9.300818753227316e-01 3.189508904945706e+01
9.323147588645959e-01 3.191035212264882e+01
9.345552372484391e-01 3.192559904939076e+01
9.368033492894680e-01 3.194082978626682e+01
9.390591340678381e-01 3.195604428962911e+01
9.413226309309205e-01 3.197124251559663e+01
9.435938794955886e-01 3.198642442005400e+01
9.458729196505304e-01 3.200158995865016e+01
9.481597915585818e-01 3.201673908679707e+01
9.504545356590878e-01 3.203187175966846e+01
9.527571926702849e-01 3.204698793219841e+01
9.550678035917111e-01 3.206208755908018e+01
9.573864097066368e-01 3.207717059476478e+01
9.597130525845261e-01 3.209223699345971e+01
9.620477740835187e-01 3.210728670912760e+01
9.643906163529429e-01 3.212231969548485e+01
9.667416218358494e-01 3.213733590600036e+01
9.691008332715760e-01 3.215233529389409e+01
9.714682936983365e-01 3.216731781213575e+01
9.738440464558382e-01 3.218228341344346e+01
9.762281351879283e-01 3.219723205028231e+01
9.786206038452628e-01 3.221216367486306e+01
9.810214966880104e-01 3.222707823914071e+01
9.834308582885806e-01 3.224197569481312e+01
9.858487335343827e-01 3.225685599331963e+01
9.882751676306125e-01 3.227171908583965e+01
9.907102061030699e-01 3.228656492329123e+01
9.931538948010066e-01 3.230139345632970e+01
9.956062799000038e-01 3.231620463534620e+01
9.980674079048797e-01 3.233099841046629e+01
1.000537325652630e+00 3.234577473154848e+01
1.003016080315399e+00 3.236053354818284e+01
1.005503719403483e+00 3.237527480968950e+01
1.008000290768365e+00 3.238999846511725e+01
1.010505842605781e+00 3.240470446324207e+01
1.013020423458828e+00 3.241939275256565e+01
1.015544082221092e+00 3.243406328131393e+01
1.018076868139820e+00 3.244871599743563e+01
1.020618830819123e+00 3.246335084860078e+01
1.023170020223215e+00 3.247796778219922e+01
1.025730486679685e+00 3.249256674533909e+01
1.028300280882809e+00 3.250714768484539e+01
1.030879453896893e+00 3.252171054725841e+01
1.033468057159658e+00 3.253625527883226e+01
1.036066142485656e+00 3.255078182553334e+01
1.038673762069731e+00 3.256529013303884e+01
1.041290968490513e+00 3.257978014673520e+01
1.043917814713949e+00 3.259425181171653e+01
1.046554354096881e+00 3.260870507278317e+01
1.049200640390656e+00 3.262313987444009e+01
1.051856727744779e+00 3.263755616089533e+01
1.054522670710605e+00 3.265195387605846e+01
1.057198524245076e+00 3.266633296353905e+01
1.059884343714500e+00 3.268069336664506e+01
1.062580184898362e+00 3.269503502838129e+01
1.065286103993191e+00 3.270935789144782e+01
1.068002157616466e+00 3.272366189823841e+01
1.070728402810559e+00 3.273794699083893e+01
1.073464897046736e+00 3.275221311102575e+01
1.076211698229188e+00 3.276646020026415e+01
1.078968864699121e+00 3.278068819970676e+01
1.081736455238884e+00 3.279489705019191e+01
1.084514529076146e+00 3.280908669224202e+01
1.087303145888122e+00 3.282325706606204e+01
1.090102365805847e+00 3.283740811153775e+01
1.092912249418497e+00 3.285153976823425e+01
1.095732857777761e+00 3.286565197539420e+01
1.098564252402260e+00 3.287974467193631e+01
1.101406495282025e+00 3.289381779645362e+01
1.104259648883018e+00 3.290787128721193e+01
1.107123776151708e+00 3.292190508214811e+01
1.109998940519698e+00 3.293591911886847e+01
1.112885205908414e+00 3.294991333464710e+01
1.115782636733838e+00 3.296388766642426e+01
1.118691297911298e+00 3.297784205080468e+01
1.121611254860320e+00 3.299177642405589e+01
1.124542573509533e+00 3.300569072210661e+01
1.127485320301629e+00 3.301958488054505e+01
1.130439562198381e+00 3.303345883461726e+01
1.133405366685727e+00 3.304731251922544e+01
1.136382801778905e+00 3.306114586892625e+01
1.139371936027656e+00 3.307495881792920e+01
1.142372838521481e+00 3.308875130009491e+01
1.145385578894966e+00 3.310252324893348e+01
1.148410227333169e+00 3.311627459760274e+01
1.151446854577066e+00 3.313000527890663e+01
1.154495531929075e+00 3.314371522529351e+01
1.157556331258627e+00 3.315740436885443e+01
1.160629325007819e+00 3.317107264132147e+01
1.163714586197126e+00 3.318471997406608e+01
1.166812188431191e+00 3.319834629809733e+01
1.169922205904671e+00 3.321195154406026e+01
1.173044713408165e+00 3.322553564223419e+01
1.176179786334208e+00 3.323909852253103e+01
1.179327500683341e+00 3.325264011449354e+01
1.182487933070247e+00 3.326616034729374e+01
1.185661160729975e+00 3.327965914973111e+01
1.188847261524225e+00 3.329313645023097e+01
1.192046313947720e+00 3.330659217684278e+01
1.195258397134651e+00 3.332002625723843e+01
1.198483590865203e+00 3.333343861871059e+01
1.201721975572156e+00 3.334682918817099e+01
1.204973632347582e+00 3.336019789214877e+01
1.208238642949600e+00 3.337354465678877e+01
1.211517089809240e+00 3.338686940784988e+01
1.214809056037373e+00 3.340017207070335e+01
1.218114625431738e+00 3.341345257033111e+01
1.221433882484051e+00 3.342671083132414e+01
1.224766912387204e+00 3.343994677788076e+01
1.228113801042552e+00 3.345316033380499e+01
1.231474635067298e+00 3.346635142250490e+01
1.234849501801959e+00 3.347951996699095e+01
1.238238489317937e+00 3.349266588987435e+01
1.241641686425176e+00 3.350578911336540e+01
1.245059182679925e+00 3.351888955927188e+01
1.248491068392589e+00 3.353196714899742e+01
1.251937434635686e+00 3.354502180353984e+01
1.255398373251904e+00 3.355805344348959e+01
1.258873976862258e+00 3.357106198902808e+01
1.262364338874356e+00 3.358404735992615e+01
1.265869553490759e+00 3.359700947554239e+01
1.269389715717467e+00 3.360994825482164e+01
1.272924921372494e+00 3.362286361629336e+01
1.276475267094567e+00 3.363575547807008e+01
1.280040850351928e+00 3.364862375784584e+01
1.283621769451256e+00 3.366146837289465e+01
1.287218123546700e+00 3.367428924006894e+01
1.290830012649038e+00 3.368708627579806e+01
1.294457537634935e+00 3.369985939608672e+01
1.298100800256345e+00 3.371260851651355e+01
1.301759903150023e+00 3.372533355222957e+01
1.305434949847159e+00 3.373803441795670e+01
1.309126044783147e+00 3.375071102798637e+01
1.312833293307477e+00 3.376336329617798e+01
1.316556801693754e+00 3.377599113595753e+01
1.320296677149862e+00 3.378859446031618e+01
1.324053027828244e+00 3.380117318180886e+01
1.327825962836332e+00 3.381372721255289e+01
1.331615592247109e+00 3.382625646422657e+01
1.335422027109820e+00 3.383876084806788e+01
1.339245379460810e+00 3.385124027487315e+01
1.343085762334520e+00 3.386369465499568e+01
1.346943289774631e+00 3.387612389834452e+01
1.350818076845347e+00 3.388852791438321e+01
1.354710239642838e+00 3.390090661212844e+01
1.358619895306834e+00 3.391325990014890e+01
1.362547162032380e+00 3.392558768656405e+01
1.366492159081742e+00 3.393788987904293e+01
1.370455006796487e+00 3.395016638480303e+01
1.374435826609711e+00 3.396241711060911e+01
1.378434741058451e+00 3.397464196277213e+01
1.382451873796249e+00 3.398684084714816e+01
1.386487349605910e+00 3.399901366913733e+01
1.390541294412412e+00 3.401116033368278e+01
1.394613835296008e+00 3.402328074526972e+01
1.398705100505505e+00 3.403537480792438e+01
1.402815219471729e+00 3.404744242521317e+01
1.406944322821168e+00 3.405948350024170e+01
1.411092542389818e+00 3.407149793565396e+01
1.415260011237207e+00 3.408348563363144e+01
1.419446863660632e+00 3.409544649589239e+01
1.423653235209574e+00 3.410738042369098e+01
1.427879262700333e+00 3.411928731781664e+01
1.432125084230861e+00 3.413116707859331e+01
1.436390839195806e+00 3.414301960587885e+01
1.440676668301762e+00 3.415484479906436e+01
1.444982713582746e+00 3.416664255707368e+01
1.449309118415885e+00 3.417841277836280e+01
1.453656027537334e+00 3.419015536091941e+01
1.458023587058409e+00 3.420187020226246e+01
1.462411944481966e+00 3.421355719944175e+01
1.466821248719000e+00 3.422521624903762e+01
1.471251650105494e+00 3.423684724716058e+01
1.475703300419500e+00 3.424845008945115e+01
1.480176352898479e+00 3.426002467107958e+01
1.484670962256873e+00 3.427157088674581e+01
1.489187284703956e+00 3.428308863067923e+01
1.493725477961921e+00 3.429457779663881e+01
1.498285701284244e+00 3.430603827791298e+01
1.502868115474317e+00 3.431746996731981e+01
1.507472882904340e+00 3.432887275720710e+01
1.512100167534510e+00 3.434024653945258e+01
1.516750134932476e+00 3.435159120546420e+01
1.521422952293085e+00 3.436290664618042e+01
1.526118788458426e+00 3.437419275207065e+01
1.530837813938164e+00 3.438544941313566e+01
1.535580200930178e+00 3.439667651890815e+01
1.540346123341507e+00 3.440787395845334e+01
1.545135756809608e+00 3.441904162036962e+01
1.549949278723935e+00 3.443017939278935e+01
1.554786868247833e+00 3.444128716337963e+01
1.559648706340774e+00 3.445236481934323e+01
1.564534975780914e+00 3.446341224741957e+01
1.569445861188008e+00 3.447442933388580e+01
1.574381549046653e+00 3.448541596455792e+01
1.579342227729899e+00 3.449637202479202e+01
1.584328087523211e+00 3.450729739948564e+01
1.589339320648806e+00 3.451819197307913e+01
1.594376121290347e+00 3.452905562955720e+01
1.599438685618035e+00 3.453988825245048e+01
1.604527211814069e+00 3.455068972483726e+01
1.609641900098514e+00 3.456145992934523e+01
1.614782952755561e+00 3.457219874815346e+01
1.619950574160189e+00 3.458290606299431e+01
1.625144970805254e+00 3.459358175515558e+01
1.630366351328997e+00 3.460422570548273e+01
1.635614926542966e+00 3.461483779438117e+01
1.640890909460404e+00 3.462541790181878e+01
1.646194515325053e+00 3.463596590732833e+01
1.651525961640434e+00 3.464648169001026e+01
1.656885468199581e+00 3.465696512853547e+01
1.662273257115240e+00 3.466741610114816e+01
1.667689552850560e+00 3.467783448566894e+01
1.673134582250256e+00 3.468822015949799e+01
1.678608574572293e+00 3.469857299961836e+01
1.684111761520047e+00 3.470889288259940e+01
1.689644377275008e+00 3.471917968460035e+01
1.695206658529995e+00 3.472943328137404e+01
1.700798844522913e+00 3.473965354827078e+01
1.706421177071049e+00 3.474984036024237e+01
1.712073900605931e+00 3.475999359184624e+01
1.717757262208753e+00 3.477011311724975e+01
1.723471511646373e+00 3.478019881023472e+01
1.729216901407904e+00 3.479025054420200e+01
1.734993686741902e+00 3.480026819217628e+01
1.740802125694167e+00 3.481025162681108e+01
1.746642479146172e+00 3.482020072039386e+01
1.752515010854111e+00 3.483011534485133e+01
1.758419987488612e+00 3.483999537175490e+01
1.764357678675104e+00 3.484984067232642e+01
1.770328357034856e+00 3.485965111744396e+01
1.776332298226695e+00 3.486942657764789e+01
1.782369780989439e+00 3.487916692314708e+01
1.788441087185026e+00 3.488887202382537e+01
1.794546501842387e+00 3.489854174924817e+01
1.800686313202043e+00 3.490817596866929e+01
1.806860812761470e+00 3.491777455103802e+01
1.813070295321234e+00 3.492733736500635e+01
1.819315059031907e+00 3.493686427893645e+01
1.825595405441785e+00 3.494635516090839e+01
1.831911639545434e+00 3.495580987872803e+01
1.838264069833059e+00 3.496522829993521e+01
1.844653008340726e+00 3.497461029181209e+01
1.851078770701464e+00 3.498395572139184e+01
1.857541676197236e+00 3.499326445546747e+01
1.864042047811823e+00 3.500253636060095e+01
1.870580212284634e+00 3.501177130313260e+01
1.877156500165451e+00 3.502096914919073e+01
1.883771245870132e+00 3.503012976470154e+01
1.890424787737304e+00 3.503925301539928e+01
1.897117468086046e+00 3.504833876683668e+01
1.903849633274605e+00 3.505738688439570e+01
1.910621633760138e+00 3.506639723329853e+01
1.917433824159531e+00 3.507536967861886e+01
1.924286563311301e+00 3.508430408529351e+01
1.931180214338605e+00 3.509320031813428e+01
1.938115144713378e+00 3.510205824184020e+01
1.945091726321632e+00 3.511087772100999e+01
1.952110335529935e+00 3.511965862015494e+01
1.959171353253094e+00 3.512840080371198e+01
1.966275165023059e+00 3.513710413605729e+01
1.973422161059103e+00 3.514576848151996e+01
1.980612736339268e+00 3.515439370439628e+01
1.987847290673136e+00 3.516297966896418e+01
1.995126228775923e+00 3.517152623949809e+01
2.002449960343959e+00 3.518003328028417e+01
2.009818900131548e+00 3.518850065563588e+01
2.017233468029279e+00 3.519692822990995e+01
2.024694089143765e+00 3.520531586752271e+01
2.032201193878903e+00 3.521366343296680e+01
2.039755218018635e+00 3.522197079082827e+01
2.047356602811281e+00 3.523023780580412e+01
2.055005795055453e+00 3.523846434272019e+01
2.062703247187601e+00 3.524665026654947e+01
2.070449417371218e+00 3.525479544243088e+01
2.078244769587746e+00 3.526289973568838e+01
2.086089773729221e+00 3.527096301185065e+01
2.093984905692687e+00 3.527898513667105e+01
2.101930647476431e+00 3.528696597614812e+01
2.109927487278076e+00 3.529490539654659e+01
2.117975919594571e+00 3.530280326441864e+01
2.126076445324118e+00 3.531065944662590e+01
2.134229571870091e+00 3.531847381036170e+01
2.142435813246980e+00 3.532624622317391e+01
2.150695690188427e+00 3.533397655298829e+01
2.159009730257357e+00 3.534166466813224e+01
2.167378467958320e+00 3.534931043735912e+01
2.175802444852028e+00 3.535691372987311e+01
2.184282209672185e+00 3.536447441535448e+01
2.192818318444636e+00 3.537199236398553e+01
2.201411334608903e+00 3.537946744647692e+01
2.210061829142160e+00 3.538689953409465e+01
2.218770380685709e+00 3.539428849868753e+01
2.227537575673996e+00 3.540163421271522e+01
2.236364008466258e+00 3.540893654927683e+01
2.245250281480839e+00 3.541619538214013e+01
2.254197005332255e+00 3.542341058577126e+01
2.263204798971053e+00 3.543058203536508e+01
2.272274289826555e+00 3.543770960687612e+01
2.281406113952539e+00 3.544479317705010e+01
2.290600916175946e+00 3.545183262345606e+01
2.299859350248650e+00 3.545882782451914e+01
2.309182079002415e+00 3.546577865955392e+01
2.318569774507076e+00 3.547268500879846e+01
2.328023118232049e+00 3.547954675344891e+01
2.337542801211233e+00 3.548636377569484e+01
2.347129524211398e+00 3.549313595875514e+01
2.356783997904143e+00 3.549986318691461e+01
2.366506943041516e+00 3.550654534556123e+01
2.376299090635384e+00 3.551318232122411e+01
2.386161182140637e+00 3.551977400161204e+01
2.396093969642344e+00 3.552632027565283e+01
2.406098216046939e+00 3.553282103353324e+01
2.416174695277561e+00 3.553927616673970e+01
2.426324192473623e+00 3.554568556809966e+01
2.436547504194747e+00 3.555204913182365e+01
2.446845438629162e+00 3.555836675354812e+01
2.457218815806688e+00 3.556463833037891e+01
2.467668467816402e+00 3.557086376093550e+01
2.478195239029140e+00 3.557704294539599e+01
2.488799986324933e+00 3.558317578554273e+01
2.499483579325529e+00 3.558926218480884e+01
2.510246900632100e+00 3.559530204832531e+01
2.521090846068309e+00 3.560129528296893e+01
2.532016324928847e+00 3.560724179741097e+01
2.543024260233618e+00 3.561314150216657e+01
2.554115588987668e+00 3.561899430964488e+01
2.565291262447072e+00 3.562480013420004e+01
2.576552246390896e+00 3.563055889218280e+01
2.587899521399426e+00 3.563627050199295e+01
2.599334083138792e+00 3.564193488413255e+01
2.610856942652206e+00 3.564755196125981e+01
2.622469126657970e+00 3.565312165824387e+01
2.634171677854443e+00 3.565864390222021e+01
2.645965655232138e+00 3.566411862264687e+01
2.657852134393188e+00 3.566954575136145e+01
2.669832207878340e+00 3.567492522263883e+01
2.681906985501713e+00 3.568025697324961e+01
2.694077594693527e+00 3.568554094251938e+01
2.706345180851013e+00 3.569077707238861e+01
2.718710907697760e+00 3.569596530747341e+01
2.731175957651706e+00 3.570110559512693e+01
2.743741532202058e+00 3.570619788550147e+01
2.756408852295328e+00 3.571124213161139e+01
2.769179158730819e+00 3.571623828939664e+01
2.782053712565780e+00 3.572118631778702e+01
2.795033795530540e+00 3.572608617876713e+01
2.808120710453858e+00 3.573093783744202e+01
2.821315781698855e+00 3.573574126210342e+01
2.834620355609783e+00 3.574049642429670e+01
2.848035800969972e+00 3.574520329888842e+01
2.861563509471250e+00 3.574986186413451e+01
2.875204896195228e+00 3.575447210174906e+01
2.888961400106748e+00 3.575903399697368e+01
2.902834484559893e+00 3.576354753864741e+01
2.916825637816895e+00 3.576801271927720e+01
2.930936373580367e+00 3.577242953510891e+01
2.945168231539231e+00 3.577679798619875e+01
2.959522777928777e+00 3.578111807648527e+01
2.974001606105246e+00 3.578538981386175e+01
2.988606337135423e+00 3.578961321024898e+01
3.003338620401669e+00 3.579378828166850e+01
3.018200134222885e+00 3.579791504831613e+01
3.033192586491865e+00 3.580199353463582e+01
3.048317715329597e+00 3.580602376939386e+01
3.063577289756994e+00 3.581000578575323e+01
3.078973110384639e+00 3.581393962134823e+01
3.094507010121053e+00 3.581782531835929e+01
3.110180854900137e+00 3.582166292358783e+01
3.125996544428352e+00 3.582545248853128e+01
3.141956012952276e+00 3.582919406945809e+01
3.158061230047198e+00 3.583288772748275e+01
3.174314201427394e+00 3.583653352864071e+01
3.190716969778836e+00 3.584013154396318e+01
3.207271615615010e+00 3.584368184955184e+01
3.223980258156641e+00 3.584718452665314e+01
3.240845056236043e+00 3.585063966173252e+01
3.257868209226990e+00 3.585404734654805e+01
3.275051958000867e+00 3.585740767822382e+01
3.292398585910044e+00 3.586072075932272e+01
3.309910419799308e+00 3.586398669791873e+01
3.327589831046365e+00 3.586720560766852e+01
3.345439236632333e+00 3.587037760788235e+01
3.363461100243288e+00 3.587350282359413e+01
3.381657933403865e+00 3.587658138563071e+01
3.400032296644058e+00 3.587961343068006e+01
3.418586800700327e+00 3.588259910135850e+01
3.437324107752227e+00 3.588553854627675e+01
3.456246932695731e+00 3.588843192010471e+01
3.475358044454594e+00 3.589127938363496e+01
3.494660267331040e+00 3.589408110384473e+01
3.514156482397204e+00 3.589683725395646e+01
3.533849628928683e+00 3.589954801349655e+01
3.553742705881801e+00 3.590221356835248e+01
3.573838773416069e+00 3.590483411082796e+01
3.594140954463513e+00 3.590740983969619e+01
3.614652436346498e+00 3.590994096025086e+01
3.635376472445887e+00 3.591242768435507e+01
3.656316383921308e+00 3.591487023048777e+01
3.677475561485480e+00 3.591726882378781e+01
3.698857467234538e+00 3.591962369609524e+01
3.720465636536496e+00 3.592193508599000e+01
3.742303679979964e+00 3.592420323882757e+01
3.764375285385391e+00 3.592642840677166e+01
3.786684219881202e+00 3.592861084882375e+01
3.809234332047239e+00 3.593075083084916e+01
3.832029554128124e+00 3.593284862559977e+01
3.855073904319178e+00 3.593490451273310e+01
3.878371489127721e+00 3.593691877882745e+01
3.901926505812601e+00 3.593889171739330e+01
3.925743244905091e+00 3.594082362888045e+01
3.949826092814251e+00 3.594271482068097e+01
3.974179534520149e+00 3.594456560712764e+01
3.998808156358318e+00 3.594637630948787e+01
4.023716648899192e+00 3.594814725595280e+01
4.048909809926243e+00 3.594987878162153e+01
4.074392547516828e+00 3.595157122848008e+01
4.100169883229849e+00 3.595322494537533e+01
4.126246955404647e+00 3.595484028798322e+01
4.152629022575637e+00 3.595641761877162e+01
4.179321467007468e+00 3.595795730695718e+01
4.206329798355652e+00 3.595945972845634e+01
4.233659657457981e+00 3.596092526583018e+01
4.261316820262128e+00 3.596235430822296e+01
4.289307201895247e+00 3.596374725129422e+01
4.317636860881494e+00 3.596510449714424e+01
4.346312003513916e+00 3.596642645423270e+01
4.375338988387220e+00 3.596771353729037e+01
4.404724331098473e+00 3.596896616722380e+01
4.434474709122908e+00 3.597018477101257e+01
4.464596966872649e+00 3.597136978159934e+01
4.495098120946279e+00 3.597252163777222e+01
4.525985365577809e+00 3.597364078403950e+01
4.557266078293819e+00 3.597472767049663e+01
4.588947825788239e+00 3.597578275268520e+01
4.621038370024522e+00 3.597680649144393e+01
4.653545674575555e+00 3.597779935275153e+01
4.686477911212229e+00 3.597876180756133e+01
4.719843466752018e+00 3.597969433162755e+01
4.753650950179750e+00 3.598059740532331e+01
4.787909200053179e+00 3.598147151345005e+01
4.822627292206795e+00 3.598231714503861e+01
4.857814547767894e+00 3.598313479314174e+01
4.893480541499890e+00 3.598392495461805e+01
4.929635110488482e+00 3.598468812990756e+01
4.966288363187269e+00 3.598542482279861e+01
5.003450688840205e+00 3.598613554018642e+01
5.041132767299477e+00 3.598682079182319e+01
5.079345579258168e+00 3.598748109005993e+01
5.118100416918408e+00 3.598811694957998e+01
5.157408895116650e+00 3.598872888712454e+01
5.197282962929258e+00 3.598931742121017e+01
5.237734915782618e+00 3.598988307183853e+01
5.278777408093700e+00 3.599042636019860e+01
5.320423466468180e+00 3.599094780836143e+01
5.362686503485246e+00 3.599144793896785e+01
5.405580332099573e+00 3.599192727490943e+01
5.449119180693071e+00 3.599238633900278e+01
5.493317708810713e+00 3.599282565365779e+01
5.538191023617174e+00 3.599324574054008e+01
5.583754697112955e+00 3.599364712022800e+01
5.630024784151317e+00 3.599403031186474e+01
5.677017841299653e+00 3.599439583280594e+01
5.724750946592057e+00 3.599474419826336e+01
5.773241720222436e+00 3.599507592094510e+01
5.822508346230890e+00 3.599539151069302e+01
5.872569595239492e+00 3.599569147411786e+01
5.923444848297014e+00 3.599597631423284e+01
5.975154121896463e+00 3.599624653008637e+01
6.027718094233081e+00 3.599650261639445e+01
6.081158132775321e+00 3.599674506317382e+01
6.135496323225833e+00 3.599697435537631e+01
6.190755499955168e+00 3.599719097252541e+01
6.246959277996105e+00 3.599739538835588e+01
6.304132086692930e+00 3.599758807045719e+01
6.362299205106223e+00 3.599776947992178e+01
6.421486799281152e+00 3.599794007099904e+01
6.481721961494563e+00 3.599810029075599e+01
6.543032751604655e+00 3.599825057874551e+01
6.605448240635650e+00 3.599839136668334e+01
6.668998556739935e+00 3.599852307813458e+01
6.733714933690156e+00 3.599864612821099e+01
6.799629762065397e+00 3.599876092327980e+01
6.866776643307464e+00 3.599886786068541e+01
6.935190446837117e+00 3.599896732848460e+01
7.004907370433986e+00 3.599905970519668e+01
7.075965004100041e+00 3.599914535956918e+01
7.148402397643108e+00 3.599922465036041e+01
7.222260132236037e+00 3.599929792613958e+01
7.297580396226831e+00 3.599936552510553e+01
7.374407065497458e+00 3.599942777492499e+01
7.452785788692743e+00 3.599948499259106e+01
7.532764077667523e+00 3.599953748430285e+01
7.614391403528365e+00 3.599958554536690e+01
7.697719298677992e+00 3.599962946012109e+01
7.782801465304452e+00 3.599966950188163e+01
7.869693890795306e+00 3.599970593291352e+01
7.958454970597791e+00 3.599973900442507e+01
8.049145639091616e+00 3.599976895658661e+01
8.141829509090817e+00 3.599979601857368e+01
8.236573020645558e+00 3.599982040863480e+01
8.333445599875686e+00 3.599984233418372e+01
8.432519828633751e+00 3.599986199191603e+01
8.533871625869033e+00 3.599987956794992e+01
8.637580441644671e+00 3.599989523799044e+01
8.743729464850325e+00 3.599990916751703e+01
8.852405845751326e+00 3.599992151199329e+01
8.963700934625871e+00 3.599993241709834e+01
9.077710537863210e+00 3.599994201897872e+01
9.194535193032335e+00 3.599995044451972e+01
9.314280464580660e+00 3.599995781163482e+01
9.437057261990997e+00 3.599996422957190e+01
9.562982182411854e+00 3.599996979923461e+01
9.692177879986499e+00 3.599997461351735e+01
9.824773464339398e+00 3.599997875765197e+01
9.960904930941735e+00 3.599998230956448e+01
1.010071562637116e+01 3.599998534023967e+01
1.024435675181236e+01 3.599998791409174e+01
1.039198790851577e+01 3.599999008933882e+01
1.054377768935171e+01 3.599999191837929e+01
1.069990432106868e+01 3.599999344816789e+01
1.086055636240063e+01 3.599999472058929e+01
1.102593346377172e+01 3.599999577282733e+01
1.119624719503452e+01 3.599999663772773e+01
1.137172194845680e+01 3.599999734415250e+01
1.155259592506131e+01 3.599999791732402e+01
1.173912221343466e+01 3.599999837915732e+01
1.193156997128023e+01 3.599999874857885e+01
1.213022572131436e+01 3.599999904183052e+01
1.233539477462830e+01 3.599999927275763e+01
1.254740279638604e+01 3.599999945307987e+01
1.276659753074569e+01 3.599999959264454e+01
1.299335070422124e+01 3.599999969966143e+01
1.322806012939768e+01 3.599999978091917e+01
1.347115203404471e+01 3.599999984198273e+01
1.372308364431522e+01 3.599999988737243e+01
1.398434605496617e+01 3.599999992072464e+01
1.425546742450961e+01 3.599999994493486e+01
1.453701653903549e+01 3.599999996228376e+01
1.482960679530742e+01 3.599999997454724e+01
1.513390066183029e+01 3.599999998309132e+01
1.545061468617042e+01 3.599999998895325e+01
1.578052512819140e+01 3.599999999290984e+01
1.612447431242595e+01 3.599999999553437e+01
1.648337780901861e+01 3.599999999724336e+01
1.685823257212649e+01 3.599999999833442e+01
1.725012618810292e+01 3.599999999901642e+01
1.766024741412467e+01 3.599999999943323e+01
1.808989822233803e+01 3.599999999968187e+01
1.854050760656180e+01 3.599999999982639e+01
1.901364745999675e+01 3.599999999990808e+01
1.951105089565903e+01 3.599999999995290e+01
2.003463345951417e+01 3.599999999997669e+01
2.058651778357770e+01 3.599999999998890e+01
2.116906234786699e+01 3.599999999999493e+01
2.178489517297266e+01 3.599999999999778e+01
2.243695345837882e+01 3.599999999999908e+01
2.312853042774898e+01 3.599999999999964e+01
2.386333095770478e+01 3.599999999999986e+01
2.464553797346419e+01 3.599999999999995e+01
2.547989212360736e+01 3.599999999999999e+01
2.637178793927785e+01 3.599999999999999e+01
2.732739059892480e+01 3.600000000000000e+01
2.835377864076783e+01 3.600000000000000e+01
2.945911960890623e+01 3.600000000000000e+01
3.065288785449596e+01 3.600000000000000e+01
3.194613678721817e+01 3.600000000000000e+01
3.335184214887276e+01 3.600000000000000e+01
3.488533890704105e+01 3.600000000000000e+01
3.656488297551143e+01 3.600000000000000e+01
3.841238145082887e+01 3.600000000000000e+01
4.045435344986396e+01 3.600000000000000e+01
4.272321122656909e+01 3.600000000000000e+01
4.525899344759301e+01 3.600000000000000e+01
4.811174844624495e+01 3.600000000000000e+01
