0.000000000000000e+00 0.000000000000000e+00
1.607859604338198e-04 3.110521231993602e-02
3.217318273424620e-04 6.220254820617299e-02
4.828378393923067e-04 9.329201002555010e-02
6.441042357249288e-04 1.243736001428815e-01
8.055312559582806e-04 1.554473209208922e-01
9.671191401878790e-04 1.865131747200692e-01
1.128868128987995e-03 2.175711638989029e-01
1.290778463412850e-03 2.486212908135883e-01
1.452850384997809e-03 2.796635578183739e-01
1.615084135760587e-03 3.106979672652130e-01
1.777479958202448e-03 3.417245215040126e-01
1.940038095309418e-03 3.727432228825762e-01
2.102758790553496e-03 4.037540737464766e-01
2.265642287893865e-03 4.347570764392188e-01
2.428688831778119e-03 4.657522333021831e-01
2.591898667143479e-03 4.967395466745259e-01
2.755272039418023e-03 5.277190188933361e-01
2.918809194521914e-03 5.586906522935422e-01
3.082510378868638e-03 5.896544492079343e-01
3.246375839366237e-03 6.206104119671636e-01
3.410405823418552e-03 6.515585428996999e-01
3.574600578926470e-03 6.824988443319384e-01
3.738960354289169e-03 7.134313185880217e-01
3.903485398405375e-03 7.443559679900389e-01
4.068175960674617e-03 7.752727948579121e-01
4.233032290998482e-03 8.061818015093962e-01
4.398054639781887e-03 8.370829902600363e-01
4.563243257934345e-03 8.679763634233453e-01
4.728598396871230e-03 8.988619233105908e-01
4.894120308515060e-03 9.297396722309159e-01
5.059809245296776e-03 9.606096124912824e-01
5.225665460157020e-03 9.914717463965346e-01
5.391689206547425e-03 1.022326076249300e+00
5.557880738431909e-03 1.053172604350145e+00
5.724240310287964e-03 1.084011332997356e+00
5.890768177107960e-03 1.114842264487088e+00
6.057464594400448e-03 1.145665401113384e+00
6.224329818191457e-03 1.176480745168107e+00
6.391364105025822e-03 1.207288298940874e+00
6.558567711968485e-03 1.238088064719236e+00
6.725940896605814e-03 1.268880044788482e+00
6.893483917046936e-03 1.299664241431827e+00
7.061197031925054e-03 1.330440656930236e+00
7.229080500398782e-03 1.361209293562503e+00
7.397134582153480e-03 1.391970153605314e+00
7.565359537402588e-03 1.422723239333052e+00
7.733755626888982e-03 1.453468553018105e+00
7.902323111886302e-03 1.484206096930457e+00
8.071062254200321e-03 1.514935873338132e+00
8.239973316170287e-03 1.545657884506788e+00
8.409056560670296e-03 1.576372132700065e+00
8.578312251110640e-03 1.607078620179202e+00
8.747740651439189e-03 1.637777349203517e+00
8.917342026142755e-03 1.668468322029888e+00
9.087116640248470e-03 1.699151540913178e+00
9.257064759325166e-03 1.729827008105985e+00
9.427186649484762e-03 1.760494725858713e+00
9.597482577383652e-03 1.791154696419589e+00
9.767952810224098e-03 1.821806922034632e+00
9.938597615755621e-03 1.852451404947701e+00
1.010941726227642e-02 1.883088147400365e+00
1.028041201863476e-02 1.913717151632085e+00
1.045158215423039e-02 1.944338419880104e+00
1.062292793901596e-02 1.974951954379407e+00
1.079444964349844e-02 2.005557757362837e+00
1.096614753874053e-02 2.036155831060981e+00
1.113802189636210e-02 2.066746177702250e+00
1.131007298854164e-02 2.097328799512837e+00
1.148230108801766e-02 2.127903698716750e+00
1.165470646809016e-02 2.158470877535713e+00
1.182728940262205e-02 2.189030338189305e+00
1.200005016604064e-02 2.219582082894867e+00
1.217298903333903e-02 2.250126113867474e+00
1.234610628007765e-02 2.280662433320089e+00
1.251940218238566e-02 2.311191043463346e+00
1.269287701696244e-02 2.341711946505740e+00
1.286653106107908e-02 2.372225144653491e+00
1.304036459257982e-02 2.402730640110569e+00
1.321437788988356e-02 2.433228435078810e+00
1.338857123198533e-02 2.463718531757713e+00
1.356294489845781e-02 2.494200932344668e+00
1.373749916945279e-02 2.524675639034662e+00
1.391223432570268e-02 2.555142654020656e+00
1.408715064852204e-02 2.585601979493241e+00
1.426224841980906e-02 2.616053617640752e+00
1.443752792204707e-02 2.646497570649366e+00
1.461298943830610e-02 2.676933840703015e+00
1.478863325224437e-02 2.707362429983284e+00
1.496445964810980e-02 2.737783340669672e+00
1.514046891074160e-02 2.768196574939303e+00
1.531666132557177e-02 2.798602134967076e+00
1.549303717862664e-02 2.829000022925740e+00
1.566959675652845e-02 2.859390240985675e+00
1.584634034649686e-02 2.889772791315053e+00
1.602326823635053e-02 2.920147676079772e+00
1.620038071450870e-02 2.950514897443504e+00
1.637767806999270e-02 2.980874457567701e+00
1.655516059242760e-02 3.011226358611431e+00
1.673282857204373e-02 3.041570602731632e+00
1.691068229967828e-02 3.071907192082904e+00
1.708872206677688e-02 3.102236128817559e+00
1.726694816539521e-02 3.132557415085735e+00
1.744536088820057e-02 3.162871053035225e+00
1.762396052847351e-02 3.193177044811577e+00
1.780274738010942e-02 3.223475392558086e+00
1.798172173762015e-02 3.253766098415710e+00
1.816088389613561e-02 3.284049164523232e+00
1.834023415140541e-02 3.314324593017012e+00
1.851977279980050e-02 3.344592386031294e+00
1.869950013831477e-02 3.374852545697919e+00
1.887941646456670e-02 3.405105074146498e+00
1.905952207680100e-02 3.435349973504351e+00
1.923981727389028e-02 3.465587245896508e+00
1.942030235533670e-02 3.495816893445692e+00
1.960097762127357e-02 3.526038918272342e+00
1.978184337246710e-02 3.556253322494626e+00
1.996289991031800e-02 3.586460108228408e+00
2.014414753686320e-02 3.616659277587225e+00
2.032558655477752e-02 3.646850832682347e+00
2.050721726737531e-02 3.677034775622751e+00
2.068903997861221e-02 3.707211108515040e+00
2.087105499308680e-02 3.737379833463628e+00
2.105326261604233e-02 3.767540952570528e+00
2.123566315336836e-02 3.797694467935493e+00
2.141825691160259e-02 3.827840381655925e+00
2.160104419793245e-02 3.857978695826937e+00
2.178402532019692e-02 3.888109412541354e+00
2.196720058688818e-02 3.918232533889608e+00
2.215057030715343e-02 3.948348061959884e+00
2.233413479079656e-02 3.978455998838015e+00
2.251789434827989e-02 4.008556346607513e+00
2.270184929072600e-02 4.038649107349549e+00
2.288599992991939e-02 4.068734283143023e+00
2.307034657830830e-02 4.098811876064438e+00
2.325488954900647e-02 4.128881888188005e+00
2.343962915579488e-02 4.158944321585594e+00
2.362456571312358e-02 4.188999178326696e+00
2.380969953611343e-02 4.219046460478552e+00
2.399503094055791e-02 4.249086170105969e+00
2.418056024292492e-02 4.279118309271468e+00
2.436628776035855e-02 4.309142880035239e+00
2.455221381068095e-02 4.339159884455071e+00
2.473833871239407e-02 4.369169324586402e+00
2.492466278468151e-02 4.399171202482407e+00
2.511118634741038e-02 4.429165520193806e+00
2.529790972113307e-02 4.459152279769029e+00
2.548483322708911e-02 4.489131483254120e+00
2.567195718720704e-02 4.519103132692734e+00
2.585928192410621e-02 4.549067230126234e+00
2.604680776109867e-02 4.579023777593562e+00
2.623453502219102e-02 4.608972777131321e+00
2.642246403208625e-02 4.638914230773722e+00
2.661059511618568e-02 4.668848140552662e+00
2.679892860059075e-02 4.698774508497529e+00
2.698746481210498e-02 4.728693336635530e+00
2.717620407823581e-02 4.758604626991293e+00
2.736514672719652e-02 4.788508381587228e+00
2.755429308790814e-02 4.818404602443294e+00
2.774364349000132e-02 4.848293291577015e+00
2.793319826381829e-02 4.878174451003638e+00
2.812295774041475e-02 4.908048082735903e+00
2.831292225156184e-02 4.937914188784234e+00
2.850309212974801e-02 4.967772771156660e+00
2.869346770818100e-02 4.997623831858768e+00
2.888404932078978e-02 5.027467372893796e+00
2.907483730222650e-02 5.057303396262498e+00
2.926583198786847e-02 5.087131903963360e+00
2.945703371382008e-02 5.116952897992299e+00
2.964844281691480e-02 5.146766380342967e+00
2.984005963471717e-02 5.176572353006485e+00
3.003188450552475e-02 5.206370817971660e+00
3.022391776837014e-02 5.236161777224822e+00
3.041615976302298e-02 5.265945232749893e+00
3.060861082999191e-02 5.295721186528368e+00
3.080127131052664e-02 5.325489640539310e+00
3.099414154661993e-02 5.355250596759412e+00
3.118722188100961e-02 5.385004057162860e+00
3.138051265718065e-02 5.414750023721467e+00
3.157401421936714e-02 5.444488498404553e+00
3.176772691255439e-02 5.474219483179091e+00
3.196165108248091e-02 5.503942980009526e+00
3.215578707564057e-02 5.533658990857873e+00
3.235013523928455e-02 5.563367517683766e+00
3.254469592142349e-02 5.593068562444323e+00
3.273946947082955e-02 5.622762127094205e+00
3.293445623703846e-02 5.652448213585714e+00
3.312965657035165e-02 5.682126823868607e+00
3.332507082183833e-02 5.711797959890191e+00
3.352069934333761e-02 5.741461623595356e+00
3.371654248746058e-02 5.771117816926470e+00
3.391260060759248e-02 5.800766541823506e+00
3.410887405789475e-02 5.830407800223931e+00
3.430536319330724e-02 5.860041594062693e+00
3.450206836955032e-02 5.889667925272327e+00
3.469898994312699e-02 5.919286795782909e+00
3.489612827132511e-02 5.948898207521957e+00
3.509348371221948e-02 5.978502162414578e+00
3.529105662467405e-02 6.008098662383368e+00
3.548884736834413e-02 6.037687709348418e+00
3.568685630367849e-02 6.067269305227349e+00
3.588508379192160e-02 6.096843451935257e+00
3.608353019511584e-02 6.126410151384817e+00
3.628219587610367e-02 6.155969405486118e+00
3.648108119852984e-02 6.185521216146768e+00
3.668018652684366e-02 6.215065585271894e+00
3.687951222630115e-02 6.244602514764161e+00
3.707905866296735e-02 6.274132006523573e+00
3.727882620371849e-02 6.303654062447762e+00
3.747881521624429e-02 6.333168684431797e+00
3.767902606905022e-02 6.362675874368236e+00
3.787945913145972e-02 6.392175634147058e+00
3.808011477361645e-02 6.421667965655793e+00
3.828099336648672e-02 6.451152870779396e+00
3.848209528186156e-02 6.480630351400329e+00
3.868342089235918e-02 6.510100409398476e+00
3.888497057142717e-02 6.539563046651189e+00
3.908674469334492e-02 6.569018265033350e+00
3.928874363322581e-02 6.598466066417160e+00
3.949096776701960e-02 6.627906452672406e+00
3.969341747151479e-02 6.657339425666279e+00
3.989609312434088e-02 6.686764987263388e+00
4.009899510397080e-02 6.716183139325800e+00
4.030212378972321e-02 6.745593883713056e+00
4.050547956176489e-02 6.774997222282117e+00
4.070906280111311e-02 6.804393156887357e+00
4.091287388963798e-02 6.833781689380615e+00
4.111691321006491e-02 6.863162821611098e+00
4.132118114597691e-02 6.892536555425536e+00
4.152567808181706e-02 6.921902892668008e+00
4.173040440289089e-02 6.951261835180027e+00
4.193536049536886e-02 6.980613384800556e+00
4.214054674628869e-02 7.009957543365879e+00
4.234596354355786e-02 7.039294312709814e+00
4.255161127595607e-02 7.068623694663501e+00
4.275749033313762e-02 7.097945691055493e+00
4.296360110563396e-02 7.127260303711779e+00
4.316994398485607e-02 7.156567534455696e+00
4.337651936309703e-02 7.185867385108033e+00
4.358332763353443e-02 7.215159857486903e+00
4.379036919023289e-02 7.244444953407857e+00
4.399764442814660e-02 7.273722674683782e+00
4.420515374312175e-02 7.302993023125033e+00
4.441289753189913e-02 7.332256000539218e+00
4.462087619211662e-02 7.361511608731419e+00
4.482909012231173e-02 7.390759849504036e+00
4.503753972192416e-02 7.420000724656838e+00
4.524622539129833e-02 7.449234235987014e+00
4.545514753168593e-02 7.478460385289026e+00
4.566430654524860e-02 7.507679174354763e+00
4.587370283506034e-02 7.536890604973401e+00
4.608333680511022e-02 7.566094678931542e+00
4.629320886030498e-02 7.595291398013082e+00
4.650331940647155e-02 7.624480763999280e+00
4.671366885035973e-02 7.653662778668689e+00
4.692425759964482e-02 7.682837443797276e+00
4.713508606293025e-02 7.712004761158283e+00
4.734615464975017e-02 7.741164732522279e+00
4.755746377057216e-02 7.770317359657213e+00
4.776901383679987e-02 7.799462644328266e+00
4.798080526077571e-02 7.828600588298023e+00
4.819283845578350e-02 7.857731193326345e+00
4.840511383605112e-02 7.886854461170387e+00
4.861763181675335e-02 7.915970393584622e+00
4.883039281401442e-02 7.945078992320852e+00
4.904339724491079e-02 7.974180259128154e+00
4.925664552747390e-02 8.003274195752915e+00
4.947013808069287e-02 8.032360803938758e+00
4.968387532451725e-02 8.061440085426717e+00
4.989785767985977e-02 8.090512041954952e+00
5.011208556859913e-02 8.119576675259047e+00
5.032655941358274e-02 8.148633987071761e+00
5.054127963862952e-02 8.177683979123188e+00
5.075624666853265e-02 8.206726653140677e+00
5.097146092906249e-02 8.235762010848809e+00
5.118692284696923e-02 8.264790053969470e+00
5.140263284998581e-02 8.293810784221783e+00
5.161859136683077e-02 8.322824203322135e+00
5.183479882721098e-02 8.351830312984148e+00
5.205125566182463e-02 8.380829114918704e+00
5.226796230236395e-02 8.409820610833933e+00
5.248491918151824e-02 8.438804802435165e+00
5.270212673297656e-02 8.467781691425031e+00
5.291958539143079e-02 8.496751279503314e+00
5.313729559257843e-02 8.525713568367102e+00
5.335525777312557e-02 8.554668559710663e+00
5.357347237078970e-02 8.583616255225465e+00
5.379193982430282e-02 8.612556656600233e+00
5.401066057341421e-02 8.641489765520873e+00
5.422963505889348e-02 8.670415583670518e+00
5.444886372253348e-02 8.699334112729495e+00
5.466834700715333e-02 8.728245354375318e+00
5.488808535660133e-02 8.757149310282713e+00
5.510807921575799e-02 8.786045982123589e+00
5.532832903053902e-02 8.814935371567060e+00
5.554883524789838e-02 8.843817480279377e+00
5.576959831583126e-02 8.872692309923984e+00
5.599061868337710e-02 8.901559862161548e+00
5.621189680062272e-02 8.930420138649858e+00
5.643343311870526e-02 8.959273141043852e+00
5.665522808981533e-02 8.988118870995663e+00
5.687728216720005e-02 9.016957330154597e+00
5.709959580516619e-02 9.045788520167065e+00
5.732216945908315e-02 9.074612442676660e+00
5.754500358538620e-02 9.103429099324096e+00
5.776809864157955e-02 9.132238491747259e+00
5.799145508623944e-02 9.161040621581144e+00
5.821507337901734e-02 9.189835490457853e+00
5.843895398064305e-02 9.218623100006667e+00
5.866309735292797e-02 9.247403451853977e+00
5.888750395876812e-02 9.276176547623265e+00
5.911217426214745e-02 9.304942388935132e+00
5.933710872814097e-02 9.333700977407339e+00
5.956230782291803e-02 9.362452314654682e+00
5.978777201374543e-02 9.391196402289061e+00
6.001350176899077e-02 9.419933241919537e+00
6.023949755812562e-02 9.448662835152213e+00
6.046575985172879e-02 9.477385183590286e+00
6.069228912148960e-02 9.506100288834020e+00
6.091908584021116e-02 9.534808152480771e+00
6.114615048181368e-02 9.563508776124976e+00
6.137348352133771e-02 9.592202161358159e+00
6.160108543494752e-02 9.620888309768837e+00
6.182895669993438e-02 9.649567222942650e+00
6.205709779471992e-02 9.678238902462262e+00
6.228550919885947e-02 9.706903349907421e+00
6.251419139304543e-02 9.735560566854851e+00
6.274314485911060e-02 9.764210554878410e+00
6.297237008003165e-02 9.792853315548903e+00
6.320186753993240e-02 9.821488850434214e+00
6.343163772408734e-02 9.850117161099256e+00
6.366168111892501e-02 9.878738249105922e+00
6.389199821203136e-02 9.907352116013179e+00
6.412258949215330e-02 9.935958763376966e+00
6.435345544920214e-02 9.964558192750218e+00
6.458459657425700e-02 9.993150405682925e+00
6.481601335956834e-02 1.002173540372200e+01
6.504770629856141e-02 1.005031318841143e+01
6.527967588583987e-02 1.007888376129210e+01
6.551192261718915e-02 1.010744712390198e+01
6.574444698958007e-02 1.013600327777591e+01
6.597724950117244e-02 1.016455222444578e+01
6.621033065131847e-02 1.019309396544038e+01
6.644369094056647e-02 1.022162850228556e+01
6.667733087066438e-02 1.025015583650404e+01
6.691125094456338e-02 1.027867596961551e+01
6.714545166642144e-02 1.030718890313663e+01
6.737993354160707e-02 1.033569463858098e+01
6.761469707670284e-02 1.036419317745909e+01
6.784974277950906e-02 1.039268452127843e+01
6.808507115904747e-02 1.042116867154333e+01
6.832068272556484e-02 1.044964562975515e+01
6.855657799053679e-02 1.047811539741209e+01
6.879275746667136e-02 1.050657797600929e+01
6.902922166791277e-02 1.053503336703874e+01
6.926597110944521e-02 1.056348157198942e+01
6.950300630769643e-02 1.059192259234715e+01
6.974032778034170e-02 1.062035642959465e+01
6.997793604630737e-02 1.064878308521148e+01
7.021583162577481e-02 1.067720256067419e+01
7.045401504018414e-02 1.070561485745608e+01
7.069248681223803e-02 1.073401997702739e+01
7.093124746590555e-02 1.076241792085521e+01
7.117029752642601e-02 1.079080869040347e+01
7.140963752031278e-02 1.081919228713296e+01
7.164926797535716e-02 1.084756871250133e+01
7.188918942063234e-02 1.087593796796305e+01
7.212940238649714e-02 1.090430005496944e+01
7.236990740460009e-02 1.093265497496864e+01
7.261070500788321e-02 1.096100272940562e+01
7.285179573058602e-02 1.098934331972215e+01
7.309318010824950e-02 1.101767674735684e+01
7.333485867771999e-02 1.104600301374509e+01
7.357683197715327e-02 1.107432212031912e+01
7.381910054601844e-02 1.110263406850790e+01
7.406166492510199e-02 1.113093885973726e+01
7.430452565651186e-02 1.115923649542972e+01
7.454768328368140e-02 1.118752697700467e+01
7.479113835137345e-02 1.121581030587821e+01
7.503489140568448e-02 1.124408648346328e+01
7.527894299404855e-02 1.127235551116947e+01
7.552329366524151e-02 1.130061739040325e+01
7.576794396938503e-02 1.132887212256772e+01
7.601289445795081e-02 1.135711970906280e+01
7.625814568376468e-02 1.138536015128513e+01
7.650369820101076e-02 1.141359345062807e+01
7.674955256523562e-02 1.144181960848172e+01
7.699570933335252e-02 1.147003862623288e+01
7.724216906364557e-02 1.149825050526509e+01
7.748893231577395e-02 1.152645524695856e+01
7.773599965077618e-02 1.155465285269025e+01
7.798337163107434e-02 1.158284332383378e+01
7.823104882047838e-02 1.161102666175945e+01
7.847903178419030e-02 1.163920286783426e+01
7.872732108880862e-02 1.166737194342190e+01
7.897591730233249e-02 1.169553388988272e+01
7.922482099416624e-02 1.172368870857370e+01
7.947403273512355e-02 1.175183640084855e+01
7.972355309743188e-02 1.177997696805755e+01
7.997338265473690e-02 1.180811041154769e+01
8.022352198210676e-02 1.183623673266257e+01
8.047397165603665e-02 1.186435593274241e+01
8.072473225445305e-02 1.189246801312407e+01
8.097580435671847e-02 1.192057297514108e+01
8.122718854363553e-02 1.194867082012347e+01
8.147888539745175e-02 1.197676154939797e+01
8.173089550186390e-02 1.200484516428789e+01
8.198321944202250e-02 1.203292166611311e+01
8.223585780453643e-02 1.206099105619013e+01
8.248881117747743e-02 1.208905333583199e+01
8.274208015038467e-02 1.211710850634834e+01
8.299566531426934e-02 1.214515656904540e+01
8.324956726161921e-02 1.217319752522591e+01
8.350378658640324e-02 1.220123137618920e+01
8.375832388407634e-02 1.222925812323116e+01
8.401317975158379e-02 1.225727776764417e+01
8.426835478736615e-02 1.228529031071719e+01
8.452384959136376e-02 1.231329575373566e+01
8.477966476502158e-02 1.234129409798161e+01
8.503580091129377e-02 1.236928534473352e+01
8.529225863464852e-02 1.239726949526643e+01
8.554903854107283e-02 1.242524655085181e+01
8.580614123807719e-02 1.245321651275768e+01
8.606356733470041e-02 1.248117938224853e+01
8.632131744151446e-02 1.250913516058534e+01
8.657939217062931e-02 1.253708384902554e+01
8.683779213569764e-02 1.256502544882304e+01
8.709651795191994e-02 1.259295996122820e+01
8.735557023604913e-02 1.262088738748782e+01
8.761494960639567e-02 1.264880772884520e+01
8.787465668283233e-02 1.267672098653999e+01
8.813469208679924e-02 1.270462716180833e+01
8.839505644130882e-02 1.273252625588277e+01
8.865575037095069e-02 1.276041826999228e+01
8.891677450189674e-02 1.278830320536221e+01
8.917812946190608e-02 1.281618106321434e+01
8.943981588033016e-02 1.284405184476685e+01
8.970183438811770e-02 1.287191555123426e+01
8.996418561781989e-02 1.289977218382750e+01
9.022687020359541e-02 1.292762174375387e+01
9.048988878121553e-02 1.295546423221705e+01
9.075324198806925e-02 1.298329965041704e+01
9.101693046316850e-02 1.301112799955020e+01
9.128095484715322e-02 1.303894928080926e+01
9.154531578229663e-02 1.306676349538326e+01
9.181001391251035e-02 1.309457064445753e+01
9.207504988334976e-02 1.312237072921378e+01
9.234042434201913e-02 1.315016375083001e+01
9.260613793737685e-02 1.317794971048052e+01
9.287219131994094e-02 1.320572860933589e+01
9.313858514189410e-02 1.323350044856301e+01
9.340532005708921e-02 1.326126522932504e+01
9.367239672105455e-02 1.328902295278140e+01
9.393981579099936e-02 1.331677362008780e+01
9.420757792581902e-02 1.334451723239619e+01
9.447568378610058e-02 1.337225379085478e+01
9.474413403412817e-02 1.339998329660800e+01
9.501292933388843e-02 1.342770575079652e+01
9.528207035107604e-02 1.345542115455723e+01
9.555155775309913e-02 1.348312950902328e+01
9.582139220908495e-02 1.351083081532395e+01
9.609157438988515e-02 1.353852507458481e+01
9.636210496808165e-02 1.356621228792754e+01
9.663298461799191e-02 1.359389245647004e+01
9.690421401567484e-02 1.362156558132639e+01
9.717579383893615e-02 1.364923166360684e+01
9.744772476733418e-02 1.367689070441778e+01
9.772000748218554e-02 1.370454270486178e+01
9.799264266657066e-02 1.373218766603750e+01
9.826563100533972e-02 1.375982558903979e+01
9.853897318511820e-02 1.378745647495961e+01
9.881266989431274e-02 1.381508032488403e+01
9.908672182311686e-02 1.384269713989622e+01
9.936112966351683e-02 1.387030692107546e+01
9.963589410929743e-02 1.389790966949712e+01
9.991101585604786e-02 1.392550538623269e+01
1.001864956011675e-01 1.395309407234965e+01
1.004623340438719e-01 1.398067572891163e+01
1.007385318851988e-01 1.400825035697827e+01
1.010150898280137e-01 1.403581795760527e+01
1.012920085770162e-01 1.406337853184438e+01
1.015692888387459e-01 1.409093208074338e+01
1.018469313215882e-01 1.411847860534604e+01
1.021249367357806e-01 1.414601810669220e+01
1.024033057934187e-01 1.417355058581764e+01
1.026820392084621e-01 1.420107604375419e+01
1.029611376967406e-01 1.422859448152964e+01
1.032406019759605e-01 1.425610590016776e+01
1.035204327657106e-01 1.428361030068829e+01
1.038006307874681e-01 1.431110768410693e+01
1.040811967646056e-01 1.433859805143535e+01
1.043621314223963e-01 1.436608140368112e+01
1.046434354880210e-01 1.439355774184777e+01
1.049251096905742e-01 1.442102706693473e+01
1.052071547610702e-01 1.444848937993740e+01
1.054895714324496e-01 1.447594468184700e+01
1.057723604395856e-01 1.450339297365073e+01
1.060555225192904e-01 1.453083425633160e+01
1.063390584103215e-01 1.455826853086854e+01
1.066229688533883e-01 1.458569579823633e+01
1.069072545911585e-01 1.461311605940564e+01
1.071919163682643e-01 1.464052931534295e+01
1.074769549313093e-01 1.466793556701058e+01
1.077623710288750e-01 1.469533481536669e+01
1.080481654115269e-01 1.472272706136525e+01
1.083343388318216e-01 1.475011230595607e+01
1.086208920443131e-01 1.477749055008470e+01
1.089078258055595e-01 1.480486179469255e+01
1.091951408741299e-01 1.483222604071673e+01
1.094828380106106e-01 1.485958328909020e+01
1.097709179776122e-01 1.488693354074163e+01
1.100593815397763e-01 1.491427679659547e+01
1.103482294637821e-01 1.494161305757187e+01
1.106374625183532e-01 1.496894232458673e+01
1.109270814742646e-01 1.499626459855169e+01
1.112170871043494e-01 1.502357988037408e+01
1.115074801835059e-01 1.505088817095691e+01
1.117982614887040e-01 1.507818947119893e+01
1.120894317989926e-01 1.510548378199452e+01
1.123809918955066e-01 1.513277110423378e+01
1.126729425614733e-01 1.516005143880240e+01
1.129652845822202e-01 1.518732478658177e+01
1.132580187451813e-01 1.521459114844893e+01
1.135511458399048e-01 1.524185052527649e+01
1.138446666580598e-01 1.526910291793271e+01
1.141385819934435e-01 1.529634832728148e+01
1.144328926419884e-01 1.532358675418223e+01
1.147275994017696e-01 1.535081819949004e+01
1.150227030730118e-01 1.537804266405550e+01
1.153182044580965e-01 1.540526014872481e+01
1.156141043615699e-01 1.543247065433971e+01
1.159104035901491e-01 1.545967418173747e+01
1.162071029527305e-01 1.548687073175090e+01
1.165042032603964e-01 1.551406030520835e+01
1.168017053264229e-01 1.554124290293365e+01
1.170996099662871e-01 1.556841852574613e+01
1.173979179976745e-01 1.559558717446065e+01
1.176966302404865e-01 1.562274884988747e+01
1.179957475168480e-01 1.564990355283239e+01
1.182952706511152e-01 1.567705128409664e+01
1.185952004698823e-01 1.570419204447686e+01
1.188955378019901e-01 1.573132583476518e+01
1.191962834785331e-01 1.575845265574908e+01
1.194974383328674e-01 1.578557250821153e+01
1.197990032006181e-01 1.581268539293085e+01
1.201009789196872e-01 1.583979131068073e+01
1.204033663302615e-01 1.586689026223028e+01
1.207061662748203e-01 1.589398224834394e+01
1.210093795981429e-01 1.592106726978153e+01
1.213130071473171e-01 1.594814532729817e+01
1.216170497717464e-01 1.597521642164434e+01
1.219215083231586e-01 1.600228055356584e+01
1.222263836556131e-01 1.602933772380374e+01
1.225316766255093e-01 1.605638793309446e+01
1.228373880915945e-01 1.608343118216964e+01
1.231435189149720e-01 1.611046747175623e+01
1.234500699591092e-01 1.613749680257642e+01
1.237570420898454e-01 1.616451917534767e+01
1.240644361754006e-01 1.619153459078261e+01
1.243722530863828e-01 1.621854304958917e+01
1.246804936957973e-01 1.624554455247043e+01
1.249891588790539e-01 1.627253910012473e+01
1.252982495139760e-01 1.629952669324550e+01
1.256077664808083e-01 1.632650733252143e+01
1.259177106622256e-01 1.635348101863634e+01
1.262280829433410e-01 1.638044775226916e+01
1.265388842117142e-01 1.640740753409402e+01
1.268501153573606e-01 1.643436036478014e+01
1.271617772727587e-01 1.646130624499183e+01
1.274738708528595e-01 1.648824517538852e+01
1.277863969950949e-01 1.651517715662472e+01
1.280993565993861e-01 1.654210218935004e+01
1.284127505681524e-01 1.656902027420908e+01
1.287265798063198e-01 1.659593141184155e+01
1.290408452213296e-01 1.662283560288218e+01
1.293555477231475e-01 1.664973284796069e+01
1.296706882242721e-01 1.667662314770183e+01
1.299862676397436e-01 1.670350650272535e+01
1.303022868871531e-01 1.673038291364596e+01
1.306187468866510e-01 1.675725238107334e+01
1.309356485609563e-01 1.678411490561216e+01
1.312529928353654e-01 1.681097048786199e+01
1.315707806377611e-01 1.683781912841733e+01
1.318890128986216e-01 1.686466082786762e+01
1.322076905510299e-01 1.689149558679719e+01
1.325268145306825e-01 1.691832340578523e+01
1.328463857758987e-01 1.694514428540586e+01
1.331664052276300e-01 1.697195822622800e+01
1.334868738294689e-01 1.699876522881544e+01
1.338077925276587e-01 1.702556529372683e+01
1.341291622711025e-01 1.705235842151559e+01
1.344509840113725e-01 1.707914461272999e+01
1.347732587027196e-01 1.710592386791306e+01
1.350959873020827e-01 1.713269618760261e+01
1.354191707690981e-01 1.715946157233122e+01
1.357428100661094e-01 1.718622002262622e+01
1.360669061581763e-01 1.721297153900967e+01
1.363914600130853e-01 1.723971612199836e+01
1.367164726013581e-01 1.726645377210377e+01
1.370419448962620e-01 1.729318448983208e+01
1.373678778738198e-01 1.731990827568417e+01
1.376942725128188e-01 1.734662513015550e+01
1.380211297948214e-01 1.737333505373631e+01
1.383484507041743e-01 1.740003804691135e+01
1.386762362280189e-01 1.742673411016006e+01
1.390044873563008e-01 1.745342324395646e+01
1.393332050817799e-01 1.748010544876916e+01
1.396623904000407e-01 1.750678072506134e+01
1.399920443095018e-01 1.753344907329076e+01
1.403221678114266e-01 1.756011049390973e+01
1.406527619099328e-01 1.758676498736503e+01
1.409838276120033e-01 1.761341255409802e+01
1.413153659274957e-01 1.764005319454452e+01
1.416473778691531e-01 1.766668690913486e+01
1.419798644526141e-01 1.769331369829382e+01
1.423128266964235e-01 1.771993356244066e+01
1.426462656220421e-01 1.774654650198902e+01
1.429801822538579e-01 1.777315251734703e+01
1.433145776191961e-01 1.779975160891718e+01
1.436494527483295e-01 1.782634377709638e+01
1.439848086744898e-01 1.785292902227591e+01
1.443206464338772e-01 1.787950734484137e+01
1.446569670656721e-01 1.790607874517276e+01
1.449937716120451e-01 1.793264322364438e+01
1.453310611181682e-01 1.795920078062485e+01
1.456688366322251e-01 1.798575141647708e+01
1.460070992054227e-01 1.801229513155826e+01
1.463458498920015e-01 1.803883192621985e+01
1.466850897492469e-01 1.806536180080753e+01
1.470248198374999e-01 1.809188475566126e+01
1.473650412201682e-01 1.811840079111517e+01
1.477057549637377e-01 1.814490990749761e+01
1.480469621377830e-01 1.817141210513113e+01
1.483886638149791e-01 1.819790738433238e+01
1.487308610711124e-01 1.822439574541221e+01
1.490735549850921e-01 1.825087718867561e+01
1.494167466389613e-01 1.827735171442166e+01
1.497604371179088e-01 1.830381932294353e+01
1.501046275102803e-01 1.833028001452849e+01
1.504493189075897e-01 1.835673378945788e+01
1.507945124045310e-01 1.838318064800705e+01
1.511402090989898e-01 1.840962059044543e+01
1.514864100920546e-01 1.843605361703641e+01
1.518331164880289e-01 1.846247972803741e+01
1.521803293944430e-01 1.848889892369982e+01
1.525280499220653e-01 1.851531120426899e+01
1.528762791849146e-01 1.854171656998419e+01
1.532250183002716e-01 1.856811502107866e+01
1.535742683886915e-01 1.859450655777949e+01
1.539240305740152e-01 1.862089118030772e+01
1.542743059833819e-01 1.864726888887820e+01
1.546250957472411e-01 1.867363968369968e+01
1.549764009993646e-01 1.870000356497473e+01
1.553282228768589e-01 1.872636053289972e+01
1.556805625201773e-01 1.875271058766484e+01
1.560334210731324e-01 1.877905372945407e+01
1.563867996829084e-01 1.880538995844512e+01
1.567406995000734e-01 1.883171927480946e+01
1.570951216785921e-01 1.885804167871228e+01
1.574500673758384e-01 1.888435717031249e+01
1.578055377526075e-01 1.891066574976267e+01
1.581615339731293e-01 1.893696741720909e+01
1.585180572050805e-01 1.896326217279165e+01
1.588751086195975e-01 1.898955001664390e+01
1.592326893912894e-01 1.901583094889297e+01
1.595908006982509e-01 1.904210496965961e+01
1.599494437220750e-01 1.906837207905816e+01
1.603086196478662e-01 1.909463227719647e+01
1.606683296642534e-01 1.912088556417595e+01
1.610285749634030e-01 1.914713194009153e+01
1.613893567410324e-01 1.917337140503164e+01
1.617506761964227e-01 1.919960395907816e+01
1.621125345324327e-01 1.922582960230645e+01
1.624749329555112e-01 1.925204833478530e+01
1.628378726757116e-01 1.927826015657692e+01
1.632013549067046e-01 1.930446506773691e+01
1.635653808657917e-01 1.933066306831427e+01
1.639299517739195e-01 1.935685415835133e+01
1.642950688556923e-01 1.938303833788376e+01
1.646607333393869e-01 1.940921560694056e+01
1.650269464569654e-01 1.943538596554402e+01
1.653937094440899e-01 1.946154941370971e+01
1.657610235401357e-01 1.948770595144643e+01
1.661288899882056e-01 1.951385557875628e+01
1.664973100351440e-01 1.953999829563448e+01
1.668662849315506e-01 1.956613410206952e+01
1.672358159317950e-01 1.959226299804303e+01
1.676059042940308e-01 1.961838498352978e+01
1.679765512802096e-01 1.964450005849769e+01
1.683477581560956e-01 1.967060822290780e+01
1.687195261912800e-01 1.969670947671420e+01
1.690918566591953e-01 1.972280381986408e+01
1.694647508371303e-01 1.974889125229764e+01
1.698382100062439e-01 1.977497177394813e+01
1.702122354515806e-01 1.980104538474179e+01
1.705868284620847e-01 1.982711208459785e+01
1.709619903306154e-01 1.985317187342849e+01
1.713377223539615e-01 1.987922475113881e+01
1.717140258328564e-01 1.990527071762684e+01
1.720909020719932e-01 1.993130977278351e+01
1.724683523800395e-01 1.995734191649258e+01
1.728463780696529e-01 1.998336714863070e+01
1.732249804574962e-01 2.000938546906732e+01
1.736041608642522e-01 2.003539687766469e+01
1.739839206146396e-01 2.006140137427786e+01
1.743642610374282e-01 2.008739895875460e+01
1.747451834654544e-01 2.011338963093543e+01
1.751266892356369e-01 2.013937339065360e+01
1.755087796889920e-01 2.016535023773501e+01
1.758914561706499e-01 2.019132017199824e+01
1.762747200298698e-01 2.021728319325452e+01
1.766585726200562e-01 2.024323930130768e+01
1.770430152987748e-01 2.026918849595414e+01
1.774280494277683e-01 2.029513077698290e+01
1.778136763729729e-01 2.032106614417552e+01
1.781998975045335e-01 2.034699459730604e+01
1.785867141968214e-01 2.037291613614104e+01
1.789741278284492e-01 2.039883076043954e+01
1.793621397822881e-01 2.042473846995304e+01
1.797507514454837e-01 2.045063926442543e+01
1.801399642094731e-01 2.047653314359303e+01
1.805297794700013e-01 2.050242010718452e+01
1.809201986271374e-01 2.052830015492095e+01
1.813112230852925e-01 2.055417328651566e+01
1.817028542532352e-01 2.058003950167432e+01
1.820950935441095e-01 2.060589880009489e+01
1.824879423754513e-01 2.063175118146754e+01
1.828814021692058e-01 2.065759664547470e+01
1.832754743517444e-01 2.068343519179099e+01
1.836701603538819e-01 2.070926682008320e+01
1.840654616108941e-01 2.073509153001027e+01
1.844613795625351e-01 2.076090932122329e+01
1.848579156530546e-01 2.078672019336542e+01
1.852550713312154e-01 2.081252414607189e+01
1.856528480503117e-01 2.083832117897001e+01
1.860512472681858e-01 2.086411129167906e+01
1.864502704472469e-01 2.088989448381038e+01
1.868499190544883e-01 2.091567075496719e+01
1.872501945615059e-01 2.094144010474476e+01
1.876510984445156e-01 2.096720253273019e+01
1.880526321843721e-01 2.099295803850249e+01
1.884547972665869e-01 2.101870662163254e+01
1.888575951813465e-01 2.104444828168305e+01
1.892610274235309e-01 2.107018301820855e+01
1.896650954927321e-01 2.109591083075533e+01
1.900698008932728e-01 2.112163171886144e+01
1.904751451342247e-01 2.114734568205666e+01
1.908811297294278e-01 2.117305271986245e+01
1.912877561975086e-01 2.119875283179196e+01
1.916950260618998e-01 2.122444601735000e+01
1.921029408508584e-01 2.125013227603293e+01
1.925115020974857e-01 2.127581160732875e+01
1.929207113397461e-01 2.130148401071700e+01
1.933305701204862e-01 2.132714948566875e+01
1.937410799874547e-01 2.135280803164658e+01
1.941522424933214e-01 2.137845964810453e+01
1.945640591956971e-01 2.140410433448807e+01
1.949765316571529e-01 2.142974209023411e+01
1.953896614452405e-01 2.145537291477095e+01
1.958034501325117e-01 2.148099680751821e+01
1.962178992965384e-01 2.150661376788688e+01
1.966330105199324e-01 2.153222379527920e+01
1.970487853903664e-01 2.155782688908872e+01
1.974652255005929e-01 2.158342304870019e+01
1.978823324484660e-01 2.160901227348962e+01
1.983001078369605e-01 2.163459456282414e+01
1.987185532741938e-01 2.166016991606207e+01
1.991376703734450e-01 2.168573833255282e+01
1.995574607531770e-01 2.171129981163691e+01
1.999779260370564e-01 2.173685435264590e+01
2.003990678539751e-01 2.176240195490237e+01
2.008208878380708e-01 2.178794261771991e+01
2.012433876287484e-01 2.181347634040308e+01
2.016665688707013e-01 2.183900312224736e+01
2.020904332139325e-01 2.186452296253913e+01
2.025149823137765e-01 2.189003586055565e+01
2.029402178309200e-01 2.191554181556498e+01
2.033661414314247e-01 2.194104082682607e+01
2.037927547867480e-01 2.196653289358855e+01
2.042200595737655e-01 2.199201801509287e+01
2.046480574747928e-01 2.201749619057013e+01
2.050767501776074e-01 2.204296741924215e+01
2.055061393754713e-01 2.206843170032137e+01
2.059362267671528e-01 2.209388903301086e+01
2.063670140569495e-01 2.211933941650426e+01
2.067985029547098e-01 2.214478284998577e+01
2.072306951758570e-01 2.217021933263008e+01
2.076635924414106e-01 2.219564886360239e+01
2.080971964780100e-01 2.222107144205833e+01
2.085315090179372e-01 2.224648706714394e+01
2.089665317991398e-01 2.227189573799566e+01
2.094022665652543e-01 2.229729745374025e+01
2.098387150656295e-01 2.232269221349480e+01
2.102758790553496e-01 2.234808001636667e+01
2.107137602952578e-01 2.237346086145348e+01
2.111523605519805e-01 2.239883474784304e+01
2.115916815979499e-01 2.242420167461334e+01
2.120317252114292e-01 2.244956164083251e+01
2.124724931765355e-01 2.247491464555877e+01
2.129139872832649e-01 2.250026068784044e+01
2.133562093275156e-01 2.252559976671586e+01
2.137991611111132e-01 2.255093188121337e+01
2.142428444418349e-01 2.257625703035123e+01
2.146872611334338e-01 2.260157521313771e+01
2.151324130056640e-01 2.262688642857089e+01
2.155783018843052e-01 2.265219067563877e+01
2.160249296011876e-01 2.267748795331911e+01
2.164722979942175e-01 2.270277826057950e+01
2.169204089074018e-01 2.272806159637722e+01
2.173692641908738e-01 2.275333795965934e+01
2.178188657009184e-01 2.277860734936251e+01
2.182692152999980e-01 2.280386976441306e+01
2.187203148567781e-01 2.282912520372692e+01
2.191721662461528e-01 2.285437366620957e+01
2.196247713492713e-01 2.287961515075600e+01
2.200781320535635e-01 2.290484965625069e+01
2.205322502527669e-01 2.293007718156758e+01
2.209871278469521e-01 2.295529772556997e+01
2.214427667425503e-01 2.298051128711058e+01
2.218991688523790e-01 2.300571786503144e+01
2.223563360956691e-01 2.303091745816383e+01
2.228142703980924e-01 2.305611006532836e+01
2.232729736917875e-01 2.308129568533477e+01
2.237324479153881e-01 2.310647431698204e+01
2.241926950140494e-01 2.313164595905822e+01
2.246537169394760e-01 2.315681061034050e+01
2.251155156499498e-01 2.318196826959508e+01
2.255780931103568e-01 2.320711893557722e+01
2.260414512922161e-01 2.323226260703112e+01
2.265055921737068e-01 2.325739928268991e+01
2.269705177396972e-01 2.328252896127561e+01
2.274362299817721e-01 2.330765164149911e+01
2.279027308982621e-01 2.333276732206008e+01
2.283700224942714e-01 2.335787600164695e+01
2.288381067817075e-01 2.338297767893693e+01
2.293069857793090e-01 2.340807235259584e+01
2.297766615126753e-01 2.343316002127819e+01
2.302471360142957e-01 2.345824068362706e+01
2.307184113235783e-01 2.348331433827411e+01
2.311904894868802e-01 2.350838098383949e+01
2.316633725575364e-01 2.353344061893183e+01
2.321370625958900e-01 2.355849324214818e+01
2.326115616693219e-01 2.358353885207399e+01
2.330868718522810e-01 2.360857744728303e+01
2.335629952263145e-01 2.363360902633737e+01
2.340399338800980e-01 2.365863358778734e+01
2.345176899094664e-01 2.368365113017148e+01
2.349962654174444e-01 2.370866165201649e+01
2.354756625142772e-01 2.373366515183717e+01
2.359558833174621e-01 2.375866162813643e+01
2.364369299517787e-01 2.378365107940517e+01
2.369188045493215e-01 2.380863350412231e+01
2.374015092495300e-01 2.383360890075469e+01
2.378850461992217e-01 2.385857726775702e+01
2.383694175526230e-01 2.388353860357191e+01
2.388546254714014e-01 2.390849290662973e+01
2.393406721246982e-01 2.393344017534861e+01
2.398275596891596e-01 2.395838040813440e+01
2.403152903489710e-01 2.398331360338060e+01
2.408038662958876e-01 2.400823975946831e+01
2.412932897292690e-01 2.403315887476623e+01
2.417835628561111e-01 2.405807094763056e+01
2.422746878910798e-01 2.408297597640496e+01
2.427666670565441e-01 2.410787395942052e+01
2.432595025826096e-01 2.413276489499571e+01
2.437531967071528e-01 2.415764878143633e+01
2.442477516758537e-01 2.418252561703545e+01
2.447431697422313e-01 2.420739540007337e+01
2.452394531676767e-01 2.423225812881754e+01
2.457366042214884e-01 2.425711380152260e+01
2.462346251809061e-01 2.428196241643021e+01
2.467335183311457e-01 2.430680397176909e+01
2.472332859654350e-01 2.433163846575494e+01
2.477339303850475e-01 2.435646589659038e+01
2.482354538993389e-01 2.438128626246491e+01
2.487378588257819e-01 2.440609956155485e+01
2.492411474900023e-01 2.443090579202331e+01
2.497453222258147e-01 2.445570495202011e+01
2.502503853752585e-01 2.448049703968175e+01
2.507563392886342e-01 2.450528205313137e+01
2.512631863245402e-01 2.453005999047862e+01
2.517709288499089e-01 2.455483084981973e+01
2.522795692400440e-01 2.457959462923736e+01
2.527891098786571e-01 2.460435132680058e+01
2.532995531579056e-01 2.462910094056482e+01
2.538109014784293e-01 2.465384346857183e+01
2.543231572493888e-01 2.467857890884957e+01
2.548363228885026e-01 2.470330725941223e+01
2.553504008220860e-01 2.472802851826012e+01
2.558653934850887e-01 2.475274268337966e+01
2.563813033211331e-01 2.477744975274325e+01
2.568981327825538e-01 2.480214972430932e+01
2.574158843304354e-01 2.482684259602220e+01
2.579345604346527e-01 2.485152836581206e+01
2.584541635739087e-01 2.487620703159492e+01
2.589746962357753e-01 2.490087859127251e+01
2.594961609167319e-01 2.492554304273229e+01
2.600185601222064e-01 2.495020038384732e+01
2.605418963666146e-01 2.497485061247629e+01
2.610661721734004e-01 2.499949372646336e+01
2.615913900750773e-01 2.502412972363819e+01
2.621175526132677e-01 2.504875860181582e+01
2.626446623387459e-01 2.507338035879666e+01
2.631727218114770e-01 2.509799499236641e+01
2.637017336006603e-01 2.512260250029598e+01
2.642317002847701e-01 2.514720288034147e+01
2.647626244515971e-01 2.517179613024407e+01
2.652945086982920e-01 2.519638224773006e+01
2.658273556314061e-01 2.522096123051066e+01
2.663611678669353e-01 2.524553307628207e+01
2.668959480303621e-01 2.527009778272532e+01
2.674316987566990e-01 2.529465534750626e+01
2.679684226905314e-01 2.531920576827550e+01
2.685061224860618e-01 2.534374904266832e+01
2.690448008071527e-01 2.536828516830464e+01
2.695844603273713e-01 2.539281414278893e+01
2.701251037300332e-01 2.541733596371013e+01
2.706667337082476e-01 2.544185062864166e+01
2.712093529649608e-01 2.546635813514128e+01
2.717529642130028e-01 2.549085848075108e+01
2.722975701751307e-01 2.551535166299737e+01
2.728431735840757e-01 2.553983767939066e+01
2.733897771825880e-01 2.556431652742554e+01
2.739373837234829e-01 2.558878820458071e+01
2.744859959696871e-01 2.561325270831879e+01
2.750356166942849e-01 2.563771003608632e+01
2.755862486805657e-01 2.566216018531376e+01
2.761378947220697e-01 2.568660315341527e+01
2.766905576226366e-01 2.571103893778879e+01
2.772442401964516e-01 2.573546753581586e+01
2.777989452680945e-01 2.575988894486165e+01
2.783546756725870e-01 2.578430316227482e+01
2.789114342554412e-01 2.580871018538747e+01
2.794692238727082e-01 2.583311001151510e+01
2.800280473910265e-01 2.585750263795650e+01
2.805879076876722e-01 2.588188806199373e+01
2.811488076506066e-01 2.590626628089197e+01
2.817107501785281e-01 2.593063729189955e+01
2.822737381809201e-01 2.595500109224780e+01
2.828377745781023e-01 2.597935767915103e+01
2.834028623012813e-01 2.600370704980641e+01
2.839690042926004e-01 2.602804920139396e+01
2.845362035051919e-01 2.605238413107640e+01
2.851044629032274e-01 2.607671183599919e+01
2.856737854619702e-01 2.610103231329032e+01
2.862441741678268e-01 2.612534556006035e+01
2.868156320183991e-01 2.614965157340228e+01
2.873881620225372e-01 2.617395035039148e+01
2.879617672003921e-01 2.619824188808564e+01
2.885364505834684e-01 2.622252618352466e+01
2.891122152146785e-01 2.624680323373064e+01
2.896890641483955e-01 2.627107303570770e+01
2.902670004505080e-01 2.629533558644202e+01
2.908460271984734e-01 2.631959088290166e+01
2.914261474813736e-01 2.634383892203657e+01
2.920073643999692e-01 2.636807970077845e+01
2.925896810667553e-01 2.639231321604070e+01
2.931731006060162e-01 2.641653946471836e+01
2.937576261538825e-01 2.644075844368799e+01
2.943432608583860e-01 2.646497014980761e+01
2.949300078795172e-01 2.648917457991664e+01
2.955178703892819e-01 2.651337173083579e+01
2.961068515717576e-01 2.653756159936700e+01
2.966969546231526e-01 2.656174418229336e+01
2.972881827518618e-01 2.658591947637900e+01
2.978805391785266e-01 2.661008747836907e+01
2.984740271360924e-01 2.663424818498957e+01
2.990686498698677e-01 2.665840159294735e+01
2.996644106375832e-01 2.668254769893000e+01
3.002613127094514e-01 2.670668649960573e+01
3.008593593682264e-01 2.673081799162336e+01
3.014585539092638e-01 2.675494217161217e+01
3.020588996405820e-01 2.677905903618184e+01
3.026603998829218e-01 2.680316858192237e+01
3.032630579698090e-01 2.682727080540399e+01
3.038668772476150e-01 2.685136570317709e+01
3.044718610756193e-01 2.687545327177208e+01
3.050780128260715e-01 2.689953350769938e+01
3.056853358842540e-01 2.692360640744928e+01
3.062938336485452e-01 2.694767196749187e+01
3.069035095304826e-01 2.697173018427694e+01
3.075143669548270e-01 2.699578105423392e+01
3.081264093596259e-01 2.701982457377175e+01
3.087396401962788e-01 2.704386073927882e+01
3.093540629296015e-01 2.706788954712288e+01
3.099696810378919e-01 2.709191099365095e+01
3.105864980129948e-01 2.711592507518917e+01
3.112045173603689e-01 2.713993178804284e+01
3.118237425991526e-01 2.716393112849617e+01
3.124441772622307e-01 2.718792309281231e+01
3.130658248963021e-01 2.721190767723319e+01
3.136886890619470e-01 2.723588487797948e+01
3.143127733336951e-01 2.725985469125044e+01
3.149380813000937e-01 2.728381711322384e+01
3.155646165637767e-01 2.730777214005590e+01
3.161923827415337e-01 2.733171976788115e+01
3.168213834643797e-01 2.735565999281237e+01
3.174516223776249e-01 2.737959281094045e+01
3.180831031409456e-01 2.740351821833436e+01
3.187158294284543e-01 2.742743621104098e+01
3.193498049287715e-01 2.745134678508506e+01
3.199850333450971e-01 2.747524993646905e+01
3.206215183952831e-01 2.749914566117310e+01
3.212592638119049e-01 2.752303395515487e+01
3.218982733423358e-01 2.754691481434948e+01
3.225385507488192e-01 2.757078823466940e+01
3.231800998085427e-01 2.759465421200432e+01
3.238229243137132e-01 2.761851274222110e+01
3.244670280716301e-01 2.764236382116362e+01
3.251124149047621e-01 2.766620744465270e+01
3.257590886508215e-01 2.769004360848599e+01
3.264070531628411e-01 2.771387230843786e+01
3.270563123092504e-01 2.773769354025935e+01
3.277068699739525e-01 2.776150729967794e+01
3.283587300564018e-01 2.778531358239758e+01
3.290118964716815e-01 2.780911238409850e+01
3.296663731505828e-01 2.783290370043714e+01
3.303221640396826e-01 2.785668752704601e+01
3.309792731014238e-01 2.788046385953361e+01
3.316377043141948e-01 2.790423269348432e+01
3.322974616724093e-01 2.792799402445828e+01
3.329585491865880e-01 2.795174784799126e+01
3.336209708834391e-01 2.797549415959461e+01
3.342847308059404e-01 2.799923295475507e+01
3.349498330134214e-01 2.802296422893470e+01
3.356162815816464e-01 2.804668797757081e+01
3.362840806028972e-01 2.807040419607576e+01
3.369532341860571e-01 2.809411287983688e+01
3.376237464566956e-01 2.811781402421639e+01
3.382956215571524e-01 2.814150762455124e+01
3.389688636466235e-01 2.816519367615302e+01
3.396434769012462e-01 2.818887217430783e+01
3.403194655141861e-01 2.821254311427615e+01
3.409968336957239e-01 2.823620649129277e+01
3.416755856733424e-01 2.825986230056662e+01
3.423557256918150e-01 2.828351053728068e+01
3.430372580132937e-01 2.830715119659183e+01
3.437201869173984e-01 2.833078427363079e+01
3.444045167013063e-01 2.835440976350192e+01
3.450902516798423e-01 2.837802766128315e+01
3.457773961855697e-01 2.840163796202585e+01
3.464659545688808e-01 2.842524066075470e+01
3.471559311980897e-01 2.844883575246756e+01
3.478473304595236e-01 2.847242323213535e+01
3.485401567576168e-01 2.849600309470193e+01
3.492344145150037e-01 2.851957533508398e+01
3.499301081726126e-01 2.854313994817084e+01
3.506272421897611e-01 2.856669692882443e+01
3.513258210442509e-01 2.859024627187907e+01
3.520258492324636e-01 2.861378797214141e+01
3.527273312694577e-01 2.863732202439023e+01
3.534302716890651e-01 2.866084842337638e+01
3.541346750439890e-01 2.868436716382259e+01
3.548405459059024e-01 2.870787824042339e+01
3.555478888655466e-01 2.873138164784492e+01
3.562567085328309e-01 2.875487738072484e+01
3.569670095369330e-01 2.877836543367219e+01
3.576787965263993e-01 2.880184580126724e+01
3.583920741692467e-01 2.882531847806136e+01
3.591068471530643e-01 2.884878345857688e+01
3.598231201851167e-01 2.887224073730696e+01
3.605408979924465e-01 2.889569030871546e+01
3.612601853219788e-01 2.891913216723676e+01
3.619809869406260e-01 2.894256630727569e+01
3.627033076353926e-01 2.896599272320730e+01
3.634271522134815e-01 2.898941140937681e+01
3.641525255024006e-01 2.901282236009938e+01
3.648794323500699e-01 2.903622556966006e+01
3.656078776249302e-01 2.905962103231357e+01
3.663378662160507e-01 2.908300874228416e+01
3.670694030332393e-01 2.910638869376553e+01
3.678024930071523e-01 2.912976088092061e+01
3.685371410894053e-01 2.915312529788144e+01
3.692733522526843e-01 2.917648193874905e+01
3.700111314908583e-01 2.919983079759325e+01
3.707504838190926e-01 2.922317186845254e+01
3.714914142739613e-01 2.924650514533392e+01
3.722339279135626e-01 2.926983062221275e+01
3.729780298176337e-01 2.929314829303261e+01
3.737237250876663e-01 2.931645815170511e+01
3.744710188470237e-01 2.933976019210979e+01
3.752199162410579e-01 2.936305440809392e+01
3.759704224372276e-01 2.938634079347236e+01
3.767225426252168e-01 2.940961934202738e+01
3.774762820170555e-01 2.943289004750857e+01
3.782316458472385e-01 2.945615290363259e+01
3.789886393728481e-01 2.947940790408307e+01
3.797472678736750e-01 2.950265504251044e+01
3.805075366523416e-01 2.952589431253174e+01
3.812694510344251e-01 2.954912570773050e+01
3.820330163685824e-01 2.957234922165652e+01
3.827982380266751e-01 2.959556484782578e+01
3.835651214038950e-01 2.961877257972023e+01
3.843336719188915e-01 2.964197241078757e+01
3.851038950138987e-01 2.966516433444119e+01
3.858757961548647e-01 2.968834834405996e+01
3.866493808315798e-01 2.971152443298800e+01
3.874246545578073e-01 2.973469259453459e+01
3.882016228714146e-01 2.975785282197396e+01
3.889802913345045e-01 2.978100510854512e+01
3.897606655335489e-01 2.980414944745171e+01
3.905427510795207e-01 2.982728583186177e+01
3.913265536080305e-01 2.985041425490763e+01
3.921120787794600e-01 2.987353470968567e+01
3.928993322790995e-01 2.989664718925621e+01
3.936883198172845e-01 2.991975168664327e+01
3.944790471295337e-01 2.994284819483441e+01
3.952715199766887e-01 2.996593670678057e+01
3.960657441450528e-01 2.998901721539587e+01
3.968617254465328e-01 3.001208971355741e+01
3.976594697187801e-01 3.003515419410512e+01
3.984589828253340e-01 3.005821064984153e+01
3.992602706557650e-01 3.008125907353165e+01
4.000633391258189e-01 3.010429945790269e+01
4.008681941775639e-01 3.012733179564397e+01
4.016748417795353e-01 3.015035607940666e+01
4.024832879268848e-01 3.017337230180360e+01
4.032935386415273e-01 3.019638045540913e+01
4.041055999722919e-01 3.021938053275890e+01
4.049194779950717e-01 3.024237252634963e+01
4.057351788129753e-01 3.026535642863895e+01
4.065527085564796e-01 3.028833223204521e+01
4.073720733835832e-01 3.031129992894726e+01
4.081932794799613e-01 3.033425951168425e+01
4.090163330591208e-01 3.035721097255544e+01
4.098412403625576e-01 3.038015430382000e+01
4.106680076599144e-01 3.040308949769679e+01
4.114966412491387e-01 3.042601654636418e+01
4.123271474566438e-01 3.044893544195981e+01
4.131595326374690e-01 3.047184617658043e+01
4.139938031754422e-01 3.049474874228163e+01
4.148299654833427e-01 3.051764313107770e+01
4.156680260030659e-01 3.054052933494137e+01
4.165079912057886e-01 3.056340734580361e+01
4.173498675921351e-01 3.058627715555340e+01
4.181936616923459e-01 3.060913875603758e+01
4.190393800664453e-01 3.063199213906054e+01
4.198870293044125e-01 3.065483729638406e+01
4.207366160263522e-01 3.067767421972711e+01
4.215881468826670e-01 3.070050290076555e+01
4.224416285542312e-01 3.072332333113201e+01
4.232970677525650e-01 3.074613550241558e+01
4.241544712200110e-01 3.076893940616164e+01
4.250138457299108e-01 3.079173503387160e+01
4.258751980867839e-01 3.081452237700270e+01
4.267385351265070e-01 3.083730142696776e+01
4.276038637164947e-01 3.086007217513497e+01
4.284711907558820e-01 3.088283461282766e+01
4.293405231757071e-01 3.090558873132402e+01
4.302118679390967e-01 3.092833452185692e+01
4.310852320414512e-01 3.095107197561367e+01
4.319606225106325e-01 3.097380108373573e+01
4.328380464071522e-01 3.099652183731856e+01
4.337175108243614e-01 3.101923422741129e+01
4.345990228886423e-01 3.104193824501654e+01
4.354825897595996e-01 3.106463388109013e+01
4.363682186302560e-01 3.108732112654088e+01
4.372559167272456e-01 3.110999997223035e+01
4.381456913110119e-01 3.113267040897256e+01
4.390375496760047e-01 3.115533242753378e+01
4.399314991508801e-01 3.117798601863227e+01
4.408275470987015e-01 3.120063117293802e+01
4.417257009171404e-01 3.122326788107249e+01
4.426259680386816e-01 3.124589613360838e+01
4.435283559308270e-01 3.126851592106933e+01
4.444328720963031e-01 3.129112723392972e+01
4.453395240732678e-01 3.131373006261435e+01
4.462483194355208e-01 3.133632439749820e+01
4.471592657927142e-01 3.135891022890621e+01
4.480723707905644e-01 3.138148754711293e+01
4.489876421110668e-01 3.140405634234232e+01
4.499050874727104e-01 3.142661660476744e+01
4.508247146306956e-01 3.144916832451023e+01
4.517465313771521e-01 3.147171149164118e+01
4.526705455413595e-01 3.149424609617908e+01
4.535967649899683e-01 3.151677212809077e+01
4.545251976272238e-01 3.153928957729082e+01
4.554558513951903e-01 3.156179843364126e+01
4.563887342739784e-01 3.158429868695133e+01
4.573238542819722e-01 3.160679032697715e+01
4.582612194760596e-01 3.162927334342149e+01
4.592008379518635e-01 3.165174772593343e+01
4.601427178439753e-01 3.167421346410811e+01
4.610868673261883e-01 3.169667054748641e+01
4.620332946117360e-01 3.171911896555468e+01
4.629820079535289e-01 3.174155870774444e+01
4.639330156443952e-01 3.176398976343209e+01
4.648863260173215e-01 3.178641212193859e+01
4.658419474456975e-01 3.180882577252919e+01
4.667998883435598e-01 3.183123070441310e+01
4.677601571658397e-01 3.185362690674322e+01
4.687227624086119e-01 3.187601436861581e+01
4.696877126093444e-01 3.189839307907016e+01
4.706550163471521e-01 3.192076302708834e+01
4.716246822430495e-01 3.194312420159486e+01
4.725967189602083e-01 3.196547659145632e+01
4.735711352042145e-01 3.198782018548117e+01
4.745479397233285e-01 3.201015497241931e+01
4.755271413087471e-01 3.203248094096184e+01
4.765087487948670e-01 3.205479807974070e+01
4.774927710595506e-01 3.207710637732835e+01
4.784792170243934e-01 3.209940582223746e+01
4.794680956549941e-01 3.212169640292056e+01
4.804594159612260e-01 3.214397810776973e+01
4.814531869975104e-01 3.216625092511625e+01
4.824494178630927e-01 3.218851484323030e+01
4.834481177023193e-01 3.221076985032057e+01
4.844492957049188e-01 3.223301593453395e+01
4.854529611062824e-01 3.225525308395521e+01
4.864591231877490e-01 3.227748128660662e+01
4.874677912768905e-01 3.229970053044761e+01
4.884789747478003e-01 3.232191080337446e+01
4.894926830213842e-01 3.234411209321991e+01
4.905089255656520e-01 3.236630438775280e+01
4.915277118960130e-01 3.238848767467776e+01
4.925490515755730e-01 3.241066194163481e+01
4.935729542154329e-01 3.243282717619903e+01
4.945994294749912e-01 3.245498336588020e+01
4.956284870622463e-01 3.247713049812237e+01
4.966601367341041e-01 3.249926856030362e+01
4.976943882966854e-01 3.252139753973555e+01
4.987312516056369e-01 3.254351742366302e+01
4.997707365664440e-01 3.256562819926371e+01
5.008128531347469e-01 3.258772985364777e+01
5.018576113166576e-01 3.260982237385745e+01
5.029050211690809e-01 3.263190574686668e+01
5.039550928000363e-01 3.265397995958074e+01
5.050078363689839e-01 3.267604499883581e+01
5.060632620871520e-01 3.269810085139866e+01
5.071213802178662e-01 3.272014750396618e+01
5.081822010768838e-01 3.274218494316504e+01
5.092457350327274e-01 3.276421315555125e+01
5.103119925070239e-01 3.278623212760981e+01
5.113809839748442e-01 3.280824184575428e+01
5.124527199650466e-01 3.283024229632635e+01
5.135272110606224e-01 3.285223346559550e+01
5.146044678990438e-01 3.287421533975851e+01
5.156845011726158e-01 3.289618790493912e+01
5.167673216288292e-01 3.291815114718755e+01
5.178529400707177e-01 3.294010505248014e+01
5.189413673572166e-01 3.296204960671889e+01
5.200326144035250e-01 3.298398479573103e+01
5.211266921814710e-01 3.300591060526863e+01
5.222236117198792e-01 3.302782702100815e+01
5.233233841049413e-01 3.304973402855000e+01
5.244260204805894e-01 3.307163161341811e+01
5.255315320488728e-01 3.309351976105949e+01
5.266399300703373e-01 3.311539845684381e+01
5.277512258644067e-01 3.313726768606288e+01
5.288654308097697e-01 3.315912743393035e+01
5.299825563447664e-01 3.318097768558108e+01
5.311026139677819e-01 3.320281842607083e+01
5.322256152376381e-01 3.322464964037572e+01
5.333515717739939e-01 3.324647131339179e+01
5.344804952577448e-01 3.326828342993458e+01
5.356123974314263e-01 3.329008597473860e+01
5.367472900996222e-01 3.331187893245687e+01
5.378851851293740e-01 3.333366228766052e+01
5.390260944505956e-01 3.335543602483820e+01
5.401700300564887e-01 3.337720012839571e+01
5.413170040039645e-01 3.339895458265546e+01
5.424670284140667e-01 3.342069937185595e+01
5.436201154723981e-01 3.344243448015138e+01
5.447762774295519e-01 3.346415989161106e+01
5.459355266015444e-01 3.348587559021897e+01
5.470978753702535e-01 3.350758155987327e+01
5.482633361838587e-01 3.352927778438573e+01
5.494319215572858e-01 3.355096424748132e+01
5.506036440726552e-01 3.357264093279758e+01
5.517785163797324e-01 3.359430782388426e+01
5.529565511963846e-01 3.361596490420264e+01
5.541377613090386e-01 3.363761215712515e+01
5.553221595731437e-01 3.365924956593474e+01
5.565097589136382e-01 3.368087711382444e+01
5.577005723254196e-01 3.370249478389675e+01
5.588946128738185e-01 3.372410255916317e+01
5.600918936950758e-01 3.374570042254362e+01
5.612924279968258e-01 3.376728835686592e+01
5.624962290585803e-01 3.378886634486523e+01
5.637033102322200e-01 3.381043436918351e+01
5.649136849424859e-01 3.383199241236896e+01
5.661273666874795e-01 3.385354045687549e+01
5.673443690391626e-01 3.387507848506211e+01
5.685647056438640e-01 3.389660647919240e+01
5.697883902227896e-01 3.391812442143392e+01
5.710154365725363e-01 3.393963229385768e+01
5.722458585656113e-01 3.396113007843749e+01
5.734796701509535e-01 3.398261775704945e+01
5.747168853544621e-01 3.400409531147134e+01
5.759575182795275e-01 3.402556272338200e+01
5.772015831075666e-01 3.404701997436079e+01
5.784490940985645e-01 3.406846704588695e+01
5.797000655916177e-01 3.408990391933902e+01
5.809545120054851e-01 3.411133057599424e+01
5.822124478391405e-01 3.413274699702791e+01
5.834738876723327e-01 3.415415316351280e+01
5.847388461661475e-01 3.417554905641855e+01
5.860073380635762e-01 3.419693465661099e+01
5.872793781900888e-01 3.421830994485156e+01
5.885549814542106e-01 3.423967490179667e+01
5.898341628481055e-01 3.426102950799704e+01
5.911169374481630e-01 3.428237374389710e+01
5.924033204155905e-01 3.430370758983430e+01
5.936933269970108e-01 3.432503102603850e+01
5.949869725250642e-01 3.434634403263129e+01
5.962842724190160e-01 3.436764658962534e+01
5.975852421853695e-01 3.438893867692373e+01
5.988898974184831e-01 3.441022027431929e+01
6.001982538011941e-01 3.443149136149391e+01
6.015103271054469e-01 3.445275191801791e+01
6.028261331929270e-01 3.447400192334929e+01
6.041456880156987e-01 3.449524135683307e+01
6.054690076168521e-01 3.451647019770064e+01
6.067961081311516e-01 3.453768842506898e+01
6.081270057856925e-01 3.455889601794004e+01
6.094617169005614e-01 3.458009295519996e+01
6.108002578895045e-01 3.460127921561842e+01
6.121426452605998e-01 3.462245477784789e+01
6.134888956169356e-01 3.464361962042288e+01
6.148390256572956e-01 3.466477372175930e+01
6.161930521768485e-01 3.468591706015362e+01
6.175509920678454e-01 3.470704961378221e+01
6.189128623203209e-01 3.472817136070055e+01
6.202786800228037e-01 3.474928227884251e+01
6.216484623630297e-01 3.477038234601960e+01
6.230222266286632e-01 3.479147153992016e+01
6.243999902080249e-01 3.481254983810865e+01
6.257817705908250e-01 3.483361721802486e+01
6.271675853689034e-01 3.485467365698314e+01
6.285574522369761e-01 3.487571913217158e+01
6.299513889933887e-01 3.489675362065129e+01
6.313494135408758e-01 3.491777709935554e+01
6.327515438873277e-01 3.493878954508901e+01
6.341577981465634e-01 3.495979093452694e+01
6.355681945391104e-01 3.498078124421439e+01
6.369827513929923e-01 3.500176045056533e+01
6.384014871445223e-01 3.502272852986188e+01
6.398244203391041e-01 3.504368545825349e+01
6.412515696320404e-01 3.506463121175607e+01
6.426829537893474e-01 3.508556576625114e+01
6.441185916885780e-01 3.510648909748503e+01
6.455585023196514e-01 3.512740118106800e+01
6.470027047856910e-01 3.514830199247338e+01
6.484512183038679e-01 3.516919150703671e+01
6.499040622062547e-01 3.519006969995486e+01
6.513612559406845e-01 3.521093654628517e+01
6.528228190716193e-01 3.523179202094455e+01
6.542887712810255e-01 3.525263609870859e+01
6.557591323692568e-01 3.527346875421068e+01
6.572339222559467e-01 3.529428996194108e+01
6.587131609809072e-01 3.531509969624602e+01
6.601968687050367e-01 3.533589793132681e+01
6.616850657112361e-01 3.535668464123884e+01
6.631777724053332e-01 3.537745979989076e+01
6.646750093170148e-01 3.539822338104345e+01
6.661767971007684e-01 3.541897535830911e+01
6.676831565368320e-01 3.543971570515032e+01
6.691941085321516e-01 3.546044439487905e+01
6.707096741213500e-01 3.548116140065574e+01
6.722298744677019e-01 3.550186669548829e+01
6.737547308641193e-01 3.552256025223107e+01
6.752842647341453e-01 3.554324204358399e+01
6.768184976329579e-01 3.556391204209145e+01
6.783574512483822e-01 3.558457022014137e+01
6.799011474019125e-01 3.560521654996415e+01
6.814496080497440e-01 3.562585100363172e+01
6.830028552838128e-01 3.564647355305640e+01
6.845609113328478e-01 3.566708416999000e+01
6.861237985634305e-01 3.568768282602269e+01
6.876915394810644e-01 3.570826949258201e+01
6.892641567312572e-01 3.572884414093176e+01
6.908416731006093e-01 3.574940674217095e+01
6.924241115179158e-01 3.576995726723281e+01
6.940114950552764e-01 3.579049568688359e+01
6.956038469292171e-01 3.581102197172155e+01
6.972011905018222e-01 3.583153609217586e+01
6.988035492818765e-01 3.585203801850547e+01
7.004109469260192e-01 3.587252772079801e+01
7.020234072399071e-01 3.589300516896869e+01
7.036409541793912e-01 3.591347033275916e+01
7.052636118517012e-01 3.593392318173635e+01
7.068914045166450e-01 3.595436368529138e+01
7.085243565878170e-01 3.597479181263834e+01
7.101624926338180e-01 3.599520753281320e+01
7.118058373794884e-01 3.601561081467257e+01
7.134544157071513e-01 3.603600162689259e+01
7.151082526578690e-01 3.605637993796769e+01
7.167673734327104e-01 3.607674571620941e+01
7.184318033940311e-01 3.609709892974520e+01
7.201015680667666e-01 3.611743954651722e+01
7.217766931397354e-01 3.613776753428107e+01
7.234572044669585e-01 3.615808286060459e+01
7.251431280689871e-01 3.617838549286665e+01
7.268344901342482e-01 3.619867539825581e+01
7.285313170203985e-01 3.621895254376915e+01
7.302336352556950e-01 3.623921689621095e+01
7.319414715403766e-01 3.625946842219142e+01
7.336548527480603e-01 3.627970708812543e+01
7.353738059271512e-01 3.629993286023116e+01
7.370983583022651e-01 3.632014570452887e+01
7.388285372756667e-01 3.634034558683950e+01
7.405643704287197e-01 3.636053247278339e+01
7.423058855233540e-01 3.638070632777894e+01
7.440531105035447e-01 3.640086711704124e+01
7.458060734968064e-01 3.642101480558072e+01
7.475648028157039e-01 3.644114935820179e+01
7.493293269593753e-01 3.646127073950146e+01
7.510996746150720e-01 3.648137891386792e+01
7.528758746597132e-01 3.650147384547919e+01
7.546579561614557e-01 3.652155549830167e+01
7.564459483812804e-01 3.654162383608872e+01
7.582398807745929e-01 3.656167882237926e+01
7.600397829928416e-01 3.658172042049629e+01
7.618456848851510e-01 3.660174859354546e+01
7.636576164999727e-01 3.662176330441358e+01
7.654756080867499e-01 3.664176451576717e+01
7.672996900976035e-01 3.666175219005097e+01
7.691298931890304e-01 3.668172628948641e+01
7.709662482236217e-01 3.670168677607015e+01
7.728087862717976e-01 3.672163361157251e+01
7.746575386135591e-01 3.674156675753596e+01
7.765125367402592e-01 3.676148617527359e+01
7.783738123563896e-01 3.678139182586751e+01
7.802413973813882e-01 3.680128367016732e+01
7.821153239514633e-01 3.682116166878854e+01
7.839956244214367e-01 3.684102578211096e+01
7.858823313666061e-01 3.686087597027709e+01
7.877754775846255e-01 3.688071219319052e+01
7.896750960974076e-01 3.690053441051429e+01
7.915812201530416e-01 3.692034258166927e+01
7.934938832277342e-01 3.694013666583246e+01
7.954131190277696e-01 3.695991662193540e+01
7.973389614914883e-01 3.697968240866240e+01
7.992714447912890e-01 3.699943398444891e+01
8.012106033356483e-01 3.701917130747982e+01
8.031564717711648e-01 3.703889433568767e+01
8.051090849846205e-01 3.705860302675102e+01
8.070684781050674e-01 3.707829733809262e+01
8.090346865059338e-01 3.709797722687772e+01
8.110077458071511e-01 3.711764265001223e+01
8.129876918773081e-01 3.713729356414100e+01
8.149745608358223e-01 3.715692992564599e+01
8.169683890551370e-01 3.717655169064447e+01
8.189692131629405e-01 3.719615881498716e+01
8.209770700444092e-01 3.721575125425644e+01
8.229919968444749e-01 3.723532896376449e+01
8.250140309701138e-01 3.725489189855139e+01
8.270432100926632e-01 3.727444001338324e+01
8.290795721501596e-01 3.729397326275032e+01
8.311231553497043e-01 3.731349160086511e+01
8.331739981698508e-01 3.733299498166041e+01
8.352321393630229e-01 3.735248335878738e+01
8.372976179579531e-01 3.737195668561358e+01
8.393704732621509e-01 3.739141491522104e+01
8.414507448643960e-01 3.741085800040421e+01
8.435384726372583e-01 3.743028589366802e+01
8.456336967396464e-01 3.744969854722584e+01
8.477364576193810e-01 3.746909591299745e+01
8.498467960157994e-01 3.748847794260701e+01
8.519647529623854e-01 3.750784458738093e+01
8.540903697894291e-01 3.752719579834593e+01
8.562236881267162e-01 3.754653152622680e+01
8.583647499062436e-01 3.756585172144440e+01
8.605135973649691e-01 3.758515633411344e+01
8.626702730475880e-01 3.760444531404045e+01
8.648348198093406e-01 3.762371861072153e+01
8.670072808188510e-01 3.764297617334021e+01
8.691876995609970e-01 3.766221795076525e+01
8.713761198398113e-01 3.768144389154848e+01
8.735725857814154e-01 3.770065394392251e+01
8.757771418369850e-01 3.771984805579851e+01
8.779898327857484e-01 3.773902617476398e+01
8.802107037380194e-01 3.775818824808044e+01
8.824398001382621e-01 3.777733422268118e+01
8.846771677681898e-01 3.779646404516889e+01
8.869228527499018e-01 3.781557766181337e+01
8.891769015490503e-01 3.783467501854922e+01
8.914393609780463e-01 3.785375606097339e+01
8.937102781993003e-01 3.787282073434289e+01
8.959897007284990e-01 3.789186898357232e+01
8.982776764379199e-01 3.791090075323149e+01
9.005742535597822e-01 3.792991598754301e+01
9.028794806896364e-01 3.794891463037978e+01
9.051934067897920e-01 3.796789662526253e+01
9.075160811927842e-01 3.798686191535739e+01
9.098475536048781e-01 3.800581044347327e+01
9.121878741096177e-01 3.802474215205947e+01
9.145370931714093e-01 3.804365698320301e+01
9.168952616391507e-01 3.806255487862612e+01
9.192624307498988e-01 3.808143577968365e+01
9.216386521325808e-01 3.810029962736049e+01
9.240239778117483e-01 3.811914636226889e+01
9.264184602113732e-01 3.813797592464583e+01
9.288221521586890e-01 3.815678825435040e+01
9.312351068880753e-01 3.817558329086108e+01
9.336573780449882e-01 3.819436097327301e+01
9.360890196899361e-01 3.821312124029535e+01
9.385300863024996e-01 3.823186403024843e+01
9.409806327854031e-01 3.825058928106105e+01
9.434407144686292e-01 3.826929693026770e+01
9.459103871135834e-01 3.828798691500572e+01
9.483897069173068e-01 3.830665917201247e+01
9.508787305167395e-01 3.832531363762252e+01
9.533775149930328e-01 3.834395024776475e+01
9.558861178759127e-01 3.836256893795946e+01
9.584045971480953e-01 3.838116964331547e+01
9.609330112497538e-01 3.839975229852717e+01
9.634714190830401e-01 3.841831683787159e+01
9.660198800166556e-01 3.843686319520538e+01
9.685784538904839e-01 3.845539130396187e+01
9.711472010202719e-01 3.847390109714799e+01
9.737261822023696e-01 3.849239250734125e+01
9.763154587185278e-01 3.851086546668670e+01
9.789150923407505e-01 3.852931990689380e+01
9.815251453362086e-01 3.854775575923333e+01
9.841456804722106e-01 3.856617295453422e+01
9.867767610212348e-01 3.858457142318050e+01
9.894184507660213e-01 3.860295109510798e+01
9.920708140047260e-01 3.862131189980113e+01
9.947339155561385e-01 3.863965376628986e+01
9.974078207649599e-01 3.865797662314622e+01
1.000092595507151e+00 3.867628039848118e+01
1.002788306195338e+00 3.869456501994128e+01
1.005495019784293e+00 3.871283041470538e+01
1.008212803776475e+00 3.873107650948124e+01
1.010941726227642e+00 3.874930323050222e+01
1.013681855752530e+00 3.876751050352383e+01
1.016433261530607e+00 3.878569825382036e+01
1.019196013311892e+00 3.880386640618143e+01
1.021970181422853e+00 3.882201488490848e+01
1.024755836772367e+00 3.884014361381135e+01
1.027553050857773e+00 3.885825251620474e+01
1.030361895770976e+00 3.887634151490465e+01
1.033182444204650e+00 3.889441053222482e+01
1.036014769458507e+00 3.891245948997320e+01
1.038858945445644e+00 3.893048830944825e+01
1.041715046698974e+00 3.894849691143537e+01
1.044583148377738e+00 3.896648521620320e+01
1.047463326274098e+00 3.898445314349994e+01
1.050355656819808e+00 3.900240061254966e+01
1.053260217092985e+00 3.902032754204850e+01
1.056177084824947e+00 3.903823385016098e+01
1.059106338407151e+00 3.905611945451616e+01
1.062048056898214e+00 3.907398427220382e+01
1.065002320031031e+00 3.909182821977066e+01
1.067969208219971e+00 3.910965121321640e+01
1.070948802568178e+00 3.912745316798986e+01
1.073941184874961e+00 3.914523399898511e+01
1.076946437643279e+00 3.916299362053747e+01
1.079964644087323e+00 3.918073194641953e+01
1.082995888140195e+00 3.919844888983721e+01
1.086040254461695e+00 3.921614436342565e+01
1.089097828446195e+00 3.923381827924524e+01
1.092168696230628e+00 3.925147054877748e+01
1.095252944702575e+00 3.926910108292093e+01
1.098350661508460e+00 3.928670979198701e+01
1.101461935061855e+00 3.930429658569590e+01
1.104586854551887e+00 3.932186137317235e+01
1.107725509951766e+00 3.933940406294145e+01
1.110877992027414e+00 3.935692456292436e+01
1.114044392346223e+00 3.937442278043414e+01
1.117224803285911e+00 3.939189862217137e+01
1.120419318043514e+00 3.940935199421985e+01
1.123628030644483e+00 3.942678280204230e+01
1.126851035951916e+00 3.944419095047595e+01
1.130088429675900e+00 3.946157634372814e+01
1.133340308382989e+00 3.947893888537190e+01
1.136606769505805e+00 3.949627847834154e+01
1.139887911352768e+00 3.951359502492809e+01
1.143183833117961e+00 3.953088842677487e+01
1.146494634891123e+00 3.954815858487291e+01
1.149820417667783e+00 3.956540539955645e+01
1.153161283359531e+00 3.958262877049830e+01
1.156517334804422e+00 3.959982859670524e+01
1.159888675777537e+00 3.961700477651340e+01
1.163275411001670e+00 3.963415720758359e+01
1.166677646158179e+00 3.965128578689664e+01
1.170095487897976e+00 3.966839041074860e+01
1.173529043852667e+00 3.968547097474612e+01
1.176978422645860e+00 3.970252737380157e+01
1.180443733904609e+00 3.971955950212834e+01
1.183925088271039e+00 3.973656725323595e+01
1.187422597414110e+00 3.975355051992526e+01
1.190936374041569e+00 3.977050919428356e+01
1.194466531912045e+00 3.978744316767973e+01
1.198013185847337e+00 3.980435233075925e+01
1.201576451744855e+00 3.982123657343934e+01
1.205156446590248e+00 3.983809578490390e+01
1.208753288470208e+00 3.985492985359863e+01
1.212367096585452e+00 3.987173866722591e+01
1.215997991263888e+00 3.988852211273982e+01
1.219646093973974e+00 3.990528007634106e+01
1.223311527338266e+00 3.992201244347190e+01
1.226994415147150e+00 3.993871909881099e+01
1.230694882372782e+00 3.995539992626830e+01
1.234413055183226e+00 3.997205480897998e+01
1.238149060956790e+00 3.998868362930309e+01
1.241903028296573e+00 4.000528626881053e+01
1.245675087045222e+00 4.002186260828570e+01
1.249465368299903e+00 4.003841252771737e+01
1.253274004427489e+00 4.005493590629433e+01
1.257101129079965e+00 4.007143262240017e+01
1.260946877210069e+00 4.008790255360795e+01
1.264811385087150e+00 4.010434557667492e+01
1.268694790313262e+00 4.012076156753713e+01
1.272597231839502e+00 4.013715040130413e+01
1.276518849982579e+00 4.015351195225355e+01
1.280459786441632e+00 4.016984609382573e+01
1.284420184315297e+00 4.018615269861835e+01
1.288400188119031e+00 4.020243163838095e+01
1.292399943802683e+00 4.021868278400953e+01
1.296419598768343e+00 4.023490600554108e+01
1.300459301888446e+00 4.025110117214813e+01
1.304519203524150e+00 4.026726815213328e+01
1.308599455543992e+00 4.028340681292367e+01
1.312700211342828e+00 4.029951702106550e+01
1.316821625861054e+00 4.031559864221855e+01
1.320963855604119e+00 4.033165154115059e+01
1.325127058662339e+00 4.034767558173191e+01
1.329311394731007e+00 4.036367062692973e+01
1.333517025130813e+00 4.037963653880266e+01
1.337744112828578e+00 4.039557317849518e+01
1.341992822458300e+00 4.041148040623204e+01
1.346263320342534e+00 4.042735808131270e+01
1.350555774514091e+00 4.044320606210576e+01
1.354870354738078e+00 4.045902420604340e+01
1.359207232534281e+00 4.047481236961579e+01
1.363566581199896e+00 4.049057040836553e+01
1.367948575832604e+00 4.050629817688205e+01
1.372353393354024e+00 4.052199552879607e+01
1.376781212533520e+00 4.053766231677401e+01
1.381232214012385e+00 4.055329839251243e+01
1.385706580328409e+00 4.056890360673246e+01
1.390204495940833e+00 4.058447780917427e+01
1.394726147255698e+00 4.060002084859152e+01
1.399271722651594e+00 4.061553257274582e+01
1.403841412505823e+00 4.063101282840121e+01
1.408435409220979e+00 4.064646146131866e+01
1.413053907251949e+00 4.066187831625056e+01
1.417697103133353e+00 4.067726323693527e+01
1.422365195507417e+00 4.069261606609165e+01
1.427058385152310e+00 4.070793664541360e+01
1.431776875010923e+00 4.072322481556471e+01
1.436520870220122e+00 4.073848041617275e+01
1.441290578140482e+00 4.075370328582444e+01
1.446086208386496e+00 4.076889326206003e+01
1.450907972857285e+00 4.078405018136800e+01
1.455756085767805e+00 4.079917387917981e+01
1.460630763680574e+00 4.081426418986462e+01
1.465532225537919e+00 4.082932094672413e+01
1.470460692694752e+00 4.084434398198738e+01
1.475416388951900e+00 4.085933312680563e+01
1.480399540589974e+00 4.087428821124731e+01
1.485410376403816e+00 4.088920906429293e+01
1.490449127737511e+00 4.090409551383014e+01
1.495516028519998e+00 4.091894738664879e+01
1.500611315301266e+00 4.093376450843602e+01
1.505735227289171e+00 4.094854670377149e+01
1.510888006386867e+00 4.096329379612257e+01
1.516069897230878e+00 4.097800560783968e+01
1.521281147229812e+00 4.099268196015161e+01
1.526522006603740e+00 4.100732267316104e+01
1.531792728424243e+00 4.102192756583999e+01
1.537093568655149e+00 4.103649645602540e+01
1.542424786193968e+00 4.105102916041486e+01
1.547786642914045e+00 4.106552549456232e+01
1.553179403707437e+00 4.107998527287393e+01
1.558603336528536e+00 4.109440830860400e+01
1.564058712438453e+00 4.110879441385101e+01
1.569545805650171e+00 4.112314339955373e+01
1.575064893574496e+00 4.113745507548749e+01
1.580616256866798e+00 4.115172925026049e+01
1.586200179474597e+00 4.116596573131022e+01
1.591816948685972e+00 4.118016432490012e+01
1.597466855178830e+00 4.119432483611618e+01
1.603150193071054e+00 4.120844706886382e+01
1.608867259971540e+00 4.122253082586480e+01
1.614618357032148e+00 4.123657590865434e+01
1.620403789000581e+00 4.125058211757830e+01
1.626223864274214e+00 4.126454925179062e+01
1.632078894954896e+00 4.127847710925077e+01
1.637969196904738e+00 4.129236548672151e+01
1.643895089802919e+00 4.130621417976668e+01
1.649856897203512e+00 4.132002298274926e+01
1.655854946594383e+00 4.133379168882954e+01
1.661889569457149e+00 4.134752008996348e+01
1.667961101328249e+00 4.136120797690135e+01
1.674069881861136e+00 4.137485513918642e+01
1.680216254889610e+00 4.138846136515394e+01
1.686400568492333e+00 4.140202644193030e+01
1.692623175058541e+00 4.141555015543248e+01
1.698884431354974e+00 4.142903229036758e+01
1.705184698594064e+00 4.144247263023271e+01
1.711524342503397e+00 4.145587095731508e+01
1.717903733396490e+00 4.146922705269231e+01
1.724323246244885e+00 4.148254069623297e+01
1.730783260751628e+00 4.149581166659753e+01
1.737284161426136e+00 4.150903974123938e+01
1.743826337660482e+00 4.152222469640630e+01
1.750410183807148e+00 4.153536630714208e+01
1.757036099258266e+00 4.154846434728857e+01
1.763704488526379e+00 4.156151858948793e+01
1.770415761326762e+00 4.157452880518529e+01
1.777170332661341e+00 4.158749476463163e+01
1.783968622904235e+00 4.160041623688710e+01
1.790811057888967e+00 4.161329298982464e+01
1.797698068997377e+00 4.162612479013397e+01
1.804630093250285e+00 4.163891140332593e+01
1.811607573399935e+00 4.165165259373723e+01
1.818630958024253e+00 4.166434812453555e+01
1.825700701622989e+00 4.167699775772515e+01
1.832817264715757e+00 4.168960125415275e+01
1.839981113942031e+00 4.170215837351390e+01
1.847192722163148e+00 4.171466887435989e+01
1.854452568566345e+00 4.172713251410494e+01
1.861761138770906e+00 4.173954904903398e+01
1.869118924936440e+00 4.175191823431086e+01
1.876526425873364e+00 4.176423982398712e+01
1.883984147155623e+00 4.177651357101113e+01
1.891492601235720e+00 4.178873922723794e+01
1.899052307562097e+00 4.180091654343953e+01
1.906663792698928e+00 4.181304526931564e+01
1.914327590448385e+00 4.182512515350525e+01
1.922044241975423e+00 4.183715594359852e+01
1.929814295935175e+00 4.184913738614942e+01
1.937638308602980e+00 4.186106922668898e+01
1.945516844007147e+00 4.187295120973913e+01
1.953450474064490e+00 4.188478307882722e+01
1.961439778718725e+00 4.189656457650121e+01
1.969485346081796e+00 4.190829544434553e+01
1.977587772578173e+00 4.191997542299771e+01
1.985747663092254e+00 4.193160425216565e+01
1.993965631118891e+00 4.194318167064571e+01
2.002242298917147e+00 4.195470741634151e+01
2.010578297667363e+00 4.196618122628356e+01
2.018974267631608e+00 4.197760283664971e+01
2.027430858317616e+00 4.198897198278635e+01
2.035948728646277e+00 4.200028839923053e+01
2.044528547122783e+00 4.201155181973296e+01
2.053170992011526e+00 4.202276197728187e+01
2.061876751514840e+00 4.203391860412777e+01
2.070646523955677e+00 4.204502143180923e+01
2.079481017964343e+00 4.205607019117952e+01
2.088380952669370e+00 4.206706461243437e+01
2.097347057892649e+00 4.207800442514060e+01
2.106380074348938e+00 4.208888935826590e+01
2.115480753849843e+00 4.209971914020964e+01
2.124649859512410e+00 4.211049349883477e+01
2.133888165972430e+00 4.212121216150081e+01
2.143196459602601e+00 4.213187485509805e+01
2.152575538735663e+00 4.214248130608291e+01
2.162026213892642e+00 4.215303124051442e+01
2.171549308016343e+00 4.216352438409207e+01
2.181145656710224e+00 4.217396046219478e+01
2.190816108482823e+00 4.218433919992127e+01
2.200561524997845e+00 4.219466032213170e+01
2.210382781330104e+00 4.220492355349066e+01
2.220280766227459e+00 4.221512861851156e+01
2.230256382378911e+00 4.222527524160243e+01
2.240310546689036e+00 4.223536314711313e+01
2.250444190558925e+00 4.224539205938416e+01
2.260658260173813e+00 4.225536170279677e+01
2.270953716797584e+00 4.226527180182485e+01
2.281331537074347e+00 4.227512208108826e+01
2.291792713337268e+00 4.228491226540777e+01
2.302338253924889e+00 4.229464207986174e+01
2.312969183505122e+00 4.230431124984442e+01
2.323686543407147e+00 4.231391950112595e+01
2.334491391961432e+00 4.232346655991422e+01
2.345384804848130e+00 4.233295215291841e+01
2.356367875454060e+00 4.234237600741439e+01
2.367441715238551e+00 4.235173785131207e+01
2.378607454108391e+00 4.236103741322457e+01
2.389866240802145e+00 4.237027442253932e+01
2.401219243284133e+00 4.237944860949127e+01
2.412667649148323e+00 4.238855970523795e+01
2.424212666032464e+00 4.239760744193673e+01
2.435855522042740e+00 4.240659155282410e+01
2.447597466189274e+00 4.241551177229717e+01
2.459439768832787e+00 4.242436783599721e+01
2.471383722142768e+00 4.243315948089560e+01
2.483430640567490e+00 4.244188644538183e+01
2.495581861316237e+00 4.245054846935403e+01
2.507838744854102e+00 4.245914529431156e+01
2.520202675409765e+00 4.246767666345028e+01
2.532675061496618e+00 4.247614232175999e+01
2.545257336447673e+00 4.248454201612449e+01
2.557950958964669e+00 4.249287549542401e+01
2.570757413681813e+00 4.250114251064030e+01
2.583678211744646e+00 4.250934281496421e+01
2.596714891404456e+00 4.251747616390592e+01
2.609869018628767e+00 4.252554231540776e+01
2.623142187728412e+00 4.253354102995986e+01
2.636536022001691e+00 4.254147207071835e+01
2.650052174396186e+00 4.254933520362643e+01
2.663692328188796e+00 4.255713019753822e+01
2.677458197684564e+00 4.256485682434543e+01
2.691351528934922e+00 4.257251485910689e+01
2.705374100475983e+00 4.258010408018096e+01
2.719527724087520e+00 4.258762426936092e+01
2.733814245573343e+00 4.259507521201326e+01
2.748235545563749e+00 4.260245669721902e+01
2.762793540340795e+00 4.260976851791803e+01
2.777490182687145e+00 4.261701047105632e+01
2.792327462759298e+00 4.262418235773651e+01
2.807307408985991e+00 4.263128398337128e+01
2.822432088992652e+00 4.263831515783998e+01
2.837703610552775e+00 4.264527569564831e+01
2.853124122567143e+00 4.265216541609117e+01
2.868695816071849e+00 4.265898414341865e+01
2.884420925276112e+00 4.266573170700509e+01
2.900301728630908e+00 4.267240794152145e+01
2.916340549929533e+00 4.267901268711065e+01
2.932539759441145e+00 4.268554578956624e+01
2.948901775078502e+00 4.269200710051410e+01
2.965429063601083e+00 4.269839647759732e+01
2.982124141854860e+00 4.270471378466424e+01
2.998989578050001e+00 4.271095889195954e+01
3.016027993077913e+00 4.271713167631847e+01
3.033242061868998e+00 4.272323202136409e+01
3.050634514792635e+00 4.272925981770759e+01
3.068208139100892e+00 4.273521496315156e+01
3.085965780417617e+00 4.274109736289622e+01
3.103910344274513e+00 4.274690692974855e+01
3.122044797696033e+00 4.275264358433423e+01
3.140372170834804e+00 4.275830725531237e+01
3.158895558659550e+00 4.276389787959297e+01
3.177618122697466e+00 4.276941540255692e+01
3.196543092833089e+00 4.277485977827864e+01
3.215673769165838e+00 4.278023096975109e+01
3.235013523928454e+00 4.278552894911311e+01
3.254565803468680e+00 4.279075369787907e+01
3.274334130296645e+00 4.279590520717050e+01
3.294322105200478e+00 4.280098347794979e+01
3.314533409432843e+00 4.280598852125565e+01
3.334971806971189e+00 4.281092035844028e+01
3.355641146854601e+00 4.281577902140803e+01
3.376545365600325e+00 4.282056455285539e+01
3.397688489703143e+00 4.282527700651212e+01
3.419074638220936e+00 4.282991644738333e+01
3.440708025449917e+00 4.283448295199224e+01
3.462592963693188e+00 4.283897660862351e+01
3.484733866126440e+00 4.284339751756676e+01
3.507135249764787e+00 4.284774579136005e+01
3.529801738534951e+00 4.285202155503321e+01
3.552738066457145e+00 4.285622494635043e+01
3.575949080941276e+00 4.286035611605211e+01
3.599439746202324e+00 4.286441522809544e+01
3.623215146799871e+00 4.286840245989348e+01
3.647280491307143e+00 4.287231800255230e+01
3.671641116115117e+00 4.287616206110590e+01
3.696302489377512e+00 4.287993485474845e+01
3.721270215102793e+00 4.288363661706343e+01
3.746550037399641e+00 4.288726759624930e+01
3.772147844882611e+00 4.289082805534117e+01
3.798069675245114e+00 4.289431827242808e+01
3.824321720007144e+00 4.289773854086531e+01
3.850910329445605e+00 4.290108916948129e+01
3.877842017715530e+00 4.290437048277846e+01
3.905123468170779e+00 4.290758282112774e+01
3.932761538893417e+00 4.291072654095570e+01
3.960763268441352e+00 4.291380201492417e+01
3.989135881824359e+00 4.291680963210146e+01
4.017886796719140e+00 4.291974979812455e+01
4.047023629934656e+00 4.292262293535175e+01
4.076554204139572e+00 4.292542948300490e+01
4.106486554864281e+00 4.292816989730065e+01
4.136828937790700e+00 4.293084465156986e+01
4.167589836343695e+00 4.293345423636456e+01
4.198777969598810e+00 4.293599915955157e+01
4.230402300521828e+00 4.293847994639205e+01
4.262472044556437e+00 4.294089713960617e+01
4.294996678577354e+00 4.294325129942205e+01
4.327985950227140e+00 4.294554300360815e+01
4.361449887656061e+00 4.294777284748823e+01
4.395398809685400e+00 4.294994144393802e+01
4.429843336415897e+00 4.295204942336274e+01
4.464794400304196e+00 4.295409743365450e+01
4.500263257731580e+00 4.295608614012884e+01
4.536261501090718e+00 4.295801622543920e+01
4.572801071417669e+00 4.295988838946882e+01
4.609894271598051e+00 4.296170334919876e+01
4.647553780178133e+00 4.296346183855140e+01
4.685792665813294e+00 4.296516460820841e+01
4.724624402388535e+00 4.296681242540224e+01
4.764062884847763e+00 4.296840607368036e+01
4.804122445770918e+00 4.296994635264138e+01
4.844817872740470e+00 4.297143407764202e+01
4.886164426541536e+00 4.297287007947440e+01
4.928177860242619e+00 4.297425520401256e+01
4.970874439207134e+00 4.297559031182779e+01
5.014270962089109e+00 4.297687627777167e+01
5.058384782869951e+00 4.297811399052654e+01
5.103233833997140e+00 4.297930435212252e+01
5.148836650689493e+00 4.298044827742074e+01
5.195212396478325e+00 4.298154669356209e+01
5.242380890058420e+00 4.298260053938130e+01
5.290362633527827e+00 4.298361076478594e+01
5.339178842101049e+00 4.298457833010010e+01
5.388851475386081e+00 4.298550420537264e+01
5.439403270322178e+00 4.298638936965014e+01
5.490857775882133e+00 4.298723481021439e+01
5.543239389650375e+00 4.298804152178495e+01
5.596573396396232e+00 4.298881050568689e+01
5.650886008770443e+00 4.298954276898450e+01
5.706204410262695e+00 4.299023932358136e+01
5.762556800567885e+00 4.299090118528791e+01
5.819972443520344e+00 4.299152937285726e+01
5.878481717767135e+00 4.299212490699069e+01
5.938116170364827e+00 4.299268880931402e+01
5.998908573498395e+00 4.299322210132664e+01
6.060892984536543e+00 4.299372580332484e+01
6.124104809654655e+00 4.299420093330162e+01
6.188580871275128e+00 4.299464850582508e+01
6.254359479595005e+00 4.299506953089797e+01
6.321480508492854e+00 4.299546501280110e+01
6.389985476130851e+00 4.299583594892351e+01
6.459917630594637e+00 4.299618332858265e+01
6.531322040941872e+00 4.299650813183795e+01
6.604245694062453e+00 4.299681132830152e+01
6.678737597787777e+00 4.299709387594976e+01
6.754848890724523e+00 4.299735671994016e+01
6.832632959330207e+00 4.299760079143756e+01
6.912145562793794e+00 4.299782700645444e+01
6.993444966335215e+00 4.299803626471008e+01
7.076592083593487e+00 4.299822944851334e+01
7.161650628834726e+00 4.299840742167444e+01
7.248687279779232e+00 4.299857102845077e+01
7.337771851922430e+00 4.299872109253209e+01
7.428977485307135e+00 4.299885841607065e+01
7.522380844797495e+00 4.299898377876161e+01
7.618062335007131e+00 4.299909793697920e+01
7.716106331147869e+00 4.299920162297410e+01
7.816601427192126e+00 4.299929554413730e+01
7.919640702883075e+00 4.299938038233572e+01
8.025322011284045e+00 4.299945679332438e+01
8.133748288734392e+00 4.299952540624013e+01
8.245027889275539e+00 4.299958682318098e+01
8.359274945831139e+00 4.299964161887539e+01
8.476609760672002e+00 4.299969034044488e+01
8.597159227974258e+00 4.299973350726297e+01
8.721057291590466e+00 4.299977161091315e+01
8.848445441505721e+00 4.299980511524731e+01
8.979473252847127e+00 4.299983445654609e+01
9.114298971763645e+00 4.299986004378110e+01
9.253090153001237e+00 4.299988225897878e+01
9.396024354574282e+00 4.299990145768414e+01
9.543289895588932e+00 4.299991796952239e+01
9.695086684019419e+00 4.299993209885478e+01
9.851627122088356e+00 4.299994412552462e+01
1.001313709787380e+01 4.299995430568809e+01
1.017985707287810e+01 4.299996287272351e+01
1.035204327657106e+01 4.299997003821213e+01
1.052996902038713e+01 4.299997599298208e+01
1.071392614534950e+01 4.299998090820668e+01
1.090422661944850e+01 4.299998493654763e+01
1.110120430316501e+01 4.299998821333254e+01
1.130521690415711e+01 4.299999085775627e+01
1.151664814518529e+01 4.299999297409494e+01
1.173591017291821e+01 4.299999465292140e+01
1.196344623943351e+01 4.299999597231092e+01
1.219973369312252e+01 4.299999699902612e+01
1.244528732146596e+01 4.299999778967069e+01
1.270066309494313e+01 4.299999839180190e+01
1.296646236937855e+01 4.299999884499287e+01
1.324333661358212e+01 4.299999918183669e+01
1.353199274051775e+01 4.299999942888544e+01
1.383319913384189e+01 4.299999960751887e+01
1.414779247798043e+01 4.299999973473856e+01
1.447668551957982e+01 4.299999982388530e+01
1.482087591195127e+01 4.299999988527880e+01
1.518145632300707e+01 4.299999992678039e+01
1.555962602240707e+01 4.299999995428085e+01
1.595670420677714e+01 4.299999997211682e+01
1.637414537496098e+01 4.299999998342042e+01
1.681355713094397e+01 4.299999999040772e+01
1.727672087373685e+01 4.299999999461204e+01
1.776561593557377e+01 4.299999999706903e+01
1.828244785808710e+01 4.299999999846012e+01
1.882968165839532e+01 4.299999999922103e+01
1.941008114357071e+01 4.299999999962189e+01
2.002675559656956e+01 4.299999999982457e+01
2.068321549814898e+01 4.299999999992254e+01
2.138343939316702e+01 4.299999999996761e+01
2.213195459128976e+01 4.299999999998725e+01
2.293393516070716e+01 4.299999999999530e+01
2.379532169822937e+01 4.299999999999839e+01
2.472296873863790e+01 4.299999999999950e+01
2.572482754227911e+01 4.299999999999986e+01
2.681017457955709e+01 4.299999999999996e+01
2.798989962007663e+01 4.299999999999999e+01
2.927687239155248e+01 4.300000000000000e+01
3.068641399840699e+01 4.300000000000000e+01
3.223690976594695e+01 4.300000000000000e+01
3.395061561428059e+01 4.300000000000000e+01
3.585473322354017e+01 4.300000000000000e+01
3.798286466918374e+01 4.300000000000000e+01
4.037701254553225e+01 4.300000000000000e+01
4.309038013872721e+01 4.300000000000000e+01
4.619137167380716e+01 4.300000000000000e+01
