0.000000000000000e+00 0.000000000000000e+00
3.368837130318084e-04 2.231016749313852e-02
6.741001507184630e-04 4.459930035272563e-02
1.011649806228919e-03 6.686742729668183e-02
1.349533173707254e-03 8.911457698874514e-02
1.687750748275083e-03 1.113407780385458e-01
2.026303026033974e-03 1.335460590017910e-01
2.365190504067874e-03 1.557304483803641e-01
2.704413680445542e-03 1.778939746224282e-01
3.043973054222990e-03 2.000366661225748e-01
3.383869125445928e-03 2.221585512219093e-01
3.724102395152223e-03 2.442596582082430e-01
4.064673365374354e-03 2.663400153161177e-01
4.405582539141891e-03 2.883996507269941e-01
4.746830420483960e-03 3.104385925693762e-01
5.088417514431737e-03 3.324568689188752e-01
5.430344327020934e-03 3.544545077983656e-01
5.772611365294300e-03 3.764315371780995e-01
6.115219137304125e-03 3.983879849758516e-01
6.458168152114756e-03 4.203238790569692e-01
6.801458919805119e-03 4.422392472345749e-01
7.145091951471246e-03 4.641341172695981e-01
7.489067759228809e-03 4.860085168709674e-01
7.833386856215671e-03 5.078624736956883e-01
8.178049756594433e-03 5.296960153489572e-01
8.523056975554990e-03 5.515091693842749e-01
8.868409029317110e-03 5.733019633036172e-01
9.214106435132990e-03 5.950744245574633e-01
9.560149711289857e-03 6.168265805450055e-01
9.906539377112547e-03 6.385584586141455e-01
1.025327595296610e-02 6.602700860617432e-01
1.060035996025839e-02 6.819614901336273e-01
1.094779192144271e-02 7.036326980247587e-01
1.129557236002038e-02 7.252837368793550e-01
1.164370180054345e-02 7.469146337909400e-01
1.199218076861723e-02 7.685254158025394e-01
1.234100979090305e-02 7.901161099067160e-01
1.269018939512081e-02 8.116867430457440e-01
1.303972011005172e-02 8.332373421116834e-01
1.338960246554090e-02 8.547679339465368e-01
1.373983699250013e-02 8.762785453422701e-01
1.409042422291047e-02 8.977692030410296e-01
1.444136468982501e-02 9.192399337351738e-01
1.479265892737151e-02 9.406907640674582e-01
1.514430747075518e-02 9.621217206310568e-01
1.549631085626134e-02 9.835328299697430e-01
1.584866962125816e-02 1.004924118577968e+00
1.620138430419942e-02 1.026295612900963e+00
1.655445544462723e-02 1.047647339334894e+00
1.690788358317480e-02 1.068979324226913e+00
1.726166926156914e-02 1.090291593875275e+00
1.761581302263392e-02 1.111584174529526e+00
1.797031541029219e-02 1.132857092390456e+00
1.832517696956916e-02 1.154110373610369e+00
1.868039824659501e-02 1.175344044293116e+00
1.903597978860771e-02 1.196558130494136e+00
1.939192214395578e-02 1.217752658220729e+00
1.974822586210117e-02 1.238927653431965e+00
2.010489149362201e-02 1.260083142038983e+00
2.046191959021554e-02 1.281219149904924e+00
2.081931070470087e-02 1.302335702845188e+00
2.117706539102191e-02 1.323432826627389e+00
2.153518420425013e-02 1.344510546971584e+00
2.189366770058756e-02 1.365568889550335e+00
2.225251643736954e-02 1.386607879988812e+00
2.261173097306771e-02 1.407627543864844e+00
2.297131186729285e-02 1.428627906709124e+00
2.333125968079782e-02 1.449608994005239e+00
2.369157497548044e-02 1.470570831189800e+00
2.405225831438642e-02 1.491513443652551e+00
2.441331026171234e-02 1.512436856736450e+00
2.477473138280854e-02 1.533341095737764e+00
2.513652224418207e-02 1.554226185906227e+00
2.549868341349969e-02 1.575092152445045e+00
2.586121545959080e-02 1.595939020511132e+00
2.622411895245045e-02 1.616766815215065e+00
2.658739446324230e-02 1.637575561621286e+00
2.695104256430162e-02 1.658365284748189e+00
2.731506382913833e-02 1.679136009568143e+00
2.767945883243996e-02 1.699887761007730e+00
2.804422815007473e-02 1.720620563947683e+00
2.840937235909452e-02 1.741334443223142e+00
2.877489203773799e-02 1.762029423623630e+00
2.914078776543355e-02 1.782705529893217e+00
2.950706012280251e-02 1.803362786730609e+00
2.987370969166206e-02 1.824001218789213e+00
3.024073705502842e-02 1.844620850677320e+00
3.060814279711990e-02 1.865221706958067e+00
3.097592750336001e-02 1.885803812149675e+00
3.134409176038054e-02 1.906367190725447e+00
3.171263615602475e-02 1.926911867113922e+00
3.208156127935041e-02 1.947437865698951e+00
3.245086772063299e-02 1.967945210819778e+00
3.282055607136881e-02 1.988433926771151e+00
3.319062692427818e-02 2.008904037803447e+00
3.356108087330857e-02 2.029355568122700e+00
3.393191851363780e-02 2.049788541890763e+00
3.430314044167722e-02 2.070202983225368e+00
3.467474725507490e-02 2.090598916200236e+00
3.504673955271884e-02 2.110976364845147e+00
3.541911793474020e-02 2.131335353146053e+00
3.579188300251652e-02 2.151675905045206e+00
3.616503535867494e-02 2.171998044441153e+00
3.653857560709547e-02 2.192301795188939e+00
3.691250435291427e-02 2.212587181100162e+00
3.728682220252684e-02 2.232854225943015e+00
3.766152976359138e-02 2.253102953442461e+00
3.803662764503202e-02 2.273333387280253e+00
3.841211645704216e-02 2.293545551095104e+00
3.878799681108779e-02 2.313739468482691e+00
3.916426931991070e-02 2.333915162995812e+00
3.954093459753197e-02 2.354072658144442e+00
3.991799325925519e-02 2.374211977395863e+00
4.029544592166988e-02 2.394333144174706e+00
4.067329320265478e-02 2.414436181863067e+00
4.105153572138129e-02 2.434521113800635e+00
4.143017409831683e-02 2.454587963284666e+00
4.180920895522823e-02 2.474636753570245e+00
4.218864091518511e-02 2.494667507870197e+00
4.256847060256332e-02 2.514680249355308e+00
4.294869864304837e-02 2.534675001154362e+00
4.332932566363887e-02 2.554651786354228e+00
4.371035229264995e-02 2.574610627999956e+00
4.409177915971668e-02 2.594551549094863e+00
4.447360689579770e-02 2.614474572600638e+00
4.485583613317848e-02 2.634379721437398e+00
4.523846750547496e-02 2.654267018483797e+00
4.562150164763702e-02 2.674136486577126e+00
4.600493919595197e-02 2.693988148513352e+00
4.638878078804807e-02 2.713822027047289e+00
4.677302706289809e-02 2.733638144892577e+00
4.715767866082285e-02 2.753436524721860e+00
4.754273622349476e-02 2.773217189166829e+00
4.792820039394140e-02 2.792980160818299e+00
4.831407181654910e-02 2.812725462226357e+00
4.870035113706654e-02 2.832453115900364e+00
4.908703900260833e-02 2.852163144309074e+00
4.947413606165862e-02 2.871855569880758e+00
4.986164296407476e-02 2.891530415003238e+00
5.024956036109093e-02 2.911187702023991e+00
5.063788890532174e-02 2.930827453250220e+00
5.102662925076595e-02 2.950449690948961e+00
5.141578205281008e-02 2.970054437347169e+00
5.180534796823219e-02 2.989641714631773e+00
5.219532765520547e-02 3.009211544949771e+00
5.258572177330199e-02 3.028763950408329e+00
5.297653098349643e-02 3.048298953074841e+00
5.336775594816980e-02 3.067816574977048e+00
5.375939733111318e-02 3.087316838103085e+00
5.415145579753148e-02 3.106799764401540e+00
5.454393201404718e-02 3.126265375781632e+00
5.493682664870415e-02 3.145713694113187e+00
5.533014037097143e-02 3.165144741226793e+00
5.572387385174701e-02 3.184558538913837e+00
5.611802776336162e-02 3.203955108926586e+00
5.651260277958268e-02 3.223334472978333e+00
5.690759957561797e-02 3.242696652743394e+00
5.730301882811961e-02 3.262041669857233e+00
5.769886121518786e-02 3.281369545916519e+00
5.809512741637503e-02 3.300680302479261e+00
5.849181811268934e-02 3.319973961064804e+00
5.888893398659883e-02 3.339250543153977e+00
5.928647572203533e-02 3.358510070189144e+00
5.968444400439824e-02 3.377752563574283e+00
6.008283952055866e-02 3.396978044675087e+00
6.048166295886316e-02 3.416186534818994e+00
6.088091500913791e-02 3.435378055295335e+00
6.128059636269253e-02 3.454552627355337e+00
6.168070771232412e-02 3.473710272212280e+00
6.208124975232131e-02 3.492851011041502e+00
6.248222317846820e-02 3.511974864980516e+00
6.288362868804843e-02 3.531081855129095e+00
6.328546697984923e-02 3.550172002549317e+00
6.368773875416546e-02 3.569245328265673e+00
6.409044471280367e-02 3.588301853265122e+00
6.449358555908621e-02 3.607341598497186e+00
6.489716199785527e-02 3.626364584874011e+00
6.530117473547704e-02 3.645370833270473e+00
6.570562447984585e-02 3.664360364524178e+00
6.611051194038822e-02 3.683333199435655e+00
6.651583782806707e-02 3.702289358768319e+00
6.692160285538587e-02 3.721228863248626e+00
6.732780773639283e-02 3.740151733566101e+00
6.773445318668503e-02 3.759057990373435e+00
6.814153992341272e-02 3.777947654286560e+00
6.854906866528343e-02 3.796820745884709e+00
6.895704013256629e-02 3.815677285710507e+00
6.936545504709618e-02 3.834517294270032e+00
6.977431413227810e-02 3.853340792032927e+00
7.018361811309133e-02 3.872147799432383e+00
7.059336771609380e-02 3.890938336865322e+00
7.100356366942634e-02 3.909712424692398e+00
7.141420670281699e-02 3.928470083238107e+00
7.182529754758542e-02 3.947211332790843e+00
7.223683693664708e-02 3.965936193602950e+00
7.264882560451776e-02 3.984644685890860e+00
7.306126428731785e-02 4.003336829835092e+00
7.347415372277673e-02 4.022012645580368e+00
7.388749465023721e-02 4.040672153235676e+00
7.430128781065991e-02 4.059315372874334e+00
7.471553394662767e-02 4.077942324534078e+00
7.513023380235005e-02 4.096553028217109e+00
7.554538812366773e-02 4.115147503890189e+00
7.596099765805706e-02 4.133725771484698e+00
7.637706315463441e-02 4.152287850896705e+00
7.679358536416078e-02 4.170833761987051e+00
7.721056503904634e-02 4.189363524581402e+00
7.762800293335487e-02 4.207877158470318e+00
7.804589980280829e-02 4.226374683409368e+00
7.846425640479139e-02 4.244856119119135e+00
7.888307349835617e-02 4.263321485285324e+00
7.930235184422665e-02 4.281770801558814e+00
7.972209220480335e-02 4.300204087555770e+00
8.014229534416786e-02 4.318621362857641e+00
8.056296202808767e-02 4.337022647011292e+00
8.098409302402064e-02 4.355407959529035e+00
8.140568910111974e-02 4.373777319888724e+00
8.182775103023773e-02 4.392130747533784e+00
8.225027958393186e-02 4.410468261873348e+00
8.267327553646857e-02 4.428789882282238e+00
8.309673966382825e-02 4.447095628101113e+00
8.352067274370989e-02 4.465385518636474e+00
8.394507555553601e-02 4.483659573160789e+00
8.436994888045729e-02 4.501917810912495e+00
8.479529350135741e-02 4.520160251096137e+00
8.522111020285784e-02 4.538386912882373e+00
8.564739977132275e-02 4.556597815408079e+00
8.607416299486374e-02 4.574792977776390e+00
8.650140066334475e-02 4.592972419056792e+00
8.692911356838688e-02 4.611136158285184e+00
8.735730250337344e-02 4.629284214463901e+00
8.778596826345463e-02 4.647416606561869e+00
8.821511164555261e-02 4.665533353514547e+00
8.864473344836643e-02 4.683634474224128e+00
8.907483447237692e-02 4.701719987559514e+00
8.950541551985171e-02 4.719789912356383e+00
8.993647739485021e-02 4.737844267417316e+00
9.036802090322858e-02 4.755883071511796e+00
9.080004685264483e-02 4.773906343376300e+00
9.123255605256379e-02 4.791914101714386e+00
9.166554931426217e-02 4.809906365196703e+00
9.209902745083366e-02 4.827883152461112e+00
9.253299127719405e-02 4.845844482112703e+00
9.296744161008622e-02 4.863790372723905e+00
9.340237926808541e-02 4.881720842834497e+00
9.383780507160422e-02 4.899635910951716e+00
9.427371984289790e-02 4.917535595550305e+00
9.471012440606945e-02 4.935419915072558e+00
9.514701958707479e-02 4.953288887928434e+00
9.558440621372806e-02 4.971142532495538e+00
9.602228511570678e-02 4.988980867119263e+00
9.646065712455708e-02 5.006803910112817e+00
9.689952307369906e-02 5.024611679757284e+00
9.733888379843195e-02 5.042404194301678e+00
9.777874013593947e-02 5.060181471963046e+00
9.821909292529522e-02 5.077943530926476e+00
9.865994300746786e-02 5.095690389345185e+00
9.910129122532656e-02 5.113422065340602e+00
9.954313842364640e-02 5.131138577002389e+00
9.998548544911363e-02 5.148839942388511e+00
1.004283331503313e-01 5.166526179525320e+00
1.008716823778244e-01 5.184197306407608e+00
1.013155339840455e-01 5.201853340998641e+00
1.017598888233802e-01 5.219494301230247e+00
1.022047477521527e-01 5.237120205002869e+00
1.026501116286309e-01 5.254731070185624e+00
1.030959813130324e-01 5.272326914616377e+00
1.035423576675298e-01 5.289907756101757e+00
1.039892415562563e-01 5.307473612417278e+00
1.044366338453114e-01 5.325024501307340e+00
1.048845354027660e-01 5.342560440485334e+00
1.053329470986687e-01 5.360081447633680e+00
1.057818698050511e-01 5.377587540403876e+00
1.062313043959334e-01 5.395078736416599e+00
1.066812517473301e-01 5.412555053261688e+00
1.071317127372557e-01 5.430016508498278e+00
1.075826882457307e-01 5.447463119654833e+00
1.080341791547868e-01 5.464894904229185e+00
1.084861863484730e-01 5.482311879688607e+00
1.089387107128615e-01 5.499714063469888e+00
1.093917531360528e-01 5.517101472979347e+00
1.098453145081825e-01 5.534474125592929e+00
1.102993957214264e-01 5.551832038656261e+00
1.107539976700066e-01 5.569175229484676e+00
1.112091212501974e-01 5.586503715363312e+00
1.116647673603309e-01 5.603817513547144e+00
1.121209369008035e-01 5.621116641261025e+00
1.125776307740812e-01 5.638401115699795e+00
1.130348498847060e-01 5.655670954028285e+00
1.134925951393016e-01 5.672926173381402e+00
1.139508674465795e-01 5.690166790864172e+00
1.144096677173451e-01 5.707392823551805e+00
1.148689968645035e-01 5.724604288489742e+00
1.153288558030657e-01 5.741801202693727e+00
1.157892454501549e-01 5.758983583149824e+00
1.162501667250121e-01 5.776151446814536e+00
1.167116205490025e-01 5.793304810614794e+00
1.171736078456218e-01 5.810443691448052e+00
1.176361295405022e-01 5.827568106182339e+00
1.180991865614182e-01 5.844678071656276e+00
1.185627798382936e-01 5.861773604679204e+00
1.190269103032072e-01 5.878854722031154e+00
1.194915788903988e-01 5.895921440462981e+00
1.199567865362764e-01 5.912973776696338e+00
1.204225341794213e-01 5.930011747423810e+00
1.208888227605954e-01 5.947035369308889e+00
1.213556532227471e-01 5.964044658986111e+00
1.218230265110176e-01 5.981039633061027e+00
1.222909435727473e-01 5.998020308110320e+00
1.227594053574826e-01 6.014986700681822e+00
1.232284128169817e-01 6.031938827294582e+00
1.236979669052214e-01 6.048876704438923e+00
1.241680685784037e-01 6.065800348576483e+00
1.246387187949620e-01 6.082709776140256e+00
1.251099185155676e-01 6.099605003534689e+00
1.255816687031366e-01 6.116486047135679e+00
1.260539703228359e-01 6.133352923290669e+00
1.265268243420904e-01 6.150205648318687e+00
1.270002317305893e-01 6.167044238510368e+00
1.274741934602925e-01 6.183868710128060e+00
1.279487105054376e-01 6.200679079405843e+00
1.284237838425465e-01 6.217475362549564e+00
1.288994144504322e-01 6.234257575736933e+00
1.293756033102050e-01 6.251025735117526e+00
1.298523514052800e-01 6.267779856812902e+00
1.303296597213832e-01 6.284519956916563e+00
1.308075292465589e-01 6.301246051494083e+00
1.312859609711759e-01 6.317958156583122e+00
1.317649558879350e-01 6.334656288193498e+00
1.322445149918751e-01 6.351340462307189e+00
1.327246392803809e-01 6.368010694878452e+00
1.332053297531892e-01 6.384667001833831e+00
1.336865874123961e-01 6.401309399072201e+00
1.341684132624639e-01 6.417937902464844e+00
1.346508083102281e-01 6.434552527855480e+00
1.351337735649046e-01 6.451153291060326e+00
1.356173100380965e-01 6.467740207868145e+00
1.361014187438009e-01 6.484313294040275e+00
1.365861006984168e-01 6.500872565310724e+00
1.370713569207515e-01 6.517418037386165e+00
1.375571884320278e-01 6.533949725946021e+00
1.380435962558916e-01 6.550467646642497e+00
1.385305814184188e-01 6.566971815100644e+00
1.390181449481224e-01 6.583462246918376e+00
1.395062878759600e-01 6.599938957666579e+00
1.399950112353407e-01 6.616401962889080e+00
1.404843160621330e-01 6.632851278102756e+00
1.409742033946714e-01 6.649286918797548e+00
1.414646742737644e-01 6.665708900436540e+00
1.419557297427013e-01 6.682117238455969e+00
1.424473708472602e-01 6.698511948265296e+00
1.429395986357146e-01 6.714893045247255e+00
1.434324141588419e-01 6.731260544757902e+00
1.439258184699299e-01 6.747614462126622e+00
1.444198126247849e-01 6.763954812656248e+00
1.449143976817389e-01 6.780281611623028e+00
1.454095747016577e-01 6.796594874276748e+00
1.459053447479476e-01 6.812894615840726e+00
1.464017088865637e-01 6.829180851511863e+00
1.468986681860176e-01 6.845453596460709e+00
1.473962237173844e-01 6.861712865831519e+00
1.478943765543110e-01 6.877958674742240e+00
1.483931277730238e-01 6.894191038284644e+00
1.488924784523360e-01 6.910409971524293e+00
1.493924296736557e-01 6.926615489500628e+00
1.498929825209940e-01 6.942807607227014e+00
1.503941380809719e-01 6.958986339690766e+00
1.508958974428294e-01 6.975151701853198e+00
1.513982616984324e-01 6.991303708649706e+00
1.519012319422809e-01 7.007442374989743e+00
1.524048092715173e-01 7.023567715756920e+00
1.529089947859339e-01 7.039679745809048e+00
1.534137895879813e-01 7.055778479978139e+00
1.539191947827760e-01 7.071863933070500e+00
1.544252114781088e-01 7.087936119866747e+00
1.549318407844530e-01 7.103995055121857e+00
1.554390838149720e-01 7.120040753565220e+00
1.559469416855281e-01 7.136073229900674e+00
1.564554155146899e-01 7.152092498806558e+00
1.569645064237416e-01 7.168098574935733e+00
1.574742155366901e-01 7.184091472915656e+00
1.579845439802740e-01 7.200071207348401e+00
1.584954928839717e-01 7.216037792810717e+00
1.590070633800097e-01 7.231991243854058e+00
1.595192566033709e-01 7.247931575004632e+00
1.600320736918032e-01 7.263858800763456e+00
1.605455157858277e-01 7.279772935606369e+00
1.610595840287474e-01 7.295673993984112e+00
1.615742795666554e-01 7.311561990322332e+00
1.620896035484436e-01 7.327436939021659e+00
1.626055571258113e-01 7.343298854457730e+00
1.631221414532736e-01 7.359147750981222e+00
1.636393576881700e-01 7.374983642917925e+00
1.641572069906735e-01 7.390806544568754e+00
1.646756905237984e-01 7.406616470209798e+00
1.651948094534101e-01 7.422413434092379e+00
1.657145649482328e-01 7.438197450443067e+00
1.662349581798590e-01 7.453968533463748e+00
1.667559903227579e-01 7.469726697331639e+00
1.672776625542844e-01 7.485471956199348e+00
1.677999760546880e-01 7.501204324194909e+00
1.683229320071217e-01 7.516923815421826e+00
1.688465315976507e-01 7.532630443959100e+00
1.693707760152616e-01 7.548324223861295e+00
1.698956664518714e-01 7.564005169158548e+00
1.704212041023364e-01 7.579673293856649e+00
1.709473901644615e-01 7.595328611937040e+00
1.714742258390090e-01 7.610971137356870e+00
1.720017123297079e-01 7.626600884049047e+00
1.725298508432630e-01 7.642217865922278e+00
1.730586425893642e-01 7.657822096861080e+00
1.735880887806958e-01 7.673413590725854e+00
1.741181906329454e-01 7.688992361352907e+00
1.746489493648137e-01 7.704558422554491e+00
1.751803661980234e-01 7.720111788118858e+00
1.757124423573289e-01 7.735652471810276e+00
1.762451790705255e-01 7.751180487369076e+00
1.767785775684590e-01 7.766695848511716e+00
1.773126390850351e-01 7.782198568930781e+00
1.778473648572288e-01 7.797688662295043e+00
1.783827561250942e-01 7.813166142249496e+00
1.789188141317739e-01 7.828631022415394e+00
1.794555401235086e-01 7.844083316390302e+00
1.799929353496469e-01 7.859523037748106e+00
1.805310010626551e-01 7.874950200039077e+00
1.810697385181265e-01 7.890364816789900e+00
1.816091489747914e-01 7.905766901503702e+00
1.821492336945272e-01 7.921156467660120e+00
1.826899939423677e-01 7.936533528715300e+00
1.832314309865134e-01 7.951898098101967e+00
1.837735460983412e-01 7.967250189229430e+00
1.843163405524143e-01 7.982589815483662e+00
1.848598156264926e-01 7.997916990227294e+00
1.854039726015421e-01 8.013231726799679e+00
1.859488127617455e-01 8.028534038516929e+00
1.864943373945120e-01 8.043823938671929e+00
1.870405477904874e-01 8.059101440534402e+00
1.875874452435647e-01 8.074366557350928e+00
1.881350310508939e-01 8.089619302344989e+00
1.886833065128922e-01 8.104859688717005e+00
1.892322729332547e-01 8.120087729644352e+00
1.897819316189645e-01 8.135303438281433e+00
1.903322838803029e-01 8.150506827759688e+00
1.908833310308602e-01 8.165697911187639e+00
1.914350743875458e-01 8.180876701650915e+00
1.919875152705989e-01 8.196043212212309e+00
1.925406550035990e-01 8.211197455911794e+00
1.930944949134762e-01 8.226339445766579e+00
1.936490363305224e-01 8.241469194771106e+00
1.942042805884013e-01 8.256586715897141e+00
1.947602290241596e-01 8.271692022093761e+00
1.953168829782374e-01 8.286785126287411e+00
1.958742437944791e-01 8.301866041381937e+00
1.964323128201442e-01 8.316934780258626e+00
1.969910914059183e-01 8.331991355776223e+00
1.975505809059236e-01 8.347035780770982e+00
1.981107826777303e-01 8.362068068056699e+00
1.986716980823674e-01 8.377088230424738e+00
1.992333284843335e-01 8.392096280644074e+00
1.997956752516082e-01 8.407092231461331e+00
2.003587397556631e-01 8.422076095600788e+00
2.009225233714729e-01 8.437047885764457e+00
2.014870274775265e-01 8.452007614632082e+00
2.020522534558385e-01 8.466955294861190e+00
2.026182026919603e-01 8.481890939087110e+00
2.031848765749912e-01 8.496814559923033e+00
2.037522764975905e-01 8.511726169960017e+00
2.043204038559880e-01 8.526625781767033e+00
2.048892600499959e-01 8.541513407890994e+00
2.054588464830206e-01 8.556389060856805e+00
2.060291645620735e-01 8.571252753167375e+00
2.066002156977834e-01 8.586104497303657e+00
2.071720013044074e-01 8.600944305724679e+00
2.077445227998429e-01 8.615772190867586e+00
2.083177816056396e-01 8.630588165147664e+00
2.088917791470108e-01 8.645392240958373e+00
2.094665168528454e-01 8.660184430671377e+00
2.100419961557198e-01 8.674964746636585e+00
2.106182184919097e-01 8.689733201182188e+00
2.111951853014022e-01 8.704489806614665e+00
2.117728980279076e-01 8.719234575218847e+00
2.123513581188715e-01 8.733967519257911e+00
2.129305670254873e-01 8.748688650973463e+00
2.135105262027075e-01 8.763397982585522e+00
2.140912371092565e-01 8.778095526292580e+00
2.146727012076428e-01 8.792781294271620e+00
2.152549199641711e-01 8.807455298678148e+00
2.158378948489546e-01 8.822117551646237e+00
2.164216273359276e-01 8.836768065288540e+00
2.170061189028576e-01 8.851406851696336e+00
2.175913710313581e-01 8.866033922939556e+00
2.181773852069010e-01 8.880649291066804e+00
2.187641629188289e-01 8.895252968105412e+00
2.193517056603682e-01 8.909844966061438e+00
2.199400149286414e-01 8.924425296919731e+00
2.205290922246800e-01 8.938993972643933e+00
2.211189390534370e-01 8.953551005176514e+00
2.217095569238003e-01 8.968096406438832e+00
2.223009473486049e-01 8.982630188331118e+00
2.228931118446462e-01 8.997152362732546e+00
2.234860519326928e-01 9.011662941501216e+00
2.240797691374996e-01 9.026161936474253e+00
2.246742649878208e-01 9.040649359467759e+00
2.252695410164233e-01 9.055125222276908e+00
2.258655987600996e-01 9.069589536675931e+00
2.264624397596808e-01 9.084042314418168e+00
2.270600655600503e-01 9.098483567236089e+00
2.276584777101572e-01 9.112913306841328e+00
2.282576777630292e-01 9.127331544924710e+00
2.288576672757864e-01 9.141738293156276e+00
2.294584478096548e-01 9.156133563185321e+00
2.300600209299794e-01 9.170517366640404e+00
2.306623882062384e-01 9.184889715129412e+00
2.312655512120566e-01 9.199250620239544e+00
2.318695115252188e-01 9.213600093537378e+00
2.324742707276842e-01 9.227938146568876e+00
2.330798304055996e-01 9.242264790859423e+00
2.336861921493135e-01 9.256580037913842e+00
2.342933575533902e-01 9.270883899216448e+00
2.349013282166235e-01 9.285176386231047e+00
2.355101057420509e-01 9.299457510400982e+00
2.361196917369676e-01 9.313727283149156e+00
2.367300878129406e-01 9.327985715878055e+00
2.373412955858232e-01 9.342232819969784e+00
2.379533166757688e-01 9.356468606786089e+00
2.385661527072456e-01 9.370693087668389e+00
2.391798053090509e-01 9.384906273937791e+00
2.397942761143252e-01 9.399108176895128e+00
2.404095667605672e-01 9.413298807820993e+00
2.410256788896480e-01 9.427478177975749e+00
2.416426141478258e-01 9.441646298599560e+00
2.422603741857605e-01 9.455803180912438e+00
2.428789606585285e-01 9.469948836114234e+00
2.434983752256376e-01 9.484083275384698e+00
2.441186195510415e-01 9.498206509883483e+00
2.447396953031551e-01 9.512318550750180e+00
2.453616041548691e-01 9.526419409104347e+00
2.459843477835653e-01 9.540509096045533e+00
2.466079278711314e-01 9.554587622653301e+00
2.472323461039766e-01 9.568654999987253e+00
2.478576041730461e-01 9.582711239087070e+00
2.484837037738372e-01 9.596756350972512e+00
2.491106466064138e-01 9.610790346643464e+00
2.497384343754225e-01 9.624813237079962e+00
2.503670687901075e-01 9.638825033242210e+00
2.509965515643265e-01 9.652825746070597e+00
2.516268844165660e-01 9.666815386485743e+00
2.522580690699572e-01 9.680793965388517e+00
2.528901072522916e-01 9.694761493660053e+00
2.535230006960363e-01 9.708717982161781e+00
2.541567511383508e-01 9.722663441735452e+00
2.547913603211019e-01 9.736597883203171e+00
2.554268299908806e-01 9.750521317367403e+00
2.560631618990172e-01 9.764433755011012e+00
2.567003578015980e-01 9.778335206897285e+00
2.573384194594812e-01 9.792225683769942e+00
2.579773486383132e-01 9.806105196353188e+00
2.586171471085450e-01 9.819973755351706e+00
2.592578166454484e-01 9.833831371450703e+00
2.598993590291322e-01 9.847678055315924e+00
2.605417760445593e-01 9.861513817593675e+00
2.611850694815627e-01 9.875338668910855e+00
2.618292411348623e-01 9.889152619874974e+00
2.624742928040818e-01 9.902955681074179e+00
2.631202262937651e-01 9.916747863077273e+00
2.637670434133931e-01 9.930529176433740e+00
2.644147459774012e-01 9.944299631673774e+00
2.650633358051956e-01 9.958059239308287e+00
2.657128147211707e-01 9.971808009828960e+00
2.663631845547260e-01 9.985545953708236e+00
2.670144471402834e-01 9.999273081399357e+00
2.676666043173045e-01 1.001298940333639e+01
2.683196579303078e-01 1.002669492993425e+01
2.689736098288860e-01 1.004038967158870e+01
2.696284618677238e-01 1.005407363867641e+01
2.702842159066151e-01 1.006774684155495e+01
2.709408738104808e-01 1.008140929056282e+01
2.715984374493862e-01 1.009506099601950e+01
2.722569086985593e-01 1.010870196822541e+01
2.729162894384081e-01 1.012233221746201e+01
2.735765815545386e-01 1.013595175399173e+01
2.742377869377730e-01 1.014956058805810e+01
2.748999074841676e-01 1.016315872988567e+01
2.755629450950309e-01 1.017674618968012e+01
2.762269016769419e-01 1.019032297762818e+01
2.768917791417681e-01 1.020388910389776e+01
2.775575794066842e-01 1.021744457863791e+01
2.782243043941906e-01 1.023098941197883e+01
2.788919560321313e-01 1.024452361403194e+01
2.795605362537130e-01 1.025804719488986e+01
2.802300469975239e-01 1.027156016462644e+01
2.809004902075517e-01 1.028506253329681e+01
2.815718678332033e-01 1.029855431093736e+01
2.822441818293230e-01 1.031203550756577e+01
2.829174341562118e-01 1.032550613318104e+01
2.835916267796467e-01 1.033896619776354e+01
2.842667616708990e-01 1.035241571127497e+01
2.849428408067545e-01 1.036585468365839e+01
2.856198661695321e-01 1.037928312483831e+01
2.862978397471035e-01 1.039270104472062e+01
2.869767635329126e-01 1.040610845319267e+01
2.876566395259949e-01 1.041950536012326e+01
2.883374697309973e-01 1.043289177536268e+01
2.890192561581977e-01 1.044626770874269e+01
2.897020008235250e-01 1.045963317007660e+01
2.903857057485784e-01 1.047298816915925e+01
2.910703729606481e-01 1.048633271576703e+01
2.917560044927348e-01 1.049966681965792e+01
2.924426023835700e-01 1.051299049057148e+01
2.931301686776363e-01 1.052630373822889e+01
2.938187054251875e-01 1.053960657233297e+01
2.945082146822692e-01 1.055289900256818e+01
2.951986985107390e-01 1.056618103860067e+01
2.958901589782872e-01 1.057945269007828e+01
2.965825981584575e-01 1.059271396663054e+01
2.972760181306678e-01 1.060596487786871e+01
2.979704209802306e-01 1.061920543338581e+01
2.986658087983743e-01 1.063243564275663e+01
2.993621836822642e-01 1.064565551553772e+01
3.000595477350232e-01 1.065886506126745e+01
3.007579030657535e-01 1.067206428946599e+01
3.014572517895573e-01 1.068525320963538e+01
3.021575960275587e-01 1.069843183125946e+01
3.028589379069249e-01 1.071160016380400e+01
3.035612795608873e-01 1.072475821671662e+01
3.042646231287642e-01 1.073790599942688e+01
3.049689707559813e-01 1.075104352134623e+01
3.056743245940944e-01 1.076417079186809e+01
3.063806868008110e-01 1.077728782036784e+01
3.070880595400122e-01 1.079039461620280e+01
3.077964449817749e-01 1.080349118871233e+01
3.085058453023939e-01 1.081657754721779e+01
3.092162626844046e-01 1.082965370102254e+01
3.099276993166046e-01 1.084271965941202e+01
3.106401573940770e-01 1.085577543165370e+01
3.113536391182125e-01 1.086882102699716e+01
3.120681466967320e-01 1.088185645467405e+01
3.127836823437098e-01 1.089488172389814e+01
3.135002482795962e-01 1.090789684386532e+01
3.142178467312403e-01 1.092090182375364e+01
3.149364799319135e-01 1.093389667272330e+01
3.156561501213322e-01 1.094688139991666e+01
3.163768595456815e-01 1.095985601445830e+01
3.170986104576382e-01 1.097282052545498e+01
3.178214051163946e-01 1.098577494199571e+01
3.185452457876818e-01 1.099871927315171e+01
3.192701347437934e-01 1.101165352797648e+01
3.199960742636095e-01 1.102457771550576e+01
3.207230666326204e-01 1.103749184475761e+01
3.214511141429506e-01 1.105039592473236e+01
3.221802190933831e-01 1.106328996441267e+01
3.229103837893829e-01 1.107617397276353e+01
3.236416105431224e-01 1.108904795873226e+01
3.243739016735049e-01 1.110191193124857e+01
3.251072595061895e-01 1.111476589922452e+01
3.258416863736157e-01 1.112760987155455e+01
3.265771846150278e-01 1.114044385711554e+01
3.273137565765004e-01 1.115326786476675e+01
3.280514046109628e-01 1.116608190334991e+01
3.287901310782240e-01 1.117888598168915e+01
3.295299383449984e-01 1.119168010859110e+01
3.302708287849307e-01 1.120446429284486e+01
3.310128047786211e-01 1.121723854322200e+01
3.317558687136512e-01 1.123000286847660e+01
3.325000229846095e-01 1.124275727734527e+01
3.332452699931168e-01 1.125550177854714e+01
3.339916121478528e-01 1.126823638078388e+01
3.347390518645809e-01 1.128096109273971e+01
3.354875915661754e-01 1.129367592308145e+01
3.362372336826472e-01 1.130638088045848e+01
3.369879806511697e-01 1.131907597350276e+01
3.377398349161060e-01 1.133176121082891e+01
3.384927989290348e-01 1.134443660103413e+01
3.392468751487774e-01 1.135710215269827e+01
3.400020660414243e-01 1.136975787438383e+01
3.407583740803621e-01 1.138240377463597e+01
3.415158017463005e-01 1.139503986198252e+01
3.422743515272996e-01 1.140766614493400e+01
3.430340259187968e-01 1.142028263198363e+01
3.437948274236345e-01 1.143288933160733e+01
3.445567585520874e-01 1.144548625226376e+01
3.453198218218901e-01 1.145807340239429e+01
3.460840197582651e-01 1.147065079042307e+01
3.468493548939502e-01 1.148321842475698e+01
3.476158297692267e-01 1.149577631378568e+01
3.483834469319478e-01 1.150832446588163e+01
3.491522089375663e-01 1.152086288940004e+01
3.499221183491633e-01 1.153339159267897e+01
3.506931777374767e-01 1.154591058403927e+01
3.514653896809296e-01 1.155841987178464e+01
3.522387567656591e-01 1.157091946420158e+01
3.530132815855453e-01 1.158340936955948e+01
3.537889667422405e-01 1.159588959611058e+01
3.545658148451976e-01 1.160836015208997e+01
3.553438285116999e-01 1.162082104571565e+01
3.561230103668907e-01 1.163327228518849e+01
3.569033630438023e-01 1.164571387869229e+01
3.576848891833859e-01 1.165814583439374e+01
3.584675914345416e-01 1.167056816044247e+01
3.592514724541477e-01 1.168298086497103e+01
3.600365349070916e-01 1.169538395609492e+01
3.608227814662994e-01 1.170777744191260e+01
3.616102148127664e-01 1.172016133050549e+01
3.623988376355876e-01 1.173253562993799e+01
3.631886526319882e-01 1.174490034825748e+01
3.639796625073546e-01 1.175725549349432e+01
3.647718699752652e-01 1.176960107366191e+01
3.655652777575210e-01 1.178193709675661e+01
3.663598885841776e-01 1.179426357075784e+01
3.671557051935756e-01 1.180658050362805e+01
3.679527303323729e-01 1.181888790331271e+01
3.687509667555756e-01 1.183118577774036e+01
3.695504172265703e-01 1.184347413482258e+01
3.703510845171555e-01 1.185575298245403e+01
3.711529714075741e-01 1.186802232851243e+01
3.719560806865452e-01 1.188028218085861e+01
3.727604151512965e-01 1.189253254733647e+01
3.735659776075971e-01 1.190477343577301e+01
3.743727708697897e-01 1.191700485397835e+01
3.751807977608235e-01 1.192922680974572e+01
3.759900611122874e-01 1.194143931085149e+01
3.768005637644425e-01 1.195364236505515e+01
3.776123085662562e-01 1.196583598009932e+01
3.784252983754346e-01 1.197802016370978e+01
3.792395360584568e-01 1.199019492359548e+01
3.800550244906081e-01 1.200236026744852e+01
3.808717665560140e-01 1.201451620294417e+01
3.816897651476743e-01 1.202666273774087e+01
3.825090231674974e-01 1.203879987948027e+01
3.833295435263340e-01 1.205092763578719e+01
3.841513291440123e-01 1.206304601426967e+01
3.849743829493723e-01 1.207515502251893e+01
3.857987078803002e-01 1.208725466810943e+01
3.866243068837645e-01 1.209934495859883e+01
3.874511829158497e-01 1.211142590152804e+01
3.882793389417926e-01 1.212349750442117e+01
3.891087779360175e-01 1.213555977478560e+01
3.899395028821713e-01 1.214761272011193e+01
3.907715167731601e-01 1.215965634787404e+01
3.916048226111847e-01 1.217169066552904e+01
3.924394234077765e-01 1.218371568051732e+01
3.932753221838342e-01 1.219573140026254e+01
3.941125219696601e-01 1.220773783217162e+01
3.949510258049966e-01 1.221973498363478e+01
3.957908367390632e-01 1.223172286202550e+01
3.966319578305933e-01 1.224370147470059e+01
3.974743921478712e-01 1.225567082900011e+01
3.983181427687699e-01 1.226763093224747e+01
3.991632127807880e-01 1.227958179174934e+01
4.000096052810879e-01 1.229152341479574e+01
4.008573233765332e-01 1.230345580865999e+01
4.017063701837267e-01 1.231537898059872e+01
4.025567488290492e-01 1.232729293785190e+01
4.034084624486971e-01 1.233919768764283e+01
4.042615141887216e-01 1.235109323717814e+01
4.051159072050669e-01 1.236297959364780e+01
4.059716446636094e-01 1.237485676422512e+01
4.068287297401968e-01 1.238672475606677e+01
4.076871656206874e-01 1.239858357631275e+01
4.085469555009896e-01 1.241043323208642e+01
4.094081025871013e-01 1.242227373049452e+01
4.102706100951499e-01 1.243410507862712e+01
4.111344812514326e-01 1.244592728355767e+01
4.119997192924562e-01 1.245774035234298e+01
4.128663274649779e-01 1.246954429202327e+01
4.137343090260455e-01 1.248133910962206e+01
4.146036672430388e-01 1.249312481214633e+01
4.154744053937099e-01 1.250490140658638e+01
4.163465267662246e-01 1.251666889991592e+01
4.172200346592045e-01 1.252842729909204e+01
4.180949323817675e-01 1.254017661105523e+01
4.189712232535702e-01 1.255191684272934e+01
4.198489106048500e-01 1.256364800102165e+01
4.207279977764666e-01 1.257537009282281e+01
4.216084881199454e-01 1.258708312500688e+01
4.224903849975191e-01 1.259878710443131e+01
4.233736917821713e-01 1.261048203793696e+01
4.242584118576790e-01 1.262216793234808e+01
4.251445486186559e-01 1.263384479447235e+01
4.260321054705959e-01 1.264551263110083e+01
4.269210858299167e-01 1.265717144900799e+01
4.278114931240037e-01 1.266882125495172e+01
4.287033307912539e-01 1.268046205567332e+01
4.295966022811201e-01 1.269209385789748e+01
4.304913110541560e-01 1.270371666833232e+01
4.313874605820598e-01 1.271533049366937e+01
4.322850543477202e-01 1.272693534058357e+01
4.331840958452607e-01 1.273853121573326e+01
4.340845885800853e-01 1.275011812576023e+01
4.349865360689241e-01 1.276169607728964e+01
4.358899418398791e-01 1.277326507693009e+01
4.367948094324700e-01 1.278482513127359e+01
4.377011423976804e-01 1.279637624689556e+01
4.386089442980047e-01 1.280791843035484e+01
4.395182187074942e-01 1.281945168819367e+01
4.404289692118041e-01 1.283097602693771e+01
4.413411994082414e-01 1.284249145309604e+01
4.422549129058110e-01 1.285399797316114e+01
4.431701133252645e-01 1.286549559360892e+01
4.440868042991470e-01 1.287698432089866e+01
4.450049894718459e-01 1.288846416147308e+01
4.459246724996390e-01 1.289993512175831e+01
4.468458570507427e-01 1.291139720816387e+01
4.477685468053614e-01 1.292285042708269e+01
4.486927454557357e-01 1.293429478489111e+01
4.496184567061924e-01 1.294573028794886e+01
4.505456842731939e-01 1.295715694259906e+01
4.514744318853869e-01 1.296857475516826e+01
4.524047032836543e-01 1.297998373196639e+01
4.533365022211634e-01 1.299138387928674e+01
4.542698324634178e-01 1.300277520340605e+01
4.552046977883075e-01 1.301415771058440e+01
4.561411019861599e-01 1.302553140706527e+01
4.570790488597914e-01 1.303689629907554e+01
4.580185422245583e-01 1.304825239282545e+01
4.589595859084090e-01 1.305959969450862e+01
4.599021837519357e-01 1.307093821030204e+01
4.608463396084269e-01 1.308226794636608e+01
4.617920573439198e-01 1.309358890884447e+01
4.627393408372528e-01 1.310490110386432e+01
4.636881939801192e-01 1.311620453753607e+01
4.646386206771198e-01 1.312749921595353e+01
4.655906248458164e-01 1.313878514519388e+01
4.665442104167868e-01 1.315006233131762e+01
4.674993813336772e-01 1.316133078036860e+01
4.684561415532580e-01 1.317259049837403e+01
4.694144950454777e-01 1.318384149134442e+01
4.703744457935175e-01 1.319508376527364e+01
4.713359977938478e-01 1.320631732613888e+01
4.722991550562819e-01 1.321754217990064e+01
4.732639216040337e-01 1.322875833250274e+01
4.742303014737715e-01 1.323996578987231e+01
4.751982987156763e-01 1.325116455791979e+01
4.761679173934972e-01 1.326235464253892e+01
4.771391615846086e-01 1.327353604960673e+01
4.781120353800676e-01 1.328470878498353e+01
4.790865428846709e-01 1.329587285451293e+01
4.800626882170130e-01 1.330702826402181e+01
4.810404755095441e-01 1.331817501932031e+01
4.820199089086282e-01 1.332931312620186e+01
4.830009925746022e-01 1.334044259044312e+01
4.839837306818341e-01 1.335156341780401e+01
4.849681274187828e-01 1.336267561402770e+01
4.859541869880575e-01 1.337377918484060e+01
4.869419136064771e-01 1.338487413595234e+01
4.879313115051311e-01 1.339596047305579e+01
4.889223849294388e-01 1.340703820182701e+01
4.899151381392117e-01 1.341810732792530e+01
4.909095754087127e-01 1.342916785699314e+01
4.919057010267187e-01 1.344021979465622e+01
4.929035192965821e-01 1.345126314652340e+01
4.939030345362921e-01 1.346229791818672e+01
4.949042510785379e-01 1.347332411522140e+01
4.959071732707704e-01 1.348434174318583e+01
4.969118054752659e-01 1.349535080762152e+01
4.979181520691889e-01 1.350635131405315e+01
4.989262174446557e-01 1.351734326798854e+01
4.999360060087985e-01 1.352832667491863e+01
5.009475221838295e-01 1.353930154031746e+01
5.019607704071054e-01 1.355026786964221e+01
5.029757551311925e-01 1.356122566833314e+01
5.039924808239314e-01 1.357217494181361e+01
5.050109519685034e-01 1.358311569549005e+01
5.060311730634958e-01 1.359404793475198e+01
5.070531486229677e-01 1.360497166497195e+01
5.080768831765180e-01 1.361588689150559e+01
5.091023812693508e-01 1.362679361969155e+01
5.101296474623438e-01 1.363769185485154e+01
5.111586863321150e-01 1.364858160229025e+01
5.121895024710912e-01 1.365946286729541e+01
5.132221004875767e-01 1.367033565513774e+01
5.142564850058206e-01 1.368119997107094e+01
5.152926606660875e-01 1.369205582033169e+01
5.163306321247256e-01 1.370290320813964e+01
5.173704040542375e-01 1.371374213969739e+01
5.184119811433493e-01 1.372457262019048e+01
5.194553680970815e-01 1.373539465478737e+01
5.205005696368202e-01 1.374620824863947e+01
5.215475905003878e-01 1.375701340688106e+01
5.225964354421151e-01 1.376781013462935e+01
5.236471092329125e-01 1.377859843698439e+01
5.246996166603429e-01 1.378937831902912e+01
5.257539625286948e-01 1.380014978582935e+01
5.268101516590540e-01 1.381091284243371e+01
5.278681888893790e-01 1.382166749387367e+01
5.289280790745733e-01 1.383241374516351e+01
5.299898270865602e-01 1.384315160130034e+01
5.310534378143575e-01 1.385388106726401e+01
5.321189161641527e-01 1.386460214801721e+01
5.331862670593783e-01 1.387531484850532e+01
5.342554954407872e-01 1.388601917365654e+01
5.353266062665294e-01 1.389671512838175e+01
5.363996045122290e-01 1.390740271757457e+01
5.374744951710602e-01 1.391808194611134e+01
5.385512832538260e-01 1.392875281885106e+01
5.396299737890347e-01 1.393941534063543e+01
5.407105718229793e-01 1.395006951628880e+01
5.417930824198159e-01 1.396071535061816e+01
5.428775106616425e-01 1.397135284841314e+01
5.439638616485788e-01 1.398198201444599e+01
5.450521404988459e-01 1.399260285347153e+01
5.461423523488470e-01 1.400321537022720e+01
5.472345023532482e-01 1.401381956943298e+01
5.483285956850593e-01 1.402441545579140e+01
5.494246375357160e-01 1.403500303398755e+01
5.505226331151618e-01 1.404558230868900e+01
5.516225876519304e-01 1.405615328454585e+01
5.527245063932290e-01 1.406671596619067e+01
5.538283946050213e-01 1.407727035823849e+01
5.549342575721121e-01 1.408781646528681e+01
5.560421005982308e-01 1.409835429191554e+01
5.571519290061167e-01 1.410888384268702e+01
5.582637481376043e-01 1.411940512214596e+01
5.593775633537084e-01 1.412991813481948e+01
5.604933800347113e-01 1.414042288521704e+01
5.616112035802482e-01 1.415091937783045e+01
5.627310394093956e-01 1.416140761713382e+01
5.638528929607577e-01 1.417188760758360e+01
5.649767696925548e-01 1.418235935361850e+01
5.661026750827128e-01 1.419282285965949e+01
5.672306146289505e-01 1.420327813010980e+01
5.683605938488705e-01 1.421372516935489e+01
5.694926182800482e-01 1.422416398176242e+01
5.706266934801228e-01 1.423459457168222e+01
5.717628250268886e-01 1.424501694344632e+01
5.729010185183852e-01 1.425543110136887e+01
5.740412795729909e-01 1.426583704974615e+01
5.751836138295141e-01 1.427623479285656e+01
5.763280269472865e-01 1.428662433496057e+01
5.774745246062571e-01 1.429700568030071e+01
5.786231125070854e-01 1.430737883310157e+01
5.797737963712365e-01 1.431774379756973e+01
5.809265819410755e-01 1.432810057789380e+01
5.820814749799635e-01 1.433844917824436e+01
5.832384812723537e-01 1.434878960277393e+01
5.843976066238874e-01 1.435912185561697e+01
5.855588568614918e-01 1.436944594088985e+01
5.867222378334768e-01 1.437976186269083e+01
5.878877554096348e-01 1.439006962510004e+01
5.890554154813371e-01 1.440036923217943e+01
5.902252239616349e-01 1.441066068797279e+01
5.913971867853588e-01 1.442094399650571e+01
5.925713099092184e-01 1.443121916178551e+01
5.937475993119045e-01 1.444148618780131e+01
5.949260609941892e-01 1.445174507852391e+01
5.961067009790290e-01 1.446199583790584e+01
5.972895253116668e-01 1.447223846988128e+01
5.984745400597354e-01 1.448247297836608e+01
5.996617513133612e-01 1.449269936725769e+01
6.008511651852683e-01 1.450291764043519e+01
6.020427878108834e-01 1.451312780175920e+01
6.032366253484424e-01 1.452332985507192e+01
6.044326839790942e-01 1.453352380419705e+01
6.056309699070100e-01 1.454370965293980e+01
6.068314893594886e-01 1.455388740508685e+01
6.080342485870650e-01 1.456405706440631e+01
6.092392538636192e-01 1.457421863464772e+01
6.104465114864847e-01 1.458437211954201e+01
6.116560277765586e-01 1.459451752280147e+01
6.128678090784114e-01 1.460465484811972e+01
6.140818617603993e-01 1.461478409917171e+01
6.152981922147734e-01 1.462490527961364e+01
6.165168068577942e-01 1.463501839308299e+01
6.177377121298434e-01 1.464512344319845e+01
6.189609144955369e-01 1.465522043355991e+01
6.201864204438401e-01 1.466530936774843e+01
6.214142364881816e-01 1.467539024932620e+01
6.226443691665690e-01 1.468546308183653e+01
6.238768250417049e-01 1.469552786880381e+01
6.251116107011039e-01 1.470558461373347e+01
6.263487327572095e-01 1.471563332011196e+01
6.275881978475123e-01 1.472567399140675e+01
6.288300126346685e-01 1.473570663106623e+01
6.300741838066203e-01 1.474573124251975e+01
6.313207180767143e-01 1.475574782917754e+01
6.325696221838238e-01 1.476575639443072e+01
6.338209028924693e-01 1.477575694165122e+01
6.350745669929405e-01 1.478574947419180e+01
6.363306213014205e-01 1.479573399538598e+01
6.375890726601073e-01 1.480571050854802e+01
6.388499279373400e-01 1.481567901697291e+01
6.401131940277223e-01 1.482563952393629e+01
6.413788778522487e-01 1.483559203269447e+01
6.426469863584313e-01 1.484553654648435e+01
6.439175265204263e-01 1.485547306852344e+01
6.451905053391623e-01 1.486540160200975e+01
6.464659298424684e-01 1.487532215012185e+01
6.477438070852040e-01 1.488523471601874e+01
6.490241441493885e-01 1.489513930283992e+01
6.503069481443323e-01 1.490503591370524e+01
6.515922262067690e-01 1.491492455171497e+01
6.528799855009861e-01 1.492480521994970e+01
6.541702332189606e-01 1.493467792147033e+01
6.554629765804900e-01 1.494454265931802e+01
6.567582228333292e-01 1.495439943651418e+01
6.580559792533252e-01 1.496424825606041e+01
6.593562531445528e-01 1.497408912093846e+01
6.606590518394528e-01 1.498392203411023e+01
6.619643826989688e-01 1.499374699851768e+01
6.632722531126861e-01 1.500356401708285e+01
6.645826704989716e-01 1.501337309270777e+01
6.658956423051132e-01 1.502317422827446e+01
6.672111760074622e-01 1.503296742664488e+01
6.685292791115734e-01 1.504275269066087e+01
6.698499591523494e-01 1.505253002314417e+01
6.711732236941839e-01 1.506229942689632e+01
6.724990803311051e-01 1.507206090469865e+01
6.738275366869223e-01 1.508181445931222e+01
6.751586004153712e-01 1.509156009347782e+01
6.764922792002610e-01 1.510129780991591e+01
6.778285807556226e-01 1.511102761132654e+01
6.791675128258569e-01 1.512074950038940e+01
6.805090831858848e-01 1.513046347976368e+01
6.818532996412973e-01 1.514016955208811e+01
6.832001700285073e-01 1.514986771998085e+01
6.845497022149016e-01 1.515955798603952e+01
6.859019040989939e-01 1.516924035284108e+01
6.872567836105795e-01 1.517891482294188e+01
6.886143487108897e-01 1.518858139887752e+01
6.899746073927482e-01 1.519824008316289e+01
6.913375676807276e-01 1.520789087829206e+01
6.927032376313073e-01 1.521753378673830e+01
6.940716253330323e-01 1.522716881095398e+01
6.954427389066732e-01 1.523679595337057e+01
6.968165865053862e-01 1.524641521639858e+01
6.981931763148752e-01 1.525602660242749e+01
6.995725165535538e-01 1.526563011382574e+01
7.009546154727098e-01 1.527522575294069e+01
7.023394813566689e-01 1.528481352209854e+01
7.037271225229605e-01 1.529439342360431e+01
7.051175473224847e-01 1.530396545974180e+01
7.065107641396783e-01 1.531352963277350e+01
7.079067813926855e-01 1.532308594494060e+01
7.093056075335256e-01 1.533263439846293e+01
7.107072510482648e-01 1.534217499553886e+01
7.121117204571870e-01 1.535170773834533e+01
7.135190243149665e-01 1.536123262903777e+01
7.149291712108428e-01 1.537074966975000e+01
7.163421697687933e-01 1.538025886259430e+01
7.177580286477115e-01 1.538976020966123e+01
7.191767565415820e-01 1.539925371301968e+01
7.205983621796591e-01 1.540873937471677e+01
7.220228543266460e-01 1.541821719677782e+01
7.234502417828748e-01 1.542768718120628e+01
7.248805333844875e-01 1.543714932998372e+01
7.263137380036188e-01 1.544660364506973e+01
7.277498645485792e-01 1.545605012840189e+01
7.291889219640394e-01 1.546548878189575e+01
7.306309192312166e-01 1.547491960744472e+01
7.320758653680609e-01 1.548434260692006e+01
7.335237694294431e-01 1.549375778217081e+01
7.349746405073447e-01 1.550316513502376e+01
7.364284877310471e-01 1.551256466728336e+01
7.378853202673237e-01 1.552195638073170e+01
7.393451473206328e-01 1.553134027712844e+01
7.408079781333109e-01 1.554071635821076e+01
7.422738219857680e-01 1.555008462569329e+01
7.437426881966837e-01 1.555944508126810e+01
7.452145861232049e-01 1.556879772660460e+01
7.466895251611446e-01 1.557814256334949e+01
7.481675147451814e-01 1.558747959312674e+01
7.496485643490610e-01 1.559680881753749e+01
7.511326834857983e-01 1.560613023816002e+01
7.526198817078815e-01 1.561544385654968e+01
7.541101686074769e-01 1.562474967423885e+01
7.556035538166346e-01 1.563404769273685e+01
7.571000470074974e-01 1.564333791352994e+01
7.585996578925077e-01 1.565262033808118e+01
7.601023962246193e-01 1.566189496783045e+01
7.616082717975077e-01 1.567116180419436e+01
7.631172944457835e-01 1.568042084856615e+01
7.646294740452063e-01 1.568967210231573e+01
7.661448205129001e-01 1.569891556678949e+01
7.676633438075704e-01 1.570815124331037e+01
7.691850539297216e-01 1.571737913317770e+01
7.707099609218772e-01 1.572659923766719e+01
7.722380748688008e-01 1.573581155803086e+01
7.737694058977178e-01 1.574501609549696e+01
7.753039641785400e-01 1.575421285126994e+01
7.768417599240895e-01 1.576340182653034e+01
7.783828033903266e-01 1.577258302243478e+01
7.799271048765769e-01 1.578175644011587e+01
7.814746747257610e-01 1.579092208068214e+01
7.830255233246257e-01 1.580007994521798e+01
7.845796611039758e-01 1.580923003478359e+01
7.861370985389082e-01 1.581837235041490e+01
7.876978461490478e-01 1.582750689312351e+01
7.892619144987835e-01 1.583663366389661e+01
7.908293141975068e-01 1.584575266369695e+01
7.924000558998523e-01 1.585486389346274e+01
7.939741503059379e-01 1.586396735410758e+01
7.955516081616093e-01 1.587306304652042e+01
7.971324402586829e-01 1.588215097156547e+01
7.987166574351938e-01 1.589123113008216e+01
8.003042705756414e-01 1.590030352288501e+01
8.018952906112402e-01 1.590936815076364e+01
8.034897285201701e-01 1.591842501448264e+01
8.050875953278288e-01 1.592747411478153e+01
8.066889021070863e-01 1.593651545237468e+01
8.082936599785405e-01 1.594554902795124e+01
8.099018801107747e-01 1.595457484217508e+01
8.115135737206162e-01 1.596359289568468e+01
8.131287520733979e-01 1.597260318909312e+01
8.147474264832202e-01 1.598160572298795e+01
8.163696083132155e-01 1.599060049793114e+01
8.179953089758139e-01 1.599958751445903e+01
8.196245399330108e-01 1.600856677308220e+01
8.212573126966362e-01 1.601753827428544e+01
8.228936388286265e-01 1.602650201852769e+01
8.245335299412965e-01 1.603545800624189e+01
8.261769976976147e-01 1.604440623783500e+01
8.278240538114794e-01 1.605334671368784e+01
8.294747100479973e-01 1.606227943415508e+01
8.311289782237637e-01 1.607120439956511e+01
8.327868702071439e-01 1.608012161021999e+01
8.344483979185580e-01 1.608903106639538e+01
8.361135733307655e-01 1.609793276834044e+01
8.377824084691536e-01 1.610682671627776e+01
8.394549154120267e-01 1.611571291040327e+01
8.411311062908970e-01 1.612459135088620e+01
8.428109932907795e-01 1.613346203786894e+01
8.444945886504850e-01 1.614232497146701e+01
8.461819046629192e-01 1.615118015176895e+01
8.478729536753810e-01 1.616002757883625e+01
8.495677480898635e-01 1.616886725270327e+01
8.512663003633584e-01 1.617769917337712e+01
8.529686230081593e-01 1.618652334083767e+01
8.546747285921712e-01 1.619533975503734e+01
8.563846297392176e-01 1.620414841590113e+01
8.580983391293530e-01 1.621294932332645e+01
8.598158694991767e-01 1.622174247718310e+01
8.615372336421472e-01 1.623052787731313e+01
8.632624444089010e-01 1.623930552353081e+01
8.649915147075714e-01 1.624807541562247e+01
8.667244575041111e-01 1.625683755334650e+01
8.684612858226163e-01 1.626559193643319e+01
8.702020127456522e-01 1.627433856458467e+01
8.719466514145827e-01 1.628307743747484e+01
8.736952150299000e-01 1.629180855474923e+01
8.754477168515580e-01 1.630053191602498e+01
8.772041701993077e-01 1.630924752089067e+01
8.789645884530343e-01 1.631795536890630e+01
8.807289850530970e-01 1.632665545960316e+01
8.824973735006713e-01 1.633534779248375e+01
8.842697673580926e-01 1.634403236702168e+01
8.860461802492043e-01 1.635270918266158e+01
8.878266258597054e-01 1.636137823881901e+01
8.896111179375034e-01 1.637003953488036e+01
8.913996702930664e-01 1.637869307020279e+01
8.931922967997812e-01 1.638733884411405e+01
8.949890113943105e-01 1.639597685591249e+01
8.967898280769552e-01 1.640460710486687e+01
8.985947609120174e-01 1.641322959021635e+01
9.004038240281665e-01 1.642184431117030e+01
9.022170316188088e-01 1.643045126690829e+01
9.040343979424571e-01 1.643905045657993e+01
9.058559373231055e-01 1.644764187930481e+01
9.076816641506062e-01 1.645622553417236e+01
9.095115928810470e-01 1.646480142024179e+01
9.113457380371340e-01 1.647336953654197e+01
9.131841142085754e-01 1.648192988207132e+01
9.150267360524680e-01 1.649048245579773e+01
9.168736182936875e-01 1.649902725665845e+01
9.187247757252802e-01 1.650756428355998e+01
9.205802232088582e-01 1.651609353537795e+01
9.224399756749967e-01 1.652461501095707e+01
9.243040481236348e-01 1.653312870911096e+01
9.261724556244790e-01 1.654163462862209e+01
9.280452133174091e-01 1.655013276824166e+01
9.299223364128868e-01 1.655862312668949e+01
9.318038401923679e-01 1.656710570265390e+01
9.336897400087170e-01 1.657558049479164e+01
9.355800512866249e-01 1.658404750172774e+01
9.374747895230287e-01 1.659250672205544e+01
9.393739702875369e-01 1.660095815433603e+01
9.412776092228538e-01 1.660940179709880e+01
9.431857220452101e-01 1.661783764884088e+01
9.450983245447957e-01 1.662626570802716e+01
9.470154325861940e-01 1.663468597309013e+01
9.489370621088221e-01 1.664309844242984e+01
9.508632291273714e-01 1.665150311441374e+01
9.527939497322531e-01 1.665989998737655e+01
9.547292400900457e-01 1.666828905962020e+01
9.566691164439466e-01 1.667667032941367e+01
9.586135951142272e-01 1.668504379499287e+01
9.605626924986886e-01 1.669340945456057e+01
9.625164250731253e-01 1.670176730628624e+01
9.644748093917868e-01 1.671011734830594e+01
9.664378620878465e-01 1.671845957872221e+01
9.684055998738732e-01 1.672679399560394e+01
9.703780395423036e-01 1.673512059698627e+01
9.723551979659217e-01 1.674343938087045e+01
9.743370920983391e-01 1.675175034522372e+01
9.763237389744790e-01 1.676005348797919e+01
9.783151557110660e-01 1.676834880703574e+01
9.803113595071158e-01 1.677663630025784e+01
9.823123676444319e-01 1.678491596547549e+01
9.843181974881029e-01 1.679318780048407e+01
9.863288664870057e-01 1.680145180304418e+01
9.883443921743119e-01 1.680970797088158e+01
9.903647921679957e-01 1.681795630168700e+01
9.923900841713498e-01 1.682619679311605e+01
9.944202859734999e-01 1.683442944278911e+01
9.964554154499269e-01 1.684265424829112e+01
9.984954905629918e-01 1.685087120717154e+01
1.000540529362463e+00 1.685908031694418e+01
1.002590549986050e+00 1.686728157508706e+01
1.004645570659938e+00 1.687547497904227e+01
1.006705609699331e+00 1.688366052621592e+01
1.008770685508991e+00 1.689183821397787e+01
1.010840816583791e+00 1.690000803966171e+01
1.012916021509264e+00 1.690817000056458e+01
1.014996318962162e+00 1.691632409394703e+01
1.017081727711013e+00 1.692447031703289e+01
1.019172266616687e+00 1.693260866700915e+01
1.021267954632967e+00 1.694073914102579e+01
1.023368810807117e+00 1.694886173619566e+01
1.025474854280462e+00 1.695697644959434e+01
1.027586104288970e+00 1.696508327826002e+01
1.029702580163836e+00 1.697318221919330e+01
1.031824301332071e+00 1.698127326935712e+01
1.033951287317102e+00 1.698935642567655e+01
1.036083557739362e+00 1.699743168503871e+01
1.038221132316901e+00 1.700549904429258e+01
1.040364030865992e+00 1.701355850024888e+01
1.042512273301738e+00 1.702161004967990e+01
1.044665879638697e+00 1.702965368931937e+01
1.046824869991498e+00 1.703768941586235e+01
1.048989264575470e+00 1.704571722596499e+01
1.051159083707272e+00 1.705373711624446e+01
1.053334347805528e+00 1.706174908327879e+01
1.055515077391468e+00 1.706975312360667e+01
1.057701293089573e+00 1.707774923372737e+01
1.059893015628228e+00 1.708573741010051e+01
1.062090265840373e+00 1.709371764914600e+01
1.064293064664164e+00 1.710168994724379e+01
1.066501433143642e+00 1.710965430073378e+01
1.068715392429396e+00 1.711761070591564e+01
1.070934963779246e+00 1.712555915904866e+01
1.073160168558918e+00 1.713349965635161e+01
1.075391028242732e+00 1.714143219400252e+01
1.077627564414291e+00 1.714935676813861e+01
1.079869798767179e+00 1.715727337485606e+01
1.082117753105660e+00 1.716518201020988e+01
1.084371449345390e+00 1.717308267021375e+01
1.086630909514121e+00 1.718097535083984e+01
1.088896155752427e+00 1.718886004801868e+01
1.091167210314420e+00 1.719673675763894e+01
1.093444095568485e+00 1.720460547554733e+01
1.095726833998011e+00 1.721246619754840e+01
1.098015448202130e+00 1.722031891940436e+01
1.100309960896466e+00 1.722816363683494e+01
1.102610394913883e+00 1.723600034551723e+01
1.104916773205248e+00 1.724382904108547e+01
1.107229118840187e+00 1.725164971913090e+01
1.109547455007859e+00 1.725946237520161e+01
1.111871805017729e+00 1.726726700480235e+01
1.114202192300353e+00 1.727506360339434e+01
1.116538640408159e+00 1.728285216639512e+01
1.118881173016246e+00 1.729063268917837e+01
1.121229813923180e+00 1.729840516707374e+01
1.123584587051804e+00 1.730616959536666e+01
1.125945516450044e+00 1.731392596929819e+01
1.128312626291736e+00 1.732167428406477e+01
1.130685940877443e+00 1.732941453481815e+01
1.133065484635291e+00 1.733714671666512e+01
1.135451282121805e+00 1.734487082466737e+01
1.137843358022758e+00 1.735258685384131e+01
1.140241737154017e+00 1.736029479915785e+01
1.142646444462403e+00 1.736799465554225e+01
1.145057505026557e+00 1.737568641787396e+01
1.147474944057812e+00 1.738337008098636e+01
1.149898786901071e+00 1.739104563966664e+01
1.152329059035691e+00 1.739871308865558e+01
1.154765786076379e+00 1.740637242264735e+01
1.157208993774090e+00 1.741402363628938e+01
1.159658708016935e+00 1.742166672418209e+01
1.162114954831095e+00 1.742930168087876e+01
1.164577760381740e+00 1.743692850088531e+01
1.167047150973965e+00 1.744454717866010e+01
1.169523153053719e+00 1.745215770861376e+01
1.172005793208754e+00 1.745976008510897e+01
1.174495098169574e+00 1.746735430246029e+01
1.176991094810397e+00 1.747494035493392e+01
1.179493810150118e+00 1.748251823674755e+01
1.182003271353289e+00 1.749008794207015e+01
1.184519505731097e+00 1.749764946502172e+01
1.187042540742358e+00 1.750520279967316e+01
1.189572403994516e+00 1.751274794004602e+01
1.192109123244648e+00 1.752028488011232e+01
1.194652726400478e+00 1.752781361379433e+01
1.197203241521406e+00 1.753533413496436e+01
1.199760696819534e+00 1.754284643744458e+01
1.202325120660708e+00 1.755035051500681e+01
1.204896541565569e+00 1.755784636137226e+01
1.207474988210608e+00 1.756533397021139e+01
1.210060489429230e+00 1.757281333514365e+01
1.212653074212835e+00 1.758028444973730e+01
1.215252771711896e+00 1.758774730750917e+01
1.217859611237053e+00 1.759520190192446e+01
1.220473622260216e+00 1.760264822639654e+01
1.223094834415674e+00 1.761008627428670e+01
1.225723277501217e+00 1.761751603890396e+01
1.228358981479260e+00 1.762493751350485e+01
1.231001976477990e+00 1.763235069129317e+01
1.233652292792506e+00 1.763975556541980e+01
1.236309960885980e+00 1.764715212898245e+01
1.238975011390825e+00 1.765454037502545e+01
1.241647475109870e+00 1.766192029653953e+01
1.244327383017547e+00 1.766929188646162e+01
1.247014766261090e+00 1.767665513767454e+01
1.249709656161737e+00 1.768401004300690e+01
1.252412084215953e+00 1.769135659523274e+01
1.255122082096651e+00 1.769869478707140e+01
1.257839681654433e+00 1.770602461118725e+01
1.260564914918839e+00 1.771334606018946e+01
1.263297814099601e+00 1.772065912663177e+01
1.266038411587913e+00 1.772796380301227e+01
1.268786739957716e+00 1.773526008177314e+01
1.271542831966982e+00 1.774254795530043e+01
1.274306720559018e+00 1.774982741592385e+01
1.277078438863779e+00 1.775709845591646e+01
1.279858020199193e+00 1.776436106749451e+01
1.282645498072490e+00 1.777161524281716e+01
1.285440906181559e+00 1.777886097398624e+01
1.288244278416294e+00 1.778609825304603e+01
1.291055648859972e+00 1.779332707198299e+01
1.293875051790633e+00 1.780054742272553e+01
1.296702521682469e+00 1.780775929714375e+01
1.299538093207232e+00 1.781496268704923e+01
1.302381801235653e+00 1.782215758419475e+01
1.305233680838869e+00 1.782934398027404e+01
1.308093767289864e+00 1.783652186692155e+01
1.310962096064925e+00 1.784369123571218e+01
1.313838702845108e+00 1.785085207816106e+01
1.316723623517720e+00 1.785800438572326e+01
1.319616894177807e+00 1.786514814979354e+01
1.322518551129663e+00 1.787228336170612e+01
1.325428630888345e+00 1.787941001273442e+01
1.328347170181210e+00 1.788652809409077e+01
1.331274205949454e+00 1.789363759692618e+01
1.334209775349675e+00 1.790073851233009e+01
1.337153915755445e+00 1.790783083133006e+01
1.340106664758892e+00 1.791491454489157e+01
1.343068060172305e+00 1.792198964391772e+01
1.346038140029746e+00 1.792905611924896e+01
1.349016942588678e+00 1.793611396166286e+01
1.352004506331606e+00 1.794316316187381e+01
1.355000869967738e+00 1.795020371053277e+01
1.358006072434656e+00 1.795723559822698e+01
1.361020152899999e+00 1.796425881547973e+01
1.364043150763168e+00 1.797127335275005e+01
1.367075105657043e+00 1.797827920043246e+01
1.370116057449713e+00 1.798527634885668e+01
1.373166046246225e+00 1.799226478828737e+01
1.376225112390344e+00 1.799924450892386e+01
1.379293296466340e+00 1.800621550089985e+01
1.382370639300771e+00 1.801317775428315e+01
1.385457181964303e+00 1.802013125907541e+01
1.388552965773535e+00 1.802707600521182e+01
1.391658032292839e+00 1.803401198256082e+01
1.394772423336225e+00 1.804093918092387e+01
1.397896180969215e+00 1.804785759003510e+01
1.401029347510739e+00 1.805476719956108e+01
1.404171965535043e+00 1.806166799910049e+01
1.407324077873619e+00 1.806855997818388e+01
1.410485727617153e+00 1.807544312627335e+01
1.413656958117486e+00 1.808231743276226e+01
1.416837812989595e+00 1.808918288697496e+01
1.420028336113595e+00 1.809603947816650e+01
1.423228571636755e+00 1.810288719552230e+01
1.426438563975534e+00 1.810972602815792e+01
1.429658357817638e+00 1.811655596511871e+01
1.432887998124091e+00 1.812337699537953e+01
1.436127530131329e+00 1.813018910784448e+01
1.439376999353313e+00 1.813699229134657e+01
1.442636451583660e+00 1.814378653464745e+01
1.445905932897793e+00 1.815057182643708e+01
1.449185489655112e+00 1.815734815533346e+01
1.452475168501188e+00 1.816411550988229e+01
1.455775016369973e+00 1.817087387855672e+01
1.459085080486030e+00 1.817762324975701e+01
1.462405408366787e+00 1.818436361181024e+01
1.465736047824814e+00 1.819109495296999e+01
1.469077046970112e+00 1.819781726141604e+01
1.472428454212438e+00 1.820453052525409e+01
1.475790318263631e+00 1.821123473251539e+01
1.479162688139984e+00 1.821792987115651e+01
1.482545613164620e+00 1.822461592905897e+01
1.485939142969897e+00 1.823129289402894e+01
1.489343327499838e+00 1.823796075379695e+01
1.492758217012577e+00 1.824461949601755e+01
1.496183862082837e+00 1.825126910826902e+01
1.499620313604423e+00 1.825790957805303e+01
1.503067622792744e+00 1.826454089279435e+01
1.506525841187356e+00 1.827116303984052e+01
1.509995020654535e+00 1.827777600646153e+01
1.513475213389863e+00 1.828437977984949e+01
1.516966471920853e+00 1.829097434711837e+01
1.520468849109584e+00 1.829755969530359e+01
1.523982398155377e+00 1.830413581136176e+01
1.527507172597482e+00 1.831070268217034e+01
1.531043226317802e+00 1.831726029452734e+01
1.534590613543636e+00 1.832380863515095e+01
1.538149388850451e+00 1.833034769067926e+01
1.541719607164684e+00 1.833687744766990e+01
1.545301323766564e+00 1.834339789259974e+01
1.548894594292965e+00 1.834990901186456e+01
1.552499474740292e+00 1.835641079177871e+01
1.556116021467384e+00 1.836290321857479e+01
1.559744291198454e+00 1.836938627840333e+01
1.563384341026053e+00 1.837585995733242e+01
1.567036228414066e+00 1.838232424134745e+01
1.570700011200738e+00 1.838877911635071e+01
1.574375747601722e+00 1.839522456816110e+01
1.578063496213167e+00 1.840166058251380e+01
1.581763316014829e+00 1.840808714505989e+01
1.585475266373218e+00 1.841450424136607e+01
1.589199407044771e+00 1.842091185691432e+01
1.592935798179059e+00 1.842730997710151e+01
1.596684500322027e+00 1.843369858723914e+01
1.600445574419262e+00 1.844007767255297e+01
1.604219081819298e+00 1.844644721818268e+01
1.608005084276950e+00 1.845280720918151e+01
1.611803643956683e+00 1.845915763051600e+01
1.615614823436017e+00 1.846549846706558e+01
1.619438685708960e+00 1.847182970362224e+01
1.623275294189479e+00 1.847815132489023e+01
1.627124712715008e+00 1.848446331548571e+01
1.630987005549987e+00 1.849076565993637e+01
1.634862237389439e+00 1.849705834268114e+01
1.638750473362579e+00 1.850334134806983e+01
1.642651779036470e+00 1.850961466036279e+01
1.646566220419700e+00 1.851587826373058e+01
1.650493863966112e+00 1.852213214225361e+01
1.654434776578559e+00 1.852837627992183e+01
1.658389025612706e+00 1.853461066063435e+01
1.662356678880868e+00 1.854083526819914e+01
1.666337804655882e+00 1.854705008633266e+01
1.670332471675029e+00 1.855325509865954e+01
1.674340749143985e+00 1.855945028871222e+01
1.678362706740822e+00 1.856563563993063e+01
1.682398414620041e+00 1.857181113566182e+01
1.686447943416655e+00 1.857797675915966e+01
1.690511364250307e+00 1.858413249358446e+01
1.694588748729435e+00 1.859027832200266e+01
1.698680168955480e+00 1.859641422738647e+01
1.702785697527131e+00 1.860254019261354e+01
1.706905407544626e+00 1.860865620046662e+01
1.711039372614085e+00 1.861476223363322e+01
1.715187666851895e+00 1.862085827470526e+01
1.719350364889142e+00 1.862694430617876e+01
1.723527541876084e+00 1.863302031045346e+01
1.727719273486674e+00 1.863908626983253e+01
1.731925635923130e+00 1.864514216652218e+01
1.736146705920552e+00 1.865118798263140e+01
1.740382560751591e+00 1.865722370017152e+01
1.744633278231159e+00 1.866324930105598e+01
1.748898936721201e+00 1.866926476709990e+01
1.753179615135503e+00 1.867527008001985e+01
1.757475392944565e+00 1.868126522143340e+01
1.761786350180513e+00 1.868725017285890e+01
1.766112567442076e+00 1.869322491571506e+01
1.770454125899602e+00 1.869918943132067e+01
1.774811107300138e+00 1.870514370089427e+01
1.779183593972563e+00 1.871108770555379e+01
1.783571668832768e+00 1.871702142631625e+01
1.787975415388902e+00 1.872294484409743e+01
1.792394917746669e+00 1.872885793971153e+01
1.796830260614677e+00 1.873476069387087e+01
1.801281529309861e+00 1.874065308718555e+01
1.805748809762940e+00 1.874653510016314e+01
1.810232188523959e+00 1.875240671320835e+01
1.814731752767869e+00 1.875826790662273e+01
1.819247590300185e+00 1.876411866060432e+01
1.823779789562689e+00 1.876995895524738e+01
1.828328439639214e+00 1.877578877054206e+01
1.832893630261472e+00 1.878160808637406e+01
1.837475451814958e+00 1.878741688252437e+01
1.842073995344917e+00 1.879321513866893e+01
1.846689352562371e+00 1.879900283437833e+01
1.851321615850219e+00 1.880477994911752e+01
1.855970878269398e+00 1.881054646224550e+01
1.860637233565118e+00 1.881630235301501e+01
1.865320776173162e+00 1.882204760057227e+01
1.870021601226253e+00 1.882778218395665e+01
1.874739804560502e+00 1.883350608210039e+01
1.879475482721915e+00 1.883921927382831e+01
1.884228732972981e+00 1.884492173785753e+01
1.888999653299329e+00 1.885061345279721e+01
1.893788342416465e+00 1.885629439714821e+01
1.898594899776574e+00 1.886196454930286e+01
1.903419425575414e+00 1.886762388754469e+01
1.908262020759268e+00 1.887327239004810e+01
1.913122787031991e+00 1.887891003487819e+01
1.918001826862131e+00 1.888453679999039e+01
1.922899243490124e+00 1.889015266323027e+01
1.927815140935582e+00 1.889575760233328e+01
1.932749624004652e+00 1.890135159492444e+01
1.937702798297468e+00 1.890693461851815e+01
1.942674770215685e+00 1.891250665051791e+01
1.947665646970091e+00 1.891806766821611e+01
1.952675536588325e+00 1.892361764879374e+01
1.957704547922658e+00 1.892915656932022e+01
1.962752790657888e+00 1.893468440675309e+01
1.967820375319307e+00 1.894020113793788e+01
1.972907413280768e+00 1.894570673960781e+01
1.978014016772852e+00 1.895120118838361e+01
1.983140298891109e+00 1.895668446077331e+01
1.988286373604417e+00 1.896215653317202e+01
1.993452355763424e+00 1.896761738186173e+01
1.998638361109094e+00 1.897306698301113e+01
2.003844506281350e+00 1.897850531267540e+01
2.009070908827816e+00 1.898393234679604e+01
2.014317687212671e+00 1.898934806120067e+01
2.019584960825591e+00 1.899475243160288e+01
2.024872849990812e+00 1.900014543360204e+01
2.030181475976289e+00 1.900552704268316e+01
2.035510961002966e+00 1.901089723421672e+01
2.040861428254158e+00 1.901625598345850e+01
2.046233001885040e+00 1.902160326554949e+01
2.051625807032248e+00 1.902693905551572e+01
2.057039969823604e+00 1.903226332826811e+01
2.062475617387940e+00 1.903757605860238e+01
2.067932877865058e+00 1.904287722119894e+01
2.073411880415790e+00 1.904816679062274e+01
2.078912755232194e+00 1.905344474132324e+01
2.084435633547863e+00 1.905871104763421e+01
2.089980647648365e+00 1.906396568377376e+01
2.095547930881800e+00 1.906920862384419e+01
2.101137617669495e+00 1.907443984183195e+01
2.106749843516817e+00 1.907965931160754e+01
2.112384745024129e+00 1.908486700692553e+01
2.118042459897867e+00 1.909006290142446e+01
2.123723126961762e+00 1.909524696862681e+01
2.129426886168194e+00 1.910041918193901e+01
2.135153878609682e+00 1.910557951465136e+01
2.140904246530523e+00 1.911072793993812e+01
2.146678133338566e+00 1.911586443085741e+01
2.152475683617134e+00 1.912098896035129e+01
2.158297043137091e+00 1.912610150124578e+01
2.164142358869066e+00 1.913120202625088e+01
2.170011778995812e+00 1.913629050796057e+01
2.175905452924733e+00 1.914136691885299e+01
2.181823531300566e+00 1.914643123129036e+01
2.187766166018207e+00 1.915148341751917e+01
2.193733510235714e+00 1.915652344967022e+01
2.199725718387460e+00 1.916155129975873e+01
2.205742946197460e+00 1.916656693968445e+01
2.211785350692858e+00 1.917157034123182e+01
2.217853090217584e+00 1.917656147607006e+01
2.223946324446198e+00 1.918154031575334e+01
2.230065214397880e+00 1.918650683172099e+01
2.236209922450623e+00 1.919146099529760e+01
2.242380612355598e+00 1.919640277769329e+01
2.248577449251695e+00 1.920133215000386e+01
2.254800599680260e+00 1.920624908321105e+01
2.261050231600011e+00 1.921115354818275e+01
2.267326514402148e+00 1.921604551567328e+01
2.273629618925662e+00 1.922092495632362e+01
2.279959717472832e+00 1.922579184066173e+01
2.286316983824924e+00 1.923064613910282e+01
2.292701593258102e+00 1.923548782194966e+01
2.299113722559526e+00 1.924031685939297e+01
2.305553550043677e+00 1.924513322151168e+01
2.312021255568884e+00 1.924993687827335e+01
2.318517020554072e+00 1.925472779953456e+01
2.325041027995717e+00 1.925950595504126e+01
2.331593462485038e+00 1.926427131442925e+01
2.338174510225403e+00 1.926902384722456e+01
2.344784359049972e+00 1.927376352284396e+01
2.351423198439560e+00 1.927849031059538e+01
2.358091219540752e+00 1.928320417967846e+01
2.364788615184239e+00 1.928790509918502e+01
2.371515579903415e+00 1.929259303809964e+01
2.378272309953207e+00 1.929726796530015e+01
2.385059003329161e+00 1.930192984955830e+01
2.391875859786786e+00 1.930657865954026e+01
2.398723080861150e+00 1.931121436380733e+01
2.405600869886738e+00 1.931583693081653e+01
2.412509432017587e+00 1.932044632892128e+01
2.419448974247676e+00 1.932504252637208e+01
2.426419705431609e+00 1.932962549131727e+01
2.433421836305560e+00 1.933419519180370e+01
2.440455579508512e+00 1.933875159577755e+01
2.447521149603786e+00 1.934329467108509e+01
2.454618763100853e+00 1.934782438547349e+01
2.461748638477451e+00 1.935234070659169e+01
2.468910996202007e+00 1.935684360199124e+01
2.476106058756355e+00 1.936133303912719e+01
2.483334050658778e+00 1.936580898535902e+01
2.490595198487358e+00 1.937027140795161e+01
2.497889730903657e+00 1.937472027407619e+01
2.505217878676713e+00 1.937915555081134e+01
2.512579874707380e+00 1.938357720514406e+01
2.519975954053005e+00 1.938798520397081e+01
2.527406353952438e+00 1.939237951409862e+01
2.534871313851403e+00 1.939676010224620e+01
2.542371075428218e+00 1.940112693504514e+01
2.549905882619878e+00 1.940547997904105e+01
2.557475981648502e+00 1.940981920069481e+01
2.565081621048153e+00 1.941414456638386e+01
2.572723051692036e+00 1.941845604240344e+01
2.580400526820090e+00 1.942275359496794e+01
2.588114302066950e+00 1.942703719021227e+01
2.595864635490337e+00 1.943130679419325e+01
2.603651787599821e+00 1.943556237289106e+01
2.611476021386017e+00 1.943980389221068e+01
2.619337602350190e+00 1.944403131798343e+01
2.627236798534287e+00 1.944824461596852e+01
2.635173880551402e+00 1.945244375185460e+01
2.643149121616676e+00 1.945662869126143e+01
2.651162797578650e+00 1.946079939974154e+01
2.659215186951068e+00 1.946495584278191e+01
2.667306570945144e+00 1.946909798580576e+01
2.675437233502298e+00 1.947322579417431e+01
2.683607461327371e+00 1.947733923318864e+01
2.691817543922322e+00 1.948143826809157e+01
2.700067773620427e+00 1.948552286406954e+01
2.708358445620972e+00 1.948959298625465e+01
2.716689858024470e+00 1.949364859972664e+01
2.725062311868379e+00 1.949768966951493e+01
2.733476111163369e+00 1.950171616060079e+01
2.741931562930116e+00 1.950572803791945e+01
2.750428977236648e+00 1.950972526636232e+01
2.758968667236248e+00 1.951370781077926e+01
2.767550949205920e+00 1.951767563598087e+01
2.776176142585442e+00 1.952162870674089e+01
2.784844570016990e+00 1.952556698779858e+01
2.793556557385380e+00 1.952949044386116e+01
2.802312433858901e+00 1.953339903960641e+01
2.811112531930772e+00 1.953729273968517e+01
2.819957187461236e+00 1.954117150872402e+01
2.828846739720281e+00 1.954503531132794e+01
2.837781531431026e+00 1.954888411208307e+01
2.846761908813765e+00 1.955271787555952e+01
2.855788221630686e+00 1.955653656631420e+01
2.864860823231284e+00 1.956034014889379e+01
2.873980070598465e+00 1.956412858783770e+01
2.883146324395375e+00 1.956790184768112e+01
2.892359949012941e+00 1.957165989295813e+01
2.901621312618162e+00 1.957540268820488e+01
2.910930787203151e+00 1.957913019796282e+01
2.920288748634936e+00 1.958284238678201e+01
2.929695576706052e+00 1.958653921922450e+01
2.939151655185917e+00 1.959022065986776e+01
2.948657371873026e+00 1.959388667330819e+01
2.958213118647961e+00 1.959753722416471e+01
2.967819291527250e+00 1.960117227708239e+01
2.977476290718069e+00 1.960479179673619e+01
2.987184520673827e+00 1.960839574783474e+01
2.996944390150626e+00 1.961198409512423e+01
3.006756312264634e+00 1.961555680339233e+01
3.016620704550375e+00 1.961911383747221e+01
3.026537989019953e+00 1.962265516224667e+01
3.036508592223239e+00 1.962618074265228e+01
3.046532945309023e+00 1.962969054368363e+01
3.056611484087163e+00 1.963318453039771e+01
3.066744649091739e+00 1.963666266791828e+01
3.076932885645256e+00 1.964012492144038e+01
3.087176643923860e+00 1.964357125623494e+01
3.097476379023659e+00 1.964700163765339e+01
3.107832551028114e+00 1.965041603113248e+01
3.118245625076550e+00 1.965381440219909e+01
3.128716071433792e+00 1.965719671647511e+01
3.139244365560964e+00 1.966056293968257e+01
3.149830988187456e+00 1.966391303764862e+01
3.160476425384095e+00 1.966724697631082e+01
3.171181168637539e+00 1.967056472172242e+01
3.181945714925919e+00 1.967386624005768e+01
3.192770566795746e+00 1.967715149761744e+01
3.203656232440124e+00 1.968042046083464e+01
3.214603225778272e+00 1.968367309628000e+01
3.225612066536409e+00 1.968690937066781e+01
3.236683280330004e+00 1.969012925086181e+01
3.247817398747426e+00 1.969333270388112e+01
3.259014959435032e+00 1.969651969690634e+01
3.270276506183711e+00 1.969969019728577e+01
3.281602589016909e+00 1.970284417254160e+01
3.292993764280183e+00 1.970598159037637e+01
3.304450594732295e+00 1.970910241867946e+01
3.315973649637887e+00 1.971220662553365e+01
3.327563504861772e+00 1.971529417922184e+01
3.339220742964865e+00 1.971836504823393e+01
3.350945953301796e+00 1.972141920127366e+01
3.362739732120227e+00 1.972445660726573e+01
3.374602682661937e+00 1.972747723536292e+01
3.386535415265655e+00 1.973048105495334e+01
3.398538547471756e+00 1.973346803566788e+01
3.410612704128780e+00 1.973643814738766e+01
3.422758517501870e+00 1.973939136025167e+01
3.434976627383133e+00 1.974232764466451e+01
3.447267681203985e+00 1.974524697130425e+01
3.459632334149513e+00 1.974814931113042e+01
3.472071249274895e+00 1.975103463539206e+01
3.484585097623923e+00 1.975390291563603e+01
3.497174558349683e+00 1.975675412371531e+01
3.509840318837416e+00 1.975958823179747e+01
3.522583074829635e+00 1.976240521237327e+01
3.535403530553514e+00 1.976520503826542e+01
3.548302398850627e+00 1.976798768263741e+01
3.561280401309072e+00 1.977075311900249e+01
3.574338268398030e+00 1.977350132123277e+01
3.587476739604822e+00 1.977623226356850e+01
3.600696563574504e+00 1.977894592062743e+01
3.613998498252073e+00 1.978164226741428e+01
3.627383311027320e+00 1.978432127933044e+01
3.640851778882413e+00 1.978698293218369e+01
3.654404688542241e+00 1.978962720219811e+01
3.668042836627601e+00 1.979225406602416e+01
3.681767029811292e+00 1.979486350074880e+01
3.695578084977159e+00 1.979745548390585e+01
3.709476829382170e+00 1.980002999348638e+01
3.723464100821612e+00 1.980258700794937e+01
3.737540747797408e+00 1.980512650623233e+01
3.751707629689716e+00 1.980764846776226e+01
3.765965616931813e+00 1.981015287246654e+01
3.780315591188375e+00 1.981263970078417e+01
3.794758445537212e+00 1.981510893367696e+01
3.809295084654549e+00 1.981756055264094e+01
3.823926425003921e+00 1.981999453971798e+01
3.838653395028778e+00 1.982241087750738e+01
3.853476935348880e+00 1.982480954917774e+01
3.868397998960563e+00 1.982719053847892e+01
3.883417551440969e+00 1.982955382975414e+01
3.898536571156344e+00 1.983189940795218e+01
3.913756049474480e+00 1.983422725863978e+01
3.929076990981403e+00 1.983653736801416e+01
3.944500413702420e+00 1.983882972291563e+01
3.960027349327604e+00 1.984110431084036e+01
3.975658843441847e+00 1.984336111995334e+01
3.991395955759564e+00 1.984560013910139e+01
4.007239760364181e+00 1.984782135782633e+01
4.023191345952503e+00 1.985002476637833e+01
4.039251816084090e+00 1.985221035572929e+01
4.055422289435756e+00 1.985437811758646e+01
4.071703900061317e+00 1.985652804440610e+01
4.088097797656709e+00 1.985866012940733e+01
4.104605147830616e+00 1.986077436658603e+01
4.121227132380729e+00 1.986287075072895e+01
4.137964949575792e+00 1.986494927742788e+01
4.154819814443549e+00 1.986700994309395e+01
4.171792959064762e+00 1.986905274497206e+01
4.188885632873450e+00 1.987107768115541e+01
4.206099102963471e+00 1.987308475060013e+01
4.223434654401648e+00 1.987507395314007e+01
4.240893590547570e+00 1.987704528950162e+01
4.258477233380249e+00 1.987899876131869e+01
4.276186923831800e+00 1.988093437114777e+01
4.294024022128326e+00 1.988285212248309e+01
4.311989908138185e+00 1.988475201977185e+01
4.330085981727824e+00 1.988663406842956e+01
4.348313663125389e+00 1.988849827485548e+01
4.366674393292279e+00 1.989034464644811e+01
4.385169634302883e+00 1.989217319162076e+01
4.403800869732683e+00 1.989398391981718e+01
4.422569605054951e+00 1.989577684152732e+01
4.441477368046276e+00 1.989755196830308e+01
4.460525709201104e+00 1.989930931277411e+01
4.479716202155595e+00 1.990104888866376e+01
4.499050444120981e+00 1.990277071080493e+01
4.518530056326708e+00 1.990447479515608e+01
4.538156684473611e+00 1.990616115881723e+01
4.557931999197384e+00 1.990782982004596e+01
4.577857696542631e+00 1.990948079827345e+01
4.597935498447765e+00 1.991111411412055e+01
4.618167153241056e+00 1.991272978941383e+01
4.638554436148147e+00 1.991432784720164e+01
4.659099149811277e+00 1.991590831177013e+01
4.679803124820633e+00 1.991747120865931e+01
4.700668220258077e+00 1.991901656467901e+01
4.721696324253625e+00 1.992054440792485e+01
4.742889354555023e+00 1.992205476779419e+01
4.764249259110761e+00 1.992354767500192e+01
4.785778016666939e+00 1.992502316159631e+01
4.807477637378327e+00 1.992648126097468e+01
4.829350163434026e+00 1.992792200789906e+01
4.851397669698173e+00 1.992934543851173e+01
4.873622264366047e+00 1.993075159035061e+01
4.896026089636082e+00 1.993214050236460e+01
4.918611322398181e+00 1.993351221492872e+01
4.941380174938834e+00 1.993486676985916e+01
4.964334895663492e+00 1.993620421042814e+01
4.987477769836714e+00 1.993752458137864e+01
5.010811120340579e+00 1.993882792893886e+01
5.034337308451914e+00 1.994011430083659e+01
5.058058734638861e+00 1.994138374631331e+01
5.081977839377367e+00 1.994263631613803e+01
5.106097103988161e+00 1.994387206262101e+01
5.130419051494845e+00 1.994509103962704e+01
5.154946247503695e+00 1.994629330258866e+01
5.179681301105838e+00 1.994747890851887e+01
5.204626865802470e+00 1.994864791602375e+01
5.229785640453769e+00 1.994980038531454e+01
5.255160370252294e+00 1.995093637821960e+01
5.280753847721495e+00 1.995205595819583e+01
5.306568913740213e+00 1.995315919033979e+01
5.332608458593877e+00 1.995424614139844e+01
5.358875423053250e+00 1.995531687977943e+01
5.385372799481565e+00 1.995637147556098e+01
5.412103632970921e+00 1.995741000050126e+01
5.439071022508857e+00 1.995843252804734e+01
5.466278122176019e+00 1.995943913334367e+01
5.493728142375923e+00 1.996042989323992e+01
5.521424351097799e+00 1.996140488629845e+01
5.549370075213566e+00 1.996236419280105e+01
5.577568701810019e+00 1.996330789475525e+01
5.606023679557349e+00 1.996423607589988e+01
5.634738520115157e+00 1.996514882171013e+01
5.663716799577164e+00 1.996604621940186e+01
5.692962159955871e+00 1.996692835793526e+01
5.722478310708457e+00 1.996779532801785e+01
5.752269030305252e+00 1.996864722210670e+01
5.782338167842204e+00 1.996948413440991e+01
5.812689644698753e+00 1.997030616088736e+01
5.843327456242625e+00 1.997111339925058e+01
5.874255673583124e+00 1.997190594896185e+01
5.905478445374484e+00 1.997268391123244e+01
5.936999999671025e+00 1.997344738901994e+01
5.968824645835795e+00 1.997419648702476e+01
6.000956776504578e+00 1.997493131168558e+01
6.033400869607040e+00 1.997565197117396e+01
6.066161490447088e+00 1.997635857538791e+01
6.099243293844389e+00 1.997705123594443e+01
6.132651026339202e+00 1.997773006617107e+01
6.166389528462675e+00 1.997839518109637e+01
6.200463737074940e+00 1.997904669743927e+01
6.234878687773326e+00 1.997968473359735e+01
6.269639517373205e+00 1.998030940963394e+01
6.304751466463992e+00 1.998092084726410e+01
6.340219882043009e+00 1.998151916983937e+01
6.376050220229976e+00 1.998210450233129e+01
6.412248049065015e+00 1.998267697131373e+01
6.448819051393198e+00 1.998323670494392e+01
6.485769027838772e+00 1.998378383294214e+01
6.523103899872320e+00 1.998431848657022e+01
6.560829712974282e+00 1.998484079860855e+01
6.598952639898370e+00 1.998535090333186e+01
6.637478984038587e+00 1.998584893648355e+01
6.676415182903700e+00 1.998633503524860e+01
6.715767811703197e+00 1.998680933822515e+01
6.755543587048927e+00 1.998727198539454e+01
6.795749370776773e+00 1.998772311808994e+01
6.836392173892965e+00 1.998816287896348e+01
6.877479160649771e+00 1.998859141195196e+01
6.919017652755552e+00 1.998900886224096e+01
6.961015133724373e+00 1.998941537622749e+01
7.003479253370633e+00 1.998981110148113e+01
7.046417832454282e+00 1.999019618670355e+01
7.089838867482691e+00 1.999057078168660e+01
7.133750535675262e+00 1.999093503726877e+01
7.178161200097295e+00 1.999128910529013e+01
7.223079414969866e+00 1.999163313854569e+01
7.268513931162810e+00 1.999196729073722e+01
7.314473701878217e+00 1.999229171642357e+01
7.360967888532174e+00 1.999260657096932e+01
7.408005866842903e+00 1.999291201049202e+01
7.455597233133759e+00 1.999320819180782e+01
7.503751810860010e+00 1.999349527237561e+01
7.552479657368714e+00 1.999377341023968e+01
7.601791070901476e+00 1.999404276397084e+01
7.651696597850296e+00 1.999430349260614e+01
7.702207040277282e+00 1.999455575558713e+01
7.753333463709477e+00 1.999479971269673e+01
7.805087205220592e+00 1.999503552399466e+01
7.857479881812093e+00 1.999526334975162e+01
7.910523399106594e+00 1.999548335038214e+01
7.964229960367277e+00 1.999569568637611e+01
8.018612075857654e+00 1.999590051822919e+01
8.073682572556766e+00 1.999609800637200e+01
8.129454604245680e+00 1.999628831109822e+01
8.185941661981886e+00 1.999647159249164e+01
8.243157584979206e+00 1.999664801035223e+01
8.301116571911543e+00 1.999681772412128e+01
8.359833192660000e+00 1.999698089280569e+01
8.419322400523569e+00 1.999713767490156e+01
8.479599544915132e+00 1.999728822831691e+01
8.540680384565251e+00 1.999743271029405e+01
8.602581101257652e+00 1.999757127733119e+01
8.665318314121571e+00 1.999770408510379e+01
8.728909094507449e+00 1.999783128838553e+01
8.793370981473956e+00 1.999795304096903e+01
8.858721997915863e+00 1.999806949558652e+01
8.924980667363908e+00 1.999818080383046e+01
8.992166031489546e+00 1.999828711607432e+01
9.060297668349349e+00 1.999838858139353e+01
9.129395711405747e+00 1.999848534748687e+01
9.199480869362949e+00 1.999857756059829e+01
9.270574446859104e+00 1.999866536543938e+01
9.342698366058100e+00 1.999874890511260e+01
9.415875189187011e+00 1.999882832103538e+01
9.490128142067816e+00 1.999890375286534e+01
9.565481138695004e+00 1.999897533842658e+01
9.641958806913642e+00 1.999904321363742e+01
9.719586515255868e+00 1.999910751243956e+01
9.798390400997221e+00 1.999916836672891e+01
9.878397399497983e+00 1.999922590628821e+01
9.959635274898757e+00 1.999928025872164e+01
1.004213265224373e+01 1.999933154939144e+01
1.012591905110971e+01 1.999937990135691e+01
1.021102492082396e+01 1.999942543531581e+01
1.029748167735910e+01 1.999946826954828e+01
1.038532174199879e+01 1.999950851986354e+01
1.047457858187461e+01 1.999954629954954e+01
1.056528675248011e+01 1.999958171932550e+01
1.065748194227587e+01 1.999961488729782e+01
1.075120101950627e+01 1.999964590891916e+01
1.084648208135718e+01 1.999967488695108e+01
1.094336450559213e+01 1.999970192143028e+01
1.104188900481412e+01 1.999972710963854e+01
1.114209768350999e+01 1.999975054607651e+01
1.124403409804544e+01 1.999977232244149e+01
1.134774331979021e+01 1.999979252760924e+01
1.145327200156558e+01 1.999981124761998e+01
1.156066844762017e+01 1.999982856566862e+01
1.166998268735430e+01 1.999984456209929e+01
1.178126655302959e+01 1.999985931440425e+01
1.189457376171715e+01 1.999987289722725e+01
1.200996000175678e+01 1.999988538237131e+01
1.212748302401937e+01 1.999989683881099e+01
1.224720273828687e+01 1.999990733270912e+01
1.236918131508771e+01 1.999991692743804e+01
1.249348329335143e+01 1.999992568360523e+01
1.262017569427406e+01 1.999993365908335e+01
1.274932814181655e+01 1.999994090904465e+01
1.288101299029125e+01 1.999994748599955e+01
1.301530545952782e+01 1.999995343983943e+01
1.315228377814910e+01 1.999995881788346e+01
1.329202933553043e+01 1.999996366492930e+01
1.343462684306240e+01 1.999996802330752e+01
1.358016450538884e+01 1.999997193293968e+01
1.372873420234708e+01 1.999997543139969e+01
1.388043168239919e+01 1.999997855397841e+01
1.403535676840984e+01 1.999998133375117e+01
1.419361357670030e+01 1.999998380164800e+01
1.435531075038837e+01 1.999998598652631e+01
1.452056170811355e+01 1.999998791524576e+01
1.468948490934373e+01 1.999998961274500e+01
1.486220413756784e+01 1.999999110212006e+01
1.503884880279705e+01 1.999999240470397e+01
1.521955426492808e+01 1.999999354014739e+01
1.540446217966681e+01 1.999999452649995e+01
1.559372086886998e+01 1.999999538029191e+01
1.578748571733989e+01 1.999999611661575e+01
1.598591959830306e+01 1.999999674920760e+01
1.618919333002142e+01 1.999999729052799e+01
1.639748616622666e+01 1.999999775184158e+01
1.661098632333702e+01 1.999999814329583e+01
1.682989154771600e+01 1.999999847399794e+01
1.705440972656624e+01 1.999999875209009e+01
1.728475954642558e+01 1.999999898482258e+01
1.752117120364964e+01 1.999999917862460e+01
1.776388717173300e+01 1.999999933917252e+01
1.801316303084564e+01 1.999999947145533e+01
1.826926836555036e+01 1.999999957983721e+01
1.853248773733026e+01 1.999999966811697e+01
1.880312173930115e+01 1.999999973958436e+01
1.908148814132834e+01 1.999999979707292e+01
1.936792313471864e+01 1.999999984300962e+01
1.966278268673808e+01 1.999999987946099e+01
1.996644401642973e+01 1.999999990817584e+01
2.027930720459689e+01 1.999999993062461e+01
2.060179695239996e+01 1.999999994803539e+01
2.093436450482187e+01 1.999999996142659e+01
2.127748975732067e+01 1.999999997163649e+01
2.163168356635170e+01 1.999999997934979e+01
2.199749028715423e+01 1.999999998512114e+01
2.237549056531684e+01 1.999999998939600e+01
2.276630441223073e+01 1.999999999252892e+01
2.317059459869338e+01 1.999999999479941e+01
2.358907040573366e+01 1.999999999642561e+01
2.402249177731110e+01 1.999999999757599e+01
2.447167392603680e+01 1.999999999837918e+01
2.493749245064124e+01 1.999999999893227e+01
2.542088903277792e+01 1.999999999930762e+01
2.592287779115063e+01 1.999999999955844e+01
2.644455238318501e+01 1.999999999972331e+01
2.698709395890076e+01 1.999999999982984e+01
2.755178008872736e+01 1.999999999989741e+01
2.813999480729674e+01 1.999999999993944e+01
2.875323993942227e+01 1.999999999996504e+01
2.939314790337919e+01 1.999999999998030e+01
3.006149622128990e+01 1.999999999998917e+01
3.076022400819655e+01 1.999999999999421e+01
3.149145076193607e+01 1.999999999999699e+01
3.225749783728224e+01 1.999999999999849e+01
3.306091306264528e+01 1.999999999999926e+01
3.390449904927648e+01 1.999999999999966e+01
3.479134585573493e+01 1.999999999999984e+01
3.572486880990171e+01 1.999999999999993e+01
3.670885246429373e+01 1.999999999999997e+01
3.774750187726308e+01 1.999999999999999e+01
3.884550268525925e+01 2.000000000000000e+01
4.000809177607873e+01 2.000000000000000e+01
4.124114081179636e+01 2.000000000000000e+01
4.255125541224634e+01 2.000000000000000e+01
4.394589353530600e+01 2.000000000000000e+01
4.543350753323630e+01 2.000000000000000e+01
4.702371559998939e+01 2.000000000000000e+01
4.872750995722484e+01 2.000000000000000e+01
