0.000000000000000e+00 0.000000000000000e+00
5.053238586840838e-04 1.830681531595246e-02
1.011143375885759e-03 3.659131946942473e-02
1.517459281229928e-03 5.485354972480216e-02
2.024272305774239e-03 7.309354325737694e-02
2.531583182012601e-03 9.131133715363227e-02
3.039392643878715e-03 1.095069684114964e-01
3.547701426749615e-03 1.276804739405826e-01
4.056510267449211e-03 1.458318905624232e-01
4.565819904251860e-03 1.639612550107454e-01
5.075631076885924e-03 1.820686039317003e-01
5.585944526537360e-03 2.001539738841167e-01
6.096760995853313e-03 2.182174013397518e-01
6.608081228945711e-03 2.362589226835148e-01
7.119905971394886e-03 2.542785742137372e-01
7.632235970253191e-03 2.722763921423894e-01
8.145071974048641e-03 2.902524125953629e-01
8.658414732788550e-03 3.082066716126555e-01
9.172264997963203e-03 3.261392051486602e-01
9.686623522549500e-03 3.440500490723810e-01
1.020149106101466e-02 3.619392391676826e-01
1.071686836931988e-02 3.798068111335109e-01
1.123275620492406e-02 3.976528005841562e-01
1.174915532678752e-02 4.154772430494624e-01
1.226606649537568e-02 4.332801739750849e-01
1.278349047266284e-02 4.510616287227158e-01
1.330142802213588e-02 4.688216425703082e-01
1.381987990879808e-02 4.865602507123228e-01
1.433884689917281e-02 5.042774882599623e-01
1.485832976130736e-02 5.219733902413868e-01
1.537832926477669e-02 5.396479916019512e-01
1.589884618068730e-02 5.573013272044491e-01
1.641988128168093e-02 5.749334318293258e-01
1.694143534193851e-02 5.925443401749124e-01
1.746350913718388e-02 6.101340868576361e-01
1.798610344468773e-02 6.277027064122827e-01
1.850921904327138e-02 6.452502332921863e-01
1.903285671331070e-02 6.627767018694843e-01
1.955701723673998e-02 6.802821464353084e-01
2.008170139705580e-02 6.977666012000370e-01
2.060690997932096e-02 7.152301002935086e-01
2.113264377016839e-02 7.326726777652386e-01
2.165890355780505e-02 7.500943675846514e-01
2.218569013201593e-02 7.674952036412783e-01
2.271300428416794e-02 7.848752197450022e-01
2.324084680721387e-02 8.022344496262619e-01
2.376921849569645e-02 8.195729269362868e-01
2.429812014575223e-02 8.368906852472868e-01
2.482755255511565e-02 8.541877580526815e-01
2.535751652312300e-02 8.714641787673383e-01
2.588801285071650e-02 8.887199807277426e-01
2.641904234044828e-02 9.059551971922648e-01
2.695060579648447e-02 9.231698613413108e-01
2.748270402460923e-02 9.403640062776031e-01
2.801533783222883e-02 9.575376650263401e-01
2.854850802837573e-02 9.746908705354329e-01
2.908221542371271e-02 9.918236556757165e-01
2.961646083053693e-02 1.008936053241133e+00
3.015124506278407e-02 1.026028095948982e+00
3.068656893603246e-02 1.043099816440099e+00
3.122243326750725e-02 1.060151247279071e+00
3.175883887608454e-02 1.077182420954450e+00
3.229578658229557e-02 1.094193369878944e+00
3.283327720833087e-02 1.111184126389642e+00
3.337131157804450e-02 1.128154722748201e+00
3.390989051695825e-02 1.145105191141063e+00
3.444901485226584e-02 1.162035563679664e+00
3.498868541283717e-02 1.178945872400599e+00
3.552890302922256e-02 1.195836149265880e+00
3.606966853365702e-02 1.212706426163091e+00
3.661098276006453e-02 1.229556734905612e+00
3.715284654406228e-02 1.246387107232815e+00
3.769526072296507e-02 1.263197574810269e+00
3.823822613578951e-02 1.279988169229911e+00
3.878174362325841e-02 1.296758922010282e+00
3.932581402780510e-02 1.313509864596702e+00
3.987043819357779e-02 1.330241028361471e+00
4.041561696644393e-02 1.346952444604058e+00
4.096135119399461e-02 1.363644144551312e+00
4.150764172554890e-02 1.380316159357653e+00
4.205448941215833e-02 1.396968520105242e+00
4.260189510661123e-02 1.413601257804212e+00
4.314985966343723e-02 1.430214403392831e+00
4.369838393891168e-02 1.446807987737705e+00
4.424746879106009e-02 1.463382041633974e+00
4.479711507966264e-02 1.479936595805496e+00
4.534732366625865e-02 1.496471680905032e+00
4.589809541415107e-02 1.512987327514447e+00
4.644943118841102e-02 1.529483566144895e+00
4.700133185588230e-02 1.545960427236997e+00
4.755379828518595e-02 1.562417941161051e+00
4.810683134672478e-02 1.578856138217189e+00
4.866043191268796e-02 1.595275048635585e+00
4.921460085705564e-02 1.611674702576636e+00
4.976933905560345e-02 1.628055130131141e+00
5.032464738590721e-02 1.644416361320495e+00
5.088052672734755e-02 1.660758426096859e+00
5.143697796111446e-02 1.677081354343363e+00
5.199400197021206e-02 1.693385175874248e+00
5.255159963946322e-02 1.709669920435113e+00
5.310977185551422e-02 1.725935617703028e+00
5.366851950683950e-02 1.742182297286767e+00
5.422784348374635e-02 1.758409988726951e+00
5.478774467837962e-02 1.774618721496251e+00
5.534822398472649e-02 1.790808524999550e+00
5.590928229862125e-02 1.806979428574143e+00
5.647092051775002e-02 1.823131461489883e+00
5.703313954165554e-02 1.839264652949387e+00
5.759594027174203e-02 1.855379032088200e+00
5.815932361127996e-02 1.871474627974971e+00
5.872329046541088e-02 1.887551469611616e+00
5.928784174115230e-02 1.903609585933523e+00
5.985297834740252e-02 1.919649005809699e+00
6.041870119494554e-02 1.935669758042955e+00
6.098501119645590e-02 1.951671871370067e+00
6.155190926650368e-02 1.967655374461968e+00
6.211939632155927e-02 1.983620295923906e+00
6.268747327999850e-02 1.999566664295607e+00
6.325614106210746e-02 2.015494508051471e+00
6.382540059008751e-02 2.031403855600715e+00
6.439525278806024e-02 2.047294735287565e+00
6.496569858207252e-02 2.063167175391396e+00
6.553673890010150e-02 2.079021204126931e+00
6.610837467205960e-02 2.094856849644399e+00
6.668060682979961e-02 2.110674140029683e+00
6.725343630711972e-02 2.126473103304511e+00
6.782686403976862e-02 2.142253767426617e+00
6.840089096545059e-02 2.158016160289886e+00
6.897551802383062e-02 2.173760309724546e+00
6.955074615653950e-02 2.189486243497322e+00
7.012657630717897e-02 2.205193989311590e+00
7.070300942132700e-02 2.220883574807557e+00
7.128004644654273e-02 2.236555027562403e+00
7.185768833237192e-02 2.252208375090470e+00
7.243593603035194e-02 2.267843644843394e+00
7.301479049401716e-02 2.283460864210289e+00
7.359425267890404e-02 2.299060060517890e+00
7.417432354255658e-02 2.314641261030737e+00
7.475500404453142e-02 2.330204492951296e+00
7.533629514640315e-02 2.345749783420162e+00
7.591819781176978e-02 2.361277159516179e+00
7.650071300625783e-02 2.376786648256626e+00
7.708384169752787e-02 2.392278276597350e+00
7.766758485527972e-02 2.407752071432952e+00
7.825194345125802e-02 2.423208059596915e+00
7.883691845925737e-02 2.438646267861767e+00
7.942251085512798e-02 2.454066722939249e+00
8.000872161678092e-02 2.469469451480451e+00
8.059555172419365e-02 2.484854480075986e+00
8.118300215941550e-02 2.500221835256124e+00
8.177107390657305e-02 2.515571543490962e+00
8.235976795187576e-02 2.530903631190561e+00
8.294908528362134e-02 2.546218124705105e+00
8.353902689220140e-02 2.561515050325056e+00
8.412959377010693e-02 2.576794434281306e+00
8.472078691193388e-02 2.592056302745318e+00
8.531260731438878e-02 2.607300681829281e+00
8.590505597629425e-02 2.622527597586263e+00
8.649813389859475e-02 2.637737076010351e+00
8.709184208436208e-02 2.652929143036811e+00
8.768618153880114e-02 2.668103824542225e+00
8.828115326925558e-02 2.683261146344652e+00
8.887675828521342e-02 2.698401134203761e+00
8.947299759831286e-02 2.713523813820977e+00
9.006987222234794e-02 2.728629210839644e+00
9.066738317327432e-02 2.743717350845152e+00
9.126553146921501e-02 2.758788259365096e+00
9.186431813046622e-02 2.773841961869413e+00
9.246374417950305e-02 2.788878483770521e+00
9.306381064098544e-02 2.803897850423473e+00
9.366451854176390e-02 2.818900087126105e+00
9.426586891088545e-02 2.833885219119155e+00
9.486786277959942e-02 2.848853271586423e+00
9.547050118136341e-02 2.863804269654919e+00
9.607378515184918e-02 2.878738238394989e+00
9.667771572894851e-02 2.893655202820458e+00
9.728229395277933e-02 2.908555187888783e+00
9.788752086569152e-02 2.923438218501170e+00
9.849339751227296e-02 2.938304319502747e+00
9.909992493935554e-02 2.953153515682661e+00
9.970710419602127e-02 2.967985831774257e+00
1.003149363336081e-01 2.982801292455187e+00
1.009234224057163e-01 2.997599922347561e+00
1.015325634682143e-01 3.012381746018079e+00
1.021423605792449e-01 3.027146787978177e+00
1.027528147992313e-01 3.041895072684147e+00
1.033639271908834e-01 3.056626624537284e+00
1.039756988192041e-01 3.071341467884023e+00
1.045881307514948e-01 3.086039627016067e+00
1.052012240573625e-01 3.100721126170527e+00
1.058149798087255e-01 3.115385989530045e+00
1.064293990798197e-01 3.130034241222946e+00
1.070444829472049e-01 3.144665905323347e+00
1.076602324897714e-01 3.159281005851327e+00
1.082766487887455e-01 3.173879566773003e+00
1.088937329276969e-01 3.188461612000722e+00
1.095114859925442e-01 3.203027165393154e+00
1.101299090715616e-01 3.217576250755428e+00
1.107490032553853e-01 3.232108891839271e+00
1.113687696370199e-01 3.246625112343143e+00
1.119892093118448e-01 3.261124935912349e+00
1.126103233776205e-01 3.275608386139183e+00
1.132321129344955e-01 3.290075486563040e+00
1.138545790850124e-01 3.304526260670574e+00
1.144777229341145e-01 3.318960731895789e+00
1.151015455891524e-01 3.333378923620199e+00
1.157260481598907e-01 3.347780859172932e+00
1.163512317585141e-01 3.362166561830866e+00
1.169770974996347e-01 3.376536054818756e+00
1.176036465002980e-01 3.390889361309364e+00
1.182308798799899e-01 3.405226504423570e+00
1.188587987606432e-01 3.419547507230515e+00
1.194874042666444e-01 3.433852392747703e+00
1.201166975248403e-01 3.448141183941150e+00
1.207466796645450e-01 3.462413903725492e+00
1.213773518175461e-01 3.476670574964112e+00
1.220087151181122e-01 3.490911220469263e+00
1.226407707029990e-01 3.505135863002192e+00
1.232735197114568e-01 3.519344525273258e+00
1.239069632852367e-01 3.533537229942063e+00
1.245411025685979e-01 3.547713999617560e+00
1.251759387083145e-01 3.561874856858186e+00
1.258114728536822e-01 3.576019824171972e+00
1.264477061565255e-01 3.590148924016676e+00
1.270846397712047e-01 3.604262178799882e+00
1.277222748546225e-01 3.618359610879143e+00
1.283606125662314e-01 3.632441242562091e+00
1.289996540680405e-01 3.646507096106546e+00
1.296394005246227e-01 3.660557193720647e+00
1.302798531031217e-01 3.674591557562962e+00
1.309210129732591e-01 3.688610209742613e+00
1.315628813073412e-01 3.702613172319380e+00
1.322054592802671e-01 3.716600467303827e+00
1.328487480695347e-01 3.730572116657425e+00
1.334927488552486e-01 3.744528142292657e+00
1.341374628201272e-01 3.758468566073123e+00
1.347828911495099e-01 3.772393409813686e+00
1.354290350313641e-01 3.786302695280565e+00
1.360758956562930e-01 3.800196444191441e+00
1.367234742175427e-01 3.814074678215597e+00
1.373717719110091e-01 3.827937418974013e+00
1.380207899352461e-01 3.841784688039480e+00
1.386705294914722e-01 3.855616506936720e+00
1.393209917835784e-01 3.869432897142495e+00
1.399721780181355e-01 3.883233880085722e+00
1.406240894044015e-01 3.897019477147582e+00
1.412767271543290e-01 3.910789709661620e+00
1.419300924825731e-01 3.924544598913879e+00
1.425841866064984e-01 3.938284166143003e+00
1.432390107461871e-01 3.952008432540325e+00
1.438945661244460e-01 3.965717419250005e+00
1.445508539668147e-01 3.979411147369143e+00
1.452078755015729e-01 3.993089637947849e+00
1.458656319597480e-01 4.006752911989397e+00
1.465241245751230e-01 4.020400990450304e+00
1.471833545842443e-01 4.034033894240453e+00
1.478433232264291e-01 4.047651644223194e+00
1.485040317437732e-01 4.061254261215456e+00
1.491654813811593e-01 4.074841765987845e+00
1.498276733862640e-01 4.088414179264761e+00
1.504906090095666e-01 4.101971521724499e+00
1.511542895043559e-01 4.115513813999360e+00
1.518187161267393e-01 4.129041076675749e+00
1.524838901356494e-01 4.142553330294282e+00
1.531498127928532e-01 4.156050595349901e+00
1.538164853629593e-01 4.169532892291961e+00
1.544839091134260e-01 4.183000241524354e+00
1.551520853145698e-01 4.196452663405596e+00
1.558210152395726e-01 4.209890178248935e+00
1.564907001644909e-01 4.223312806322470e+00
1.571611413682628e-01 4.236720567849222e+00
1.578323401327169e-01 4.250113483007272e+00
1.585042977425802e-01 4.263491571929837e+00
1.591770154854864e-01 4.276854854705382e+00
1.598504946519839e-01 4.290203351377727e+00
1.605247365355442e-01 4.303537081946134e+00
1.611997424325703e-01 4.316856066365419e+00
1.618755136424048e-01 4.330160324546052e+00
1.625520514673384e-01 4.343449876354253e+00
1.632293572126181e-01 4.356724741612094e+00
1.639074321864558e-01 4.369984940097599e+00
1.645862777000365e-01 4.383230491544838e+00
1.652658950675268e-01 4.396461415644033e+00
1.659462856060838e-01 4.409677732041663e+00
1.666274506358627e-01 4.422879460340537e+00
1.673093914800264e-01 4.436066620099924e+00
1.679921094647532e-01 4.449239230835619e+00
1.686756059192459e-01 4.462397312020070e+00
1.693598821757404e-01 4.475540883082456e+00
1.700449395695140e-01 4.488669963408787e+00
1.707307794388943e-01 4.501784572342002e+00
1.714174031252683e-01 4.514884729182073e+00
1.721048119730904e-01 4.527970453186080e+00
1.727930073298916e-01 4.541041763568334e+00
1.734819905462886e-01 4.554098679500447e+00
1.741717629759918e-01 4.567141220111438e+00
1.748623259758150e-01 4.580169404487833e+00
1.755536809056839e-01 4.593183251673747e+00
1.762458291286450e-01 4.606182780670986e+00
1.769387720108747e-01 4.619168010439141e+00
1.776325109216882e-01 4.632138959895672e+00
1.783270472335488e-01 4.645095647916014e+00
1.790223823220761e-01 4.658038093333662e+00
1.797185175660564e-01 4.670966314940257e+00
1.804154543474504e-01 4.683880331485698e+00
1.811131940514038e-01 4.696780161678209e+00
1.818117380662550e-01 4.709665824184453e+00
1.825110877835456e-01 4.722537337629607e+00
1.832112445980286e-01 4.735394720597457e+00
1.839122099076784e-01 4.748237991630496e+00
1.846139851136999e-01 4.761067169230005e+00
1.853165716205377e-01 4.773882271856142e+00
1.860199708358853e-01 4.786683317928045e+00
1.867241841706951e-01 4.799470325823901e+00
1.874292130391874e-01 4.812243313881060e+00
1.881350588588599e-01 4.825002300396099e+00
1.888417230504973e-01 4.837747303624923e+00
1.895492070381806e-01 4.850478341782857e+00
1.902575122492971e-01 4.863195433044721e+00
1.909666401145496e-01 4.875898595544930e+00
1.916765920679663e-01 4.888587847377581e+00
1.923873695469102e-01 4.901263206596521e+00
1.930989739920890e-01 4.913924691215458e+00
1.938114068475649e-01 4.926572319208043e+00
1.945246695607641e-01 4.939206108507939e+00
1.952387635824869e-01 4.951826077008922e+00
1.959536903669172e-01 4.964432242564969e+00
1.966694513716328e-01 4.977024622990330e+00
1.973860480576148e-01 4.989603236059624e+00
1.981034818892580e-01 5.002168099507921e+00
1.988217543343806e-01 5.014719231030819e+00
1.995408668642343e-01 5.027256648284546e+00
2.002608209535145e-01 5.039780368886024e+00
2.009816180803699e-01 5.052290410412965e+00
2.017032597264132e-01 5.064786790403952e+00
2.024257473767309e-01 5.077269526358513e+00
2.031490825198935e-01 5.089738635737223e+00
2.038732666479659e-01 5.102194135961767e+00
2.045983012565176e-01 5.114636044415031e+00
2.053241878446328e-01 5.127064378441187e+00
2.060509279149209e-01 5.139479155345770e+00
2.067785229735271e-01 5.151880392395757e+00
2.075069745301422e-01 5.164268106819659e+00
2.082362840980136e-01 5.176642315807584e+00
2.089664531939556e-01 5.189003036511341e+00
2.096974833383598e-01 5.201350286044494e+00
2.104293760552057e-01 5.213684081482468e+00
2.111621328720716e-01 5.226004439862608e+00
2.118957553201446e-01 5.238311378184271e+00
2.126302449342319e-01 5.250604913408901e+00
2.133656032527710e-01 5.262885062460109e+00
2.141018318178410e-01 5.275151842223750e+00
2.148389321751728e-01 5.287405269548001e+00
2.155769058741602e-01 5.299645361243442e+00
2.163157544678707e-01 5.311872134083142e+00
2.170554795130566e-01 5.324085604802715e+00
2.177960825701656e-01 5.336285790100417e+00
2.185375652033519e-01 5.348472706637212e+00
2.192799289804873e-01 5.360646371036859e+00
2.200231754731722e-01 5.372806799885977e+00
2.207673062567467e-01 5.384954009734139e+00
2.215123229103016e-01 5.397088017093925e+00
2.222582270166898e-01 5.409208838441010e+00
2.230050201625374e-01 5.421316490214249e+00
2.237527039382548e-01 5.433410988815737e+00
2.245012799380482e-01 5.445492350610891e+00
2.252507497599310e-01 5.457560591928520e+00
2.260011150057347e-01 5.469615729060912e+00
2.267523772811210e-01 5.481657778263896e+00
2.275045381955927e-01 5.493686755756919e+00
2.282575993625054e-01 5.505702677723125e+00
2.290115623990790e-01 5.517705560309420e+00
2.297664289264096e-01 5.529695419626554e+00
2.305222005694803e-01 5.541672271749196e+00
2.312788789571738e-01 5.553636132715990e+00
2.320364657222834e-01 5.565587018529650e+00
2.327949625015253e-01 5.577524945157013e+00
2.335543709355500e-01 5.589449928529135e+00
2.343146926689541e-01 5.601361984541326e+00
2.350759293502926e-01 5.613261129053264e+00
2.358380826320902e-01 5.625147377889036e+00
2.366011541708538e-01 5.637020746837226e+00
2.373651456270843e-01 5.648881251650973e+00
2.381300586652885e-01 5.660728908048053e+00
2.388958949539915e-01 5.672563731710948e+00
2.396626561657484e-01 5.684385738286906e+00
2.404303439771571e-01 5.696194943388022e+00
2.411989600688697e-01 5.707991362591308e+00
2.419685061256056e-01 5.719775011438749e+00
2.427389838361632e-01 5.731545905437397e+00
2.435103948934325e-01 5.743304060059415e+00
2.442827409944077e-01 5.755049490742163e+00
2.450560238401990e-01 5.766782212888252e+00
2.458302451360459e-01 5.778502241865628e+00
2.466054065913292e-01 5.790209593007628e+00
2.473815099195837e-01 5.801904281613059e+00
2.481585568385108e-01 5.813586322946254e+00
2.489365490699914e-01 5.825255732237146e+00
2.497154883400982e-01 5.836912524681336e+00
2.504953763791089e-01 5.848556715440159e+00
2.512762149215189e-01 5.860188319640750e+00
2.520580057060536e-01 5.871807352376109e+00
2.528407504756824e-01 5.883413828705173e+00
2.536244509776306e-01 5.895007763652877e+00
2.544091089633931e-01 5.906589172210218e+00
2.551947261887470e-01 5.918158069334329e+00
2.559813044137649e-01 5.929714469948541e+00
2.567688454028281e-01 5.941258388942442e+00
2.575573509246397e-01 5.952789841171953e+00
2.583468227522379e-01 5.964308841459376e+00
2.591372626630090e-01 5.975815404593485e+00
2.599286724387014e-01 5.987309545329566e+00
2.607210538654381e-01 5.998791278389486e+00
2.615144087337312e-01 6.010260618461775e+00
2.623087388384941e-01 6.021717580201662e+00
2.631040459790562e-01 6.033162178231160e+00
2.639003319591759e-01 6.044594427139117e+00
2.646975985870544e-01 6.056014341481291e+00
2.654958476753493e-01 6.067421935780400e+00
2.662950810411883e-01 6.078817224526187e+00
2.670953005061832e-01 6.090200222175499e+00
2.678965078964435e-01 6.101570943152319e+00
2.686987050425905e-01 6.112929401847858e+00
2.695018937797711e-01 6.124275612620598e+00
2.703060759476717e-01 6.135609589796364e+00
2.711112533905325e-01 6.146931347668374e+00
2.719174279571617e-01 6.158240900497313e+00
2.727246015009490e-01 6.169538262511383e+00
2.735327758798805e-01 6.180823447906377e+00
2.743419529565526e-01 6.192096470845723e+00
2.751521345981864e-01 6.203357345460552e+00
2.759633226766421e-01 6.214606085849769e+00
2.767755190684334e-01 6.225842706080089e+00
2.775887256547419e-01 6.237067220186124e+00
2.784029443214315e-01 6.248279642170417e+00
2.792181769590635e-01 6.259479986003523e+00
2.800344254629106e-01 6.270668265624050e+00
2.808516917329720e-01 6.281844494938730e+00
2.816699776739879e-01 6.293008687822479e+00
2.824892851954545e-01 6.304160858118440e+00
2.833096162116387e-01 6.315301019638059e+00
2.841309726415932e-01 6.326429186161132e+00
2.849533564091712e-01 6.337545371435870e+00
2.857767694430414e-01 6.348649589178951e+00
2.866012136767037e-01 6.359741853075580e+00
2.874266910485033e-01 6.370822176779549e+00
2.882532035016470e-01 6.381890573913283e+00
2.890807529842173e-01 6.392947058067914e+00
2.899093414491888e-01 6.403991642803327e+00
2.907389708544431e-01 6.415024341648211e+00
2.915696431627838e-01 6.426045168100133e+00
2.924013603419525e-01 6.437054135625575e+00
2.932341243646445e-01 6.448051257660002e+00
2.940679372085236e-01 6.459036547607916e+00
2.949028008562389e-01 6.470010018842904e+00
2.957387172954392e-01 6.480971684707704e+00
2.965756885187900e-01 6.491921558514253e+00
2.974137165239884e-01 6.502859653543744e+00
2.982528033137796e-01 6.513785983046683e+00
2.990929508959727e-01 6.524700560242935e+00
2.999341612834562e-01 6.535603398321792e+00
3.007764364942150e-01 6.546494510442013e+00
3.016197785513460e-01 6.557373909731891e+00
3.024641894830741e-01 6.568241609289297e+00
3.033096713227688e-01 6.579097622181736e+00
3.041562261089606e-01 6.589941961446399e+00
3.050038558853571e-01 6.600774640090229e+00
3.058525627008596e-01 6.611595671089953e+00
3.067023486095795e-01 6.622405067392147e+00
3.075532156708550e-01 6.633202841913294e+00
3.084051659492677e-01 6.643989007539816e+00
3.092582015146593e-01 6.654763577128156e+00
3.101123244421483e-01 6.665526563504801e+00
3.109675368121468e-01 6.676277979466353e+00
3.118238407103776e-01 6.687017837779573e+00
3.126812382278909e-01 6.697746151181433e+00
3.135397314610816e-01 6.708462932379168e+00
3.143993225117060e-01 6.719168194050328e+00
3.152600134868995e-01 6.729861948842831e+00
3.161218064991929e-01 6.740544209375003e+00
3.169847036665310e-01 6.751214988235644e+00
3.178487071122887e-01 6.761874297984072e+00
3.187138189652893e-01 6.772522151150166e+00
3.195800413598212e-01 6.783158560234423e+00
3.204473764356564e-01 6.793783537708014e+00
3.213158263380672e-01 6.804397096012825e+00
3.221853932178444e-01 6.814999247561499e+00
3.230560792313151e-01 6.825590004737505e+00
3.239278865403600e-01 6.836169379895171e+00
3.248008173124321e-01 6.846737385359749e+00
3.256748737205739e-01 6.857294033427437e+00
3.265500579434360e-01 6.867839336365459e+00
3.274263721652945e-01 6.878373306412090e+00
3.283038185760703e-01 6.888895955776716e+00
3.291823993713460e-01 6.899407296639882e+00
3.300621167523854e-01 6.909907341153333e+00
3.309429729261510e-01 6.920396101440064e+00
3.318249701053231e-01 6.930873589594374e+00
3.327081105083179e-01 6.941339817681906e+00
3.335923963593061e-01 6.951794797739700e+00
3.344778298882319e-01 6.962238541776228e+00
3.353644133308318e-01 6.972671061771464e+00
3.362521489286527e-01 6.983092369676904e+00
3.371410389290716e-01 6.993502477415632e+00
3.380310855853140e-01 7.003901396882354e+00
3.389222911564734e-01 7.014289139943454e+00
3.398146579075301e-01 7.024665718437038e+00
3.407081881093704e-01 7.035031144172963e+00
3.416028840388061e-01 7.045385428932918e+00
3.424987479785935e-01 7.055728584470434e+00
3.433957822174532e-01 7.066060622510948e+00
3.442939890500892e-01 7.076381554751844e+00
3.451933707772085e-01 7.086691392862497e+00
3.460939297055414e-01 7.096990148484319e+00
3.469956681478604e-01 7.107277833230809e+00
3.478985884230003e-01 7.117554458687581e+00
3.488026928558781e-01 7.127820036412431e+00
3.497079837775128e-01 7.138074577935361e+00
3.506144635250460e-01 7.148318094758635e+00
3.515221344417612e-01 7.158550598356820e+00
3.524309988771046e-01 7.168772100176826e+00
3.533410591867050e-01 7.178982611637955e+00
3.542523177323945e-01 7.189182144131942e+00
3.551647768822284e-01 7.199370709022996e+00
3.560784390105065e-01 7.209548317647846e+00
3.569933064977927e-01 7.219714981315783e+00
3.579093817309368e-01 7.229870711308702e+00
3.588266671030943e-01 7.240015518881145e+00
3.597451650137478e-01 7.250149415260342e+00
3.606648778687275e-01 7.260272411646261e+00
3.615858080802326e-01 7.270384519211634e+00
3.625079580668523e-01 7.280485749102013e+00
3.634313302535868e-01 7.290576112435811e+00
3.643559270718686e-01 7.300655620304335e+00
3.652817509595844e-01 7.310724283771830e+00
3.662088043610950e-01 7.320782113875527e+00
3.671370897272589e-01 7.330829121625680e+00
3.680666095154523e-01 7.340865318005600e+00
3.689973661895913e-01 7.350890713971710e+00
3.699293622201539e-01 7.360905320453570e+00
3.708626000842016e-01 7.370909148353933e+00
3.717970822654015e-01 7.380902208548771e+00
3.727328112540479e-01 7.390884511887327e+00
3.736697895470850e-01 7.400856069192140e+00
3.746080196481288e-01 7.410816891259107e+00
3.755475040674895e-01 7.420766988857502e+00
3.764882453221939e-01 7.430706372730024e+00
3.774302459360077e-01 7.440635053592838e+00
3.783735084394581e-01 7.450553042135609e+00
3.793180353698569e-01 7.460460349021550e+00
3.802638292713227e-01 7.470356984887450e+00
3.812108926948037e-01 7.480242960343716e+00
3.821592281981015e-01 7.490118285974419e+00
3.831088383458929e-01 7.499982972337323e+00
3.840597257097539e-01 7.509837029963927e+00
3.850118928681829e-01 7.519680469359506e+00
3.859653424066231e-01 7.529513301003144e+00
3.869200769174870e-01 7.539335535347772e+00
3.878760990001796e-01 7.549147182820212e+00
3.888334112611213e-01 7.558948253821204e+00
3.897920163137727e-01 7.568738758725460e+00
3.907519167786573e-01 7.578518707881677e+00
3.917131152833864e-01 7.588288111612599e+00
3.926756144626820e-01 7.598046980215037e+00
3.936394169584018e-01 7.607795323959913e+00
3.946045254195630e-01 7.617533153092297e+00
3.955709425023664e-01 7.627260477831437e+00
3.965386708702212e-01 7.636977308370807e+00
3.975077131937690e-01 7.646683654878129e+00
3.984780721509084e-01 7.656379527495417e+00
3.994497504268203e-01 7.666064936339018e+00
4.004227507139920e-01 7.675739891499637e+00
4.013970757122421e-01 7.685404403042376e+00
4.023727281287461e-01 7.695058481006778e+00
4.033497106780605e-01 7.704702135406847e+00
4.043280260821489e-01 7.714335376231094e+00
4.053076770704068e-01 7.723958213442575e+00
4.062886663796867e-01 7.733570656978910e+00
4.072709967543246e-01 7.743172716752336e+00
4.082546709461644e-01 7.752764402649730e+00
4.092396917145845e-01 7.762345724532649e+00
4.102260618265230e-01 7.771916692237363e+00
4.112137840565038e-01 7.781477315574884e+00
4.122028611866630e-01 7.791027604331008e+00
4.131932960067742e-01 7.800567568266343e+00
4.141850913142758e-01 7.810097217116351e+00
4.151782499142964e-01 7.819616560591370e+00
4.161727746196813e-01 7.829125608376652e+00
4.171686682510202e-01 7.838624370132402e+00
4.181659336366720e-01 7.848112855493804e+00
4.191645736127934e-01 7.857591074071060e+00
4.201645910233647e-01 7.867059035449414e+00
4.211659887202169e-01 7.876516749189195e+00
4.221687695630593e-01 7.885964224825844e+00
4.231729364195062e-01 7.895401471869945e+00
4.241784921651044e-01 7.904828499807260e+00
4.251854396833609e-01 7.914245318098765e+00
4.261937818657701e-01 7.923651936180675e+00
4.272035216118416e-01 7.933048363464478e+00
4.282146618291284e-01 7.942434609336971e+00
4.292272054332537e-01 7.951810683160283e+00
4.302411553479404e-01 7.961176594271921e+00
4.312565145050380e-01 7.970532351984779e+00
4.322732858445515e-01 7.979877965587194e+00
4.332914723146699e-01 7.989213444342963e+00
4.343110768717940e-01 7.998538797491374e+00
4.353321024805658e-01 8.007854034247240e+00
4.363545521138963e-01 8.017159163800930e+00
4.373784287529957e-01 8.026454195318397e+00
4.384037353874011e-01 8.035739137941212e+00
4.394304750150062e-01 8.045014000786594e+00
4.404586506420904e-01 8.054278792947434e+00
4.414882652833485e-01 8.063533523492332e+00
4.425193219619191e-01 8.072778201465628e+00
4.435518237094156e-01 8.082012835887419e+00
4.445857735659548e-01 8.091237435753609e+00
4.456211745801874e-01 8.100452010035919e+00
4.466580298093277e-01 8.109656567681931e+00
4.476963423191834e-01 8.118851117615105e+00
4.487361151841869e-01 8.128035668734817e+00
4.497773514874238e-01 8.137210229916388e+00
4.508200543206653e-01 8.146374810011103e+00
4.518642267843977e-01 8.155529417846257e+00
4.529098719878532e-01 8.164674062225160e+00
4.539569930490411e-01 8.173808751927190e+00
4.550055930947789e-01 8.182933495707804e+00
4.560556752607225e-01 8.192048302298574e+00
4.571072426913989e-01 8.201153180407218e+00
4.581602985402360e-01 8.210248138717610e+00
4.592148459695956e-01 8.219333185889838e+00
4.602708881508040e-01 8.228408330560201e+00
4.613284282641844e-01 8.237473581341259e+00
4.623874694990884e-01 8.246528946821849e+00
4.634480150539284e-01 8.255574435567112e+00
4.645100681362094e-01 8.264610056118528e+00
4.655736319625620e-01 8.273635816993934e+00
4.666387097587741e-01 8.282651726687561e+00
4.677053047598242e-01 8.291657793670048e+00
4.687734202099136e-01 8.300654026388479e+00
4.698430593624995e-01 8.309640433266411e+00
4.709142254803283e-01 8.318617022703886e+00
4.719869218354681e-01 8.327583803077477e+00
4.730611517093430e-01 8.336540782740293e+00
4.741369183927657e-01 8.345487970022031e+00
4.752142251859712e-01 8.354425373228969e+00
4.762930753986515e-01 8.363353000644025e+00
4.773734723499879e-01 8.372270860526763e+00
4.784554193686862e-01 8.381178961113420e+00
4.795389197930108e-01 8.390077310616938e+00
4.806239769708187e-01 8.398965917226985e+00
4.817105942595939e-01 8.407844789109980e+00
4.827987750264825e-01 8.416713934409120e+00
4.838885226483269e-01 8.425573361244407e+00
4.849798405117016e-01 8.434423077712667e+00
4.860727320129468e-01 8.443263091887577e+00
4.871672005582055e-01 8.452093411819691e+00
4.882632495634572e-01 8.460914045536466e+00
4.893608824545547e-01 8.469725001042278e+00
4.904601026672591e-01 8.478526286318463e+00
4.915609136472757e-01 8.487317909323318e+00
4.926633188502900e-01 8.496099877992147e+00
4.937673217420043e-01 8.504872200237273e+00
4.948729257981737e-01 8.513634883948058e+00
4.959801345046422e-01 8.522387936990942e+00
4.970889513573802e-01 8.531131367209449e+00
4.981993798625204e-01 8.539865182424226e+00
4.993114235363954e-01 8.548589390433051e+00
5.004250859055743e-01 8.557303999010870e+00
5.015403705069007e-01 8.566009015909813e+00
5.026572808875293e-01 8.574704448859215e+00
5.037758206049641e-01 8.583390305565647e+00
5.048959932270959e-01 8.592066593712929e+00
5.060178023322403e-01 8.600733320962156e+00
5.071412515091758e-01 8.609390494951732e+00
5.082663443571821e-01 8.618038123297364e+00
5.093930844860786e-01 8.626676213592116e+00
5.105214755162629e-01 8.635304773406416e+00
5.116515210787496e-01 8.643923810288076e+00
5.127832248152091e-01 8.652533331762314e+00
5.139165903780071e-01 8.661133345331788e+00
5.150516214302432e-01 8.669723858476598e+00
5.161883216457916e-01 8.678304878654327e+00
5.173266947093392e-01 8.686876413300048e+00
5.184667443164268e-01 8.695438469826357e+00
5.196084741734880e-01 8.703991055623380e+00
5.207518879978900e-01 8.712534178058807e+00
5.218969895179737e-01 8.721067844477908e+00
5.230437824730944e-01 8.729592062203555e+00
5.241922706136624e-01 8.738106838536236e+00
5.253424577011840e-01 8.746612180754092e+00
5.264943475083023e-01 8.755108096112917e+00
5.276479438188385e-01 8.763594591846193e+00
5.288032504278336e-01 8.772071675165105e+00
5.299602711415897e-01 8.780539353258563e+00
5.311190097777123e-01 8.788997633293221e+00
5.322794701651515e-01 8.797446522413495e+00
5.334416561442451e-01 8.805886027741586e+00
5.346055715667597e-01 8.814316156377501e+00
5.357712202959349e-01 8.822736915399069e+00
5.369386062065248e-01 8.831148311861959e+00
5.381077331848410e-01 8.839550352799709e+00
5.392786051287963e-01 8.847943045223728e+00
5.404512259479483e-01 8.856326396123341e+00
5.416255995635413e-01 8.864700412465782e+00
5.428017299085518e-01 8.873065101196225e+00
5.439796209277316e-01 8.881420469237806e+00
5.451592765776516e-01 8.889766523491637e+00
5.463407008267469e-01 8.898103270836820e+00
5.475238976553607e-01 8.906430718130483e+00
5.487088710557895e-01 8.914748872207779e+00
5.498956250323268e-01 8.923057739881909e+00
5.510841636013102e-01 8.931357327944147e+00
5.522744907911649e-01 8.939647643163857e+00
5.534666106424500e-01 8.947928692288503e+00
5.546605272079044e-01 8.956200482043680e+00
5.558562445524922e-01 8.964463019133120e+00
5.570537667534492e-01 8.972716310238713e+00
5.582530979003292e-01 8.980960362020525e+00
5.594542420950501e-01 8.989195181116823e+00
5.606572034519416e-01 8.997420774144079e+00
5.618619860977913e-01 9.005637147696996e+00
5.630685941718923e-01 9.013844308348528e+00
5.642770318260906e-01 9.022042262649887e+00
5.654873032248322e-01 9.030231017130566e+00
5.666994125452122e-01 9.038410578298359e+00
5.679133639770213e-01 9.046580952639374e+00
5.691291617227950e-01 9.054742146618047e+00
5.703468099978622e-01 9.062894166677165e+00
5.715663130303934e-01 9.071037019237876e+00
5.727876750614498e-01 9.079170710699712e+00
5.740109003450325e-01 9.087295247440604e+00
5.752359931481322e-01 9.095410635816890e+00
5.764629577507783e-01 9.103516882163342e+00
5.776917984460889e-01 9.111613992793178e+00
5.789225195403210e-01 9.119701973998074e+00
5.801551253529214e-01 9.127780832048190e+00
5.813896202165753e-01 9.135850573192172e+00
5.826260084772594e-01 9.143911203657177e+00
5.838642944942916e-01 9.151962729648892e+00
5.851044826403820e-01 9.160005157351533e+00
5.863465773016856e-01 9.168038492927883e+00
5.875905828778526e-01 9.176062742519285e+00
5.888365037820815e-01 9.184077912245677e+00
5.900843444411707e-01 9.192084008205592e+00
5.913341092955706e-01 9.200081036476181e+00
5.925858027994372e-01 9.208069003113222e+00
5.938394294206842e-01 9.216047914151144e+00
5.950949936410367e-01 9.224017775603032e+00
5.963524999560845e-01 9.231978593460651e+00
5.976119528753349e-01 9.239930373694445e+00
5.988733569222683e-01 9.247873122253576e+00
6.001367166343905e-01 9.255806845065912e+00
6.014020365632888e-01 9.263731548038058e+00
6.026693212746854e-01 9.271647237055365e+00
6.039385753484928e-01 9.279553917981945e+00
6.052098033788692e-01 9.287451596660686e+00
6.064830099742736e-01 9.295340278913262e+00
6.077581997575210e-01 9.303219970540148e+00
6.090353773658399e-01 9.311090677320635e+00
6.103145474509266e-01 9.318952405012849e+00
6.115957146790034e-01 9.326805159353754e+00
6.128788837308743e-01 9.334648946059170e+00
6.141640593019817e-01 9.342483770823787e+00
6.154512461024650e-01 9.350309639321180e+00
6.167404488572167e-01 9.358126557203818e+00
6.180316723059414e-01 9.365934530103081e+00
6.193249212032131e-01 9.373733563629273e+00
6.206202003185338e-01 9.381523663371624e+00
6.219175144363925e-01 9.389304834898322e+00
6.232168683563235e-01 9.397077083756512e+00
6.245182668929653e-01 9.404840415472309e+00
6.258217148761216e-01 9.412594835550818e+00
6.271272171508194e-01 9.420340349476144e+00
6.284347785773702e-01 9.428076962711394e+00
6.297444040314294e-01 9.435804680698707e+00
6.310560984040572e-01 9.443523508859251e+00
6.323698666017804e-01 9.451233452593247e+00
6.336857135466516e-01 9.458934517279966e+00
6.350036441763128e-01 9.466626708277760e+00
6.363236634440560e-01 9.474310030924059e+00
6.376457763188851e-01 9.481984490535389e+00
6.389699877855791e-01 9.489650092407382e+00
6.402963028447540e-01 9.497306841814790e+00
6.416247265129259e-01 9.504954744011490e+00
6.429552638225746e-01 9.512593804230507e+00
6.442879198222068e-01 9.520224027684014e+00
6.456226995764200e-01 9.527845419563347e+00
6.469596081659672e-01 9.535457985039022e+00
6.482986506878199e-01 9.543061729260733e+00
6.496398322552349e-01 9.550656657357385e+00
6.509831579978174e-01 9.558242774437074e+00
6.523286330615879e-01 9.565820085587129e+00
6.536762626090477e-01 9.573388595874102e+00
6.550260518192436e-01 9.580948310343787e+00
6.563780058878361e-01 9.588499234021233e+00
6.577321300271647e-01 9.596041371910745e+00
6.590884294663154e-01 9.603574728995904e+00
6.604469094511883e-01 9.611099310239574e+00
6.618075752445645e-01 9.618615120583913e+00
6.631704321261749e-01 9.626122164950377e+00
6.645354853927677e-01 9.633620448239745e+00
6.659027403581776e-01 9.641109975332114e+00
6.672722023533947e-01 9.648590751086914e+00
6.686438767266328e-01 9.656062780342921e+00
6.700177688434008e-01 9.663526067918268e+00
6.713938840865715e-01 9.670980618610447e+00
6.727722278564516e-01 9.678426437196322e+00
6.741528055708538e-01 9.685863528432151e+00
6.755356226651655e-01 9.693291897053570e+00
6.769206845924225e-01 9.700711547775628e+00
6.783079968233795e-01 9.708122485292783e+00
6.796975648465817e-01 9.715524714278910e+00
6.810893941684386e-01 9.722918239387324e+00
6.824834903132954e-01 9.730303065250771e+00
6.838798588235062e-01 9.737679196481450e+00
6.852785052595088e-01 9.745046637671020e+00
6.866794351998966e-01 9.752405393390600e+00
6.880826542414942e-01 9.759755468190795e+00
6.894881679994311e-01 9.767096866601687e+00
6.908959821072175e-01 9.774429593132858e+00
6.923061022168185e-01 9.781753652273395e+00
6.937185339987303e-01 9.789069048491880e+00
6.951332831420561e-01 9.796375786236439e+00
6.965503553545830e-01 9.803673869934713e+00
6.979697563628574e-01 9.810963303993876e+00
6.993914919122640e-01 9.818244092800665e+00
7.008155677671017e-01 9.825516240721356e+00
7.022419897106623e-01 9.832779752101791e+00
7.036707635453090e-01 9.840034631267388e+00
7.051018950925538e-01 9.847280882523140e+00
7.065353901931385e-01 9.854518510153627e+00
7.079712547071125e-01 9.861747518423027e+00
7.094094945139138e-01 9.868967911575121e+00
7.108501155124481e-01 9.876179693833301e+00
7.122931236211706e-01 9.883382869400574e+00
7.137385247781662e-01 9.890577442459584e+00
7.151863249412315e-01 9.897763417172598e+00
7.166365300879562e-01 9.904940797681538e+00
7.180891462158062e-01 9.912109588107967e+00
7.195441793422050e-01 9.919269792553111e+00
7.210016355046177e-01 9.926421415097861e+00
7.224615207606347e-01 9.933564459802779e+00
7.239238411880543e-01 9.940698930708111e+00
7.253886028849688e-01 9.947824831833785e+00
7.268558119698481e-01 9.954942167179434e+00
7.283254745816251e-01 9.962050940724385e+00
7.297975968797817e-01 9.969151156427678e+00
7.312721850444345e-01 9.976242818228073e+00
7.327492452764210e-01 9.983325930044048e+00
7.342287837973874e-01 9.990400495773818e+00
7.357108068498751e-01 9.997466519295333e+00
7.371953206974091e-01 1.000452400446629e+01
7.386823316245857e-01 1.001157295512414e+01
7.401718459371616e-01 1.001861337508609e+01
7.416638699621428e-01 1.002564526814912e+01
7.431584100478743e-01 1.003266863808997e+01
7.446554725641304e-01 1.003968348866516e+01
7.461550639022043e-01 1.004668982361102e+01
7.476571904750005e-01 1.005368764664364e+01
7.491618587171245e-01 1.006067696145893e+01
7.506690750849760e-01 1.006765777173261e+01
7.521788460568409e-01 1.007463008112020e+01
7.536911781329836e-01 1.008159389325703e+01
7.552060778357412e-01 1.008854921175829e+01
7.567235517096166e-01 1.009549604021896e+01
7.582436063213727e-01 1.010243438221389e+01
7.597662482601275e-01 1.010936424129777e+01
7.612914841374493e-01 1.011628562100512e+01
7.628193205874517e-01 1.012319852485033e+01
7.643497642668912e-01 1.013010295632767e+01
7.658828218552620e-01 1.013699891891125e+01
7.674185000548953e-01 1.014388641605507e+01
7.689568055910547e-01 1.015076545119301e+01
7.704977452120365e-01 1.015763602773885e+01
7.720413256892666e-01 1.016449814908623e+01
7.735875538174011e-01 1.017135181860873e+01
7.751364364144249e-01 1.017819703965981e+01
7.766879803217530e-01 1.018503381557284e+01
7.782421924043303e-01 1.019186214966113e+01
7.797990795507331e-01 1.019868204521788e+01
7.813586486732708e-01 1.020549350551625e+01
7.829209067080886e-01 1.021229653380931e+01
7.844858606152704e-01 1.021909113333010e+01
7.860535173789410e-01 1.022587730729156e+01
7.876238840073720e-01 1.023265505888663e+01
7.891969675330838e-01 1.023942439128817e+01
7.907727750129528e-01 1.024618530764904e+01
7.923513135283154e-01 1.025293781110203e+01
7.939325901850750e-01 1.025968190475992e+01
7.955166121138082e-01 1.026641759171549e+01
7.971033864698718e-01 1.027314487504146e+01
7.986929204335114e-01 1.027986375779059e+01
8.002852212099685e-01 1.028657424299560e+01
8.018802960295899e-01 1.029327633366923e+01
8.034781521479378e-01 1.029997003280421e+01
8.050787968458990e-01 1.030665534337331e+01
8.066822374297953e-01 1.031333226832929e+01
8.082884812314960e-01 1.032000081060495e+01
8.098975356085274e-01 1.032666097311310e+01
8.115094079441878e-01 1.033331275874662e+01
8.131241056476581e-01 1.033995617037838e+01
8.147416361541170e-01 1.034659121086134e+01
8.163620069248542e-01 1.035321788302848e+01
8.179852254473852e-01 1.035983618969285e+01
8.196112992355673e-01 1.036644613364755e+01
8.212402358297145e-01 1.037304771766576e+01
8.228720427967147e-01 1.037964094450070e+01
8.245067277301470e-01 1.038622581688571e+01
8.261442982503990e-01 1.039280233753417e+01
8.277847620047858e-01 1.039937050913958e+01
8.294281266676686e-01 1.040593033437551e+01
8.310743999405741e-01 1.041248181589563e+01
8.327235895523156e-01 1.041902495633372e+01
8.343757032591134e-01 1.042555975830365e+01
8.360307488447163e-01 1.043208622439943e+01
8.376887341205247e-01 1.043860435719516e+01
8.393496669257122e-01 1.044511415924509e+01
8.410135551273504e-01 1.045161563308356e+01
8.426804066205321e-01 1.045810878122508e+01
8.443502293284965e-01 1.046459360616428e+01
8.460230312027552e-01 1.047107011037594e+01
8.476988202232179e-01 1.047753829631498e+01
8.493776043983194e-01 1.048399816641648e+01
8.510593917651477e-01 1.049044972309568e+01
8.527441903895708e-01 1.049689296874798e+01
8.544320083663677e-01 1.050332790574896e+01
8.561228538193558e-01 1.050975453645435e+01
8.578167349015234e-01 1.051617286320009e+01
8.595136597951597e-01 1.052258288830229e+01
8.612136367119857e-01 1.052898461405724e+01
8.629166738932887e-01 1.053537804274145e+01
8.646227796100536e-01 1.054176317661161e+01
8.663319621630973e-01 1.054814001790463e+01
8.680442298832044e-01 1.055450856883761e+01
8.697595911312610e-01 1.056086883160790e+01
8.714780542983918e-01 1.056722080839304e+01
8.731996278060968e-01 1.057356450135082e+01
8.749243201063881e-01 1.057989991261925e+01
8.766521396819295e-01 1.058622704431659e+01
8.783830950461738e-01 1.059254589854132e+01
8.801171947435050e-01 1.059885647737219e+01
8.818544473493769e-01 1.060515878286821e+01
8.835948614704550e-01 1.061145281706862e+01
8.853384457447594e-01 1.061773858199296e+01
8.870852088418062e-01 1.062401607964103e+01
8.888351594627526e-01 1.063028531199289e+01
8.905883063405410e-01 1.063654628100889e+01
8.923446582400437e-01 1.064279898862969e+01
8.941042239582097e-01 1.064904343677621e+01
8.958670123242115e-01 1.065527962734970e+01
8.976330321995916e-01 1.066150756223168e+01
8.994022924784130e-01 1.066772724328403e+01
9.011748020874064e-01 1.067393867234889e+01
9.029505699861222e-01 1.068014185124876e+01
9.047296051670805e-01 1.068633678178647e+01
9.065119166559226e-01 1.069252346574516e+01
9.082975135115646e-01 1.069870190488833e+01
9.100864048263499e-01 1.070487210095982e+01
9.118785997262038e-01 1.071103405568381e+01
9.136741073707895e-01 1.071718777076487e+01
9.154729369536629e-01 1.072333324788790e+01
9.172750977024308e-01 1.072947048871820e+01
9.190805988789071e-01 1.073559949490142e+01
9.208894497792730e-01 1.074172026806362e+01
9.227016597342358e-01 1.074783280981123e+01
9.245172381091891e-01 1.075393712173109e+01
9.263361943043747e-01 1.076003320539044e+01
9.281585377550451e-01 1.076612106233691e+01
9.299842779316252e-01 1.077220069409858e+01
9.318134243398783e-01 1.077827210218393e+01
9.336459865210692e-01 1.078433528808188e+01
9.354819740521314e-01 1.079039025326178e+01
9.373213965458336e-01 1.079643699917341e+01
9.391642636509472e-01 1.080247552724704e+01
9.410105850524153e-01 1.080850583889336e+01
9.428603704715223e-01 1.081452793550354e+01
9.447136296660640e-01 1.082054181844921e+01
9.465703724305206e-01 1.082654748908250e+01
9.484306085962270e-01 1.083254494873601e+01
9.502943480315488e-01 1.083853419872284e+01
9.521616006420549e-01 1.084451524033658e+01
9.540323763706940e-01 1.085048807485134e+01
9.559066851979712e-01 1.085645270352175e+01
9.577845371421239e-01 1.086240912758296e+01
9.596659422593022e-01 1.086835734825063e+01
9.615509106437481e-01 1.087429736672099e+01
9.634394524279748e-01 1.088022918417081e+01
9.653315777829498e-01 1.088615280175741e+01
9.672272969182760e-01 1.089206822061867e+01
9.691266200823765e-01 1.089797544187305e+01
9.710295575626791e-01 1.090387446661959e+01
9.729361196858012e-01 1.090976529593793e+01
9.748463168177376e-01 1.091564793088827e+01
9.767601593640478e-01 1.092152237251146e+01
9.786776577700455e-01 1.092738862182894e+01
9.805988225209878e-01 1.093324667984278e+01
9.825236641422671e-01 1.093909654753569e+01
9.844521931996019e-01 1.094493822587101e+01
9.863844202992329e-01 1.095077171579273e+01
9.883203560881146e-01 1.095659701822552e+01
9.902600112541121e-01 1.096241413407470e+01
9.922033965261986e-01 1.096822306422627e+01
9.941505226746506e-01 1.097402380954694e+01
9.961014005112501e-01 1.097981637088409e+01
9.980560408894823e-01 1.098560074906583e+01
1.000014454704738e+00 1.099137694490099e+01
1.001976652894516e+00 1.099714495917911e+01
1.003942646438626e+00 1.100290479267049e+01
1.005912446359395e+00 1.100865644612616e+01
1.007886063721871e+00 1.101439992027793e+01
1.009863509634031e+00 1.102013521583837e+01
1.011844795246992e+00 1.102586233350084e+01
1.013829931755216e+00 1.103158127393947e+01
1.015818930396724e+00 1.103729203780923e+01
1.017811802453309e+00 1.104299462574589e+01
1.019808559250745e+00 1.104868903836602e+01
1.021809212159004e+00 1.105437527626707e+01
1.023813772592476e+00 1.106005334002731e+01
1.025822252010177e+00 1.106572323020590e+01
1.027834661915975e+00 1.107138494734284e+01
1.029851013858807e+00 1.107703849195905e+01
1.031871319432899e+00 1.108268386455632e+01
1.033895590277991e+00 1.108832106561737e+01
1.035923838079556e+00 1.109395009560583e+01
1.037956074569030e+00 1.109957095496628e+01
1.039992311524035e+00 1.110518364412425e+01
1.042032560768606e+00 1.111078816348620e+01
1.044076834173422e+00 1.111638451343962e+01
1.046125143656037e+00 1.112197269435294e+01
1.048177501181108e+00 1.112755270657562e+01
1.050233918760630e+00 1.113312455043814e+01
1.052294408454171e+00 1.113868822625200e+01
1.054358982369106e+00 1.114424373430974e+01
1.056427652660857e+00 1.114979107488497e+01
1.058500431533127e+00 1.115533024823237e+01
1.060577331238146e+00 1.116086125458772e+01
1.062658364076906e+00 1.116638409416790e+01
1.064743542399408e+00 1.117189876717089e+01
1.066832878604906e+00 1.117740527377583e+01
1.068926385142152e+00 1.118290361414300e+01
1.071024074509643e+00 1.118839378841385e+01
1.073125959255868e+00 1.119387579671102e+01
1.075232051979563e+00 1.119934963913832e+01
1.077342365329959e+00 1.120481531578081e+01
1.079456912007035e+00 1.121027282670476e+01
1.081575704761777e+00 1.121572217195771e+01
1.083698756396428e+00 1.122116335156844e+01
1.085826079764749e+00 1.122659636554703e+01
1.087957687772282e+00 1.123202121388485e+01
1.090093593376605e+00 1.123743789655462e+01
1.092233809587596e+00 1.124284641351035e+01
1.094378349467700e+00 1.124824676468744e+01
1.096527226132193e+00 1.125363895000266e+01
1.098680452749447e+00 1.125902296935415e+01
1.100838042541205e+00 1.126439882262150e+01
1.103000008782845e+00 1.126976650966569e+01
1.105166364803656e+00 1.127512603032918e+01
1.107337123987110e+00 1.128047738443589e+01
1.109512299771141e+00 1.128582057179124e+01
1.111691905648419e+00 1.129115559218214e+01
1.113875955166629e+00 1.129648244537705e+01
1.116064461928753e+00 1.130180113112598e+01
1.118257439593354e+00 1.130711164916051e+01
1.120454901874856e+00 1.131241399919382e+01
1.122656862543833e+00 1.131770818092070e+01
1.124863335427296e+00 1.132299419401758e+01
1.127074334408980e+00 1.132827203814256e+01
1.129289873429642e+00 1.133354171293541e+01
1.131509966487346e+00 1.133880321801762e+01
1.133734627637760e+00 1.134405655299240e+01
1.135963870994457e+00 1.134930171744472e+01
1.138197710729210e+00 1.135453871094133e+01
1.140436161072290e+00 1.135976753303076e+01
1.142679236312773e+00 1.136498818324339e+01
1.144926950798842e+00 1.137020066109145e+01
1.147179318938091e+00 1.137540496606902e+01
1.149436355197835e+00 1.138060109765211e+01
1.151698074105422e+00 1.138578905529863e+01
1.153964490248538e+00 1.139096883844847e+01
1.156235618275528e+00 1.139614044652348e+01
1.158511472895706e+00 1.140130387892752e+01
1.160792068879676e+00 1.140645913504648e+01
1.163077421059650e+00 1.141160621424831e+01
1.165367544329770e+00 1.141674511588306e+01
1.167662453646432e+00 1.142187583928287e+01
1.169962164028610e+00 1.142699838376204e+01
1.172266690558185e+00 1.143211274861705e+01
1.174576048380275e+00 1.143721893312657e+01
1.176890252703565e+00 1.144231693655150e+01
1.179209318800644e+00 1.144740675813500e+01
1.181533262008337e+00 1.145248839710255e+01
1.183862097728047e+00 1.145756185266190e+01
1.186195841426090e+00 1.146262712400319e+01
1.188534508634046e+00 1.146768421029895e+01
1.190878114949093e+00 1.147273311070410e+01
1.193226676034362e+00 1.147777382435602e+01
1.195580207619283e+00 1.148280635037457e+01
1.197938725499934e+00 1.148783068786213e+01
1.200302245539399e+00 1.149284683590363e+01
1.202670783668119e+00 1.149785479356656e+01
1.205044355884255e+00 1.150285455990104e+01
1.207422978254042e+00 1.150784613393985e+01
1.209806666912157e+00 1.151282951469844e+01
1.212195438062079e+00 1.151780470117498e+01
1.214589307976464e+00 1.152277169235042e+01
1.216988292997502e+00 1.152773048718846e+01
1.219392409537302e+00 1.153268108463567e+01
1.221801674078258e+00 1.153762348362147e+01
1.224216103173428e+00 1.154255768305819e+01
1.226635713446914e+00 1.154748368184110e+01
1.229060521594242e+00 1.155240147884844e+01
1.231490544382747e+00 1.155731107294150e+01
1.233925798651959e+00 1.156221246296460e+01
1.236366301313993e+00 1.156710564774519e+01
1.238812069353939e+00 1.157199062609383e+01
1.241263119830256e+00 1.157686739680429e+01
1.243719469875170e+00 1.158173595865354e+01
1.246181136695074e+00 1.158659631040183e+01
1.248648137570925e+00 1.159144845079272e+01
1.251120489858654e+00 1.159629237855312e+01
1.253598210989571e+00 1.160112809239333e+01
1.256081318470772e+00 1.160595559100709e+01
1.258569829885556e+00 1.161077487307162e+01
1.261063762893836e+00 1.161558593724769e+01
1.263563135232559e+00 1.162038878217961e+01
1.266067964716127e+00 1.162518340649535e+01
1.268578269236817e+00 1.162996980880651e+01
1.271094066765212e+00 1.163474798770843e+01
1.273615375350623e+00 1.163951794178020e+01
1.276142213121529e+00 1.164427966958473e+01
1.278674598286005e+00 1.164903316966880e+01
1.281212549132160e+00 1.165377844056306e+01
1.283756084028582e+00 1.165851548078217e+01
1.286305221424776e+00 1.166324428882476e+01
1.288859979851612e+00 1.166796486317355e+01
1.291420377921774e+00 1.167267720229536e+01
1.293986434330214e+00 1.167738130464118e+01
1.296558167854600e+00 1.168207716864621e+01
1.299135597355785e+00 1.168676479272995e+01
1.301718741778259e+00 1.169144417529620e+01
1.304307620150617e+00 1.169611531473316e+01
1.306902251586023e+00 1.170077820941344e+01
1.309502655282688e+00 1.170543285769419e+01
1.312108850524334e+00 1.171007925791708e+01
1.314720856680677e+00 1.171471740840839e+01
1.317338693207905e+00 1.171934730747908e+01
1.319962379649160e+00 1.172396895342483e+01
1.322591935635027e+00 1.172858234452610e+01
1.325227380884020e+00 1.173318747904820e+01
1.327868735203078e+00 1.173778435524136e+01
1.330516018488059e+00 1.174237297134074e+01
1.333169250724243e+00 1.174695332556659e+01
1.335828451986830e+00 1.175152541612419e+01
1.338493642441450e+00 1.175608924120402e+01
1.341164842344670e+00 1.176064479898177e+01
1.343842072044513e+00 1.176519208761841e+01
1.346525351980965e+00 1.176973110526027e+01
1.349214702686504e+00 1.177426185003909e+01
1.351910144786619e+00 1.177878432007211e+01
1.354611699000341e+00 1.178329851346212e+01
1.357319386140767e+00 1.178780442829751e+01
1.360033227115604e+00 1.179230206265241e+01
1.362753242927699e+00 1.179679141458666e+01
1.365479454675584e+00 1.180127248214598e+01
1.368211883554023e+00 1.180574526336196e+01
1.370950550854559e+00 1.181020975625219e+01
1.373695477966068e+00 1.181466595882030e+01
1.376446686375314e+00 1.181911386905607e+01
1.379204197667514e+00 1.182355348493545e+01
1.381968033526899e+00 1.182798480442068e+01
1.384738215737280e+00 1.183240782546035e+01
1.387514766182628e+00 1.183682254598951e+01
1.390297706847644e+00 1.184122896392967e+01
1.393087059818338e+00 1.184562707718898e+01
1.395882847282622e+00 1.185001688366221e+01
1.398685091530888e+00 1.185439838123093e+01
1.401493814956607e+00 1.185877156776349e+01
1.404309040056921e+00 1.186313644111521e+01
1.407130789433251e+00 1.186749299912836e+01
1.409959085791892e+00 1.187184123963233e+01
1.412793951944630e+00 1.187618116044364e+01
1.415635410809351e+00 1.188051275936611e+01
1.418483485410661e+00 1.188483603419086e+01
1.421338198880505e+00 1.188915098269646e+01
1.424199574458796e+00 1.189345760264901e+01
1.427067635494047e+00 1.189775589180219e+01
1.429942405444000e+00 1.190204584789740e+01
1.432823907876271e+00 1.190632746866383e+01
1.435712166468993e+00 1.191060075181854e+01
1.438607205011463e+00 1.191486569506660e+01
1.441509047404796e+00 1.191912229610112e+01
1.444417717662585e+00 1.192337055260339e+01
1.447333239911558e+00 1.192761046224298e+01
1.450255638392250e+00 1.193184202267780e+01
1.453184937459674e+00 1.193606523155425e+01
1.456121161583995e+00 1.194028008650727e+01
1.459064335351213e+00 1.194448658516047e+01
1.462014483463851e+00 1.194868472512623e+01
1.464971630741644e+00 1.195287450400579e+01
1.467935802122235e+00 1.195705591938938e+01
1.470907022661875e+00 1.196122896885629e+01
1.473885317536134e+00 1.196539364997500e+01
1.476870712040606e+00 1.196954996030328e+01
1.479863231591627e+00 1.197369789738830e+01
1.482862901727001e+00 1.197783745876675e+01
1.485869748106716e+00 1.198196864196492e+01
1.488883796513689e+00 1.198609144449884e+01
1.491905072854491e+00 1.199020586387440e+01
1.494933603160098e+00 1.199431189758743e+01
1.497969413586631e+00 1.199840954312384e+01
1.501012530416116e+00 1.200249879795973e+01
1.504062980057239e+00 1.200657965956151e+01
1.507120789046108e+00 1.201065212538600e+01
1.510185984047028e+00 1.201471619288060e+01
1.513258591853271e+00 1.201877185948335e+01
1.516338639387858e+00 1.202281912262310e+01
1.519426153704346e+00 1.202685797971958e+01
1.522521161987623e+00 1.203088842818359e+01
1.525623691554698e+00 1.203491046541710e+01
1.528733769855513e+00 1.203892408881333e+01
1.531851424473749e+00 1.204292929575697e+01
1.534976683127638e+00 1.204692608362423e+01
1.538109573670792e+00 1.205091444978300e+01
1.541250124093025e+00 1.205489439159300e+01
1.544398362521187e+00 1.205886590640590e+01
1.547554317220007e+00 1.206282899156541e+01
1.550718016592934e+00 1.206678364440752e+01
1.553889489182993e+00 1.207072986226054e+01
1.557068763673644e+00 1.207466764244528e+01
1.560255868889640e+00 1.207859698227518e+01
1.563450833797908e+00 1.208251787905648e+01
1.566653687508418e+00 1.208643033008832e+01
1.569864459275073e+00 1.209033433266291e+01
1.573083178496596e+00 1.209422988406568e+01
1.576309874717429e+00 1.209811698157542e+01
1.579544577628636e+00 1.210199562246440e+01
1.582787317068815e+00 1.210586580399858e+01
1.586038123025015e+00 1.210972752343771e+01
1.589297025633658e+00 1.211358077803552e+01
1.592564055181475e+00 1.211742556503984e+01
1.595839242106440e+00 1.212126188169278e+01
1.599122616998718e+00 1.212508972523089e+01
1.602414210601614e+00 1.212890909288529e+01
1.605714053812538e+00 1.213271998188186e+01
1.609022177683966e+00 1.213652238944139e+01
1.612338613424417e+00 1.214031631277977e+01
1.615663392399436e+00 1.214410174910809e+01
1.618996546132578e+00 1.214787869563288e+01
1.622338106306410e+00 1.215164714955623e+01
1.625688104763507e+00 1.215540710807598e+01
1.629046573507476e+00 1.215915856838589e+01
1.632413544703961e+00 1.216290152767582e+01
1.635789050681679e+00 1.216663598313188e+01
1.639173123933452e+00 1.217036193193663e+01
1.642565797117250e+00 1.217407937126925e+01
1.645967103057241e+00 1.217778829830571e+01
1.649377074744850e+00 1.218148871021898e+01
1.652795745339825e+00 1.218518060417918e+01
1.656223148171313e+00 1.218886397735378e+01
1.659659316738943e+00 1.219253882690779e+01
1.663104284713917e+00 1.219620515000394e+01
1.666558085940108e+00 1.219986294380288e+01
1.670020754435173e+00 1.220351220546336e+01
1.673492324391666e+00 1.220715293214243e+01
1.676972830178161e+00 1.221078512099562e+01
1.680462306340395e+00 1.221440876917718e+01
1.683960787602403e+00 1.221802387384022e+01
1.687468308867672e+00 1.222163043213696e+01
1.690984905220301e+00 1.222522844121890e+01
1.694510611926177e+00 1.222881789823704e+01
1.698045464434143e+00 1.223239880034209e+01
1.701589498377195e+00 1.223597114468465e+01
1.705142749573674e+00 1.223953492841547e+01
1.708705254028478e+00 1.224309014868561e+01
1.712277047934272e+00 1.224663680264669e+01
1.715858167672718e+00 1.225017488745106e+01
1.719448649815709e+00 1.225370440025210e+01
1.723048531126614e+00 1.225722533820434e+01
1.726657848561531e+00 1.226073769846375e+01
1.730276639270557e+00 1.226424147818795e+01
1.733904940599053e+00 1.226773667453642e+01
1.737542790088941e+00 1.227122328467072e+01
1.741190225479988e+00 1.227470130575476e+01
1.744847284711116e+00 1.227817073495499e+01
1.748514005921720e+00 1.228163156944064e+01
1.752190427452986e+00 1.228508380638401e+01
1.755876587849236e+00 1.228852744296060e+01
1.759572525859268e+00 1.229196247634944e+01
1.763278280437721e+00 1.229538890373333e+01
1.766993890746436e+00 1.229880672229900e+01
1.770719396155839e+00 1.230221592923746e+01
1.774454836246334e+00 1.230561652174418e+01
1.778200250809701e+00 1.230900849701936e+01
1.781955679850510e+00 1.231239185226819e+01
1.785721163587546e+00 1.231576658470110e+01
1.789496742455245e+00 1.231913269153400e+01
1.793282457105138e+00 1.232249016998857e+01
1.797078348407317e+00 1.232583901729249e+01
1.800884457451897e+00 1.232917923067973e+01
1.804700825550505e+00 1.233251080739078e+01
1.808527494237774e+00 1.233583374467298e+01
1.812364505272845e+00 1.233914803978071e+01
1.816211900640895e+00 1.234245368997573e+01
1.820069722554657e+00 1.234575069252743e+01
1.823938013455973e+00 1.234903904471307e+01
1.827816816017348e+00 1.235231874381814e+01
1.831706173143515e+00 1.235558978713656e+01
1.835606127973023e+00 1.235885217197103e+01
1.839516723879829e+00 1.236210589563327e+01
1.843438004474904e+00 1.236535095544432e+01
1.847370013607860e+00 1.236858734873485e+01
1.851312795368577e+00 1.237181507284542e+01
1.855266394088857e+00 1.237503412512684e+01
1.859230854344083e+00 1.237824450294037e+01
1.863206220954893e+00 1.238144620365811e+01
1.867192538988875e+00 1.238463922466327e+01
1.871189853762260e+00 1.238782356335046e+01
1.875198210841649e+00 1.239099921712602e+01
1.879217656045740e+00 1.239416618340833e+01
1.883248235447071e+00 1.239732445962811e+01
1.887289995373788e+00 1.240047404322874e+01
1.891342982411412e+00 1.240361493166662e+01
1.895407243404634e+00 1.240674712241140e+01
1.899482825459119e+00 1.240987061294639e+01
1.903569775943324e+00 1.241298540076885e+01
1.907668142490333e+00 1.241609148339034e+01
1.911777972999712e+00 1.241918885833699e+01
1.915899315639369e+00 1.242227752314993e+01
1.920032218847441e+00 1.242535747538555e+01
1.924176731334186e+00 1.242842871261586e+01
1.928332902083904e+00 1.243149123242887e+01
1.932500780356862e+00 1.243454503242887e+01
1.936680415691237e+00 1.243759011023684e+01
1.940871857905089e+00 1.244062646349074e+01
1.945075157098329e+00 1.244365408984593e+01
1.949290363654722e+00 1.244667298697547e+01
1.953517528243900e+00 1.244968315257051e+01
1.957756701823388e+00 1.245268458434064e+01
1.962007935640655e+00 1.245567728001425e+01
1.966271281235179e+00 1.245866123733892e+01
1.970546790440530e+00 1.246163645408176e+01
1.974834515386467e+00 1.246460292802979e+01
1.979134508501062e+00 1.246756065699035e+01
1.983446822512833e+00 1.247050963879144e+01
1.987771510452903e+00 1.247344987128209e+01
1.992108625657168e+00 1.247638135233280e+01
1.996458221768496e+00 1.247930407983589e+01
2.000820352738934e+00 1.248221805170588e+01
2.005195072831942e+00 1.248512326587991e+01
2.009582436624640e+00 1.248801972031812e+01
2.013982499010083e+00 1.249090741300406e+01
2.018395315199540e+00 1.249378634194508e+01
2.022820940724815e+00 1.249665650517276e+01
2.027259431440572e+00 1.249951790074328e+01
2.031710843526680e+00 1.250237052673785e+01
2.036175233490590e+00 1.250521438126315e+01
2.040652658169722e+00 1.250804946245170e+01
2.045143174733882e+00 1.251087576846231e+01
2.049646840687688e+00 1.251369329748050e+01
2.054163713873030e+00 1.251650204771893e+01
2.058693852471545e+00 1.251930201741781e+01
2.063237315007114e+00 1.252209320484536e+01
2.067794160348384e+00 1.252487560829822e+01
2.072364447711311e+00 1.252764922610191e+01
2.076948236661720e+00 1.253041405661125e+01
2.081545587117899e+00 1.253317009821085e+01
2.086156559353208e+00 1.253591734931549e+01
2.090781213998711e+00 1.253865580837063e+01
2.095419612045834e+00 1.254138547385286e+01
2.100071814849050e+00 1.254410634427030e+01
2.104737884128580e+00 1.254681841816315e+01
2.109417881973124e+00 1.254952169410406e+01
2.114111870842613e+00 1.255221617069870e+01
2.118819913570994e+00 1.255490184658614e+01
2.123542073369025e+00 1.255757872043937e+01
2.128278413827109e+00 1.256024679096578e+01
2.133028998918151e+00 1.256290605690761e+01
2.137793893000431e+00 1.256555651704248e+01
2.142573160820515e+00 1.256819817018384e+01
2.147366867516189e+00 1.257083101518147e+01
2.152175078619414e+00 1.257345505092197e+01
2.156997860059315e+00 1.257607027632928e+01
2.161835278165195e+00 1.257867669036517e+01
2.166687399669573e+00 1.258127429202971e+01
2.171554291711256e+00 1.258386308036185e+01
2.176436021838430e+00 1.258644305443984e+01
2.181332658011796e+00 1.258901421338182e+01
2.186244268607708e+00 1.259157655634632e+01
2.191170922421374e+00 1.259413008253274e+01
2.196112688670050e+00 1.259667479118192e+01
2.201069636996295e+00 1.259921068157666e+01
2.206041837471236e+00 1.260173775304224e+01
2.211029360597873e+00 1.260425600494695e+01
2.216032277314405e+00 1.260676543670263e+01
2.221050658997604e+00 1.260926604776524e+01
2.226084577466200e+00 1.261175783763537e+01
2.231134104984312e+00 1.261424080585879e+01
2.236199314264902e+00 1.261671495202704e+01
2.241280278473269e+00 1.261918027577793e+01
2.246377071230573e+00 1.262163677679614e+01
2.251489766617384e+00 1.262408445481376e+01
2.256618439177279e+00 1.262652330961086e+01
2.261763163920461e+00 1.262895334101609e+01
2.266924016327414e+00 1.263137454890718e+01
2.272101072352599e+00 1.263378693321160e+01
2.277294408428178e+00 1.263619049390708e+01
2.282504101467774e+00 1.263858523102220e+01
2.287730228870271e+00 1.264097114463703e+01
2.292972868523645e+00 1.264334823488362e+01
2.298232098808834e+00 1.264571650194670e+01
2.303507998603643e+00 1.264807594606421e+01
2.308800647286689e+00 1.265042656752790e+01
2.314110124741383e+00 1.265276836668397e+01
2.319436511359945e+00 1.265510134393367e+01
2.324779888047465e+00 1.265742549973386e+01
2.330140336226000e+00 1.265974083459769e+01
2.335517937838707e+00 1.266204734909518e+01
2.340912775354018e+00 1.266434504385386e+01
2.346324931769860e+00 1.266663391955936e+01
2.351754490617907e+00 1.266891397695607e+01
2.357201535967881e+00 1.267118521684778e+01
2.362666152431887e+00 1.267344764009828e+01
2.368148425168796e+00 1.267570124763201e+01
2.373648439888674e+00 1.267794604043471e+01
2.379166282857238e+00 1.268018201955406e+01
2.384702040900376e+00 1.268240918610032e+01
2.390255801408694e+00 1.268462754124701e+01
2.395827652342121e+00 1.268683708623153e+01
2.401417682234549e+00 1.268903782235581e+01
2.407025980198519e+00 1.269122975098704e+01
2.412652635929966e+00 1.269341287355824e+01
2.418297739712992e+00 1.269558719156900e+01
2.423961382424697e+00 1.269775270658613e+01
2.429643655540059e+00 1.269990942024432e+01
2.435344651136856e+00 1.270205733424684e+01
2.441064461900639e+00 1.270419645036620e+01
2.446803181129756e+00 1.270632677044484e+01
2.452560902740427e+00 1.270844829639586e+01
2.458337721271863e+00 1.271056103020363e+01
2.464133731891443e+00 1.271266497392454e+01
2.469949030399941e+00 1.271476012968771e+01
2.475783713236801e+00 1.271684649969564e+01
2.481637877485468e+00 1.271892408622494e+01
2.487511620878781e+00 1.272099289162706e+01
2.493405041804400e+00 1.272305291832894e+01
2.499318239310306e+00 1.272510416883380e+01
2.505251313110349e+00 1.272714664572178e+01
2.511204363589854e+00 1.272918035165073e+01
2.517177491811279e+00 1.273120528935686e+01
2.523170799519940e+00 1.273322146165552e+01
2.529184389149779e+00 1.273522887144193e+01
2.535218363829213e+00 1.273722752169185e+01
2.541272827387013e+00 1.273921741546239e+01
2.547347884358276e+00 1.274119855589269e+01
2.553443639990430e+00 1.274317094620470e+01
2.559560200249313e+00 1.274513458970388e+01
2.565697671825321e+00 1.274708948978000e+01
2.571856162139604e+00 1.274903564990784e+01
2.578035779350333e+00 1.275097307364794e+01
2.584236632359037e+00 1.275290176464742e+01
2.590458830816997e+00 1.275482172664064e+01
2.596702485131708e+00 1.275673296345003e+01
2.602967706473413e+00 1.275863547898683e+01
2.609254606781698e+00 1.276052927725184e+01
2.615563298772162e+00 1.276241436233620e+01
2.621893895943147e+00 1.276429073842217e+01
2.628246512582553e+00 1.276615840978388e+01
2.634621263774711e+00 1.276801738078809e+01
2.641018265407329e+00 1.276986765589503e+01
2.647437634178522e+00 1.277170923965911e+01
2.653879487603907e+00 1.277354213672971e+01
2.660343944023765e+00 1.277536635185202e+01
2.666831122610301e+00 1.277718188986774e+01
2.673341143374960e+00 1.277898875571594e+01
2.679874127175825e+00 1.278078695443382e+01
2.686430195725102e+00 1.278257649115746e+01
2.693009471596679e+00 1.278435737112271e+01
2.699612078233758e+00 1.278612959966588e+01
2.706238139956580e+00 1.278789318222460e+01
2.712887781970232e+00 1.278964812433861e+01
2.719561130372524e+00 1.279139443165054e+01
2.726258312161967e+00 1.279313210990672e+01
2.732979455245826e+00 1.279486116495799e+01
2.739724688448266e+00 1.279658160276051e+01
2.746494141518578e+00 1.279829342937653e+01
2.753287945139502e+00 1.279999665097525e+01
2.760106230935639e+00 1.280169127383359e+01
2.766949131481939e+00 1.280337730433702e+01
2.773816780312314e+00 1.280505474898033e+01
2.780709311928307e+00 1.280672361436853e+01
2.787626861807879e+00 1.280838390721755e+01
2.794569566414284e+00 1.281003563435515e+01
2.801537563205049e+00 1.281167880272169e+01
2.808530990641037e+00 1.281331341937094e+01
2.815549988195618e+00 1.281493949147091e+01
2.822594696363953e+00 1.281655702630468e+01
2.829665256672357e+00 1.281816603127118e+01
2.836761811687775e+00 1.281976651388606e+01
2.843884505027376e+00 1.282135848178246e+01
2.851033481368231e+00 1.282294194271183e+01
2.858208886457110e+00 1.282451690454481e+01
2.865410867120392e+00 1.282608337527196e+01
2.872639571274078e+00 1.282764136300466e+01
2.879895147933909e+00 1.282919087597586e+01
2.887177747225621e+00 1.283073192254095e+01
2.894487520395287e+00 1.283226451117856e+01
2.901824619819794e+00 1.283378865049137e+01
2.909189199017425e+00 1.283530434920693e+01
2.916581412658575e+00 1.283681161617848e+01
2.924001416576572e+00 1.283831046038578e+01
2.931449367778628e+00 1.283980089093588e+01
2.938925424456919e+00 1.284128291706400e+01
2.946429745999779e+00 1.284275654813429e+01
2.953962493003027e+00 1.284422179364066e+01
2.961523827281430e+00 1.284567866320758e+01
2.969113911880285e+00 1.284712716659092e+01
2.976732911087133e+00 1.284856731367871e+01
2.984380990443626e+00 1.284999911449201e+01
2.992058316757506e+00 1.285142257918563e+01
2.999765058114735e+00 1.285283771804901e+01
3.007501383891760e+00 1.285424454150698e+01
3.015267464767927e+00 1.285564306012056e+01
3.023063472738031e+00 1.285703328458776e+01
3.030889581125007e+00 1.285841522574440e+01
3.038745964592783e+00 1.285978889456483e+01
3.046632799159273e+00 1.286115430216280e+01
3.054550262209515e+00 1.286251145979220e+01
3.062498532508980e+00 1.286386037884783e+01
3.070477790217021e+00 1.286520107086623e+01
3.078488216900483e+00 1.286653354752639e+01
3.086529995547480e+00 1.286785782065058e+01
3.094603310581328e+00 1.286917390220509e+01
3.102708347874644e+00 1.287048180430098e+01
3.110845294763600e+00 1.287178153919488e+01
3.119014340062375e+00 1.287307311928972e+01
3.127215674077747e+00 1.287435655713547e+01
3.135449488623872e+00 1.287563186542994e+01
3.143715977037244e+00 1.287689905701944e+01
3.152015334191823e+00 1.287815814489962e+01
3.160347756514347e+00 1.287940914221611e+01
3.168713441999835e+00 1.288065206226531e+01
3.177112590227267e+00 1.288188691849507e+01
3.185545402375449e+00 1.288311372450545e+01
3.194012081239084e+00 1.288433249404939e+01
3.202512831245029e+00 1.288554324103347e+01
3.211047858468741e+00 1.288674597951854e+01
3.219617370650931e+00 1.288794072372046e+01
3.228221577214425e+00 1.288912748801080e+01
3.236860689281222e+00 1.289030628691746e+01
3.245534919689751e+00 1.289147713512542e+01
3.254244483012368e+00 1.289264004747734e+01
3.262989595573038e+00 1.289379503897426e+01
3.271770475465244e+00 1.289494212477624e+01
3.280587342570121e+00 1.289608132020301e+01
3.289440418574816e+00 1.289721264073459e+01
3.298329926991051e+00 1.289833610201195e+01
3.307256093173951e+00 1.289945171983758e+01
3.316219144341077e+00 1.290055951017617e+01
3.325219309591713e+00 1.290165948915515e+01
3.334256819926375e+00 1.290275167306531e+01
3.343331908266586e+00 1.290383607836140e+01
3.352444809474883e+00 1.290491272166269e+01
3.361595760375072e+00 1.290598161975352e+01
3.370784999772750e+00 1.290704278958390e+01
3.380012768476081e+00 1.290809624827000e+01
3.389279309316819e+00 1.290914201309473e+01
3.398584867171623e+00 1.291018010150826e+01
3.407929688983623e+00 1.291121053112852e+01
3.417314023784255e+00 1.291223331974168e+01
3.426738122715398e+00 1.291324848530271e+01
3.436202239051769e+00 1.291425604593581e+01
3.445706628223615e+00 1.291525601993488e+01
3.455251547839690e+00 1.291624842576398e+01
3.464837257710534e+00 1.291723328205781e+01
3.474464019872047e+00 1.291821060762207e+01
3.484132098609359e+00 1.291918042143396e+01
3.493841760481025e+00 1.292014274264253e+01
3.503593274343519e+00 1.292109759056909e+01
3.513386911376043e+00 1.292204498470758e+01
3.523222945105677e+00 1.292298494472495e+01
3.533101651432840e+00 1.292391749046151e+01
3.543023308657075e+00 1.292484264193125e+01
3.552988197503202e+00 1.292576041932216e+01
3.562996601147786e+00 1.292667084299657e+01
3.573048805245954e+00 1.292757393349140e+01
3.583145097958589e+00 1.292846971151846e+01
3.593285769979850e+00 1.292935819796470e+01
3.603471114565083e+00 1.293023941389245e+01
3.613701427559080e+00 1.293111338053966e+01
3.623977007424731e+00 1.293198011932009e+01
3.634298155272050e+00 1.293283965182354e+01
3.644665174887577e+00 1.293369199981597e+01
3.655078372764198e+00 1.293453718523970e+01
3.665538058131342e+00 1.293537523021354e+01
3.676044542985585e+00 1.293620615703291e+01
3.686598142121685e+00 1.293702998816994e+01
3.697199173164017e+00 1.293784674627354e+01
3.707847956598430e+00 1.293865645416952e+01
3.718544815804556e+00 1.293945913486055e+01
3.729290077088538e+00 1.294025481152626e+01
3.740084069716212e+00 1.294104350752322e+01
3.750927125946739e+00 1.294182524638489e+01
3.761819581066697e+00 1.294260005182166e+01
3.772761773424649e+00 1.294336794772072e+01
3.783754044466159e+00 1.294412895814600e+01
3.794796738769327e+00 1.294488310733812e+01
3.805890204080788e+00 1.294563041971419e+01
3.817034791352208e+00 1.294637091986773e+01
3.828230854777306e+00 1.294710463256845e+01
3.839478751829374e+00 1.294783158276210e+01
3.850778843299315e+00 1.294855179557025e+01
3.862131493334233e+00 1.294926529629003e+01
3.873537069476539e+00 1.294997211039389e+01
3.884995942703625e+00 1.295067226352930e+01
3.896508487468072e+00 1.295136578151847e+01
3.908075081738455e+00 1.295205269035797e+01
3.919696107040702e+00 1.295273301621840e+01
3.931371948500032e+00 1.295340678544398e+01
3.943102994883519e+00 1.295407402455217e+01
3.954889638643234e+00 1.295473476023322e+01
3.966732275960001e+00 1.295538901934969e+01
3.978631306787799e+00 1.295603682893595e+01
3.990587134898786e+00 1.295667821619771e+01
4.002600167928963e+00 1.295731320851142e+01
4.014670817424514e+00 1.295794183342373e+01
4.026799498888791e+00 1.295856411865085e+01
4.038986631830008e+00 1.295918009207798e+01
4.051232639809586e+00 1.295978978175857e+01
4.063537950491244e+00 1.296039321591370e+01
4.075902995690777e+00 1.296099042293133e+01
4.088328211426559e+00 1.296158143136554e+01
4.100814037970806e+00 1.296216626993577e+01
4.113360919901582e+00 1.296274496752601e+01
4.125969306155544e+00 1.296331755318396e+01
4.138639650081517e+00 1.296388405612013e+01
4.151372409494812e+00 1.296444450570699e+01
4.164168046732367e+00 1.296499893147798e+01
4.177027028708723e+00 1.296554736312658e+01
4.189949826972802e+00 1.296608983050532e+01
4.202936917765561e+00 1.296662636362470e+01
4.215988782078480e+00 1.296715699265216e+01
4.229105905712965e+00 1.296768174791101e+01
4.242288779340607e+00 1.296820065987922e+01
4.255537898564365e+00 1.296871375918834e+01
4.268853763980686e+00 1.296922107662224e+01
4.282236881242548e+00 1.296972264311593e+01
4.295687761123453e+00 1.297021848975425e+01
4.309206919582435e+00 1.297070864777057e+01
4.322794877830013e+00 1.297119314854548e+01
4.336452162395180e+00 1.297167202360542e+01
4.350179305193417e+00 1.297214530462122e+01
4.363976843595746e+00 1.297261302340673e+01
4.377845320498862e+00 1.297307521191728e+01
4.391785284396321e+00 1.297353190224819e+01
4.405797289450873e+00 1.297398312663323e+01
4.419881895567886e+00 1.297442891744299e+01
4.434039668469920e+00 1.297486930718332e+01
4.448271179772486e+00 1.297530432849360e+01
4.462577007060967e+00 1.297573401414507e+01
4.476957733968759e+00 1.297615839703911e+01
4.491413950256644e+00 1.297657751020541e+01
4.505946251893413e+00 1.297699138680023e+01
4.520555241137764e+00 1.297740006010450e+01
4.535241526621502e+00 1.297780356352194e+01
4.550005723434069e+00 1.297820193057714e+01
4.564848453208402e+00 1.297859519491358e+01
4.579770344208199e+00 1.297898339029166e+01
4.594772031416549e+00 1.297936655058661e+01
4.609854156626021e+00 1.297974470978644e+01
4.625017368530164e+00 1.298011790198984e+01
4.640262322816540e+00 1.298048616140395e+01
4.655589682261223e+00 1.298084952234224e+01
4.671000116824845e+00 1.298120801922222e+01
4.686494303750226e+00 1.298156168656318e+01
4.702072927661578e+00 1.298191055898391e+01
4.717736680665340e+00 1.298225467120028e+01
4.733486262452684e+00 1.298259405802290e+01
4.749322380403697e+00 1.298292875435465e+01
4.765245749693281e+00 1.298325879518825e+01
4.781257093398829e+00 1.298358421560370e+01
4.797357142609671e+00 1.298390505076579e+01
4.813546636538355e+00 1.298422133592145e+01
4.829826322633768e+00 1.298453310639715e+01
4.846196956696196e+00 1.298484039759626e+01
4.862659302994270e+00 1.298514324499629e+01
4.879214134383903e+00 1.298544168414620e+01
4.895862232429253e+00 1.298573575066357e+01
4.912604387525709e+00 1.298602548023181e+01
4.929441399024975e+00 1.298631090859732e+01
4.946374075362305e+00 1.298659207156653e+01
4.963403234185891e+00 1.298686900500304e+01
4.980529702488465e+00 1.298714174482457e+01
4.997754316741198e+00 1.298741032700004e+01
5.015077923029867e+00 1.298767478754644e+01
5.032501377193399e+00 1.298793516252581e+01
5.050025544964812e+00 1.298819148804208e+01
5.067651302114609e+00 1.298844380023795e+01
5.085379534596675e+00 1.298869213529165e+01
5.103211138696710e+00 1.298893652941377e+01
5.121147021183295e+00 1.298917701884396e+01
5.139188099461592e+00 1.298941363984764e+01
5.157335301729759e+00 1.298964642871270e+01
5.175589567138152e+00 1.298987542174606e+01
5.193951845951330e+00 1.299010065527038e+01
5.212423099712952e+00 1.299032216562054e+01
5.231004301413631e+00 1.299053998914020e+01
5.249696435661777e+00 1.299075416217835e+01
5.268500498857519e+00 1.299096472108572e+01
5.287417499369750e+00 1.299117170221126e+01
5.306448457716392e+00 1.299137514189854e+01
5.325594406747910e+00 1.299157507648214e+01
5.344856391834162e+00 1.299177154228401e+01
5.364235471054677e+00 1.299196457560979e+01
5.383732715392393e+00 1.299215421274508e+01
5.403349208930948e+00 1.299234048995179e+01
5.423086049055629e+00 1.299252344346429e+01
5.442944346658004e+00 1.299270310948571e+01
5.462925226344342e+00 1.299287952418408e+01
5.483029826647932e+00 1.299305272368854e+01
5.503259300245332e+00 1.299322274408548e+01
5.523614814176677e+00 1.299338962141465e+01
5.544097550070089e+00 1.299355339166529e+01
5.564708704370356e+00 1.299371409077221e+01
5.585449488571887e+00 1.299387175461186e+01
5.606321129456073e+00 1.299402641899836e+01
5.627324869333197e+00 1.299417811967956e+01
5.648461966288910e+00 1.299432689233304e+01
5.669733694435420e+00 1.299447277256211e+01
5.691141344167531e+00 1.299461579589180e+01
5.712686222423569e+00 1.299475599776484e+01
5.734369652951345e+00 1.299489341353763e+01
5.756192976579302e+00 1.299502807847614e+01
5.778157551492876e+00 1.299516002775193e+01
5.800264753516283e+00 1.299528929643803e+01
5.822515976399774e+00 1.299541591950486e+01
5.844912632112568e+00 1.299553993181620e+01
5.867456151141514e+00 1.299566136812508e+01
5.890147982795648e+00 1.299578026306966e+01
5.912989595516806e+00 1.299589665116921e+01
5.935982477196386e+00 1.299601056681997e+01
5.959128135498418e+00 1.299612204429107e+01
5.982428098189130e+00 1.299623111772045e+01
6.005883913473095e+00 1.299633782111082e+01
6.029497150336143e+00 1.299644218832549e+01
6.053269398895238e+00 1.299654425308439e+01
6.077202270755408e+00 1.299664404895999e+01
6.101297399373957e+00 1.299674160937318e+01
6.125556440432082e+00 1.299683696758936e+01
6.149981072214155e+00 1.299693015671427e+01
6.174572995994739e+00 1.299702120969010e+01
6.199333936433605e+00 1.299711015929143e+01
6.224265641978945e+00 1.299719703812126e+01
6.249369885278929e+00 1.299728187860706e+01
6.274648463601825e+00 1.299736471299685e+01
6.300103199264950e+00 1.299744557335526e+01
6.325735940072578e+00 1.299752449155968e+01
6.351548559763061e+00 1.299760149929633e+01
6.377542958465449e+00 1.299767662805652e+01
6.403721063165738e+00 1.299774990913276e+01
6.430084828183046e+00 1.299782137361507e+01
6.456636235655993e+00 1.299789105238718e+01
6.483377296039461e+00 1.299795897612285e+01
6.510310048612063e+00 1.299802517528223e+01
6.537436561994535e+00 1.299808968010819e+01
6.564758934679408e+00 1.299815252062280e+01
6.592279295572147e+00 1.299821372662372e+01
6.619999804544100e+00 1.299827332768077e+01
6.647922652997601e+00 1.299833135313244e+01
6.676050064443441e+00 1.299838783208250e+01
6.704384295091081e+00 1.299844279339669e+01
6.732927634451990e+00 1.299849626569936e+01
6.761682405956319e+00 1.299854827737027e+01
6.790650967583349e+00 1.299859885654142e+01
6.819835712506104e+00 1.299864803109389e+01
6.849239069750379e+00 1.299869582865479e+01
6.878863504868675e+00 1.299874227659426e+01
6.908711520629368e+00 1.299878740202254e+01
6.938785657721582e+00 1.299883123178707e+01
6.969088495476100e+00 1.299887379246971e+01
6.999622652602784e+00 1.299891511038399e+01
7.030390787944998e+00 1.299895521157247e+01
7.061395601251389e+00 1.299899412180413e+01
7.092639833965545e+00 1.299903186657184e+01
7.124126270034075e+00 1.299906847108998e+01
7.155857736733494e+00 1.299910396029200e+01
7.187837105516495e+00 1.299913835882823e+01
7.220067292878188e+00 1.299917169106362e+01
7.252551261242728e+00 1.299920398107566e+01
7.285292019871026e+00 1.299923525265233e+01
7.318292625790018e+00 1.299926552929020e+01
7.351556184744221e+00 1.299929483419255e+01
7.385085852170065e+00 1.299932319026762e+01
7.418884834193700e+00 1.299935062012695e+01
7.452956388653010e+00 1.299937714608382e+01
7.487303826144385e+00 1.299940279015173e+01
7.521930511095032e+00 1.299942757404307e+01
7.556839862861604e+00 1.299945151916782e+01
7.592035356855778e+00 1.299947464663235e+01
7.627520525697633e+00 1.299949697723836e+01
7.663298960397685e+00 1.299951853148190e+01
7.699374311568277e+00 1.299953932955248e+01
7.735750290665298e+00 1.299955939133232e+01
7.772430671261031e+00 1.299957873639565e+01
7.809419290349166e+00 1.299959738400818e+01
7.846720049682777e+00 1.299961535312662e+01
7.884336917146327e+00 1.299963266239837e+01
7.922273928162758e+00 1.299964933016124e+01
7.960535187136602e+00 1.299966537444335e+01
7.999124868934248e+00 1.299968081296312e+01
8.038047220402564e+00 1.299969566312933e+01
8.077306561926891e+00 1.299970994204136e+01
8.116907289029680e+00 1.299972366648949e+01
8.156853874011098e+00 1.299973685295532e+01
8.197150867632704e+00 1.299974951761234e+01
8.237802900845699e+00 1.299976167632654e+01
8.278814686564992e+00 1.299977334465723e+01
8.320191021490681e+00 1.299978453785785e+01
8.361936787978214e+00 1.299979527087702e+01
8.404056955958902e+00 1.299980555835963e+01
8.446556584912388e+00 1.299981541464800e+01
8.489440825892610e+00 1.299982485378330e+01
8.532714923609008e+00 1.299983388950690e+01
8.576384218564826e+00 1.299984253526195e+01
8.620454149254192e+00 1.299985080419504e+01
8.664930254419946e+00 1.299985870915797e+01
8.709818175374275e+00 1.299986626270958e+01
8.755123658383992e+00 1.299987347711779e+01
8.800852557122782e+00 1.299988036436163e+01
8.847010835192442e+00 1.299988693613345e+01
8.893604568715590e+00 1.299989320384122e+01
8.940639949002000e+00 1.299989917861091e+01
8.988123285291127e+00 1.299990487128896e+01
9.036061007573453e+00 1.299991029244493e+01
9.084459669493119e+00 1.299991545237412e+01
9.133325951334703e+00 1.299992036110040e+01
9.182666663097081e+00 1.299992502837905e+01
9.232488747657149e+00 1.299992946369975e+01
9.282799284026618e+00 1.299993367628961e+01
9.333605490705148e+00 1.299993767511632e+01
9.384914729132982e+00 1.299994146889137e+01
9.436734507246653e+00 1.299994506607336e+01
9.489072483141459e+00 1.299994847487134e+01
9.541936468844256e+00 1.299995170324832e+01
9.595334434200627e+00 1.299995475892479e+01
9.649274510880399e+00 1.299995764938225e+01
9.703764996505885e+00 1.299996038186698e+01
9.758814358907030e+00 1.299996296339368e+01
9.814431240508172e+00 1.299996540074932e+01
9.870624462851296e+00 1.299996770049694e+01
9.927403031260507e+00 1.299996986897958e+01
9.984776139653048e+00 1.299997191232422e+01
1.004275317550235e+01 1.299997383644577e+01
1.010134372495854e+01 1.299997564705114e+01
1.016055757813234e+01 1.299997734964328e+01
1.022040473454863e+01 1.299997894952531e+01
1.028089540877585e+01 1.299998045180471e+01
1.034204003623798e+01 1.299998186139744e+01
1.040384927921598e+01 1.299998318303216e+01
1.046633403304620e+01 1.299998442125448e+01
1.052950543252293e+01 1.299998558043118e+01
1.059337485851319e+01 1.299998666475445e+01
1.065795394479223e+01 1.299998767824619e+01
1.072325458510793e+01 1.299998862476226e+01
1.078928894048334e+01 1.299998950799673e+01
1.085606944676694e+01 1.299999033148619e+01
1.092360882244015e+01 1.299999109861398e+01
1.099192007669246e+01 1.299999181261446e+01
1.106101651777526e+01 1.299999247657725e+01
1.113091176164515e+01 1.299999309345141e+01
1.120161974090888e+01 1.299999366604970e+01
1.127315471408212e+01 1.299999419705270e+01
1.134553127517504e+01 1.299999468901300e+01
1.141876436361819e+01 1.299999514435928e+01
1.149286927454279e+01 1.299999556540036e+01
1.156786166943056e+01 1.299999595432931e+01
1.164375758714832e+01 1.299999631322738e+01
1.172057345538385e+01 1.299999664406794e+01
1.179832610250031e+01 1.299999694872042e+01
1.187703276982680e+01 1.299999722895413e+01
1.195671112440422e+01 1.299999748644203e+01
1.203737927220619e+01 1.299999772276447e+01
1.211905577185570e+01 1.299999793941286e+01
1.220175964885930e+01 1.299999813779325e+01
1.228551041038192e+01 1.299999831922990e+01
1.237032806058636e+01 1.299999848496872e+01
1.245623311656267e+01 1.299999863618063e+01
1.254324662487414e+01 1.299999877396494e+01
1.263139017874809e+01 1.299999889935258e+01
1.272068593594067e+01 1.299999901330921e+01
1.281115663730683e+01 1.299999911673838e+01
1.290282562610829e+01 1.299999921048448e+01
1.299571686809380e+01 1.299999929533571e+01
1.308985497238782e+01 1.299999937202687e+01
1.318526521322635e+01 1.299999944124216e+01
1.328197355257969e+01 1.299999950361784e+01
1.338000666370501e+01 1.299999955974481e+01
1.347939195567342e+01 1.299999961017111e+01
1.358015759891917e+01 1.299999965540433e+01
1.368233255186069e+01 1.299999969591399e+01
1.378594658864643e+01 1.299999973213369e+01
1.389103032808161e+01 1.299999976446334e+01
1.399761526379447e+01 1.299999979327123e+01
1.410573379570460e+01 1.299999981889597e+01
1.421541926285981e+01 1.299999984164843e+01
1.432670597771074e+01 1.299999986181356e+01
1.443962926189769e+01 1.299999987965209e+01
1.455422548362816e+01 1.299999989540224e+01
1.467053209672773e+01 1.299999990928125e+01
1.478858768145288e+01 1.299999992148693e+01
1.490843198715869e+01 1.299999993219900e+01
1.503010597692109e+01 1.299999994158054e+01
1.515365187421831e+01 1.299999994977916e+01
1.527911321178368e+01 1.299999995692828e+01
1.540653488274851e+01 1.299999996314823e+01
1.553596319420100e+01 1.299999996854730e+01
1.566744592329557e+01 1.299999997322279e+01
1.580103237605565e+01 1.299999997726188e+01
1.593677344902156e+01 1.299999998074257e+01
1.607472169390560e+01 1.299999998373444e+01
1.621493138542707e+01 1.299999998629947e+01
1.635745859251088e+01 1.299999998849269e+01
1.650236125304613e+01 1.299999999036287e+01
1.664969925241386e+01 1.299999999195313e+01
1.679953450600817e+01 1.299999999330148e+01
1.695193104598874e+01 1.299999999444136e+01
1.710695511252066e+01 1.299999999540207e+01
1.726467524977487e+01 1.299999999620927e+01
1.742516240698096e+01 1.299999999688533e+01
1.758849004484552e+01 1.299999999744970e+01
1.775473424767194e+01 1.299999999791924e+01
1.792397384154032e+01 1.299999999830855e+01
1.809629051893355e+01 1.299999999863019e+01
1.827176897022389e+01 1.299999999889496e+01
1.845049702246410e+01 1.299999999911208e+01
1.863256578596109e+01 1.299999999928946e+01
1.881806980914671e+01 1.299999999943378e+01
1.900710724229777e+01 1.299999999955074e+01
1.919978001070177e+01 1.299999999964512e+01
1.939619399790969e+01 1.299999999972096e+01
1.959645923976875e+01 1.299999999978162e+01
1.980069012998149e+01 1.299999999982992e+01
2.000900563799845e+01 1.299999999986820e+01
2.022152954011676e+01 1.299999999989839e+01
2.043839066472733e+01 1.299999999992208e+01
2.065972315273187e+01 1.299999999994057e+01
2.088566673423652e+01 1.299999999995493e+01
2.111636702272026e+01 1.299999999996602e+01
2.135197582798020e+01 1.299999999997453e+01
2.159265148926724e+01 1.299999999998103e+01
2.183855923014747e+01 1.299999999998596e+01
2.208987153676138e+01 1.299999999998968e+01
2.234676856130000e+01 1.299999999999246e+01
2.260943855268218e+01 1.299999999999454e+01
2.287807831659583e+01 1.299999999999607e+01
2.315289370726606e+01 1.299999999999719e+01
2.343410015353326e+01 1.299999999999801e+01
2.372192322206564e+01 1.299999999999860e+01
2.401659922080112e+01 1.299999999999902e+01
2.431837584601214e+01 1.299999999999932e+01
2.462751287671618e+01 1.299999999999954e+01
2.494428292052396e+01 1.299999999999969e+01
2.526897221542693e+01 1.299999999999979e+01
2.560188149247934e+01 1.299999999999986e+01
2.594332690484087e+01 1.299999999999991e+01
2.629364102921171e+01 1.299999999999994e+01
2.665317394632914e+01 1.299999999999996e+01
2.702229440790313e+01 1.299999999999998e+01
2.740139109816822e+01 1.299999999999998e+01
2.779087399912551e+01 1.299999999999999e+01
2.819117586955392e+01 1.299999999999999e+01
2.860275384900839e+01 1.300000000000000e+01
2.902609119930442e+01 1.300000000000000e+01
2.946169919743521e+01 1.300000000000000e+01
2.991011919551092e+01 1.300000000000000e+01
3.037192486517099e+01 1.300000000000000e+01
3.084772464603287e+01 1.300000000000000e+01
3.133816442015215e+01 1.300000000000000e+01
3.184393043721255e+01 1.300000000000000e+01
3.236575251830661e+01 1.300000000000000e+01
3.290440756975866e+01 1.300000000000000e+01
3.346072344256967e+01 1.300000000000000e+01
3.403558317780772e+01 1.300000000000000e+01
3.462992968373193e+01 1.300000000000000e+01
3.524477089675685e+01 1.300000000000000e+01
3.588118548567737e+01 1.300000000000000e+01
3.654032916705949e+01 1.300000000000000e+01
3.722344170958262e+01 1.300000000000000e+01
3.793185471664366e+01 1.300000000000000e+01
3.866700029000886e+01 1.300000000000000e+01
3.943042069311907e+01 1.300000000000000e+01
4.022377915125303e+01 1.300000000000000e+01
4.104887194771234e+01 1.300000000000000e+01
4.190764200117019e+01 1.300000000000000e+01
4.280219414018858e+01 1.300000000000000e+01
4.373481232767583e+01 1.300000000000000e+01
4.470797913201058e+01 1.300000000000000e+01
4.572439779431553e+01 1.300000000000000e+01
4.678701730490707e+01 1.300000000000000e+01
4.789906097878219e+01 1.300000000000000e+01
4.906405911331776e+01 1.300000000000000e+01
