0.000000000000000e+00 0.000000000000000e+00
7.860660587754029e-05 4.211316854490121e-02
1.572916614615452e-04 8.423204253925576e-02
2.360552842503269e-04 1.263566229909827e-01
3.148975919769595e-04 1.684869109075180e-01
3.938187026098657e-04 2.106229072966670e-01
4.728187343534048e-04 2.527646131660219e-01
5.518978056484632e-04 2.949120295228624e-01
6.310560351730461e-04 3.370651573748518e-01
7.102935418428714e-04 3.792239977291132e-01
7.896104448119652e-04 4.213885515928979e-01
8.690068634732586e-04 4.635588199735281e-01
9.484829174591871e-04 5.057348038779566e-01
1.028038726642292e-03 5.479165043134060e-01
1.107674411135821e-03 5.901039222865450e-01
1.187390091294336e-03 6.322970588043688e-01
1.267185887714318e-03 6.744959148737593e-01
1.347061921234772e-03 7.167004915011432e-01
1.427018312937841e-03 7.589107896933172e-01
1.507055184149420e-03 8.011268104567364e-01
1.587172656439761e-03 8.433485547978847e-01
1.667370851624097e-03 8.855760237231038e-01
1.747649891763257e-03 9.278092182386217e-01
1.828009899164281e-03 9.700481393505527e-01
1.908450996381049e-03 1.012292788065054e+00
1.988973306214895e-03 1.054543165388097e+00
2.069576951715240e-03 1.096799272325626e+00
2.150262056180214e-03 1.139061109883400e+00
2.231028743157286e-03 1.181328679067093e+00
2.311877136443895e-03 1.223601980882350e+00
2.392807360088081e-03 1.265881016334788e+00
2.473819538389122e-03 1.308165786429640e+00
2.554913795898168e-03 1.350456292172439e+00
2.636090257418881e-03 1.392752534568359e+00
2.717349048008074e-03 1.435054514622379e+00
2.798690292976352e-03 1.477362233339647e+00
2.880114117888760e-03 1.519675691725197e+00
2.961620648565427e-03 1.561994890783623e+00
3.043210011082213e-03 1.604319831519859e+00
3.124882331771358e-03 1.646650514938372e+00
3.206637737222141e-03 1.688986942043798e+00
3.288476354281526e-03 1.731329113840431e+00
3.370398310054821e-03 1.773677031332582e+00
3.452403731906335e-03 1.816030695524574e+00
3.534492747460043e-03 1.858390107420277e+00
3.616665484600240e-03 1.900755268023858e+00
3.698922071472214e-03 1.943126178339014e+00
3.781262636482904e-03 1.985502839369545e+00
3.863687308301571e-03 2.027885252119106e+00
3.946196215860473e-03 2.070273417591324e+00
4.028789488355528e-03 2.112667336789343e+00
4.111467255246998e-03 2.155067010716593e+00
4.194229646260158e-03 2.197472440376274e+00
4.277076791385980e-03 2.239883626771430e+00
4.360008820881806e-03 2.282300570904908e+00
4.443025865272042e-03 2.324723273779540e+00
4.526128055348832e-03 2.367151736397958e+00
4.609315522172750e-03 2.409585959762907e+00
4.692588397073490e-03 2.452025944876610e+00
4.775946811650554e-03 2.494471692741513e+00
4.859390897773944e-03 2.536923204359738e+00
4.942920787584866e-03 2.579380480733448e+00
5.026536613496417e-03 2.621843522864395e+00
5.110238508194287e-03 2.664312331754502e+00
5.194026604637471e-03 2.706786908405363e+00
5.277901036058958e-03 2.749267253818616e+00
5.361861935966446e-03 2.791753368995586e+00
5.445909438143049e-03 2.834245254937585e+00
5.530043676648009e-03 2.876742912645639e+00
5.614264785817402e-03 2.919246343120889e+00
5.698572900264865e-03 2.961755547364177e+00
5.782968154882298e-03 3.004270526376189e+00
5.867450684840597e-03 3.046791281157411e+00
5.952020625590368e-03 3.089317812708416e+00
6.036678112862656e-03 3.131850122029562e+00
6.121423282669664e-03 3.174388210120867e+00
6.206256271305486e-03 3.216932077982307e+00
6.291177215346841e-03 3.259481726613842e+00
6.376186251653798e-03 3.302037157015235e+00
6.461283517370521e-03 3.344598370186063e+00
6.546469149925992e-03 3.387165367125604e+00
6.631743287034768e-03 3.429738148833266e+00
6.717106066697712e-03 3.472316716308114e+00
6.802557627202738e-03 3.514901070549072e+00
6.888098107125563e-03 3.557491212555163e+00
6.973727645330454e-03 3.600087143324814e+00
7.059446380970973e-03 3.642688863856634e+00
7.145254453490744e-03 3.685296375149107e+00
7.231152002624196e-03 3.727909678200206e+00
7.317139168397326e-03 3.770528774008042e+00
7.403216091128467e-03 3.813153663570404e+00
7.489382911429040e-03 3.855784347885248e+00
7.575639770204326e-03 3.898420827949948e+00
7.661986808654233e-03 3.941063104761795e+00
7.748424168274068e-03 3.983711179318234e+00
7.834951990855302e-03 4.026365052616242e+00
7.921570418486363e-03 4.069024725652596e+00
8.008279593553391e-03 4.111690199424146e+00
8.095079658741032e-03 4.154361474927384e+00
8.181970757033225e-03 4.197038553158691e+00
8.268953031713971e-03 4.239721435114333e+00
8.356026626368135e-03 4.282410121790207e+00
8.443191684882227e-03 4.325104614182166e+00
8.530448351445208e-03 4.367804913286065e+00
8.617796770549264e-03 4.410511020097246e+00
8.705237086990619e-03 4.453222935611066e+00
8.792769445870334e-03 4.495940660822654e+00
8.880393992595105e-03 4.538664196727098e+00
8.968110872878066e-03 4.581393544319056e+00
9.055920232739609e-03 4.624128704593076e+00
9.143822218508180e-03 4.666869678543605e+00
9.231816976821097e-03 4.709616467164935e+00
9.319904654625368e-03 4.752369071451056e+00
9.408085399178508e-03 4.795127492395892e+00
9.496359358049355e-03 4.837891730992908e+00
9.584726679118905e-03 4.880661788235699e+00
9.673187510581121e-03 4.923437665117476e+00
9.761742000943773e-03 4.966219362631449e+00
9.850390299029267e-03 5.009006881770347e+00
9.939132553975476e-03 5.051800223526897e+00
1.002796891523658e-02 5.094599388893641e+00
1.011689953258390e-02 5.137404378862769e+00
1.020592455610676e-02 5.180215194426452e+00
1.029504413621327e-02 5.223031836576610e+00
1.038425842363128e-02 5.265854306304703e+00
1.047356756940911e-02 5.308682604602453e+00
1.056297172491649e-02 5.351516732461008e+00
1.065247104184538e-02 5.394356690871476e+00
1.074206567221083e-02 5.437202480824624e+00
1.083175576835184e-02 5.480054103311247e+00
1.092154148293224e-02 5.522911559321642e+00
1.101142296894152e-02 5.565774849846093e+00
1.110140037969574e-02 5.608643975874486e+00
1.119147386883838e-02 5.651518938396848e+00
1.128164359034121e-02 5.694399738402495e+00
1.137190969850519e-02 5.737286376880974e+00
1.146227234796133e-02 5.780178854821258e+00
1.155273169367156e-02 5.823077173212369e+00
1.164328789092967e-02 5.865981333042896e+00
1.173394109536213e-02 5.908891335301476e+00
1.182469146292902e-02 5.951807180976118e+00
1.191553914992495e-02 5.994728871055031e+00
1.200648431297988e-02 6.037656406525926e+00
1.209752710906010e-02 6.080589788376358e+00
1.218866769546908e-02 6.123529017593569e+00
1.227990622984841e-02 6.166474095164759e+00
1.237124287017869e-02 6.209425022076815e+00
1.246267777478044e-02 6.252381799316169e+00
1.255421110231502e-02 6.295344427869395e+00
1.264584301178555e-02 6.338312908722557e+00
1.273757366253784e-02 6.381287242861575e+00
1.282940321426130e-02 6.424267431272099e+00
1.292133182698985e-02 6.467253474939596e+00
1.301335966110288e-02 6.510245374849191e+00
1.310548687732620e-02 6.553243131985752e+00
1.319771363673289e-02 6.596246747334092e+00
1.329004010074435e-02 6.639256221878540e+00
1.338246643113116e-02 6.682271556603425e+00
1.347499279001406e-02 6.725292752492521e+00
1.356761933986489e-02 6.768319810529519e+00
1.366034624350754e-02 6.811352731697966e+00
1.375317366411891e-02 6.854391516980954e+00
1.384610176522986e-02 6.897436167361363e+00
1.393913071072617e-02 6.940486683821888e+00
1.403226066484951e-02 6.983543067344868e+00
1.412549179219840e-02 7.026605318912544e+00
1.421882425772920e-02 7.069673439506644e+00
1.431225822675704e-02 7.112747430108811e+00
1.440579386495684e-02 7.155827291700419e+00
1.449943133836425e-02 7.198913025262485e+00
1.459317081337669e-02 7.242004631775814e+00
1.468701245675426e-02 7.285102112220954e+00
1.478095643562080e-02 7.328205467578030e+00
1.487500291746482e-02 7.371314698827206e+00
1.496915207014054e-02 7.414429806947979e+00
1.506340406186889e-02 7.457550792919960e+00
1.515775906123848e-02 7.500677657722093e+00
1.525221723720661e-02 7.543810402333392e+00
1.534677875910030e-02 7.586949027732331e+00
1.544144379661731e-02 7.630093534897242e+00
1.553621251982710e-02 7.673243924806016e+00
1.563108509917192e-02 7.716400198436574e+00
1.572606170546778e-02 7.759562356766168e+00
1.582114250990548e-02 7.802730400772063e+00
1.591632768405168e-02 7.845904331430944e+00
1.601161739984988e-02 7.889084149719395e+00
1.610701182962148e-02 7.932269856613757e+00
1.620251114606683e-02 7.975461453090020e+00
1.629811552226625e-02 8.018658940123672e+00
1.639382513168107e-02 8.061862318690103e+00
1.648964014815472e-02 8.105071589764421e+00
1.658556074591374e-02 8.148286754321390e+00
1.668158709956886e-02 8.191507813335306e+00
1.677771938411604e-02 8.234734767780495e+00
1.687395777493755e-02 8.277967618630612e+00
1.697030244780304e-02 8.321206366859286e+00
1.706675357887059e-02 8.364451013439620e+00
1.716331134468781e-02 8.407701559344474e+00
1.725997592219287e-02 8.450958005546539e+00
1.735674748871565e-02 8.494220353017994e+00
1.745362622197877e-02 8.537488602730733e+00
1.755061230009868e-02 8.580762755656423e+00
1.764770590158680e-02 8.624042812766206e+00
1.774490720535056e-02 8.667328775031223e+00
1.784221639069452e-02 8.710620643421976e+00
1.793963363732148e-02 8.753918418908867e+00
1.803715912533359e-02 8.797222102461816e+00
1.813479303523343e-02 8.840531695050387e+00
1.823253554792514e-02 8.883847197644073e+00
1.833038684471557e-02 8.927168611211627e+00
1.842834710731533e-02 8.970495936721790e+00
1.852641651784000e-02 9.013829175142760e+00
1.862459525881119e-02 9.057168327442653e+00
1.872288351315769e-02 9.100513394588930e+00
1.882128146421664e-02 9.143864377548894e+00
1.891978929573460e-02 9.187221277289481e+00
1.901840719186879e-02 9.230584094777285e+00
1.911713533718816e-02 9.273952830978445e+00
1.921597391667454e-02 9.317327486858801e+00
1.931492311572387e-02 9.360708063383981e+00
1.941398312014727e-02 9.404094561519102e+00
1.951315411617226e-02 9.447486982228824e+00
1.961243629044392e-02 9.490885326477724e+00
1.971182983002603e-02 9.534289595229879e+00
1.981133492240230e-02 9.577699789448886e+00
1.991095175547746e-02 9.621115910098226e+00
2.001068051757856e-02 9.664537958140755e+00
2.011052139745604e-02 9.707965934539160e+00
2.021047458428502e-02 9.751399840255658e+00
2.031054026766642e-02 9.794839676252039e+00
2.041071863762821e-02 9.838285443489895e+00
2.051100988462657e-02 9.881737142930277e+00
2.061141419954715e-02 9.925194775533981e+00
2.071193177370621e-02 9.968658342261250e+00
2.081256279885190e-02 1.001212784407211e+01
2.091330746716547e-02 1.005560328192615e+01
2.101416597126244e-02 1.009908465678254e+01
2.111513850419388e-02 1.014257196960007e+01
2.121622525944765e-02 1.018606522133723e+01
2.131742643094958e-02 1.022956441295203e+01
2.141874221306477e-02 1.027306954540204e+01
2.152017280059878e-02 1.031658061964447e+01
2.162171838879893e-02 1.036009763663624e+01
2.172337917335552e-02 1.040362059733381e+01
2.182515535040310e-02 1.044714950269305e+01
2.192704711652170e-02 1.049068435366968e+01
2.202905466873818e-02 1.053422515121892e+01
2.213117820452738e-02 1.057777189629562e+01
2.223341792181350e-02 1.062132458985404e+01
2.233577401897131e-02 1.066488323284827e+01
2.243824669482749e-02 1.070844782623188e+01
2.254083614866184e-02 1.075201837095794e+01
2.264354258020866e-02 1.079559486797928e+01
2.274636618965800e-02 1.083917731824810e+01
2.284930717765693e-02 1.088276572271636e+01
2.295236574531091e-02 1.092636008233555e+01
2.305554209418507e-02 1.096996039805663e+01
2.315883642630551e-02 1.101356667083023e+01
2.326224894416065e-02 1.105717890160648e+01
2.336577985070250e-02 1.110079709133514e+01
2.346942934934808e-02 1.114442124096554e+01
2.357319764398064e-02 1.118805135144655e+01
2.367708493895108e-02 1.123168742372654e+01
2.378109143907926e-02 1.127532945875340e+01
2.388521734965535e-02 1.131897745747489e+01
2.398946287644118e-02 1.136263142083791e+01
2.409382822567158e-02 1.140629134978909e+01
2.419831360405580e-02 1.144995724527479e+01
2.430291921877877e-02 1.149362910824053e+01
2.440764527750256e-02 1.153730693963166e+01
2.451249198836776e-02 1.158099074039303e+01
2.461745955999475e-02 1.162468051146892e+01
2.472254820148522e-02 1.166837625380329e+01
2.482775812242345e-02 1.171207796833947e+01
2.493308953287777e-02 1.175578565602054e+01
2.503854264340195e-02 1.179949931778889e+01
2.514411766503655e-02 1.184321895458655e+01
2.524981480931042e-02 1.188694456735507e+01
2.535563428824200e-02 1.193067615703553e+01
2.546157631434085e-02 1.197441372456855e+01
2.556764110060899e-02 1.201815727089411e+01
2.567382886054237e-02 1.206190679695200e+01
2.578013980813228e-02 1.210566230368114e+01
2.588657415786681e-02 1.214942379202040e+01
2.599313212473228e-02 1.219319126290776e+01
2.609981392421467e-02 1.223696471728091e+01
2.620661977230112e-02 1.228074415607709e+01
2.631354988548132e-02 1.232452958023296e+01
2.642060448074905e-02 1.236832099068464e+01
2.652778377560357e-02 1.241211838836782e+01
2.663508798805116e-02 1.245592177421760e+01
2.674251733660657e-02 1.249973114916877e+01
2.685007204029448e-02 1.254354651415534e+01
2.695775231865102e-02 1.258736787011094e+01
2.706555839172527e-02 1.263119521796882e+01
2.717349048008073e-02 1.267502855866142e+01
2.728154880479685e-02 1.271886789312100e+01
2.738973358747050e-02 1.276271322227896e+01
2.749804505021753e-02 1.280656454706636e+01
2.760648341567429e-02 1.285042186841373e+01
2.771504890699911e-02 1.289428518725111e+01
2.782374174787387e-02 1.293815450450784e+01
2.793256216250553e-02 1.298202982111289e+01
2.804151037562765e-02 1.302591113799463e+01
2.815058661250197e-02 1.306979845608093e+01
2.825979109891994e-02 1.311369177629901e+01
2.836912406120429e-02 1.315759109957558e+01
2.847858572621057e-02 1.320149642683704e+01
2.858817632132876e-02 1.324540775900877e+01
2.869789607448479e-02 1.328932509701610e+01
2.880774521414219e-02 1.333324844178344e+01
2.891772396930362e-02 1.337717779423481e+01
2.902783256951245e-02 1.342111315529363e+01
2.913807124485444e-02 1.346505452588281e+01
2.924844022595924e-02 1.350900190692462e+01
2.935893974400207e-02 1.355295529934079e+01
2.946957003070531e-02 1.359691470405248e+01
2.958033131834010e-02 1.364088012198023e+01
2.969122383972803e-02 1.368485155404414e+01
2.980224782824267e-02 1.372882900116358e+01
2.991340351781129e-02 1.377281246425740e+01
3.002469114291651e-02 1.381680194424386e+01
3.013611093859785e-02 1.386079744204076e+01
3.024766314045351e-02 1.390479895856508e+01
3.035934798464192e-02 1.394880649473326e+01
3.047116570788351e-02 1.399282005146131e+01
3.058311654746229e-02 1.403683962966457e+01
3.069520074122759e-02 1.408086523025764e+01
3.080741852759571e-02 1.412489685415468e+01
3.091977014555162e-02 1.416893450226915e+01
3.103225583465067e-02 1.421297817551397e+01
3.114487583502029e-02 1.425702787480147e+01
3.125763038736169e-02 1.430108360104327e+01
3.137051973295154e-02 1.434514535515032e+01
3.148354411364378e-02 1.438921313803320e+01
3.159670377187126e-02 1.443328695060161e+01
3.170999895064751e-02 1.447736679376479e+01
3.182342989356849e-02 1.452145266843129e+01
3.193699684481431e-02 1.456554457550902e+01
3.205070004915101e-02 1.460964251590515e+01
3.216453975193230e-02 1.465374649052653e+01
3.227851619910131e-02 1.469785650027903e+01
3.239262963719240e-02 1.474197254606808e+01
3.250688031333290e-02 1.478609462879842e+01
3.262126847524494e-02 1.483022274937400e+01
3.273579437124717e-02 1.487435690869837e+01
3.285045825025663e-02 1.491849710767421e+01
3.296526036179053e-02 1.496264334720375e+01
3.308020095596800e-02 1.500679562818824e+01
3.319528028351203e-02 1.505095395152863e+01
3.331049859575114e-02 1.509511831812495e+01
3.342585614462137e-02 1.513928872887672e+01
3.354135318266797e-02 1.518346518468272e+01
3.365698996304736e-02 1.522764768644095e+01
3.377276673952892e-02 1.527183623504887e+01
3.388868376649681e-02 1.531603083140331e+01
3.400474129895194e-02 1.536023147640016e+01
3.412093959251375e-02 1.540443817093495e+01
3.423727890342211e-02 1.544865091590231e+01
3.435375948853923e-02 1.549286971219617e+01
3.447038160535151e-02 1.553709456070982e+01
3.458714551197145e-02 1.558132546233595e+01
3.470405146713960e-02 1.562556241796635e+01
3.482109973022640e-02 1.566980542849218e+01
3.493829056123413e-02 1.571405449480396e+01
3.505562422079884e-02 1.575830961779141e+01
3.517310097019231e-02 1.580257079834367e+01
3.529072107132389e-02 1.584683803734893e+01
3.540848478674256e-02 1.589111133569482e+01
3.552639237963885e-02 1.593539069426819e+01
3.564444411384673e-02 1.597967611395524e+01
3.576264025384571e-02 1.602396759564135e+01
3.588098106476266e-02 1.606826514021122e+01
3.599946681237395e-02 1.611256874854880e+01
3.611809776310731e-02 1.615687842153716e+01
3.623687418404390e-02 1.620119416005896e+01
3.635579634292029e-02 1.624551596499572e+01
3.647486450813047e-02 1.628984383722839e+01
3.659407894872789e-02 1.633417777763734e+01
3.671343993442745e-02 1.637851778710183e+01
3.683294773560759e-02 1.642286386650059e+01
3.695260262331225e-02 1.646721601671157e+01
3.707240486925301e-02 1.651157423861181e+01
3.719235474581106e-02 1.655593853307779e+01
3.731245252603934e-02 1.660030890098510e+01
3.743269848366457e-02 1.664468534320845e+01
3.755309289308936e-02 1.668906786062198e+01
3.767363602939420e-02 1.673345645409886e+01
3.779432816833973e-02 1.677785112451157e+01
3.791516958636868e-02 1.682225187273183e+01
3.803616056060805e-02 1.686665869963042e+01
3.815730136887126e-02 1.691107160607746e+01
3.827859228966019e-02 1.695549059294220e+01
3.840003360216741e-02 1.699991566109311e+01
3.852162558627822e-02 1.704434681139786e+01
3.864336852257292e-02 1.708878404472324e+01
3.876526269232883e-02 1.713322736193533e+01
3.888730837752262e-02 1.717767676389927e+01
3.900950586083232e-02 1.722213225147949e+01
3.913185542563960e-02 1.726659382553943e+01
3.925435735603194e-02 1.731106148694195e+01
3.937701193680485e-02 1.735553523654880e+01
3.949981945346399e-02 1.740001507522111e+01
3.962278019222751e-02 1.744450100381901e+01
3.974589444002820e-02 1.748899302320191e+01
3.986916248451570e-02 1.753349113422824e+01
3.999258461405882e-02 1.757799533775572e+01
4.011616111774770e-02 1.762250563464110e+01
4.023989228539615e-02 1.766702202574032e+01
4.036377840754384e-02 1.771154451190846e+01
4.048781977545864e-02 1.775607309399972e+01
4.061201668113885e-02 1.780060777286734e+01
4.073636941731551e-02 1.784514854936387e+01
4.086087827745473e-02 1.788969542434080e+01
4.098554355575997e-02 1.793424839864889e+01
4.111036554717431e-02 1.797880747313791e+01
4.123534454738289e-02 1.802337264865668e+01
4.136048085281514e-02 1.806794392605327e+01
4.148577476064719e-02 1.811252130617486e+01
4.161122656880416e-02 1.815710478986762e+01
4.173683657596259e-02 1.820169437797674e+01
4.186260508155278e-02 1.824629007134676e+01
4.198853238576111e-02 1.829089187082101e+01
4.211461878953258e-02 1.833549977724215e+01
4.224086459457304e-02 1.838011379145181e+01
4.236727010335168e-02 1.842473391429060e+01
4.249383561910346e-02 1.846936014659840e+01
4.262056144583150e-02 1.851399248921395e+01
4.274744788830952e-02 1.855863094297533e+01
4.287449525208426e-02 1.860327550871924e+01
4.300170384347802e-02 1.864792618728184e+01
4.312907396959099e-02 1.869258297949824e+01
4.325660593830387e-02 1.873724588620240e+01
4.338430005828020e-02 1.878191490822765e+01
4.351215663896898e-02 1.882659004640595e+01
4.364017599060706e-02 1.887127130156864e+01
4.376835842422176e-02 1.891595867454600e+01
4.389670425163329e-02 1.896065216616715e+01
4.402521378545734e-02 1.900535177726056e+01
4.415388733910756e-02 1.905005750865341e+01
4.428272522679823e-02 1.909476936117198e+01
4.441172776354665e-02 1.913948733564173e+01
4.454089526517582e-02 1.918421143288683e+01
4.467022804831698e-02 1.922894165373074e+01
4.479972643041223e-02 1.927367799899565e+01
4.492939072971709e-02 1.931842046950300e+01
4.505922126530310e-02 1.936316906607300e+01
4.518921835706050e-02 1.940792378952489e+01
4.531938232570076e-02 1.945268464067695e+01
4.544971349275931e-02 1.949745162034642e+01
4.558021218059815e-02 1.954222472934946e+01
4.571087871240848e-02 1.958700396850128e+01
4.584171341221342e-02 1.963178933861595e+01
4.597271660487065e-02 1.967658084050655e+01
4.610388861607512e-02 1.972137847498509e+01
4.623522977236174e-02 1.976618224286260e+01
4.636674040110808e-02 1.981099214494886e+01
4.649842083053712e-02 1.985580818205284e+01
4.663027138971994e-02 1.990063035498221e+01
4.676229240857849e-02 1.994545866454378e+01
4.689448421788835e-02 1.999029311154310e+01
4.702684714928147e-02 2.003513369678467e+01
4.715938153524893e-02 2.007998042107208e+01
4.729208770914375e-02 2.012483328520770e+01
4.742496600518371e-02 2.016969228999265e+01
4.755801675845408e-02 2.021455743622724e+01
4.769124030491052e-02 2.025942872471046e+01
4.782463698138185e-02 2.030430615624034e+01
4.795820712557292e-02 2.034918973161366e+01
4.809195107606742e-02 2.039407945162618e+01
4.822586917233078e-02 2.043897531707255e+01
4.835996175471306e-02 2.048387732874617e+01
4.849422916445177e-02 2.052878548743946e+01
4.862867174367481e-02 2.057369979394353e+01
4.876328983540336e-02 2.061862024904852e+01
4.889808378355482e-02 2.066354685354329e+01
4.903305393294569e-02 2.070847960821568e+01
4.916820062929454e-02 2.075341851385225e+01
4.930352421922501e-02 2.079836357123841e+01
4.943902505026870e-02 2.084331478115847e+01
4.957470347086813e-02 2.088827214439553e+01
4.971055983037982e-02 2.093323566173152e+01
4.984659447907724e-02 2.097820533394719e+01
4.998280776815375e-02 2.102318116182205e+01
5.011920004972578e-02 2.106816314613454e+01
5.025577167683571e-02 2.111315128766182e+01
5.039252300345499e-02 2.115814558717980e+01
5.052945438448719e-02 2.120314604546324e+01
5.066656617577109e-02 2.124815266328577e+01
5.080385873408371e-02 2.129316544141963e+01
5.094133241714343e-02 2.133818438063592e+01
5.107898758361314e-02 2.138320948170465e+01
5.121682459310329e-02 2.142824074539432e+01
5.135484380617505e-02 2.147327817247240e+01
5.149304558434346e-02 2.151832176370499e+01
5.163143029008060e-02 2.156337151985713e+01
5.176999828681871e-02 2.160842744169236e+01
5.190874993895343e-02 2.165348952997313e+01
5.204768561184695e-02 2.169855778546057e+01
5.218680567183123e-02 2.174363220891459e+01
5.232611048621124e-02 2.178871280109367e+01
5.246560042326817e-02 2.183379956275519e+01
5.260527585226268e-02 2.187889249465522e+01
5.274513714343815e-02 2.192399159754842e+01
5.288518466802396e-02 2.196909687218822e+01
5.302541879823882e-02 2.201420831932683e+01
5.316583990729396e-02 2.205932593971498e+01
5.330644836939654e-02 2.210444973410216e+01
5.344724455975292e-02 2.214957970323672e+01
5.358822885457204e-02 2.219471584786540e+01
5.372940163106873e-02 2.223985816873372e+01
5.387076326746708e-02 2.228500666658591e+01
5.401231414300385e-02 2.233016134216486e+01
5.415405463793183e-02 2.237532219621208e+01
5.429598513352325e-02 2.242048922946771e+01
5.443810601207321e-02 2.246566244267051e+01
5.458041765690310e-02 2.251084183655793e+01
5.472292045236406e-02 2.255602741186610e+01
5.486561478384042e-02 2.260121916932961e+01
5.500850103775321e-02 2.264641710968189e+01
5.515157960156360e-02 2.269162123365474e+01
5.529485086377640e-02 2.273683154197875e+01
5.543831521394368e-02 2.278204803538299e+01
5.558197304266817e-02 2.282727071459524e+01
5.572582474160686e-02 2.287249958034175e+01
5.586987070347457e-02 2.291773463334748e+01
5.601411132204750e-02 2.296297587433591e+01
5.615854699216685e-02 2.300822330402899e+01
5.630317810974238e-02 2.305347692314737e+01
5.644800507175606e-02 2.309873673241025e+01
5.659302827626570e-02 2.314400273253531e+01
5.673824812240857e-02 2.318927492423884e+01
5.688366501040510e-02 2.323455330823563e+01
5.702927934156252e-02 2.327983788523903e+01
5.717509151827857e-02 2.332512865596087e+01
5.732110194404522e-02 2.337042562111154e+01
5.746731102345237e-02 2.341572878140008e+01
5.761371916219160e-02 2.346103813753369e+01
5.776032676705989e-02 2.350635369021845e+01
5.790713424596345e-02 2.355167544015873e+01
5.805414200792146e-02 2.359700338805743e+01
5.820135046306986e-02 2.364233753461596e+01
5.834876002266515e-02 2.368767788053417e+01
5.849637109908836e-02 2.373302442651040e+01
5.864418410584866e-02 2.377837717324144e+01
5.879219945758740e-02 2.382373612142264e+01
5.894041757008197e-02 2.386910127174764e+01
5.908883886024958e-02 2.391447262490861e+01
5.923746374615130e-02 2.395985018159618e+01
5.938629264699593e-02 2.400523394249930e+01
5.953532598314392e-02 2.405062390830562e+01
5.968456417611135e-02 2.409602007970084e+01
5.983400764857391e-02 2.414142245736932e+01
5.998365682437092e-02 2.418683104199374e+01
6.013351212850924e-02 2.423224583425529e+01
6.028357398716740e-02 2.427766683483333e+01
6.043384282769956e-02 2.432309404440582e+01
6.058431907863963e-02 2.436852746364900e+01
6.073500316970531e-02 2.441396709323749e+01
6.088589553180218e-02 2.445941293384431e+01
6.103699659702782e-02 2.450486498614079e+01
6.118830679867591e-02 2.455032325079667e+01
6.133982657124041e-02 2.459578772847993e+01
6.149155635041970e-02 2.464125841985704e+01
6.164349657312074e-02 2.468673532559266e+01
6.179564767746325e-02 2.473221844634989e+01
6.194801010278405e-02 2.477770778279003e+01
6.210058428964108e-02 2.482320333557277e+01
6.225337067981779e-02 2.486870510535613e+01
6.240636971632738e-02 2.491421309279632e+01
6.255958184341706e-02 2.495972729854793e+01
6.271300750657240e-02 2.500524772326375e+01
6.286664715252151e-02 2.505077436759495e+01
6.302050122923958e-02 2.509630723219087e+01
6.317457018595306e-02 2.514184631769922e+01
6.332885447314414e-02 2.518739162476575e+01
6.348335454255505e-02 2.523294315403470e+01
6.363807084719257e-02 2.527850090614848e+01
6.379300384133238e-02 2.532406488174757e+01
6.394815398052356e-02 2.536963508147082e+01
6.410352172159298e-02 2.541521150595537e+01
6.425910752264988e-02 2.546079415583638e+01
6.441491184309026e-02 2.550638303174729e+01
6.457093514360153e-02 2.555197813431980e+01
6.472717788616700e-02 2.559757946418368e+01
6.488364053407034e-02 2.564318702196695e+01
6.504032355190027e-02 2.568880080829572e+01
6.519722740555522e-02 2.573442082379445e+01
6.535435256224777e-02 2.578004706908553e+01
6.551169949050939e-02 2.582567954478962e+01
6.566926866019511e-02 2.587131825152548e+01
6.582706054248814e-02 2.591696318991001e+01
6.598507560990467e-02 2.596261436055826e+01
6.614331433629843e-02 2.600827176408331e+01
6.630177719686554e-02 2.605393540109650e+01
6.646046466814927e-02 2.609960527220704e+01
6.661937722804473e-02 2.614528137802246e+01
6.677851535580380e-02 2.619096371914830e+01
6.693787953203979e-02 2.623665229618807e+01
6.709747023873240e-02 2.628234710974350e+01
6.725728795923254e-02 2.632804816041424e+01
6.741733317826720e-02 2.637375544879810e+01
6.757760638194438e-02 2.641946897549091e+01
6.773810805775791e-02 2.646518874108649e+01
6.789883869459261e-02 2.651091474617667e+01
6.805979878272897e-02 2.655664699135141e+01
6.822098881384840e-02 2.660238547719856e+01
6.838240928103806e-02 2.664813020430402e+01
6.854406067879593e-02 2.669388117325168e+01
6.870594350303591e-02 2.673963838462339e+01
6.886805825109286e-02 2.678540183899906e+01
6.903040542172768e-02 2.683117153695643e+01
6.919298551513241e-02 2.687694747907131e+01
6.935579903293541e-02 2.692272966591740e+01
6.951884647820654e-02 2.696851809806643e+01
6.968212835546225e-02 2.701431277608791e+01
6.984564517067084e-02 2.706011370054937e+01
7.000939743125768e-02 2.710592087201628e+01
7.017338564611050e-02 2.715173429105197e+01
7.033761032558461e-02 2.719755395821760e+01
7.050207198150817e-02 2.724337987407238e+01
7.066677112718757e-02 2.728921203917329e+01
7.083170827741275e-02 2.733505045407520e+01
7.099688394846256e-02 2.738089511933081e+01
7.116229865811012e-02 2.742674603549076e+01
7.132795292562828e-02 2.747260320310340e+01
7.149384727179502e-02 2.751846662271504e+01
7.165998221889891e-02 2.756433629486978e+01
7.182635829074460e-02 2.761021222010952e+01
7.199297601265835e-02 2.765609439897391e+01
7.215983591149346e-02 2.770198283200049e+01
7.232693851563597e-02 2.774787751972455e+01
7.249428435501015e-02 2.779377846267920e+01
7.266187396108406e-02 2.783968566139524e+01
7.282970786687527e-02 2.788559911640125e+01
7.299778660695648e-02 2.793151882822364e+01
7.316611071746118e-02 2.797744479738647e+01
7.333468073608933e-02 2.802337702441150e+01
7.350349720211312e-02 2.806931550981838e+01
7.367256065638274e-02 2.811526025412427e+01
7.384187164133212e-02 2.816121125784416e+01
7.401143070098473e-02 2.820716852149075e+01
7.418123838095941e-02 2.825313204557428e+01
7.435129522847622e-02 2.829910183060282e+01
7.452160179236236e-02 2.834507787708198e+01
7.469215862305806e-02 2.839106018551518e+01
7.486296627262243e-02 2.843704875640324e+01
7.503402529473949e-02 2.848304359024485e+01
7.520533624472417e-02 2.852904468753618e+01
7.537689967952829e-02 2.857505204877110e+01
7.554871615774660e-02 2.862106567444104e+01
7.572078623962275e-02 2.866708556503498e+01
7.589311048705560e-02 2.871311172103955e+01
7.606568946360515e-02 2.875914414293895e+01
7.623852373449870e-02 2.880518283121491e+01
7.641161386663710e-02 2.885122778634670e+01
7.658496042860087e-02 2.889727900881123e+01
7.675856399065652e-02 2.894333649908274e+01
7.693242512476270e-02 2.898940025763317e+01
7.710654440457654e-02 2.903547028493198e+01
7.728092240545992e-02 2.908154658144592e+01
7.745555970448588e-02 2.912762914763952e+01
7.763045688044493e-02 2.917371798397455e+01
7.780561451385143e-02 2.921981309091034e+01
7.798103318695000e-02 2.926591446890367e+01
7.815671348372215e-02 2.931202211840876e+01
7.833265598989243e-02 2.935813603987730e+01
7.850886129293527e-02 2.940425623375837e+01
7.868532998208132e-02 2.945038270049848e+01
7.886206264832406e-02 2.949651544054143e+01
7.903905988442644e-02 2.954265445432858e+01
7.921632228492749e-02 2.958879974229860e+01
7.939385044614893e-02 2.963495130488755e+01
7.957164496620191e-02 2.968110914252870e+01
7.974970644499370e-02 2.972727325565294e+01
7.992803548423447e-02 2.977344364468821e+01
8.010663268744402e-02 2.981962031005997e+01
8.028549865995864e-02 2.986580325219089e+01
8.046463400893786e-02 2.991199247150097e+01
8.064403934337147e-02 2.995818796840756e+01
8.082371527408629e-02 3.000438974332515e+01
8.100366241375312e-02 3.005059779666564e+01
8.118388137689377e-02 3.009681212883805e+01
8.136437277988799e-02 3.014303274024875e+01
8.154513724098056e-02 3.018925963130125e+01
8.172617538028823e-02 3.023549280239639e+01
8.190748781980699e-02 3.028173225393214e+01
8.208907518341901e-02 3.032797798630359e+01
8.227093809689996e-02 3.037422999990320e+01
8.245307718792606e-02 3.042048829512043e+01
8.263549308608140e-02 3.046675287234198e+01
8.281818642286508e-02 3.051302373195171e+01
8.300115783169865e-02 3.055930087433052e+01
8.318440794793336e-02 3.060558429985653e+01
8.336793740885745e-02 3.065187400890493e+01
8.355174685370360e-02 3.069817000184803e+01
8.373583692365641e-02 3.074447227905517e+01
8.392020826185972e-02 3.079078084089279e+01
8.410486151342421e-02 3.083709568772439e+01
8.428979732543482e-02 3.088341681991054e+01
8.447501634695848e-02 3.092974423780881e+01
8.466051922905153e-02 3.097607794177380e+01
8.484630662476741e-02 3.102241793215708e+01
8.503237918916438e-02 3.106876420930729e+01
8.521873757931310e-02 3.111511677357003e+01
8.540538245430446e-02 3.116147562528783e+01
8.559231447525738e-02 3.120784076480024e+01
8.577953430532646e-02 3.125421219244365e+01
8.596704260970996e-02 3.130058990855147e+01
8.615484005565766e-02 3.134697391345400e+01
8.634292731247875e-02 3.139336420747844e+01
8.653130505154977e-02 3.143976079094888e+01
8.671997394632255e-02 3.148616366418627e+01
8.690893467233245e-02 3.153257282750847e+01
8.709818790720614e-02 3.157898828123012e+01
8.728773433066987e-02 3.162541002566278e+01
8.747757462455757e-02 3.167183806111475e+01
8.766770947281904e-02 3.171827238789117e+01
8.785813956152810e-02 3.176471300629404e+01
8.804886557889097e-02 3.181115991662199e+01
8.823988821525440e-02 3.185761311917057e+01
8.843120816311410e-02 3.190407261423199e+01
8.862282611712310e-02 3.195053840209519e+01
8.881474277410019e-02 3.199701048304593e+01
8.900695883303825e-02 3.204348885736665e+01
8.919947499511280e-02 3.208997352533637e+01
8.939229196369058e-02 3.213646448723087e+01
8.958541044433808e-02 3.218296174332268e+01
8.977883114483012e-02 3.222946529388088e+01
8.997255477515848e-02 3.227597513917122e+01
9.016658204754062e-02 3.232249127945605e+01
9.036091367642846e-02 3.236901371499436e+01
9.055555037851709e-02 3.241554244604173e+01
9.075049287275352e-02 3.246207747285025e+01
9.094574188034567e-02 3.250861879566873e+01
9.114129812477118e-02 3.255516641474237e+01
9.133716233178632e-02 3.260172033031296e+01
9.153333522943508e-02 3.264828054261887e+01
9.172981754805803e-02 3.269484705189490e+01
9.192661002030153e-02 3.274141985837237e+01
9.212371338112678e-02 3.278799896227904e+01
9.232112836781896e-02 3.283458436383916e+01
9.251885571999641e-02 3.288117606327344e+01
9.271689617961988e-02 3.292777406079895e+01
9.291525049100188e-02 3.297437835662927e+01
9.311391940081590e-02 3.302098895097426e+01
9.331290365810581e-02 3.306760584404029e+01
9.351220401429530e-02 3.311422903602995e+01
9.371182122319734e-02 3.316085852714231e+01
9.391175604102364e-02 3.320749431757269e+01
9.411200922639426e-02 3.325413640751277e+01
9.431258154034715e-02 3.330078479715051e+01
9.451347374634779e-02 3.334743948667014e+01
9.471468661029894e-02 3.339410047625220e+01
9.491622090055037e-02 3.344076776607344e+01
9.511807738790851e-02 3.348744135630688e+01
9.532025684564641e-02 3.353412124712172e+01
9.552276004951357e-02 3.358080743868340e+01
9.572558777774594e-02 3.362749993115347e+01
9.592874081107572e-02 3.367419872468982e+01
9.613221993274146e-02 3.372090381944627e+01
9.633602592849826e-02 3.376761521557292e+01
9.654015958662766e-02 3.381433291321596e+01
9.674462169794792e-02 3.386105691251764e+01
9.694941305582429e-02 3.390778721361640e+01
9.715453445617907e-02 3.395452381664659e+01
9.735998669750216e-02 3.400126672173871e+01
9.756577058086130e-02 3.404801592901929e+01
9.777188690991247e-02 3.409477143861088e+01
9.797833649091034e-02 3.414153325063189e+01
9.818512013271888e-02 3.418830136519697e+01
9.839223864682188e-02 3.423507578241647e+01
9.859969284733347e-02 3.428185650239686e+01
9.880748355100889e-02 3.432864352524042e+01
9.901561157725521e-02 3.437543685104542e+01
9.922407774814207e-02 3.442223647990596e+01
9.943288288841250e-02 3.446904241191207e+01
9.964202782549376e-02 3.451585464714953e+01
9.985151338950839e-02 3.456267318570014e+01
1.000613404132851e-01 3.460949802764130e+01
1.002715097323697e-01 3.465632917304632e+01
1.004820221850365e-01 3.470316662198432e+01
1.006928786122992e-01 3.475001037452012e+01
1.009040798579220e-01 3.479686043071425e+01
1.011156267684313e-01 3.484371679062308e+01
1.013275201931266e-01 3.489057945429856e+01
1.015397609840918e-01 3.493744842178838e+01
1.017523499962072e-01 3.498432369313591e+01
1.019652880871601e-01 3.503120526838015e+01
1.021785761174572e-01 3.507809314755568e+01
1.023922149504358e-01 3.512498733069279e+01
1.026062054522752e-01 3.517188781781724e+01
1.028205484920089e-01 3.521879460895042e+01
1.030352449415361e-01 3.526570770410930e+01
1.032502956756335e-01 3.531262710330629e+01
1.034657015719672e-01 3.535955280654940e+01
1.036814635111047e-01 3.540648481384204e+01
1.038975823765270e-01 3.545342312518320e+01
1.041140590546405e-01 3.550036774056715e+01
1.043308944347889e-01 3.554731865998380e+01
1.045480894092659e-01 3.559427588341826e+01
1.047656448733270e-01 3.564123941085113e+01
1.049835617252023e-01 3.568820924225838e+01
1.052018408661081e-01 3.573518537761133e+01
1.054204832002600e-01 3.578216781687659e+01
1.056394896348851e-01 3.582915656001607e+01
1.058588610802345e-01 3.587615160698697e+01
1.060785984495962e-01 3.592315295774176e+01
1.062987026593075e-01 3.597016061222816e+01
1.065191746287676e-01 3.601717457038908e+01
1.067400152804509e-01 3.606419483216268e+01
1.069612255399195e-01 3.611122139748218e+01
1.071828063358360e-01 3.615825426627605e+01
1.074047585999771e-01 3.620529343846790e+01
1.076270832672459e-01 3.625233891397641e+01
1.078497812756857e-01 3.629939069271530e+01
1.080728535664925e-01 3.634644877459348e+01
1.082963010840291e-01 3.639351315951477e+01
1.085201247758376e-01 3.644058384737811e+01
1.087443255926533e-01 3.648766083807738e+01
1.089689044884182e-01 3.653474413150148e+01
1.091938624202940e-01 3.658183372753416e+01
1.094192003486764e-01 3.662892962605425e+01
1.096449192372083e-01 3.667603182693542e+01
1.098710200527934e-01 3.672314033004616e+01
1.100975037656108e-01 3.677025513524987e+01
1.103243713491278e-01 3.681737624240486e+01
1.105516237801147e-01 3.686450365136412e+01
1.107792620386585e-01 3.691163736197553e+01
1.110072871081769e-01 3.695877737408168e+01
1.112356999754325e-01 3.700592368751995e+01
1.114645016305473e-01 3.705307630212236e+01
1.116936930670167e-01 3.710023521771576e+01
1.119232752817238e-01 3.714740043412152e+01
1.121532492749544e-01 3.719457195115573e+01
1.123836160504107e-01 3.724174976862914e+01
1.126143766152269e-01 3.728893388634701e+01
1.128455319799828e-01 3.733612430410923e+01
1.130770831587195e-01 3.738332102171021e+01
1.133090311689536e-01 3.743052403893889e+01
1.135413770316924e-01 3.747773335557878e+01
1.137741217714487e-01 3.752494897140771e+01
1.140072664162563e-01 3.757217088619809e+01
1.142408119976842e-01 3.761939909971669e+01
1.144747595508530e-01 3.766663361172468e+01
1.147091101144493e-01 3.771387442197766e+01
1.149438647307415e-01 3.776112153022547e+01
1.151790244455950e-01 3.780837493621237e+01
1.154145903084880e-01 3.785563463967689e+01
1.156505633725268e-01 3.790290064035172e+01
1.158869446944619e-01 3.795017293796393e+01
1.161237353347035e-01 3.799745153223478e+01
1.163609363573370e-01 3.804473642287962e+01
1.165985488301400e-01 3.809202760960810e+01
1.168365738245971e-01 3.813932509212388e+01
1.170750124159169e-01 3.818662887012480e+01
1.173138656830477e-01 3.823393894330277e+01
1.175531347086939e-01 3.828125531134368e+01
1.177928205793325e-01 3.832857797392760e+01
1.180329243852295e-01 3.837590693072842e+01
1.182734472204561e-01 3.842324218141410e+01
1.185143901829058e-01 3.847058372564658e+01
1.187557543743109e-01 3.851793156308159e+01
1.189975409002591e-01 3.856528569336881e+01
1.192397508702107e-01 3.861264611615184e+01
1.194823853975154e-01 3.866001283106797e+01
1.197254455994294e-01 3.870738583774843e+01
1.199689325971325e-01 3.875476513581810e+01
1.202128475157456e-01 3.880215072489574e+01
1.204571914843473e-01 3.884954260459365e+01
1.207019656359924e-01 3.889694077451797e+01
1.209471711077285e-01 3.894434523426843e+01
1.211928090406140e-01 3.899175598343833e+01
1.214388805797359e-01 3.903917302161467e+01
1.216853868742273e-01 3.908659634837792e+01
1.219323290772853e-01 3.913402596330216e+01
1.221797083461896e-01 3.918146186595499e+01
1.224275258423195e-01 3.922890405589738e+01
1.226757827311730e-01 3.927635253268380e+01
1.229244801823847e-01 3.932380729586217e+01
1.231736193697443e-01 3.937126834497375e+01
1.234232014712147e-01 3.941873567955318e+01
1.236732276689511e-01 3.946620929912836e+01
1.239236991493192e-01 3.951368920322059e+01
1.241746171029144e-01 3.956117539134428e+01
1.244259827245802e-01 3.960866786300724e+01
1.246777972134276e-01 3.965616661771029e+01
1.249300617728538e-01 3.970367165494755e+01
1.251827776105615e-01 3.975118297420622e+01
1.254359459385786e-01 3.979870057496660e+01
1.256895679732767e-01 3.984622445670208e+01
1.259436449353912e-01 3.989375461887903e+01
1.261981780500410e-01 3.994129106095685e+01
1.264531685467477e-01 3.998883378238796e+01
1.267086176594556e-01 4.003638278261758e+01
1.269645266265518e-01 4.008393806108398e+01
1.272208966908861e-01 4.013149961721819e+01
1.274777290997908e-01 4.017906745044414e+01
1.277350251051015e-01 4.022664156017851e+01
1.279927859631770e-01 4.027422194583077e+01
1.282510129349199e-01 4.032180860680313e+01
1.285097072857972e-01 4.036940154249050e+01
1.287688702858608e-01 4.041700075228041e+01
1.290285032097687e-01 4.046460623555301e+01
1.292886073368052e-01 4.051221799168114e+01
1.295491839509026e-01 4.055983602003012e+01
1.298102343406620e-01 4.060746031995775e+01
1.300717597993746e-01 4.065509089081446e+01
1.303337616250430e-01 4.070272773194294e+01
1.305962411204026e-01 4.075037084267841e+01
1.308591995929435e-01 4.079802022234853e+01
1.311226383549320e-01 4.084567587027318e+01
1.313865587234324e-01 4.089333778576453e+01
1.316509620203289e-01 4.094100596812716e+01
1.319158495723479e-01 4.098868041665772e+01
1.321812227110802e-01 4.103636113064519e+01
1.324470827730027e-01 4.108404810937063e+01
1.327134310995017e-01 4.113174135210720e+01
1.329802690368951e-01 4.117944085812022e+01
1.332475979364548e-01 4.122714662666701e+01
1.335154191544298e-01 4.127485865699686e+01
1.337837340520694e-01 4.132257694835108e+01
1.340525439956455e-01 4.137030149996290e+01
1.343218503564766e-01 4.141803231105740e+01
1.345916545109507e-01 4.146576938085158e+01
1.348619578405487e-01 4.151351270855415e+01
1.351327617318681e-01 4.156126229336569e+01
1.354040675766469e-01 4.160901813447849e+01
1.356758767717871e-01 4.165678023107647e+01
1.359481907193788e-01 4.170454858233525e+01
1.362210108267244e-01 4.175232318742211e+01
1.364943385063627e-01 4.180010404549577e+01
1.367681751760935e-01 4.184789115570661e+01
1.370425222590018e-01 4.189568451719644e+01
1.373173811834826e-01 4.194348412909851e+01
1.375927533832660e-01 4.199128999053747e+01
1.378686402974414e-01 4.203910210062941e+01
1.381450433704834e-01 4.208692045848160e+01
1.384219640522764e-01 4.213474506319278e+01
1.386994037981403e-01 4.218257591385273e+01
1.389773640688557e-01 4.223041300954258e+01
1.392558463306898e-01 4.227825634933453e+01
1.395348520554221e-01 4.232610593229190e+01
1.398143827203702e-01 4.237396175746907e+01
1.400944398084162e-01 4.242182382391151e+01
1.403750248080325e-01 4.246969213065558e+01
1.406561392133084e-01 4.251756667672864e+01
1.409377845239768e-01 4.256544746114886e+01
1.412199622454404e-01 4.261333448292533e+01
1.415026738887988e-01 4.266122774105793e+01
1.417859209708758e-01 4.270912723453726e+01
1.420697050142458e-01 4.275703296234465e+01
1.423540275472616e-01 4.280494492345211e+01
1.426388901040819e-01 4.285286311682222e+01
1.429242942246984e-01 4.290078754140819e+01
1.432102414549640e-01 4.294871819615376e+01
1.434967333466206e-01 4.299665507999305e+01
1.437837714573271e-01 4.304459819185071e+01
1.440713573506876e-01 4.309254753064178e+01
1.443594925962799e-01 4.314050309527154e+01
1.446481787696841e-01 4.318846488463567e+01
1.449374174525110e-01 4.323643289762004e+01
1.452272102324315e-01 4.328440713310071e+01
1.455175587032051e-01 4.333238758994388e+01
1.458084644647096e-01 4.338037426700588e+01
1.460999291229701e-01 4.342836716313308e+01
1.463919542901888e-01 4.347636627716180e+01
1.466845415847746e-01 4.352437160791834e+01
1.469776926313731e-01 4.357238315421893e+01
1.472714090608966e-01 4.362040091486960e+01
1.475656925105543e-01 4.366842488866618e+01
1.478605446238828e-01 4.371645507439430e+01
1.481559670507767e-01 4.376449147082922e+01
1.484519614475195e-01 4.381253407673587e+01
1.487485294768140e-01 4.386058289086875e+01
1.490456728078143e-01 4.390863791197199e+01
1.493433931161563e-01 4.395669913877909e+01
1.496416920839898e-01 4.400476657001305e+01
1.499405714000097e-01 4.405284020438621e+01
1.502400327594882e-01 4.410092004060029e+01
1.505400778643069e-01 4.414900607734629e+01
1.508407084229887e-01 4.419709831330437e+01
1.511419261507303e-01 4.424519674714390e+01
1.514437327694353e-01 4.429330137752333e+01
1.517461300077463e-01 4.434141220309024e+01
1.520491196010786e-01 4.438952922248116e+01
1.523527032916527e-01 4.443765243432156e+01
1.526568828285281e-01 4.448578183722581e+01
1.529616599676371e-01 4.453391742979712e+01
1.532670364718182e-01 4.458205921062752e+01
1.535730141108500e-01 4.463020717829771e+01
1.538795946614857e-01 4.467836133137705e+01
1.541867799074877e-01 4.472652166842355e+01
1.544945716396614e-01 4.477468818798377e+01
1.548029716558907e-01 4.482286088859271e+01
1.551119817611730e-01 4.487103976877387e+01
1.554216037676538e-01 4.491922482703906e+01
1.557318394946628e-01 4.496741606188847e+01
1.560426907687493e-01 4.501561347181055e+01
1.563541594237178e-01 4.506381705528186e+01
1.566662473006643e-01 4.511202681076717e+01
1.569789562480126e-01 4.516024273671933e+01
1.572922881215510e-01 4.520846483157914e+01
1.576062447844683e-01 4.525669309377547e+01
1.579208281073913e-01 4.530492752172495e+01
1.582360399684222e-01 4.535316811383217e+01
1.585518822531751e-01 4.540141486848939e+01
1.588683568548143e-01 4.544966778407660e+01
1.591854656740922e-01 4.549792685896146e+01
1.595032106193866e-01 4.554619209149922e+01
1.598215936067399e-01 4.559446348003257e+01
1.601406165598969e-01 4.564274102289177e+01
1.604602814103440e-01 4.569102471839433e+01
1.607805900973478e-01 4.573931456484520e+01
1.611015445679948e-01 4.578761056053652e+01
1.614231467772304e-01 4.583591270374765e+01
1.617453986878987e-01 4.588422099274505e+01
1.620683022707828e-01 4.593253542578231e+01
1.623918595046444e-01 4.598085600109988e+01
1.627160723762646e-01 4.602918271692526e+01
1.630409428804844e-01 4.607751557147274e+01
1.633664730202458e-01 4.612585456294343e+01
1.636926648066327e-01 4.617419968952515e+01
1.640195202589125e-01 4.622255094939236e+01
1.643470414045779e-01 4.627090834070612e+01
1.646752302793884e-01 4.631927186161397e+01
1.650040889274127e-01 4.636764151024994e+01
1.653336194010714e-01 4.641601728473440e+01
1.656638237611793e-01 4.646439918317402e+01
1.659947040769886e-01 4.651278720366172e+01
1.663262624262319e-01 4.656118134427653e+01
1.666585008951659e-01 4.660958160308361e+01
1.669914215786152e-01 4.665798797813415e+01
1.673250265800161e-01 4.670640046746519e+01
1.676593180114611e-01 4.675481906909974e+01
1.679942979937432e-01 4.680324378104655e+01
1.683299686564011e-01 4.685167460130003e+01
1.686663321377643e-01 4.690011152784036e+01
1.690033905849980e-01 4.694855455863316e+01
1.693411461541494e-01 4.699700369162961e+01
1.696796010101936e-01 4.704545892476631e+01
1.700187573270792e-01 4.709392025596514e+01
1.703586172877758e-01 4.714238768313326e+01
1.706991830843202e-01 4.719086120416308e+01
1.710404569178637e-01 4.723934081693201e+01
1.713824409987194e-01 4.728782651930253e+01
1.717251375464102e-01 4.733631830912207e+01
1.720685487897166e-01 4.738481618422292e+01
1.724126769667252e-01 4.743332014242213e+01
1.727575243248769e-01 4.748183018152152e+01
1.731030931210164e-01 4.753034629930745e+01
1.734493856214410e-01 4.757886849355085e+01
1.737964041019503e-01 4.762739676200716e+01
1.741441508478962e-01 4.767593110241609e+01
1.744926281542327e-01 4.772447151250177e+01
1.748418383255668e-01 4.777301798997242e+01
1.751917836762089e-01 4.782157053252045e+01
1.755424665302244e-01 4.787012913782235e+01
1.758938892214846e-01 4.791869380353841e+01
1.762460540937190e-01 4.796726452731293e+01
1.765989635005669e-01 4.801584130677398e+01
1.769526198056305e-01 4.806442413953324e+01
1.773070253825268e-01 4.811301302318608e+01
1.776621826149414e-01 4.816160795531135e+01
1.780180938966818e-01 4.821020893347135e+01
1.783747616317308e-01 4.825881595521166e+01
1.787321882343012e-01 4.830742901806120e+01
1.790903761288899e-01 4.835604811953198e+01
1.794493277503327e-01 4.840467325711916e+01
1.798090455438597e-01 4.845330442830076e+01
1.801695319651507e-01 4.850194163053778e+01
1.805307894803909e-01 4.855058486127399e+01
1.808928205663276e-01 4.859923411793584e+01
1.812556277103263e-01 4.864788939793242e+01
1.816192134104280e-01 4.869655069865528e+01
1.819835801754064e-01 4.874521801747845e+01
1.823487305248256e-01 4.879389135175825e+01
1.827146669890983e-01 4.884257069883321e+01
1.830813921095439e-01 4.889125605602401e+01
1.834489084384479e-01 4.893994742063335e+01
1.838172185391206e-01 4.898864478994587e+01
1.841863249859569e-01 4.903734816122802e+01
1.845562303644964e-01 4.908605753172801e+01
1.849269372714833e-01 4.913477289867571e+01
1.852984483149279e-01 4.918349425928245e+01
1.856707661141673e-01 4.923222161074106e+01
1.860438932999267e-01 4.928095495022567e+01
1.864178325143819e-01 4.932969427489162e+01
1.867925864112217e-01 4.937843958187543e+01
1.871681576557098e-01 4.942719086829457e+01
1.875445489247493e-01 4.947594813124748e+01
1.879217629069452e-01 4.952471136781342e+01
1.882998023026689e-01 4.957348057505226e+01
1.886786698241224e-01 4.962225575000461e+01
1.890583681954038e-01 4.967103688969148e+01
1.894389001525716e-01 4.971982399111425e+01
1.898202684437112e-01 4.976861705125462e+01
1.902024758290007e-01 4.981741606707445e+01
1.905855250807777e-01 4.986622103551561e+01
1.909694189836060e-01 4.991503195350001e+01
1.913541603343434e-01 4.996384881792928e+01
1.917397519422094e-01 5.001267162568483e+01
1.921261966288540e-01 5.006150037362766e+01
1.925134972284258e-01 5.011033505859827e+01
1.929016565876418e-01 5.015917567741657e+01
1.932906775658573e-01 5.020802222688169e+01
1.936805630351354e-01 5.025687470377187e+01
1.940713158803185e-01 5.030573310484448e+01
1.944629389990989e-01 5.035459742683575e+01
1.948554353020906e-01 5.040346766646067e+01
1.952488077129015e-01 5.045234382041298e+01
1.956430591682058e-01 5.050122588536494e+01
1.960381926178174e-01 5.055011385796721e+01
1.964342110247627e-01 5.059900773484880e+01
1.968311173653561e-01 5.064790751261693e+01
1.972289146292728e-01 5.069681318785685e+01
1.976276058196254e-01 5.074572475713176e+01
1.980271939530383e-01 5.079464221698272e+01
1.984276820597247e-01 5.084356556392841e+01
1.988290731835625e-01 5.089249479446515e+01
1.992313703821721e-01 5.094142990506668e+01
1.996345767269931e-01 5.099037089218399e+01
2.000386953033635e-01 5.103931775224536e+01
2.004437292105978e-01 5.108827048165604e+01
2.008496815620661e-01 5.113722907679822e+01
2.012565554852745e-01 5.118619353403092e+01
2.016643541219446e-01 5.123516384968978e+01
2.020730806280952e-01 5.128414002008696e+01
2.024827381741232e-01 5.133312204151104e+01
2.028933299448856e-01 5.138210991022684e+01
2.033048591397821e-01 5.143110362247530e+01
2.037173289728384e-01 5.148010317447336e+01
2.041307426727895e-01 5.152910856241375e+01
2.045451034831644e-01 5.157811978246501e+01
2.049604146623704e-01 5.162713683077113e+01
2.053766794837789e-01 5.167615970345160e+01
2.057939012358115e-01 5.172518839660117e+01
2.062120832220258e-01 5.177422290628973e+01
2.066312287612038e-01 5.182326322856218e+01
2.070513411874387e-01 5.187230935943825e+01
2.074724238502238e-01 5.192136129491243e+01
2.078944801145413e-01 5.197041903095371e+01
2.083175133609523e-01 5.201948256350552e+01
2.087415269856862e-01 5.206855188848555e+01
2.091665244007328e-01 5.211762700178564e+01
2.095925090339328e-01 5.216670789927151e+01
2.100194843290705e-01 5.221579457678281e+01
2.104474537459664e-01 5.226488703013278e+01
2.108764207605706e-01 5.231398525510815e+01
2.113063888650572e-01 5.236308924746904e+01
2.117373615679188e-01 5.241219900294875e+01
2.121693423940620e-01 5.246131451725368e+01
2.126023348849033e-01 5.251043578606299e+01
2.130363425984665e-01 5.255956280502868e+01
2.134713691094793e-01 5.260869556977521e+01
2.139074180094722e-01 5.265783407589959e+01
2.143444929068768e-01 5.270697831897088e+01
2.147825974271257e-01 5.275612829453037e+01
2.152217352127526e-01 5.280528399809117e+01
2.156619099234932e-01 5.285444542513819e+01
2.161031252363868e-01 5.290361257112788e+01
2.165453848458788e-01 5.295278543148813e+01
2.169886924639243e-01 5.300196400161804e+01
2.174330518200908e-01 5.305114827688781e+01
2.178784666616639e-01 5.310033825263850e+01
2.183249407537521e-01 5.314953392418198e+01
2.187724778793928e-01 5.319873528680054e+01
2.192210818396596e-01 5.324794233574696e+01
2.196707564537696e-01 5.329715506624418e+01
2.201215055591916e-01 5.334637347348514e+01
2.205733330117558e-01 5.339559755263267e+01
2.210262426857633e-01 5.344482729881923e+01
2.214802384740968e-01 5.349406270714676e+01
2.219353242883329e-01 5.354330377268652e+01
2.223915040588530e-01 5.359255049047888e+01
2.228487817349581e-01 5.364180285553308e+01
2.233071612849815e-01 5.369106086282721e+01
2.237666466964043e-01 5.374032450730785e+01
2.242272419759705e-01 5.378959378388992e+01
2.246889511498042e-01 5.383886868745658e+01
2.251517782635260e-01 5.388814921285891e+01
2.256157273823721e-01 5.393743535491584e+01
2.260808025913124e-01 5.398672710841383e+01
2.265470079951712e-01 5.403602446810677e+01
2.270143477187475e-01 5.408532742871579e+01
2.274828259069365e-01 5.413463598492893e+01
2.279524467248529e-01 5.418395013140108e+01
2.284232143579534e-01 5.423326986275375e+01
2.288951330121617e-01 5.428259517357481e+01
2.293682069139935e-01 5.433192605841834e+01
2.298424403106829e-01 5.438126251180438e+01
2.303178374703088e-01 5.443060452821878e+01
2.307944026819240e-01 5.447995210211293e+01
2.312721402556834e-01 5.452930522790356e+01
2.317510545229742e-01 5.457866389997260e+01
2.322311498365469e-01 5.462802811266685e+01
2.327124305706469e-01 5.467739786029788e+01
2.331949011211477e-01 5.472677313714171e+01
2.336785659056844e-01 5.477615393743864e+01
2.341634293637886e-01 5.482554025539306e+01
2.346494959570247e-01 5.487493208517319e+01
2.351367701691260e-01 5.492432942091084e+01
2.356252565061329e-01 5.497373225670122e+01
2.361149594965321e-01 5.502314058660270e+01
2.366058836913962e-01 5.507255440463659e+01
2.370980336645246e-01 5.512197370478691e+01
2.375914140125858e-01 5.517139848100012e+01
2.380860293552605e-01 5.522082872718495e+01
2.385818843353855e-01 5.527026443721211e+01
2.390789836190992e-01 5.531970560491411e+01
2.395773318959882e-01 5.536915222408495e+01
2.400769338792340e-01 5.541860428847992e+01
2.405777943057626e-01 5.546806179181537e+01
2.410799179363934e-01 5.551752472776844e+01
2.415833095559905e-01 5.556699308997686e+01
2.420879739736143e-01 5.561646687203861e+01
2.425939160226752e-01 5.566594606751177e+01
2.431011405610872e-01 5.571543066991421e+01
2.436096524714243e-01 5.576492067272336e+01
2.441194566610759e-01 5.581441606937596e+01
2.446305580624062e-01 5.586391685326775e+01
2.451429616329118e-01 5.591342301775330e+01
2.456566723553829e-01 5.596293455614568e+01
2.461716952380647e-01 5.601245146171622e+01
2.466880353148199e-01 5.606197372769424e+01
2.472056976452927e-01 5.611150134726681e+01
2.477246873150744e-01 5.616103431357846e+01
2.482450094358698e-01 5.621057261973085e+01
2.487666691456645e-01 5.626011625878262e+01
2.492896716088951e-01 5.630966522374905e+01
2.498140220166185e-01 5.635921950760174e+01
2.503397255866844e-01 5.640877910326843e+01
2.508667875639082e-01 5.645834400363260e+01
2.513952132202449e-01 5.650791420153328e+01
2.519250078549661e-01 5.655748968976477e+01
2.524561767948356e-01 5.660707046107628e+01
2.529887253942893e-01 5.665665650817169e+01
2.535226590356141e-01 5.670624782370921e+01
2.540579831291298e-01 5.675584440030121e+01
2.545947031133717e-01 5.680544623051373e+01
2.551328244552750e-01 5.685505330686636e+01
2.556723526503596e-01 5.690466562183182e+01
2.562132932229182e-01 5.695428316783576e+01
2.567556517262045e-01 5.700390593725636e+01
2.572994337426227e-01 5.705353392242402e+01
2.578446448839198e-01 5.710316711562118e+01
2.583912907913782e-01 5.715280550908181e+01
2.589393771360105e-01 5.720244909499131e+01
2.594889096187551e-01 5.725209786548601e+01
2.600398939706748e-01 5.730175181265292e+01
2.605923359531551e-01 5.735141092852945e+01
2.611462413581057e-01 5.740107520510306e+01
2.617016160081621e-01 5.745074463431084e+01
2.622584657568907e-01 5.750041920803932e+01
2.628167964889935e-01 5.755009891812406e+01
2.633766141205162e-01 5.759978375634934e+01
2.639379245990562e-01 5.764947371444778e+01
2.645007339039741e-01 5.769916878410007e+01
2.650650480466057e-01 5.774886895693459e+01
2.656308730704759e-01 5.779857422452697e+01
2.661982150515148e-01 5.784828457840000e+01
2.667670800982744e-01 5.789800001002298e+01
2.673374743521491e-01 5.794772051081154e+01
2.679094039875954e-01 5.799744607212722e+01
2.684828752123556e-01 5.804717668527719e+01
2.690578942676819e-01 5.809691234151376e+01
2.696344674285633e-01 5.814665303203417e+01
2.702126010039529e-01 5.819639874798001e+01
2.707923013369996e-01 5.824614948043710e+01
2.713735748052785e-01 5.829590522043493e+01
2.719564278210254e-01 5.834566595894633e+01
2.725408668313730e-01 5.839543168688714e+01
2.731268983185880e-01 5.844520239511577e+01
2.737145288003112e-01 5.849497807443284e+01
2.743037648297985e-01 5.854475871558077e+01
2.748946129961656e-01 5.859454430924345e+01
2.754870799246321e-01 5.864433484604572e+01
2.760811722767708e-01 5.869413031655312e+01
2.766768967507560e-01 5.874393071127136e+01
2.772742600816160e-01 5.879373602064602e+01
2.778732690414866e-01 5.884354623506206e+01
2.784739304398673e-01 5.889336134484346e+01
2.790762511238788e-01 5.894318134025278e+01
2.796802379785239e-01 5.899300621149070e+01
2.802858979269491e-01 5.904283594869572e+01
2.808932379307096e-01 5.909267054194365e+01
2.815022649900364e-01 5.914250998124714e+01
2.821129861441037e-01 5.919235425655534e+01
2.827254084713023e-01 5.924220335775344e+01
2.833395390895112e-01 5.929205727466214e+01
2.839553851563744e-01 5.934191599703738e+01
2.845729538695783e-01 5.939177951456972e+01
2.851922524671330e-01 5.944164781688402e+01
2.858132882276542e-01 5.949152089353889e+01
2.864360684706487e-01 5.954139873402629e+01
2.870606005568023e-01 5.959128132777108e+01
2.876868918882688e-01 5.964116866413048e+01
2.883149499089638e-01 5.969106073239368e+01
2.889447821048584e-01 5.974095752178133e+01
2.895763960042776e-01 5.979085902144507e+01
2.902097991781993e-01 5.984076522046707e+01
2.908449992405577e-01 5.989067610785951e+01
2.914820038485477e-01 5.994059167256408e+01
2.921208207029333e-01 5.999051190345156e+01
2.927614575483569e-01 6.004043678932128e+01
2.934039221736534e-01 6.009036631890055e+01
2.940482224121651e-01 6.014030048084432e+01
2.946943661420601e-01 6.019023926373447e+01
2.953423612866540e-01 6.024018265607950e+01
2.959922158147330e-01 6.029013064631384e+01
2.966439377408813e-01 6.034008322279745e+01
2.972975351258098e-01 6.039004037381520e+01
2.979530160766893e-01 6.044000208757641e+01
2.986103887474845e-01 6.048996835221428e+01
2.992696613392938e-01 6.053993915578537e+01
2.999308421006884e-01 6.058991448626902e+01
3.005939393280583e-01 6.063989433156686e+01
3.012589613659575e-01 6.068987867950219e+01
3.019259166074552e-01 6.073986751781945e+01
3.025948134944885e-01 6.078986083418369e+01
3.032656605182188e-01 6.083985861617997e+01
3.039384662193906e-01 6.088986085131276e+01
3.046132391886944e-01 6.093986752700540e+01
3.052899880671325e-01 6.098987863059954e+01
3.059687215463870e-01 6.103989414935448e+01
3.066494483691930e-01 6.108991407044670e+01
3.073321773297130e-01 6.113993838096904e+01
3.080169172739166e-01 6.118996706793040e+01
3.087036770999613e-01 6.124000011825486e+01
3.093924657585795e-01 6.129003751878124e+01
3.100832922534656e-01 6.134007925626238e+01
3.107761656416700e-01 6.139012531736460e+01
3.114710950339937e-01 6.144017568866700e+01
3.121680895953881e-01 6.149023035666085e+01
3.128671585453581e-01 6.154028930774899e+01
3.135683111583683e-01 6.159035252824512e+01
3.142715567642531e-01 6.164042000437317e+01
3.149769047486308e-01 6.169049172226669e+01
3.156843645533211e-01 6.174056766796813e+01
3.163939456767660e-01 6.179064782742816e+01
3.171056576744556e-01 6.184073218650509e+01
3.178195101593563e-01 6.189082073096407e+01
3.185355128023439e-01 6.194091344647648e+01
3.192536753326408e-01 6.199101031861926e+01
3.199740075382557e-01 6.204111133287410e+01
3.206965192664293e-01 6.209121647462686e+01
3.214212204240822e-01 6.214132572916680e+01
3.221481209782682e-01 6.219143908168587e+01
3.228772309566310e-01 6.224155651727796e+01
3.236085604478656e-01 6.229167802093824e+01
3.243421196021831e-01 6.234180357756235e+01
3.250779186317811e-01 6.239193317194573e+01
3.258159678113166e-01 6.244206678878280e+01
3.265562774783852e-01 6.249220441266624e+01
3.272988580340031e-01 6.254234602808624e+01
3.280437199430944e-01 6.259249161942971e+01
3.287908737349830e-01 6.264264117097952e+01
3.295403300038881e-01 6.269279466691367e+01
3.302920994094257e-01 6.274295209130460e+01
3.310461926771133e-01 6.279311342811828e+01
3.318026205988805e-01 6.284327866121348e+01
3.325613940335833e-01 6.289344777434091e+01
3.333225239075244e-01 6.294362075114248e+01
3.340860212149769e-01 6.299379757515038e+01
3.348518970187144e-01 6.304397822978630e+01
3.356201624505447e-01 6.309416269836057e+01
3.363908287118494e-01 6.314435096407132e+01
3.371639070741285e-01 6.319454301000366e+01
3.379394088795494e-01 6.324473881912871e+01
3.387173455415024e-01 6.329493837430286e+01
3.394977285451595e-01 6.334514165826678e+01
3.402805694480409e-01 6.339534865364465e+01
3.410658798805842e-01 6.344555934294308e+01
3.418536715467218e-01 6.349577370855046e+01
3.426439562244610e-01 6.354599173273577e+01
3.434367457664720e-01 6.359621339764790e+01
3.442320521006798e-01 6.364643868531456e+01
3.450298872308629e-01 6.369666757764143e+01
3.458302632372568e-01 6.374690005641118e+01
3.466331922771638e-01 6.379713610328248e+01
3.474386865855690e-01 6.384737569978914e+01
3.482467584757610e-01 6.389761882733900e+01
3.490574203399602e-01 6.394786546721308e+01
3.498706846499511e-01 6.399811560056450e+01
3.506865639577236e-01 6.404836920841753e+01
3.515050708961167e-01 6.409862627166650e+01
3.523262181794726e-01 6.414888677107493e+01
3.531500186042931e-01 6.419915068727434e+01
3.539764850499060e-01 6.424941800076331e+01
3.548056304791350e-01 6.429968869190640e+01
3.556374679389786e-01 6.434996274093311e+01
3.564720105612932e-01 6.440024012793680e+01
3.573092715634850e-01 6.445052083287356e+01
3.581492642492076e-01 6.450080483556130e+01
3.589920020090665e-01 6.455109211567836e+01
3.598374983213309e-01 6.460138265276271e+01
3.606857667526519e-01 6.465167642621063e+01
3.615368209587884e-01 6.470197341527563e+01
3.623906746853398e-01 6.475227359906735e+01
3.632473417684861e-01 6.480257695655037e+01
3.641068361357351e-01 6.485288346654303e+01
3.649691718066777e-01 6.490319310771635e+01
3.658343628937492e-01 6.495350585859269e+01
3.667024236029999e-01 6.500382169754471e+01
3.675733682348728e-01 6.505414060279409e+01
3.684472111849881e-01 6.510446255241027e+01
3.693239669449372e-01 6.515478752430934e+01
3.702036501030831e-01 6.520511549625267e+01
3.710862753453701e-01 6.525544644584575e+01
3.719718574561402e-01 6.530578035053682e+01
3.728604113189601e-01 6.535611718761575e+01
3.737519519174532e-01 6.540645693421258e+01
3.746464943361433e-01 6.545679956729634e+01
3.755440537613045e-01 6.550714506367365e+01
3.764446454818211e-01 6.555749339998744e+01
3.773482848900551e-01 6.560784455271559e+01
3.782549874827238e-01 6.565819849816961e+01
3.791647688617852e-01 6.570855521249320e+01
3.800776447353332e-01 6.575891467166093e+01
3.809936309185016e-01 6.580927685147682e+01
3.819127433343769e-01 6.585964172757296e+01
3.828349980149220e-01 6.591000927540803e+01
3.837604111019072e-01 6.596037947026591e+01
3.846889988478530e-01 6.601075228725421e+01
3.856207776169806e-01 6.606112770130279e+01
3.865557638861742e-01 6.611150568716239e+01
3.874939742459511e-01 6.616188621940293e+01
3.884354254014442e-01 6.621226927241219e+01
3.893801341733922e-01 6.626265482039419e+01
3.903281174991423e-01 6.631304283736766e+01
3.912793924336625e-01 6.636343329716452e+01
3.922339761505635e-01 6.641382617342828e+01
3.931918859431333e-01 6.646422143961246e+01
3.941531392253804e-01 6.651461906897902e+01
3.951177535330900e-01 6.656501903459663e+01
3.960857465248894e-01 6.661542130933921e+01
3.970571359833270e-01 6.666582586588414e+01
3.980319398159592e-01 6.671623267671063e+01
3.990101760564530e-01 6.676664171409810e+01
3.999918628656964e-01 6.681705295012435e+01
4.009770185329227e-01 6.686746635666395e+01
4.019656614768473e-01 6.691788190538648e+01
4.029578102468142e-01 6.696829956775477e+01
4.039534835239568e-01 6.701871931502306e+01
4.049527001223703e-01 6.706914111823536e+01
4.059554789902970e-01 6.711956494822353e+01
4.069618392113233e-01 6.716999077560544e+01
4.079718000055914e-01 6.722041857078318e+01
4.089853807310214e-01 6.727084830394124e+01
4.100026008845502e-01 6.732127994504447e+01
4.110234801033793e-01 6.737171346383634e+01
4.120480381662404e-01 6.742214882983697e+01
4.130762949946713e-01 6.747258601234111e+01
4.141082706543081e-01 6.752302498041624e+01
4.151439853561899e-01 6.757346570290066e+01
4.161834594580785e-01 6.762390814840134e+01
4.172267134657923e-01 6.767435228529199e+01
4.182737680345541e-01 6.772479808171100e+01
4.193246439703552e-01 6.777524550555935e+01
4.203793622313329e-01 6.782569452449857e+01
4.214379439291641e-01 6.787614510594858e+01
4.225004103304735e-01 6.792659721708554e+01
4.235667828582584e-01 6.797705082483984e+01
4.246370830933279e-01 6.802750589589367e+01
4.257113327757592e-01 6.807796239667906e+01
4.267895538063697e-01 6.812842029337557e+01
4.278717682482044e-01 6.817887955190797e+01
4.289579983280425e-01 6.822934013794409e+01
4.300482664379170e-01 6.827980201689246e+01
4.311425951366552e-01 6.833026515389997e+01
4.322410071514334e-01 6.838072951384960e+01
4.333435253793510e-01 6.843119506135798e+01
4.344501728890209e-01 6.848166176077304e+01
4.355609729221796e-01 6.853212957617156e+01
4.366759488953122e-01 6.858259847135673e+01
4.377951244013006e-01 6.863306840985574e+01
4.389185232110852e-01 6.868353935491717e+01
4.400461692753489e-01 6.873401126950854e+01
4.411780867262198e-01 6.878448411631379e+01
4.423142998789915e-01 6.883495785773056e+01
4.434548332338650e-01 6.888543245586777e+01
4.445997114777094e-01 6.893590787254280e+01
4.457489594858434e-01 6.898638406927896e+01
4.469026023238362e-01 6.903686100730275e+01
4.480606652493312e-01 6.908733864754112e+01
4.492231737138873e-01 6.913781695061873e+01
4.503901533648457e-01 6.918829587685516e+01
4.515616300472143e-01 6.923877538626216e+01
4.527376298055767e-01 6.928925543854066e+01
4.539181788860217e-01 6.933973599307807e+01
4.551033037380962e-01 6.939021700894520e+01
4.562930310167809e-01 6.944069844489351e+01
4.574873875844875e-01 6.949118025935194e+01
4.586864005130821e-01 6.954166241042405e+01
4.598900970859287e-01 6.959214485588492e+01
4.610985047999609e-01 6.964262755317810e+01
4.623116513677734e-01 6.969311045941247e+01
4.635295647197425e-01 6.974359353135914e+01
4.647522730061681e-01 6.979407672544826e+01
4.659798045994435e-01 6.984455999776578e+01
4.672121880962498e-01 6.989504330405026e+01
4.684494523197759e-01 6.994552659968956e+01
4.696916263219669e-01 6.999600983971746e+01
4.709387393857967e-01 7.004649297881041e+01
4.721908210275702e-01 7.009697597128405e+01
4.734479009992508e-01 7.014745877108980e+01
4.747100092908183e-01 7.019794133181145e+01
4.759771761326525e-01 7.024842360666149e+01
4.772494319979480e-01 7.029890554847775e+01
4.785268076051559e-01 7.034938710971964e+01
4.798093339204577e-01 7.039986824246468e+01
4.810970421602655e-01 7.045034889840460e+01
4.823899637937570e-01 7.050082902884188e+01
4.836881305454371e-01 7.055130858468581e+01
4.849915743977335e-01 7.060178751644872e+01
4.863003275936241e-01 7.065226577424227e+01
4.876144226392935e-01 7.070274330777326e+01
4.889338923068268e-01 7.075322006634003e+01
4.902587696369319e-01 7.080369599882827e+01
4.915890879416987e-01 7.085417105370706e+01
4.929248808073902e-01 7.090464517902475e+01
4.942661820972705e-01 7.095511832240493e+01
4.956130259544640e-01 7.100559043104212e+01
4.969654468048553e-01 7.105606145169774e+01
4.983234793600200e-01 7.110653133069563e+01
4.996871586201955e-01 7.115700001391789e+01
5.010565198772886e-01 7.120746744680044e+01
5.024315987179185e-01 7.125793357432863e+01
5.038124310265010e-01 7.130839834103276e+01
5.051990529883688e-01 7.135886169098350e+01
5.065915010929336e-01 7.140932356778745e+01
5.079898121368859e-01 7.145978391458233e+01
5.093940232274374e-01 7.151024267403244e+01
5.108041717856020e-01 7.156069978832382e+01
5.122202955495218e-01 7.161115519915953e+01
5.136424325778316e-01 7.166160884775471e+01
5.150706212530706e-01 7.171206067483173e+01
5.165049002851337e-01 7.176251062061520e+01
5.179453087147695e-01 7.181295862482690e+01
5.193918859171234e-01 7.186340462668076e+01
5.208446716053241e-01 7.191384856487761e+01
5.223037058341196e-01 7.196429037760007e+01
5.237690290035559e-01 7.201473000250712e+01
5.252406818627094e-01 7.206516737672898e+01
5.267187055134608e-01 7.211560243686145e+01
5.282031414143241e-01 7.216603511896066e+01
5.296940313843214e-01 7.221646535853731e+01
5.311914176069115e-01 7.226689309055128e+01
5.326953426339667e-01 7.231731824940577e+01
5.342058493898059e-01 7.236774076894169e+01
5.357229811752758e-01 7.241816058243174e+01
5.372467816718905e-01 7.246857762257457e+01
5.387772949460237e-01 7.251899182148887e+01
5.403145654531548e-01 7.256940311070720e+01
5.418586380421762e-01 7.261981142117000e+01
5.434095579597518e-01 7.267021668321934e+01
5.449673708547390e-01 7.272061882659276e+01
5.465321227826658e-01 7.277101778041671e+01
5.481038602102712e-01 7.282141347320047e+01
5.496826300201026e-01 7.287180583282924e+01
5.512684795151803e-01 7.292219478655797e+01
5.528614564237190e-01 7.297258026100440e+01
5.544616089039175e-01 7.302296218214242e+01
5.560689855488123e-01 7.307334047529531e+01
5.576836353911951e-01 7.312371506512869e+01
5.593056079086004e-01 7.317408587564363e+01
5.609349530283573e-01 7.322445283016945e+01
5.625717211327146e-01 7.327481585135669e+01
5.642159630640322e-01 7.332517486116966e+01
5.658677301300473e-01 7.337552978087922e+01
5.675270741092089e-01 7.342588053105521e+01
5.691940472560909e-01 7.347622703155902e+01
5.708687023068756e-01 7.352656920153582e+01
5.725510924849158e-01 7.357690695940688e+01
5.742412715063727e-01 7.362724022286170e+01
5.759392935859338e-01 7.367756890885005e+01
5.776452134426092e-01 7.372789293357398e+01
5.793590863056092e-01 7.377821221247957e+01
5.810809679203058e-01 7.382852666024877e+01
5.828109145542747e-01 7.387883619079092e+01
5.845489830034268e-01 7.392914071723442e+01
5.862952305982216e-01 7.397944015191797e+01
5.880497152099734e-01 7.402973440638205e+01
5.898124952572414e-01 7.408002339135997e+01
5.915836297123167e-01 7.413030701676902e+01
5.933631781077962e-01 7.418058519170140e+01
5.951512005432538e-01 7.423085782441505e+01
5.969477576920075e-01 7.428112482232439e+01
5.987529108079797e-01 7.433138609199091e+01
6.005667217326620e-01 7.438164153911362e+01
6.023892529021742e-01 7.443189106851941e+01
6.042205673544313e-01 7.448213458415327e+01
6.060607287364090e-01 7.453237198906839e+01
6.079098013115203e-01 7.458260318541610e+01
6.097678499670930e-01 7.463282807443565e+01
6.116349402219630e-01 7.468304655644395e+01
6.135111382341737e-01 7.473325853082514e+01
6.153965108087915e-01 7.478346389601991e+01
6.172911254058340e-01 7.483366254951483e+01
6.191950501483161e-01 7.488385438783142e+01
6.211083538304167e-01 7.493403930651522e+01
6.230311059257618e-01 7.498421720012450e+01
6.249633765958369e-01 7.503438796221900e+01
6.269052366985174e-01 7.508455148534840e+01
6.288567577967340e-01 7.513470766104075e+01
6.308180121672604e-01 7.518485637979059e+01
6.327890728096399e-01 7.523499753104710e+01
6.347700134552391e-01 7.528513100320185e+01
6.367609085764444e-01 7.533525668357663e+01
6.387618333959931e-01 7.538537445841089e+01
6.407728638964491e-01 7.543548421284926e+01
6.427940768298186e-01 7.548558583092856e+01
6.448255497273166e-01 7.553567919556492e+01
6.468673609092807e-01 7.558576418854071e+01
6.489195894952338e-01 7.563584069049102e+01
6.509823154141079e-01 7.568590858089026e+01
6.530556194146170e-01 7.573596773803840e+01
6.551395830757972e-01 7.578601803904706e+01
6.572342888177050e-01 7.583605935982546e+01
6.593398199122844e-01 7.588609157506603e+01
6.614562604944000e-01 7.593611455823000e+01
6.635836955730466e-01 7.598612818153266e+01
6.657222110427279e-01 7.603613231592846e+01
6.678718936950180e-01 7.608612683109584e+01
6.700328312303048e-01 7.613611159542197e+01
6.722051122697135e-01 7.618608647598718e+01
6.743888263672245e-01 7.623605133854913e+01
6.765840640219782e-01 7.628600604752688e+01
6.787909166907785e-01 7.633595046598465e+01
6.810094768007922e-01 7.638588445561530e+01
6.832398377624553e-01 7.643580787672374e+01
6.854820939825803e-01 7.648572058820990e+01
6.877363408776794e-01 7.653562244755163e+01
6.900026748874973e-01 7.658551331078719e+01
6.922811934887663e-01 7.663539303249770e+01
6.945719952091794e-01 7.668526146578904e+01
6.968751796415945e-01 7.673511846227382e+01
6.991908474584675e-01 7.678496387205280e+01
7.015191004265188e-01 7.683479754369625e+01
7.038600414216442e-01 7.688461932422490e+01
7.062137744440651e-01 7.693442905909069e+01
7.085804046337325e-01 7.698422659215719e+01
7.109600382859800e-01 7.703401176567974e+01
7.133527828674415e-01 7.708378442028541e+01
7.157587470322256e-01 7.713354439495242e+01
7.181780406383662e-01 7.718329152698951e+01
7.206107747645409e-01 7.723302565201485e+01
7.230570617270728e-01 7.728274660393465e+01
7.255170150972169e-01 7.733245421492164e+01
7.279907497187340e-01 7.738214831539284e+01
7.304783817257657e-01 7.743182873398747e+01
7.329800285610055e-01 7.748149529754410e+01
7.354958089941851e-01 7.753114783107779e+01
7.380258431408666e-01 7.758078615775665e+01
7.405702524815637e-01 7.763041009887823e+01
7.431291598811818e-01 7.768001947384538e+01
7.457026896087983e-01 7.772961410014193e+01
7.482909673577757e-01 7.777919379330784e+01
7.508941202662307e-01 7.782875836691406e+01
7.535122769378468e-01 7.787830763253697e+01
7.561455674630554e-01 7.792784139973249e+01
7.587941234405847e-01 7.797735947600972e+01
7.614580779993783e-01 7.802686166680424e+01
7.641375658209056e-01 7.807634777545090e+01
7.668327231618568e-01 7.812581760315638e+01
7.695436878772423e-01 7.817527094897110e+01
7.722705994438940e-01 7.822470760976086e+01
7.750135989843908e-01 7.827412738017802e+01
7.777728292913991e-01 7.832353005263212e+01
7.805484348524554e-01 7.837291541726024e+01
7.833405618751840e-01 7.842228326189667e+01
7.861493583129742e-01 7.847163337204231e+01
7.889749738911106e-01 7.852096553083348e+01
7.918175601333791e-01 7.857027951901026e+01
7.946772703891561e-01 7.861957511488438e+01
7.975542598609795e-01 7.866885209430654e+01
8.004486856326325e-01 7.871811023063326e+01
8.033607066977299e-01 7.876734929469315e+01
8.062904839888344e-01 7.881656905475279e+01
8.092381804071009e-01 7.886576927648187e+01
8.122039608524743e-01 7.891494972291795e+01
8.151879922544338e-01 7.896411015443053e+01
8.181904436033194e-01 7.901325032868466e+01
8.212114859822293e-01 7.906237000060391e+01
8.242512925995169e-01 7.911146892233268e+01
8.273100388218971e-01 7.916054684319811e+01
8.303879022081667e-01 7.920960350967113e+01
8.334850625435671e-01 7.925863866532708e+01
8.366017018747870e-01 7.930765205080560e+01
8.397380045456366e-01 7.935664340376987e+01
8.428941572333899e-01 7.940561245886519e+01
8.460703489858277e-01 7.945455894767706e+01
8.492667712589812e-01 7.950348259868819e+01
8.524836179556060e-01 7.955238313723528e+01
8.557210854643879e-01 7.960126028546472e+01
8.589793726999151e-01 7.965011376228777e+01
8.622586811434134e-01 7.969894328333497e+01
8.655592148842799e-01 7.974774856090970e+01
8.688811806624255e-01 7.979652930394118e+01
8.722247879114379e-01 7.984528521793645e+01
8.755902488026012e-01 7.989401600493181e+01
8.789777782897716e-01 7.994272136344321e+01
8.823875941551478e-01 7.999140098841605e+01
8.858199170559382e-01 8.004005457117391e+01
8.892749705719663e-01 8.008868179936673e+01
8.927529812542132e-01 8.013728235691779e+01
8.962541786743425e-01 8.018585592397008e+01
8.997787954752083e-01 8.023440217683159e+01
9.033270674223881e-01 8.028292078791981e+01
9.068992334567550e-01 8.033141142570521e+01
9.104955357481100e-01 8.037987375465384e+01
9.141162197499157e-01 8.042830743516892e+01
9.177615342551344e-01 8.047671212353143e+01
9.214317314532220e-01 8.052508747183977e+01
9.251270669882823e-01 8.057343312794831e+01
9.288478000184296e-01 8.062174873540496e+01
9.325941932763701e-01 8.067003393338767e+01
9.363665131312522e-01 8.071828835663985e+01
9.401650296517926e-01 8.076651163540457e+01
9.439900166707345e-01 8.081470339535794e+01
9.478417518506481e-01 8.086286325754098e+01
9.517205167511219e-01 8.091099083829057e+01
9.556265968973742e-01 8.095908574916919e+01
9.595602818503133e-01 8.100714759689330e+01
9.635218652780966e-01 8.105517598326070e+01
9.675116450292084e-01 8.110317050507643e+01
9.715299232071147e-01 8.115113075407761e+01
9.755770062465108e-01 8.119905631685675e+01
9.796532049912267e-01 8.124694677478391e+01
9.837588347738101e-01 8.129480170392738e+01
9.878942154968477e-01 8.134262067497311e+01
9.920596717160519e-01 8.139040325314262e+01
9.962555327251784e-01 8.143814899810960e+01
1.000482132642797e+00 8.148585746391481e+01
1.004739810500984e+00 8.153352819887986e+01
1.009028910335987e+00 8.158116074551921e+01
1.013349781280877e+00 8.162875464045064e+01
1.017702777660302e+00 8.167630941430428e+01
1.022088259087334e+00 8.172382459162992e+01
1.026506590562510e+00 8.177129969080276e+01
1.030958142575092e+00 8.181873422392748e+01
1.035443291206638e+00 8.186612769674056e+01
1.039962418236907e+00 8.191347960851098e+01
1.044515911252198e+00 8.196078945193902e+01
1.049104163756155e+00 8.200805671305345e+01
1.053727575283130e+00 8.205528087110667e+01
1.058386551514160e+00 8.210246139846825e+01
1.063081504395621e+00 8.214959776051629e+01
1.067812852260661e+00 8.219668941552710e+01
1.072581019953443e+00 8.224373581456273e+01
1.077386438956325e+00 8.229073640135660e+01
1.082229547520015e+00 8.233769061219704e+01
1.087110790796804e+00 8.238459787580877e+01
1.092030620976967e+00 8.243145761323223e+01
1.096989497428402e+00 8.247826923770076e+01
1.101987886839608e+00 8.252503215451560e+01
1.107026263366104e+00 8.257174576091862e+01
1.112105108780364e+00 8.261840944596278e+01
1.117224912625383e+00 8.266502259038020e+01
1.122386172371982e+00 8.271158456644802e+01
1.127589393579935e+00 8.275809473785162e+01
1.132835090063055e+00 8.280455245954560e+01
1.138123784058331e+00 8.285095707761202e+01
1.143456006399249e+00 8.289730792911639e+01
1.148832296693396e+00 8.294360434196071e+01
1.154253203504508e+00 8.298984563473412e+01
1.159719284539044e+00 8.303603111656081e+01
1.165231106837470e+00 8.308216008694509e+01
1.170789246970336e+00 8.312823183561373e+01
1.176394291239342e+00 8.317424564235543e+01
1.182046835883512e+00 8.322020077685747e+01
1.187747487290609e+00 8.326609649853928e+01
1.193496862214007e+00 8.331193205638314e+01
1.199295587995116e+00 8.335770668876168e+01
1.205144302791580e+00 8.340341962326247e+01
1.211043655811389e+00 8.344907007650917e+01
1.216994307553111e+00 8.349465725397978e+01
1.222996930052401e+00 8.354018034982134e+01
1.229052207135019e+00 8.358563854666146e+01
1.235160834676514e+00 8.363103101541637e+01
1.241323520868820e+00 8.367635691509562e+01
1.247540986493946e+00 8.372161539260318e+01
1.253813965205010e+00 8.376680558253496e+01
1.260143203814829e+00 8.381192660697289e+01
1.266529462592302e+00 8.385697757527501e+01
1.272973515566859e+00 8.390195758386217e+01
1.279476150841182e+00 8.394686571600059e+01
1.286038170912533e+00 8.399170104158080e+01
1.292660393002885e+00 8.403646261689252e+01
1.299343649398219e+00 8.408114948439564e+01
1.306088787797212e+00 8.412576067248702e+01
1.312896671669686e+00 8.417029519526338e+01
1.319768180625080e+00 8.421475205227983e+01
1.326704210791321e+00 8.425913022830426e+01
1.333705675204415e+00 8.430342869306740e+01
1.340773504209101e+00 8.434764640100859e+01
1.347908645870976e+00 8.439178229101708e+01
1.355112066400427e+00 8.443583528616881e+01
1.362384750588816e+00 8.447980429345881e+01
1.369727702257286e+00 8.452368820352881e+01
1.377141944718654e+00 8.456748589039039e+01
1.384628521252815e+00 8.461119621114325e+01
1.392188495596136e+00 8.465481800568894e+01
1.399822952445300e+00 8.469835009643947e+01
1.407532997976141e+00 8.474179128802139e+01
1.415319760377936e+00 8.478514036697464e+01
1.423184390403747e+00 8.482839610144673e+01
1.431128061937357e+00 8.487155724088164e+01
1.439151972577366e+00 8.491462251570385e+01
1.447257344239101e+00 8.495759063699721e+01
1.455445423774935e+00 8.500046029617864e+01
1.463717483613702e+00 8.504323016466675e+01
1.472074822419877e+00 8.508589889354512e+01
1.480518765773268e+00 8.512846511322056e+01
1.489050666869922e+00 8.517092743307585e+01
1.497671907245077e+00 8.521328444111751e+01
1.506383897518916e+00 8.525553470361803e+01
1.515188078166025e+00 8.529767676475296e+01
1.524085920309379e+00 8.533970914623269e+01
1.533078926539826e+00 8.538163034692887e+01
1.542168631762001e+00 8.542343884249567e+01
1.551356604067656e+00 8.546513308498567e+01
1.560644445637506e+00 8.550671150246067e+01
1.570033793672597e+00 8.554817249859713e+01
1.579526321356428e+00 8.558951445228664e+01
1.589123738848918e+00 8.563073571723122e+01
1.598827794313549e+00 8.567183462153362e+01
1.608640274978900e+00 8.571280946728267e+01
1.618563008235999e+00 8.575365853013386e+01
1.628597862772838e+00 8.579438005888510e+01
1.638746749747594e+00 8.583497227504787e+01
1.649011624002064e+00 8.587543337241404e+01
1.659394485316929e+00 8.591576151661815e+01
1.669897379710579e+00 8.595595484469575e+01
1.680522400783224e+00 8.599601146463766e+01
1.691271691108182e+00 8.603592945494054e+01
1.702147443672255e+00 8.607570686415393e+01
1.713151903367266e+00 8.611534171042415e+01
1.724287368534835e+00 8.615483198103506e+01
1.735556192566688e+00 8.619417563194639e+01
1.746960785562778e+00 8.623337058732963e+01
1.758503616049732e+00 8.627241473910200e+01
1.770187212762137e+00 8.631130594645900e+01
1.782014166489415e+00 8.635004203540579e+01
1.793987131991107e+00 8.638862079828800e+01
1.806108829983501e+00 8.642703999332251e+01
1.818382049200802e+00 8.646529734412866e+01
1.830809648534041e+00 8.650339053926055e+01
1.843394559251248e+00 8.654131723174122e+01
1.856139787302429e+00 8.657907503859910e+01
1.869048415713244e+00 8.661666154040789e+01
1.882123607071292e+00 8.665407428083029e+01
1.895368606109318e+00 8.669131076616692e+01
1.908786742389671e+00 8.672836846491087e+01
1.922381433094762e+00 8.676524480730936e+01
1.936156185928401e+00 8.680193718493332e+01
1.950114602133152e+00 8.683844295025619e+01
1.964260379629245e+00 8.687475941624318e+01
1.978597316280687e+00 8.691088385595226e+01
1.993129313294737e+00 8.694681350214853e+01
2.007860378761031e+00 8.698254554693325e+01
2.022794631337208e+00 8.701807714138945e+01
2.037936304088051e+00 8.705340539524559e+01
2.053289748485763e+00 8.708852737655948e+01
2.068859438579213e+00 8.712344011142427e+01
2.084649975340660e+00 8.715814058369862e+01
2.100666091198698e+00 8.719262573476357e+01
2.116912654766920e+00 8.722689246330823e+01
2.133394675778164e+00 8.726093762514728e+01
2.150117310234823e+00 8.729475803307263e+01
2.167085865786437e+00 8.732835045674248e+01
2.184305807346220e+00 8.736171162261088e+01
2.201782762959137e+00 8.739483821390098e+01
2.219522529934651e+00 8.742772687062555e+01
2.237531081258282e+00 8.746037418965872e+01
2.255814572296774e+00 8.749277672486271e+01
2.274379347812786e+00 8.752493098727378e+01
2.293231949305786e+00 8.755683344535210e+01
2.312379122697117e+00 8.758848052530010e+01
2.331827826378077e+00 8.761986861145445e+01
2.351585239641269e+00 8.765099404675686e+01
2.371658771516677e+00 8.768185313330966e+01
2.392056070035232e+00 8.771244213302174e+01
2.412785031944337e+00 8.774275726835147e+01
2.433853812901129e+00 8.777279472315318e+01
2.455270838171260e+00 8.780255064363412e+01
2.477044813862554e+00 8.783202113942956e+01
2.499184738725137e+00 8.786120228480367e+01
2.521699916551487e+00 8.789009011998446e+01
2.544599969212480e+00 8.791868065264167e+01
2.567894850367628e+00 8.794696985951624e+01
2.591594859890688e+00 8.797495368821171e+01
2.615710659054507e+00 8.800262805915679e+01
2.640253286522106e+00 8.802998886775032e+01
2.665234175194488e+00 8.805703198669924e+01
2.690665169969070e+00 8.808375326856152e+01
2.716558546466832e+00 8.811014854850568e+01
2.742927030790236e+00 8.813621364730000e+01
2.769783820378893e+00 8.816194437454419e+01
2.797142606034622e+00 8.818733653215747e+01
2.825017595193295e+00 8.821238591813709e+01
2.853423536526414e+00 8.823708833060202e+01
2.882375745962098e+00 8.826143957213726e+01
2.911890134221776e+00 8.828543545445430e+01
2.941983235976736e+00 8.830907180338392e+01
2.972672240736751e+00 8.833234446421817e+01
3.003975025591959e+00 8.835524930741842e+01
3.035910189939199e+00 8.837778223470688e+01
3.068497092334335e+00 8.839993918555936e+01
3.101755889624223e+00 8.842171614411710e+01
3.135707578524309e+00 8.844310914653568e+01
3.170374039822299e+00 8.846411428878926e+01
3.205778085403218e+00 8.848472773494788e+01
3.241943508308466e+00 8.850494572594577e+01
3.278895136059479e+00 8.852476458885792e+01
3.316658887497321e+00 8.854418074670174e+01
3.355261833411567e+00 8.856319072877992e+01
3.394732261256461e+00 8.858179118157928e+01
3.435099744279658e+00 8.859997888023962e+01
3.476395215418321e+00 8.861775074060432e+01
3.518651046350915e+00 8.863510383186312e+01
3.561901132128974e+00 8.865203538979483e+01
3.606180981854138e+00 8.866854283061498e+01
3.651527815910019e+00 8.868462376543027e+01
3.697980670308737e+00 8.870027601529792e+01
3.745580508766672e+00 8.871549762688343e+01
3.794370343186066e+00 8.873028688870558e+01
3.844395363286964e+00 8.874464234795141e+01
3.895703076210951e+00 8.875856282783781e+01
3.948343457003104e+00 8.877204744548861e+01
4.002369110973986e+00 8.878509563028810e+01
4.057835449050772e+00 8.879770714266263e+01
4.114800877345835e+00 8.880988209323154e+01
4.173327002306531e+00 8.882162096225751e+01
4.233478852960565e+00 8.883292461931376e+01
4.295325121942896e+00 8.884379434307182e+01
4.358938427181849e+00 8.885423184109882e+01
4.424395596340788e+00 8.886423926953657e+01
4.491777976357328e+00 8.887381925251769e+01
4.561171770702734e+00 8.888297490115508e+01
4.632668407301033e+00 8.889170983192089e+01
4.706364940410032e+00 8.890002818421057e+01
4.782364490178702e+00 8.890793463686511e+01
4.860776724066998e+00 8.891543442340210e+01
4.941718384854933e+00 8.892253334568289e+01
5.025313870586716e+00 8.892923778571988e+01
5.111695872509578e+00 8.893555471530426e+01
5.201006077887432e+00 8.894149170311329e+01
5.293395945519714e+00 8.894705691893397e+01
5.389027562893461e+00 8.895225913462261e+01
5.488074595173434e+00 8.895710772140359e+01
5.590723337718132e+00 8.896161264309984e+01
5.697173885542242e+00 8.896578444488190e+01
5.807641435171059e+00 8.896963423712396e+01
5.922357736708651e+00 8.897317367396491e+01
6.041572716737940e+00 8.897641492619344e+01
6.165556295968373e+00 8.897937064810803e+01
6.294600429453137e+00 8.898205393805031e+01
6.429021401833070e+00 8.898447829237354e+01
6.569162415590905e+00 8.898665755268901e+01
6.715396516903394e+00 8.898860584633677e+01
6.868129911607584e+00 8.899033752015006e+01
7.027805733343747e+00 8.899186706773170e+01
7.194908337486280e+00 8.899320905063176e+01
7.369968208492743e+00 8.899437801401182e+01
7.553567585401922e+00 8.899538839759829e+01
7.746346931156601e+00 8.899625444296461e+01
7.949012397206346e+00 8.899699009843179e+01
8.162344466732442e+00 8.899760892313503e+01
8.387207999476114e+00 8.899812399205626e+01
8.624563950705596e+00 8.899854780405951e+01
8.875483099148139e+00 8.899889219516839e+01
9.141162197499124e+00 8.899916825947420e+01
9.422943059386469e+00 8.899938628013756e+01
9.722335225141840e+00 8.899955567292037e+01
1.004104301449433e+01 8.899968494453489e+01
1.038099798980358e+01 8.899978166780097e+01
1.074439813582390e+01 8.899985247514230e+01
1.113375543513129e+01 8.899990307132279e+01
1.155195401586895e+01 8.899993826552948e+01
1.200232171820172e+01 8.899996202197589e+01
1.248871883672121e+01 8.899997752717850e+01
1.301564904845055e+01 8.899998727102503e+01
1.358839927859126e+01 8.899999313780715e+01
1.421321771147189e+01 8.899999650265246e+01
1.489754266176988e+01 8.899999832838517e+01
1.565030010709749e+01 8.899999925788124e+01
1.648229517824926e+01 8.899999969752589e+01
1.740673414619566e+01 8.899999988841815e+01
1.843993063978260e+01 8.899999996339449e+01
1.960227669506815e+01 8.899999998955295e+01
2.091960222439148e+01 8.899999999747749e+01
2.242511711504705e+01 8.899999999950282e+01
2.416224968118770e+01 8.899999999992367e+01
2.618890434168556e+01 8.899999999999143e+01
2.858404166772796e+01 8.899999999999935e+01
3.145820645897945e+01 8.899999999999997e+01
3.497107453717492e+01 8.900000000000000e+01
3.936215963492022e+01 8.900000000000000e+01
4.500784047487713e+01 8.900000000000000e+01
