0.000000000000000e+00 0.000000000000000e+00
1.025303045588691e-04 3.768398911802251e-02
2.051628327513962e-04 7.536944970550508e-02
3.078977375306489e-04 1.130563814155323e-01
4.107351721549907e-04 1.507447839003220e-01
5.136752901888427e-04 1.884346568110686e-01
6.167182455034476e-04 2.261259997981995e-01
7.198641922776375e-04 2.638188125109906e-01
8.231132849986014e-04 3.015130945980502e-01
9.264656784626579e-04 3.392088457067644e-01
1.029921527776028e-03 3.769060654837944e-01
1.133480988355610e-03 4.146047535747925e-01
1.237144215929762e-03 4.523049096244733e-01
1.340911366539075e-03 4.900065332765422e-01
1.444782596537164e-03 5.277096241737667e-01
1.548758062591448e-03 5.654141819581042e-01
1.652837921683939e-03 6.031202062704182e-01
1.757022331112032e-03 6.408276967506907e-01
1.861311448489300e-03 6.785366530378383e-01
1.965705431746283e-03 7.162470747698961e-01
2.070204439131291e-03 7.539589615839333e-01
2.174808629211201e-03 7.916723131161092e-01
2.279518160872260e-03 8.293871290014891e-01
2.384333193320886e-03 8.671034088742573e-01
2.489253886084480e-03 9.048211523675462e-01
2.594280399012233e-03 9.425403591136643e-01
2.699412892275938e-03 9.802610287437261e-01
2.804651526370803e-03 1.017983160888093e+00
2.909996462116268e-03 1.055706755175976e+00
3.015447860656827e-03 1.093431811235661e+00
3.121005883462847e-03 1.131158328694511e+00
3.226670692331392e-03 1.168886307178681e+00
3.332442449387050e-03 1.206615746313645e+00
3.438321317082765e-03 1.244346645723638e+00
3.544307458200665e-03 1.282079005031989e+00
3.650401035852895e-03 1.319812823861042e+00
3.756602213482461e-03 1.357548101832037e+00
3.862911154864060e-03 1.395284838565402e+00
3.969328024104931e-03 1.433023033680342e+00
4.075852985645691e-03 1.470762686795183e+00
4.182486204261186e-03 1.508503797527197e+00
4.289227845061344e-03 1.546246365492664e+00
4.396078073492022e-03 1.583990390306809e+00
4.503037055335861e-03 1.621735871583923e+00
4.610104956713145e-03 1.659482808937057e+00
4.717281944082662e-03 1.697231201978511e+00
4.824568184242568e-03 1.734981050319405e+00
4.931963844331243e-03 1.772732353569836e+00
5.039469091828172e-03 1.810485111338892e+00
5.147084094554807e-03 1.848239323234608e+00
5.254809020675443e-03 1.885994988863942e+00
5.362644038698093e-03 1.923752107832982e+00
5.470589317475368e-03 1.961510679746510e+00
5.578645026205355e-03 1.999270704208456e+00
5.686811334432508e-03 2.037032180821612e+00
5.795088412048525e-03 2.074795109187846e+00
5.903476429293248e-03 2.112559488907678e+00
6.011975556755545e-03 2.150325319580944e+00
6.120585965374215e-03 2.188092600806144e+00
6.229307826438877e-03 2.225861332180841e+00
6.338141311590873e-03 2.263631513301448e+00
6.447086592824176e-03 2.301403143763380e+00
6.556143842486291e-03 2.339176223161019e+00
6.665313233279163e-03 2.376950751087506e+00
6.774594938260094e-03 2.414726727135076e+00
6.883989130842652e-03 2.452504150894839e+00
6.993495984797591e-03 2.490283021956728e+00
7.103115674253774e-03 2.528063339909721e+00
7.212848373699085e-03 2.565845104341648e+00
7.322694257981369e-03 2.603628314839213e+00
7.432653502309353e-03 2.641412970988057e+00
7.542726282253575e-03 2.679199072372825e+00
7.652912773747327e-03 2.716986618576868e+00
7.763213153087584e-03 2.754775609182545e+00
7.873627596935950e-03 2.792566043771146e+00
7.984156282319596e-03 2.830357921922769e+00
8.094799386632209e-03 2.868151243216431e+00
8.205557087634945e-03 2.905946007230042e+00
8.316429563457373e-03 2.943742213540403e+00
8.427416992598434e-03 2.981539861723220e+00
8.538519553927400e-03 3.019338951353021e+00
8.649737426684836e-03 3.057139482003180e+00
8.761070790483556e-03 3.094941453246037e+00
8.872519825309599e-03 3.132744864652764e+00
8.984084711523196e-03 3.170549715793356e+00
9.095765629859741e-03 3.208356006236741e+00
9.207562761430765e-03 3.246163735550624e+00
9.319476287724926e-03 3.283972903301645e+00
9.431506390608975e-03 3.321783509055294e+00
9.543653252328754e-03 3.359595552375794e+00
9.655917055510183e-03 3.397409032826403e+00
9.768297983160241e-03 3.435223949969085e+00
9.880796218667972e-03 3.473040303364655e+00
9.993411945805475e-03 3.510858092572860e+00
1.010614534872891e-02 3.548677317152155e+00
1.021899661197950e-02 3.586497976659999e+00
1.033196592048454e-02 3.624320070652431e+00
1.044505345955839e-02 3.662143598684565e+00
1.055825941490353e-02 3.699968560310197e+00
1.067158397261152e-02 3.737794955081952e+00
1.078502731916406e-02 3.775622782551395e+00
1.089858964143403e-02 3.813452042268736e+00
1.101227112668643e-02 3.851282733783052e+00
1.112607196257952e-02 3.889114856642308e+00
1.123999233716578e-02 3.926948410393180e+00
1.135403243889295e-02 3.964783394581161e+00
1.146819245660512e-02 4.002619808750609e+00
1.158247257954371e-02 4.040457652444587e+00
1.169687299734855e-02 4.078296925205038e+00
1.181139390005892e-02 4.116137626572566e+00
1.192603547811462e-02 4.153979756086727e+00
1.204079792235698e-02 4.191823313285738e+00
1.215568142402998e-02 4.229668297706638e+00
1.227068617478126e-02 4.267514708885173e+00
1.238581236666322e-02 4.305362546356065e+00
1.250106019213407e-02 4.343211809652558e+00
1.261642984405890e-02 4.381062498306761e+00
1.273192151571078e-02 4.418914611849686e+00
1.284753540077182e-02 4.456768149810813e+00
1.296327169333425e-02 4.494623111718624e+00
1.307913058790150e-02 4.532479497100326e+00
1.319511227938935e-02 4.570337305481672e+00
1.331121696312690e-02 4.608196536387453e+00
1.342744483485782e-02 4.646057189341008e+00
1.354379609074132e-02 4.683919263864453e+00
1.366027092735332e-02 4.721782759478629e+00
1.377686954168754e-02 4.759647675703235e+00
1.389359213115662e-02 4.797514012056553e+00
1.401043889359322e-02 4.835381768055640e+00
1.412741002725114e-02 4.873250943216249e+00
1.424450573080647e-02 4.911121537052992e+00
1.436172620335866e-02 4.948993549078921e+00
1.447907164443169e-02 4.986866978806148e+00
1.459654225397520e-02 5.024741825745203e+00
1.471413823236561e-02 5.062618089405440e+00
1.483185978040726e-02 5.100495769294987e+00
1.494970709933357e-02 5.138374864920529e+00
1.506768039080818e-02 5.176255375787534e+00
1.518577985692607e-02 5.214137301400100e+00
1.530400570021477e-02 5.252020641261154e+00
1.542235812363547e-02 5.289905394872115e+00
1.554083733058420e-02 5.327791561733264e+00
1.565944352489301e-02 5.365679141343364e+00
1.577817691083110e-02 5.403568133200068e+00
1.589703769310604e-02 5.441458536799587e+00
1.601602607686490e-02 5.479350351636732e+00
1.613514226769546e-02 5.517243577205143e+00
1.625438647162741e-02 5.555138212996980e+00
1.637375889513347e-02 5.593034258503131e+00
1.649325974513067e-02 5.630931713213137e+00
1.661288922898146e-02 5.668830576615186e+00
1.673264755449499e-02 5.706730848196010e+00
1.685253492992826e-02 5.744632527441162e+00
1.697255156398734e-02 5.782535613834732e+00
1.709269766582857e-02 5.820440106859458e+00
1.721297344505980e-02 5.858346005996644e+00
1.733337911174161e-02 5.896253310726372e+00
1.745391487638850e-02 5.934162020527232e+00
1.757458094997014e-02 5.972072134876427e+00
1.769537754391261e-02 6.009983653249876e+00
1.781630487009960e-02 6.047896575121982e+00
1.793736314087369e-02 6.085810899965907e+00
1.805855256903757e-02 6.123726627253298e+00
1.817987336785529e-02 6.161643756454474e+00
1.830132575105350e-02 6.199562287038233e+00
1.842290993282274e-02 6.237482218472159e+00
1.854462612781865e-02 6.275403550222229e+00
1.866647455116328e-02 6.313326281753177e+00
1.878845541844634e-02 6.351250412528231e+00
1.891056894572644e-02 6.389175942009153e+00
1.903281534953241e-02 6.427102869656387e+00
1.915519484686457e-02 6.465031194928912e+00
1.927770765519601e-02 6.502960917284206e+00
1.940035399247385e-02 6.540892036178434e+00
1.952313407712059e-02 6.578824551066198e+00
1.964604812803536e-02 6.616758461400700e+00
1.976909636459523e-02 6.654693766633756e+00
1.989227900665654e-02 6.692630466215668e+00
2.001559627455616e-02 6.730568559595241e+00
2.013904838911286e-02 6.768508046219907e+00
2.026263557162859e-02 6.806448925535591e+00
2.038635804388983e-02 6.844391196986784e+00
2.051021602816887e-02 6.882334860016407e+00
2.063420974722521e-02 6.920279914066015e+00
2.075833942430684e-02 6.958226358575644e+00
2.088260528315157e-02 6.996174192983872e+00
2.100700754798846e-02 7.034123416727681e+00
2.113154644353906e-02 7.072074029242707e+00
2.125622219501883e-02 7.110026029962995e+00
2.138103502813849e-02 7.147979418321107e+00
2.150598516910537e-02 7.185934193748139e+00
2.163107284462478e-02 7.223890355673646e+00
2.175629828190136e-02 7.261847903525670e+00
2.188166170864051e-02 7.299806836730724e+00
2.200716335304971e-02 7.337767154713781e+00
2.213280344383994e-02 7.375728856898398e+00
2.225858221022708e-02 7.413691942706492e+00
2.238449988193325e-02 7.451656411558467e+00
2.251055668918827e-02 7.489622262873219e+00
2.263675286273102e-02 7.527589496068096e+00
2.276308863381088e-02 7.565558110558896e+00
2.288956423418911e-02 7.603528105759828e+00
2.301617989614030e-02 7.641499481083578e+00
2.314293585245375e-02 7.679472235941269e+00
2.326983233643496e-02 7.717446369742468e+00
2.339686958190700e-02 7.755421881895217e+00
2.352404782321197e-02 7.793398771805911e+00
2.365136729521245e-02 7.831377038879332e+00
2.377882823329293e-02 7.869356682518848e+00
2.390643087336127e-02 7.907337702126071e+00
2.403417545185015e-02 7.945320097101089e+00
2.416206220571854e-02 7.983303866842405e+00
2.429009137245316e-02 8.021289010746962e+00
2.441826319006993e-02 8.059275528209987e+00
2.454657789711548e-02 8.097263418625232e+00
2.467503573266861e-02 8.135252681384685e+00
2.480363693634179e-02 8.173243315878899e+00
2.493238174828260e-02 8.211235321496652e+00
2.506127040917530e-02 8.249228697625156e+00
2.519030316024228e-02 8.287223443650014e+00
2.531948024324557e-02 8.325219558955162e+00
2.544880190048838e-02 8.363217042922891e+00
2.557826837481656e-02 8.401215894933927e+00
2.570787990962018e-02 8.439216114367220e+00
2.583763674883502e-02 8.477217700600129e+00
2.596753913694410e-02 8.515220653008413e+00
2.609758731897923e-02 8.553224970966092e+00
2.622778154052253e-02 8.591230653845543e+00
2.635812204770802e-02 8.629237701017480e+00
2.648860908722312e-02 8.667246111850879e+00
2.661924290631023e-02 8.705255885713186e+00
2.675002375276828e-02 8.743267021969970e+00
2.688095187495432e-02 8.781279519985262e+00
2.701202752178509e-02 8.819293379121376e+00
2.714325094273855e-02 8.857308598738790e+00
2.727462238785552e-02 8.895325178196423e+00
2.740614210774124e-02 8.933343116851503e+00
2.753781035356699e-02 8.971362414059406e+00
2.766962737707163e-02 9.009383069173865e+00
2.780159343056328e-02 9.047405081546948e+00
2.793370876692087e-02 9.085428450528909e+00
2.806597363959578e-02 9.123453175468278e+00
2.819838830261347e-02 9.161479255711853e+00
2.833095301057509e-02 9.199506690604743e+00
2.846366801865912e-02 9.237535479490305e+00
2.859653358262299e-02 9.275565621709994e+00
2.872954995880476e-02 9.313597116603667e+00
2.886271740412472e-02 9.351629963509389e+00
2.899603617608710e-02 9.389664161763427e+00
2.912950653278166e-02 9.427699710700317e+00
2.926312873288544e-02 9.465736609652723e+00
2.939690303566434e-02 9.503774857951619e+00
2.953082970097488e-02 9.541814454926161e+00
2.966490898926584e-02 9.579855399903707e+00
2.979914116157993e-02 9.617897692209887e+00
2.993352647955553e-02 9.655941331168343e+00
3.006806520542836e-02 9.693986316101125e+00
3.020275760203320e-02 9.732032646328342e+00
3.033760393280559e-02 9.770080321168308e+00
3.047260446178356e-02 9.808129339937544e+00
3.060775945360932e-02 9.846179701950668e+00
3.074306917353105e-02 9.884231406520620e+00
3.087853388740458e-02 9.922284452958273e+00
3.101415386169515e-02 9.960338840572838e+00
3.114992936347918e-02 9.998394568671635e+00
3.128586066044598e-02 1.003645163656009e+01
3.142194802089954e-02 1.007451004354183e+01
3.155819171376028e-02 1.011256978891849e+01
3.169459200856684e-02 1.015063087198994e+01
3.183114917547783e-02 1.018869329205423e+01
3.196786348527365e-02 1.022675704840739e+01
3.210473520935823e-02 1.026482214034365e+01
3.224176461976089e-02 1.030288856715529e+01
3.237895198913807e-02 1.034095632813278e+01
3.251629759077520e-02 1.037902542256459e+01
3.265380169858849e-02 1.041709584973731e+01
3.279146458712673e-02 1.045516760893567e+01
3.292928653157316e-02 1.049324069944240e+01
3.306726780774728e-02 1.053131512053837e+01
3.320540869210668e-02 1.056939087150246e+01
3.334370946174890e-02 1.060746795161168e+01
3.348217039441329e-02 1.064554636014110e+01
3.362079176848285e-02 1.068362609636370e+01
3.375957386298612e-02 1.072170715955070e+01
3.389851695759902e-02 1.075978954897128e+01
3.403762133264675e-02 1.079787326389257e+01
3.417688726910569e-02 1.083595830357988e+01
3.431631504860526e-02 1.087404466729646e+01
3.445590495342983e-02 1.091213235430363e+01
3.459565726652063e-02 1.095022136386059e+01
3.473557227147765e-02 1.098831169522472e+01
3.487565025256159e-02 1.102640334765130e+01
3.501589149469575e-02 1.106449632039364e+01
3.515629628346796e-02 1.110259061270301e+01
3.529686490513256e-02 1.114068622382874e+01
3.543759764661229e-02 1.117878315301800e+01
3.557849479550029e-02 1.121688139951610e+01
3.571955664006204e-02 1.125498096256615e+01
3.586078346923732e-02 1.129308184140934e+01
3.600217557264217e-02 1.133118403528481e+01
3.614373324057091e-02 1.136928754342954e+01
3.628545676399810e-02 1.140739236507858e+01
3.642734643458054e-02 1.144549849946488e+01
3.656940254465927e-02 1.148360594581924e+01
3.671162538726157e-02 1.152171470337051e+01
3.685401525610297e-02 1.155982477134537e+01
3.699657244558931e-02 1.159793614896842e+01
3.713929725081873e-02 1.163604883546219e+01
3.728218996758371e-02 1.167416283004716e+01
3.742525089237313e-02 1.171227813194164e+01
3.756848032237433e-02 1.175039474036178e+01
3.771187855547511e-02 1.178851265452170e+01
3.785544589026587e-02 1.182663187363337e+01
3.799918262604163e-02 1.186475239690667e+01
3.814308906280414e-02 1.190287422354922e+01
3.828716550126395e-02 1.194099735276662e+01
3.843141224284250e-02 1.197912178376226e+01
3.857582958967425e-02 1.201724751573742e+01
3.872041784460876e-02 1.205537454789118e+01
3.886517731121282e-02 1.209350287942041e+01
3.901010829377258e-02 1.213163250951992e+01
3.915521109729565e-02 1.216976343738229e+01
3.930048602751329e-02 1.220789566219778e+01
3.944593339088254e-02 1.224602918315472e+01
3.959155349458831e-02 1.228416399943900e+01
3.973734664654567e-02 1.232230011023442e+01
3.988331315540191e-02 1.236043751472252e+01
4.002945333053877e-02 1.239857621208269e+01
4.017576748207459e-02 1.243671620149200e+01
4.032225592086657e-02 1.247485748212537e+01
4.046891895851288e-02 1.251300005315543e+01
4.061575690735496e-02 1.255114391375256e+01
4.076277008047966e-02 1.258928906308495e+01
4.090995879172153e-02 1.262743550031840e+01
4.105732335566500e-02 1.266558322461663e+01
4.120486408764666e-02 1.270373223514092e+01
4.135258130375748e-02 1.274188253105036e+01
4.150047532084510e-02 1.278003411150169e+01
4.164854645651606e-02 1.281818697564946e+01
4.179679502913809e-02 1.285634112264581e+01
4.194522135784240e-02 1.289449655164062e+01
4.209382576252595e-02 1.293265326178151e+01
4.224260856385380e-02 1.297081125221363e+01
4.239157008326130e-02 1.300897052207994e+01
4.254071064295657e-02 1.304713107052106e+01
4.269003056592265e-02 1.308529289667518e+01
4.283953017591999e-02 1.312345599967822e+01
4.298920979748866e-02 1.316162037866367e+01
4.313906975595080e-02 1.319978603276276e+01
4.328911037741288e-02 1.323795296110427e+01
4.343933198876817e-02 1.327612116281467e+01
4.358973491769901e-02 1.331429063701790e+01
4.374031949267931e-02 1.335246138283571e+01
4.389108604297678e-02 1.339063339938733e+01
4.404203489865552e-02 1.342880668578959e+01
4.419316639057827e-02 1.346698124115691e+01
4.434448085040892e-02 1.350515706460137e+01
4.449597861061489e-02 1.354333415523250e+01
4.464766000446960e-02 1.358151251215752e+01
4.479952536605487e-02 1.361969213448108e+01
4.495157503026343e-02 1.365787302130549e+01
4.510380933280132e-02 1.369605517173051e+01
4.525622861019042e-02 1.373423858485356e+01
4.540883319977087e-02 1.377242325976943e+01
4.556162343970361e-02 1.381060919557060e+01
4.571459966897284e-02 1.384879639134689e+01
4.586776222738857e-02 1.388698484618581e+01
4.602111145558908e-02 1.392517455917221e+01
4.617464769504350e-02 1.396336552938853e+01
4.632837128805429e-02 1.400155775591465e+01
4.648228257775985e-02 1.403975123782794e+01
4.663638190813701e-02 1.407794597420322e+01
4.679066962400363e-02 1.411614196411278e+01
4.694514607102115e-02 1.415433920662642e+01
4.709981159569721e-02 1.419253770081131e+01
4.725466654538817e-02 1.423073744573207e+01
4.740971126830180e-02 1.426893844045075e+01
4.756494611349980e-02 1.430714068402688e+01
4.772037143090052e-02 1.434534417551737e+01
4.787598757128145e-02 1.438354891397645e+01
4.803179488628203e-02 1.442175489845588e+01
4.818779372840613e-02 1.445996212800476e+01
4.834398445102488e-02 1.449817060166956e+01
4.850036740837912e-02 1.453638031849411e+01
4.865694295558236e-02 1.457459127751963e+01
4.881371144862316e-02 1.461280347778474e+01
4.897067324436809e-02 1.465101691832538e+01
4.912782870056427e-02 1.468923159817473e+01
4.928517817584219e-02 1.472744751636350e+01
4.944272202971834e-02 1.476566467191960e+01
4.960046062259805e-02 1.480388306386822e+01
4.975839431577816e-02 1.484210269123199e+01
4.991652347144984e-02 1.488032355303075e+01
5.007484845270129e-02 1.491854564828164e+01
5.023336962352060e-02 1.495676897599911e+01
5.039208734879844e-02 1.499499353519489e+01
5.055100199433098e-02 1.503321932487799e+01
5.071011392682259e-02 1.507144634405460e+01
5.086942351388872e-02 1.510967459172826e+01
5.102893112405872e-02 1.514790406689971e+01
5.118863712677869e-02 1.518613476856691e+01
5.134854189241431e-02 1.522436669572509e+01
5.150864579225371e-02 1.526259984736664e+01
5.166894919851033e-02 1.530083422248118e+01
5.182945248432591e-02 1.533906982005561e+01
5.199015602377317e-02 1.537730663907387e+01
5.215106019185896e-02 1.541554467851721e+01
5.231216536452697e-02 1.545378393736402e+01
5.247347191866085e-02 1.549202441458979e+01
5.263498023208692e-02 1.553026610916730e+01
5.279669068357738e-02 1.556850902006633e+01
5.295860365285303e-02 1.560675314625392e+01
5.312071952058644e-02 1.564499848669418e+01
5.328303866840475e-02 1.568324504034833e+01
5.344556147889288e-02 1.572149280617475e+01
5.360828833559628e-02 1.575974178312885e+01
5.377121962302422e-02 1.579799197016330e+01
5.393435572665255e-02 1.583624336622759e+01
5.409769703292695e-02 1.587449597026853e+01
5.426124392926589e-02 1.591274978122989e+01
5.442499680406370e-02 1.595100479805250e+01
5.458895604669364e-02 1.598926101967422e+01
5.475312204751100e-02 1.602751844503003e+01
5.491749519785622e-02 1.606577707305190e+01
5.508207589005792e-02 1.610403690266878e+01
5.524686451743614e-02 1.614229793280664e+01
5.541186147430534e-02 1.618056016238855e+01
5.557706715597768e-02 1.621882359033443e+01
5.574248195876605e-02 1.625708821556129e+01
5.590810627998734e-02 1.629535403698307e+01
5.607394051796556e-02 1.633362105351072e+01
5.623998507203507e-02 1.637188926405208e+01
5.640624034254376e-02 1.641015866751196e+01
5.657270673085626e-02 1.644842926279213e+01
5.673938463935722e-02 1.648670104879128e+01
5.690627447145449e-02 1.652497402440496e+01
5.707337663158242e-02 1.656324818852573e+01
5.724069152520510e-02 1.660152354004298e+01
5.740821955881966e-02 1.663980007784299e+01
5.757596113995953e-02 1.667807780080890e+01
5.774391667719781e-02 1.671635670782084e+01
5.791208658015048e-02 1.675463679775561e+01
5.808047125947986e-02 1.679291806948697e+01
5.824907112689783e-02 1.683120052188558e+01
5.841788659516928e-02 1.686948415381876e+01
5.858691807811543e-02 1.690776896415078e+01
5.875616599061720e-02 1.694605495174271e+01
5.892563074861865e-02 1.698434211545233e+01
5.909531276913036e-02 1.702263045413432e+01
5.926521247023286e-02 1.706091996664002e+01
5.943533027108001e-02 1.709921065181766e+01
5.960566659190258e-02 1.713750250851216e+01
5.977622185401155e-02 1.717579553556520e+01
5.994699647980169e-02 1.721408973181516e+01
6.011799089275500e-02 1.725238509609724e+01
6.028920551744425e-02 1.729068162724327e+01
6.046064077953645e-02 1.732897932408176e+01
6.063229710579640e-02 1.736727818543807e+01
6.080417492409024e-02 1.740557821013408e+01
6.097627466338897e-02 1.744387939698842e+01
6.114859675377207e-02 1.748218174481634e+01
6.132114162643104e-02 1.752048525242985e+01
6.149390971367300e-02 1.755878991863747e+01
6.166690144892435e-02 1.759709574224444e+01
6.184011726673430e-02 1.763540272205255e+01
6.201355760277862e-02 1.767371085686030e+01
6.218722289386321e-02 1.771202014546269e+01
6.236111357792778e-02 1.775033058665132e+01
6.253523009404960e-02 1.778864217921446e+01
6.270957288244705e-02 1.782695492193682e+01
6.288414238448353e-02 1.786526881359978e+01
6.305893904267100e-02 1.790358385298119e+01
6.323396330067381e-02 1.794190003885541e+01
6.340921560331246e-02 1.798021736999345e+01
6.358469639656733e-02 1.801853584516266e+01
6.376040612758246e-02 1.805685546312704e+01
6.393634524466943e-02 1.809517622264699e+01
6.411251419731105e-02 1.813349812247941e+01
6.428891343616527e-02 1.817182116137764e+01
6.446554341306901e-02 1.821014533809157e+01
6.464240458104199e-02 1.824847065136742e+01
6.481949739429066e-02 1.828679709994785e+01
6.499682230821198e-02 1.832512468257206e+01
6.517437977939747e-02 1.836345339797550e+01
6.535217026563699e-02 1.840178324489013e+01
6.553019422592281e-02 1.844011422204425e+01
6.570845212045340e-02 1.847844632816251e+01
6.588694441063755e-02 1.851677956196598e+01
6.606567155909827e-02 1.855511392217203e+01
6.624463402967679e-02 1.859344940749438e+01
6.642383228743655e-02 1.863178601664310e+01
6.660326679866732e-02 1.867012374832454e+01
6.678293803088917e-02 1.870846260124137e+01
6.696284645285652e-02 1.874680257409259e+01
6.714299253456227e-02 1.878514366557335e+01
6.732337674724186e-02 1.882348587437523e+01
6.750399956337737e-02 1.886182919918593e+01
6.768486145670168e-02 1.890017363868947e+01
6.786596290220258e-02 1.893851919156608e+01
6.804730437612692e-02 1.897686585649218e+01
6.822888635598487e-02 1.901521363214040e+01
6.841070932055397e-02 1.905356251717961e+01
6.859277374988346e-02 1.909191251027484e+01
6.877508012529843e-02 1.913026361008723e+01
6.895762892940412e-02 1.916861581527413e+01
6.914042064609011e-02 1.920696912448901e+01
6.932345576053468e-02 1.924532353638149e+01
6.950673475920902e-02 1.928367904959730e+01
6.969025812988160e-02 1.932203566277826e+01
6.987402636162243e-02 1.936039337456227e+01
7.005803994480753e-02 1.939875218358333e+01
7.024229937112313e-02 1.943711208847148e+01
7.042680513357018e-02 1.947547308785289e+01
7.061155772646865e-02 1.951383518034968e+01
7.079655764546204e-02 1.955219836458000e+01
7.098180538752173e-02 1.959056263915809e+01
7.116730145095146e-02 1.962892800269406e+01
7.135304633539184e-02 1.966729445379417e+01
7.153904054182475e-02 1.970566199106052e+01
7.172528457257793e-02 1.974403061309121e+01
7.191177893132943e-02 1.978240031848028e+01
7.209852412311220e-02 1.982077110581778e+01
7.228552065431863e-02 1.985914297368958e+01
7.247276903270515e-02 1.989751592067746e+01
7.266026976739676e-02 1.993588994535916e+01
7.284802336889173e-02 1.997426504630826e+01
7.303603034906618e-02 2.001264122209419e+01
7.322429122117875e-02 2.005101847128223e+01
7.341280649987526e-02 2.008939679243355e+01
7.360157670119340e-02 2.012777618410509e+01
7.379060234256746e-02 2.016615664484962e+01
7.397988394283300e-02 2.020453817321570e+01
7.416942202223170e-02 2.024292076774768e+01
7.435921710241603e-02 2.028130442698567e+01
7.454926970645406e-02 2.031968914946553e+01
7.473958035883431e-02 2.035807493371885e+01
7.493014958547051e-02 2.039646177827299e+01
7.512097791370648e-02 2.043484968165097e+01
7.531206587232102e-02 2.047323864237151e+01
7.550341399153269e-02 2.051162865894904e+01
7.569502280300490e-02 2.055001972989366e+01
7.588689283985060e-02 2.058841185371106e+01
7.607902463663745e-02 2.062680502890265e+01
7.627141872939258e-02 2.066519925396543e+01
7.646407565560778e-02 2.070359452739201e+01
7.665699595424433e-02 2.074199084767053e+01
7.685018016573809e-02 2.078038821328484e+01
7.704362883200462e-02 2.081878662271424e+01
7.723734249644411e-02 2.085718607443363e+01
7.743132170394658e-02 2.089558656691344e+01
7.762556700089691e-02 2.093398809861962e+01
7.782007893518006e-02 2.097239066801363e+01
7.801485805618612e-02 2.101079427355235e+01
7.820990491481557e-02 2.104919891368825e+01
7.840522006348438e-02 2.108760458686917e+01
7.860080405612935e-02 2.112601129153842e+01
7.879665744821322e-02 2.116441902613474e+01
7.899278079673001e-02 2.120282778909229e+01
7.918917466021028e-02 2.124123757884059e+01
7.938583959872640e-02 2.127964839380460e+01
7.958277617389793e-02 2.131806023240458e+01
7.977998494889692e-02 2.135647309305620e+01
7.997746648845332e-02 2.139488697417039e+01
8.017522135886031e-02 2.143330187415348e+01
8.037325012797979e-02 2.147171779140707e+01
8.057155336524771e-02 2.151013472432798e+01
8.077013164167969e-02 2.154855267130841e+01
8.096898552987630e-02 2.158697163073574e+01
8.116811560402876e-02 2.162539160099259e+01
8.136752243992429e-02 2.166381258045683e+01
8.156720661495181e-02 2.170223456750152e+01
8.176716870810741e-02 2.174065756049491e+01
8.196740930000000e-02 2.177908155780041e+01
8.216792897285689e-02 2.181750655777662e+01
8.236872831052949e-02 2.185593255877722e+01
8.256980789849891e-02 2.189435955915104e+01
8.277116832388171e-02 2.193278755724206e+01
8.297281017543555e-02 2.197121655138927e+01
8.317473404356497e-02 2.200964653992677e+01
8.337694052032721e-02 2.204807752118371e+01
8.357943019943781e-02 2.208650949348429e+01
8.378220367627671e-02 2.212494245514772e+01
8.398526154789376e-02 2.216337640448817e+01
8.418860441301486e-02 2.220181133981490e+01
8.439223287204761e-02 2.224024725943202e+01
8.459614752708748e-02 2.227868416163867e+01
8.480034898192342e-02 2.231712204472888e+01
8.500483784204418e-02 2.235556090699161e+01
8.520961471464394e-02 2.239400074671074e+01
8.541468020862866e-02 2.243244156216500e+01
8.562003493462179e-02 2.247088335162798e+01
8.582567950497062e-02 2.250932611336815e+01
8.603161453375212e-02 2.254776984564881e+01
8.623784063677928e-02 2.258621454672799e+01
8.644435843160701e-02 2.262466021485857e+01
8.665116853753856e-02 2.266310684828822e+01
8.685827157563146e-02 2.270155444525933e+01
8.706566816870395e-02 2.274000300400905e+01
8.727335894134107e-02 2.277845252276926e+01
8.748134451990104e-02 2.281690299976645e+01
8.768962553252146e-02 2.285535443322188e+01
8.789820260912572e-02 2.289380682135148e+01
8.810707638142924e-02 2.293226016236578e+01
8.831624748294603e-02 2.297071445446993e+01
8.852571654899488e-02 2.300916969586373e+01
8.873548421670598e-02 2.304762588474151e+01
8.894555112502718e-02 2.308608301929220e+01
8.915591791473075e-02 2.312454109769930e+01
8.936658522841957e-02 2.316300011814081e+01
8.957755371053401e-02 2.320146007878926e+01
8.978882400735816e-02 2.323992097781162e+01
9.000039676702676e-02 2.327838281336943e+01
9.021227263953153e-02 2.331684558361861e+01
9.042445227672809e-02 2.335530928670950e+01
9.063693633234240e-02 2.339377392078689e+01
9.084972546197774e-02 2.343223948399000e+01
9.106282032312114e-02 2.347070597445233e+01
9.127622157515045e-02 2.350917339030180e+01
9.148992987934094e-02 2.354764172966066e+01
9.170394589887228e-02 2.358611099064545e+01
9.191827029883518e-02 2.362458117136702e+01
9.213290374623856e-02 2.366305226993052e+01
9.234784691001624e-02 2.370152428443528e+01
9.256310046103407e-02 2.373999721297494e+01
9.277866507209669e-02 2.377847105363731e+01
9.299454141795481e-02 2.381694580450439e+01
9.321073017531195e-02 2.385542146365241e+01
9.342723202283185e-02 2.389389802915165e+01
9.364404764114523e-02 2.393237549906662e+01
9.386117771285722e-02 2.397085387145587e+01
9.407862292255421e-02 2.400933314437206e+01
9.429638395681146e-02 2.404781331586193e+01
9.451446150419987e-02 2.408629438396626e+01
9.473285625529360e-02 2.412477634671988e+01
9.495156890267709e-02 2.416325920215152e+01
9.517060014095265e-02 2.420174294828404e+01
9.538995066674753e-02 2.424022758313414e+01
9.560962117872158e-02 2.427871310471253e+01
9.582961237757438e-02 2.431719951102380e+01
9.604992496605302e-02 2.435568680006647e+01
9.627055964895923e-02 2.439417496983289e+01
9.649151713315721e-02 2.443266401830926e+01
9.671279812758092e-02 2.447115394347569e+01
9.693440334324190e-02 2.450964474330599e+01
9.715633349323667e-02 2.454813641576781e+01
9.737858929275459e-02 2.458662895882257e+01
9.760117145908527e-02 2.462512237042542e+01
9.782408071162658e-02 2.466361664852518e+01
9.804731777189223e-02 2.470211179106447e+01
9.827088336351956e-02 2.474060779597949e+01
9.849477821227742e-02 2.477910466120009e+01
9.871900304607398e-02 2.481760238464982e+01
9.894355859496462e-02 2.485610096424577e+01
9.916844559115992e-02 2.489460039789863e+01
9.939366476903348e-02 2.493310068351263e+01
9.961921686513006e-02 2.497160181898556e+01
9.984510261817353e-02 2.501010380220868e+01
1.000713227690750e-01 2.504860663106681e+01
1.002978780609407e-01 2.508711030343815e+01
1.005247692390805e-01 2.512561481719440e+01
1.007519970510157e-01 2.516412017020061e+01
1.009795622464877e-01 2.520262636031529e+01
1.012074655774655e-01 2.524113338539028e+01
1.014357077981548e-01 2.527964124327077e+01
1.016642896650058e-01 2.531814993179524e+01
1.018932119367219e-01 2.535665944879555e+01
1.021224753742676e-01 2.539516979209672e+01
1.023520807408776e-01 2.543368095951708e+01
1.025820288020645e-01 2.547219294886818e+01
1.028123203256281e-01 2.551070575795472e+01
1.030429560816635e-01 2.554921938457463e+01
1.032739368425695e-01 2.558773382651896e+01
1.035052633830576e-01 2.562624908157184e+01
1.037369364801608e-01 2.566476514751058e+01
1.039689569132416e-01 2.570328202210546e+01
1.042013254640015e-01 2.574179970311988e+01
1.044340429164892e-01 2.578031818831025e+01
1.046671100571099e-01 2.581883747542594e+01
1.049005276746338e-01 2.585735756220928e+01
1.051342965602051e-01 2.589587844639561e+01
1.053684175073511e-01 2.593440012571310e+01
1.056028913119909e-01 2.597292259788287e+01
1.058377187724446e-01 2.601144586061886e+01
1.060729006894424e-01 2.604996991162789e+01
1.063084378661336e-01 2.608849474860956e+01
1.065443311080956e-01 2.612702036925624e+01
1.067805812233435e-01 2.616554677125308e+01
1.070171890223390e-01 2.620407395227798e+01
1.072541553179996e-01 2.624260191000150e+01
1.074914809257082e-01 2.628113064208689e+01
1.077291666633222e-01 2.631966014619001e+01
1.079672133511833e-01 2.635819041995947e+01
1.082056218121262e-01 2.639672146103629e+01
1.084443928714888e-01 2.643525326705420e+01
1.086835273571213e-01 2.647378583563941e+01
1.089230260993960e-01 2.651231916441066e+01
1.091628899312169e-01 2.655085325097911e+01
1.094031196880292e-01 2.658938809294847e+01
1.096437162078290e-01 2.662792368791482e+01
1.098846803311731e-01 2.666646003346662e+01
1.101260129011890e-01 2.670499712718473e+01
1.103677147635845e-01 2.674353496664239e+01
1.106097867666574e-01 2.678207354940506e+01
1.108522297613059e-01 2.682061287303055e+01
1.110950446010382e-01 2.685915293506888e+01
1.113382321419827e-01 2.689769373306235e+01
1.115817932428980e-01 2.693623526454540e+01
1.118257287651828e-01 2.697477752704469e+01
1.120700395728865e-01 2.701332051807893e+01
1.123147265327191e-01 2.705186423515904e+01
1.125597905140615e-01 2.709040867578796e+01
1.128052323889756e-01 2.712895383746069e+01
1.130510530322153e-01 2.716749971766423e+01
1.132972533212361e-01 2.720604631387761e+01
1.135438341362058e-01 2.724459362357177e+01
1.137907963600155e-01 2.728314164420957e+01
1.140381408782892e-01 2.732169037324584e+01
1.142858685793953e-01 2.736023980812720e+01
1.145339803544566e-01 2.739878994629213e+01
1.147824770973612e-01 2.743734078517092e+01
1.150313597047735e-01 2.747589232218562e+01
1.152806290761445e-01 2.751444455475004e+01
1.155302861137228e-01 2.755299748026966e+01
1.157803317225659e-01 2.759155109614170e+01
1.160307668105505e-01 2.763010539975495e+01
1.162815922883839e-01 2.766866038848988e+01
1.165328090696148e-01 2.770721605971850e+01
1.167844180706447e-01 2.774577241080441e+01
1.170364202107386e-01 2.778432943910266e+01
1.172888164120368e-01 2.782288714195988e+01
1.175416075995655e-01 2.786144551671409e+01
1.177947947012486e-01 2.790000456069472e+01
1.180483786479185e-01 2.793856427122262e+01
1.183023603733284e-01 2.797712464560998e+01
1.185567408141628e-01 2.801568568116034e+01
1.188115209100495e-01 2.805424737516847e+01
1.190667016035713e-01 2.809280972492044e+01
1.193222838402772e-01 2.813137272769350e+01
1.195782685686945e-01 2.816993638075618e+01
1.198346567403401e-01 2.820850068136803e+01
1.200914493097329e-01 2.824706562677981e+01
1.203486472344048e-01 2.828563121423332e+01
1.206062514749136e-01 2.832419744096148e+01
1.208642629948539e-01 2.836276430418812e+01
1.211226827608702e-01 2.840133180112812e+01
1.213815117426679e-01 2.843989992898732e+01
1.216407509130263e-01 2.847846868496239e+01
1.219004012478103e-01 2.851703806624098e+01
1.221604637259829e-01 2.855560807000148e+01
1.224209393296172e-01 2.859417869341314e+01
1.226818290439092e-01 2.863274993363601e+01
1.229431338571897e-01 2.867132178782080e+01
1.232048547609372e-01 2.870989425310893e+01
1.234669927497902e-01 2.874846732663254e+01
1.237295488215601e-01 2.878704100551433e+01
1.239925239772434e-01 2.882561528686760e+01
1.242559192210349e-01 2.886419016779625e+01
1.245197355603400e-01 2.890276564539464e+01
1.247839740057880e-01 2.894134171674761e+01
1.250486355712447e-01 2.897991837893045e+01
1.253137212738255e-01 2.901849562900889e+01
1.255792321339085e-01 2.905707346403896e+01
1.258451691751473e-01 2.909565188106705e+01
1.261115334244845e-01 2.913423087712984e+01
1.263783259121647e-01 2.917281044925427e+01
1.266455476717478e-01 2.921139059445746e+01
1.269131997401225e-01 2.924997130974672e+01
1.271812831575196e-01 2.928855259211952e+01
1.274497989675254e-01 2.932713443856339e+01
1.277187482170953e-01 2.936571684605594e+01
1.279881319565677e-01 2.940429981156479e+01
1.282579512396770e-01 2.944288333204753e+01
1.285282071235680e-01 2.948146740445171e+01
1.287989006688095e-01 2.952005202571478e+01
1.290700329394079e-01 2.955863719276399e+01
1.293416050028216e-01 2.959722290251651e+01
1.296136179299746e-01 2.963580915187923e+01
1.298860727952708e-01 2.967439593774876e+01
1.301589706766081e-01 2.971298325701145e+01
1.304323126553927e-01 2.975157110654328e+01
1.307060998165532e-01 2.979015948320990e+01
1.309803332485550e-01 2.982874838386642e+01
1.312550140434148e-01 2.986733780535761e+01
1.315301432967153e-01 2.990592774451764e+01
1.318057221076192e-01 2.994451819817019e+01
1.320817515788843e-01 2.998310916312830e+01
1.323582328168782e-01 3.002170063619443e+01
1.326351669315928e-01 3.006029261416030e+01
1.329125550366594e-01 3.009888509380696e+01
1.331903982493635e-01 3.013747807190467e+01
1.334686976906599e-01 3.017607154521286e+01
1.337474544851877e-01 3.021466551048021e+01
1.340266697612854e-01 3.025325996444438e+01
1.343063446510064e-01 3.029185490383217e+01
1.345864802901338e-01 3.033045032535939e+01
1.348670778181962e-01 3.036904622573082e+01
1.351481383784832e-01 3.040764260164014e+01
1.354296631180605e-01 3.044623944976997e+01
1.357116531877859e-01 3.048483676679175e+01
1.359941097423248e-01 3.052343454936570e+01
1.362770339401658e-01 3.056203279414080e+01
1.365604269436370e-01 3.060063149775475e+01
1.368442899189217e-01 3.063923065683390e+01
1.371286240360741e-01 3.067783026799322e+01
1.374134304690356e-01 3.071643032783623e+01
1.376987103956513e-01 3.075503083295499e+01
1.379844649976857e-01 3.079363177993003e+01
1.382706954608392e-01 3.083223316533030e+01
1.385574029747646e-01 3.087083498571317e+01
1.388445887330835e-01 3.090943723762430e+01
1.391322539334030e-01 3.094803991759764e+01
1.394203997773320e-01 3.098664302215541e+01
1.397090274704984e-01 3.102524654780798e+01
1.399981382225655e-01 3.106385049105393e+01
1.402877332472491e-01 3.110245484837985e+01
1.405778137623345e-01 3.114105961626044e+01
1.408683809896935e-01 3.117966479115837e+01
1.411594361553017e-01 3.121827036952426e+01
1.414509804892554e-01 3.125687634779662e+01
1.417430152257894e-01 3.129548272240186e+01
1.420355416032940e-01 3.133408948975413e+01
1.423285608643327e-01 3.137269664625536e+01
1.426220742556598e-01 3.141130418829514e+01
1.429160830282382e-01 3.144991211225079e+01
1.432105884372567e-01 3.148852041448715e+01
1.435055917421484e-01 3.152712909135662e+01
1.438010942066084e-01 3.156573813919915e+01
1.440970970986120e-01 3.160434755434204e+01
1.443936016904326e-01 3.164295733310009e+01
1.446906092586600e-01 3.168156747177537e+01
1.449881210842188e-01 3.172017796665725e+01
1.452861384523869e-01 3.175878881402233e+01
1.455846626528139e-01 3.179740001013442e+01
1.458836949795393e-01 3.183601155124443e+01
1.461832367310123e-01 3.187462343359038e+01
1.464832892101091e-01 3.191323565339725e+01
1.467838537241533e-01 3.195184820687707e+01
1.470849315849337e-01 3.199046109022871e+01
1.473865241087240e-01 3.202907429963795e+01
1.476886326163017e-01 3.206768783127737e+01
1.479912584329677e-01 3.210630168130627e+01
1.482944028885655e-01 3.214491584587067e+01
1.485980673175006e-01 3.218353032110323e+01
1.489022530587598e-01 3.222214510312317e+01
1.492069614559321e-01 3.226076018803627e+01
1.495121938572266e-01 3.229937557193475e+01
1.498179516154942e-01 3.233799125089730e+01
1.501242360882462e-01 3.237660722098886e+01
1.504310486376755e-01 3.241522347826080e+01
1.507383906306757e-01 3.245384001875065e+01
1.510462634388625e-01 3.249245683848216e+01
1.513546684385933e-01 3.253107393346517e+01
1.516636070109880e-01 3.256969129969562e+01
1.519730805419496e-01 3.260830893315546e+01
1.522830904221850e-01 3.264692682981260e+01
1.525936380472256e-01 3.268554498562082e+01
1.529047248174485e-01 3.272416339651971e+01
1.532163521380976e-01 3.276278205843470e+01
1.535285214193044e-01 3.280140096727688e+01
1.538412340761094e-01 3.284002011894301e+01
1.541544915284837e-01 3.287863950931544e+01
1.544682952013504e-01 3.291725913426203e+01
1.547826465246061e-01 3.295587898963616e+01
1.550975469331426e-01 3.299449907127658e+01
1.554129978668688e-01 3.303311937500737e+01
1.557290007707328e-01 3.307173989663792e+01
1.560455570947436e-01 3.311036063196286e+01
1.563626682939937e-01 3.314898157676190e+01
1.566803358286812e-01 3.318760272679997e+01
1.569985611641318e-01 3.322622407782688e+01
1.573173457708223e-01 3.326484562557755e+01
1.576366911244023e-01 3.330346736577168e+01
1.579565987057175e-01 3.334208929411390e+01
1.582770700008324e-01 3.338071140629357e+01
1.585981065010533e-01 3.341933369798477e+01
1.589197097029515e-01 3.345795616484619e+01
1.592418811083867e-01 3.349657880252116e+01
1.595646222245299e-01 3.353520160663747e+01
1.598879345638876e-01 3.357382457280737e+01
1.602118196443248e-01 3.361244769662749e+01
1.605362789890890e-01 3.365107097367875e+01
1.608613141268340e-01 3.368969439952634e+01
1.611869265916444e-01 3.372831796971961e+01
1.615131179230589e-01 3.376694167979200e+01
1.618398896660951e-01 3.380556552526102e+01
1.621672433712739e-01 3.384418950162814e+01
1.624951805946437e-01 3.388281360437871e+01
1.628237028978054e-01 3.392143782898192e+01
1.631528118479371e-01 3.396006217089072e+01
1.634825090178187e-01 3.399868662554175e+01
1.638127959858576e-01 3.403731118835526e+01
1.641436743361132e-01 3.407593585473507e+01
1.644751456583227e-01 3.411456062006844e+01
1.648072115479262e-01 3.415318547972605e+01
1.651398736060928e-01 3.419181042906192e+01
1.654731334397458e-01 3.423043546341332e+01
1.658069926615888e-01 3.426906057810071e+01
1.661414528901317e-01 3.430768576842765e+01
1.664765157497172e-01 3.434631102968076e+01
1.668121828705461e-01 3.438493635712958e+01
1.671484558887052e-01 3.442356174602661e+01
1.674853364461924e-01 3.446218719160709e+01
1.678228261909445e-01 3.450081268908906e+01
1.681609267768636e-01 3.453943823367316e+01
1.684996398638441e-01 3.457806382054271e+01
1.688389671178001e-01 3.461668944486342e+01
1.691789102106926e-01 3.465531510178356e+01
1.695194708205566e-01 3.469394078643366e+01
1.698606506315296e-01 3.473256649392658e+01
1.702024513338782e-01 3.477119221935733e+01
1.705448746240272e-01 3.480981795780313e+01
1.708879222045865e-01 3.484844370432316e+01
1.712315957843806e-01 3.488706945395860e+01
1.715758970784756e-01 3.492569520173250e+01
1.719208278082088e-01 3.496432094264974e+01
1.722663897012169e-01 3.500294667169688e+01
1.726125844914650e-01 3.504157238384217e+01
1.729594139192753e-01 3.508019807403539e+01
1.733068797313569e-01 3.511882373720779e+01
1.736549836808344e-01 3.515744936827205e+01
1.740037275272779e-01 3.519607496212215e+01
1.743531130367323e-01 3.523470051363328e+01
1.747031419817474e-01 3.527332601766180e+01
1.750538161414076e-01 3.531195146904513e+01
1.754051373013625e-01 3.535057686260165e+01
1.757571072538565e-01 3.538920219313064e+01
1.761097277977599e-01 3.542782745541223e+01
1.764630007385993e-01 3.546645264420719e+01
1.768169278885885e-01 3.550507775425698e+01
1.771715110666591e-01 3.554370278028361e+01
1.775267520984924e-01 3.558232771698951e+01
1.778826528165501e-01 3.562095255905754e+01
1.782392150601061e-01 3.565957730115079e+01
1.785964406752779e-01 3.569820193791259e+01
1.789543315150591e-01 3.573682646396635e+01
1.793128894393505e-01 3.577545087391549e+01
1.796721163149932e-01 3.581407516234340e+01
1.800320140158005e-01 3.585269932381324e+01
1.803925844225907e-01 3.589132335286796e+01
1.807538294232195e-01 3.592994724403017e+01
1.811157509126136e-01 3.596857099180204e+01
1.814783507928031e-01 3.600719459066515e+01
1.818416309729556e-01 3.604581803508054e+01
1.822055933694087e-01 3.608444131948846e+01
1.825702399057048e-01 3.612306443830840e+01
1.829355725126242e-01 3.616168738593892e+01
1.833015931282196e-01 3.620031015675757e+01
1.836683036978500e-01 3.623893274512079e+01
1.840357061742156e-01 3.627755514536391e+01
1.844038025173921e-01 3.631617735180085e+01
1.847725946948656e-01 3.635479935872421e+01
1.851420846815681e-01 3.639342116040510e+01
1.855122744599121e-01 3.643204275109305e+01
1.858831660198263e-01 3.647066412501588e+01
1.862547613587917e-01 3.650928527637963e+01
1.866270624818766e-01 3.654790619936850e+01
1.870000714017735e-01 3.658652688814465e+01
1.873737901388348e-01 3.662514733684818e+01
1.877482207211096e-01 3.666376753959703e+01
1.881233651843800e-01 3.670238749048683e+01
1.884992255721988e-01 3.674100718359080e+01
1.888758039359255e-01 3.677962661295969e+01
1.892531023347645e-01 3.681824577262163e+01
1.896311228358022e-01 3.685686465658210e+01
1.900098675140450e-01 3.689548325882371e+01
1.903893384524570e-01 3.693410157330619e+01
1.907695377419983e-01 3.697271959396627e+01
1.911504674816637e-01 3.701133731471751e+01
1.915321297785207e-01 3.704995472945025e+01
1.919145267477490e-01 3.708857183203151e+01
1.922976605126791e-01 3.712718861630486e+01
1.926815332048317e-01 3.716580507609027e+01
1.930661469639577e-01 3.720442120518408e+01
1.934515039380771e-01 3.724303699735886e+01
1.938376062835198e-01 3.728165244636326e+01
1.942244561649653e-01 3.732026754592194e+01
1.946120557554833e-01 3.735888228973545e+01
1.950004072365746e-01 3.739749667148013e+01
1.953895127982117e-01 3.743611068480793e+01
1.957793746388802e-01 3.747472432334641e+01
1.961699949656200e-01 3.751333758069850e+01
1.965613759940672e-01 3.755195045044250e+01
1.969535199484958e-01 3.759056292613189e+01
1.973464290618598e-01 3.762917500129522e+01
1.977401055758359e-01 3.766778666943602e+01
1.981345517408657e-01 3.770639792403266e+01
1.985297698161989e-01 3.774500875853826e+01
1.989257620699363e-01 3.778361916638053e+01
1.993225307790731e-01 3.782222914096167e+01
1.997200782295429e-01 3.786083867565825e+01
2.001184067162612e-01 3.789944776382112e+01
2.005175185431696e-01 3.793805639877521e+01
2.009174160232807e-01 3.797666457381946e+01
2.013181014787220e-01 3.801527228222675e+01
2.017195772407815e-01 3.805387951724363e+01
2.021218456499527e-01 3.809248627209035e+01
2.025249090559800e-01 3.813109253996062e+01
2.029287698179044e-01 3.816969831402156e+01
2.033334303041100e-01 3.820830358741351e+01
2.037388928923694e-01 3.824690835324996e+01
2.041451599698912e-01 3.828551260461744e+01
2.045522339333664e-01 3.832411633457522e+01
2.049601171890156e-01 3.836271953615545e+01
2.053688121526361e-01 3.840132220236281e+01
2.057783212496504e-01 3.843992432617446e+01
2.061886469151532e-01 3.847852590053992e+01
2.065997915939603e-01 3.851712691838091e+01
2.070117577406572e-01 3.855572737259125e+01
2.074245478196476e-01 3.859432725603666e+01
2.078381643052024e-01 3.863292656155473e+01
2.082526096815099e-01 3.867152528195463e+01
2.086678864427247e-01 3.871012341001718e+01
2.090839970930183e-01 3.874872093849449e+01
2.095009441466290e-01 3.878731786010999e+01
2.099187301279129e-01 3.882591416755825e+01
2.103373575713949e-01 3.886450985350474e+01
2.107568290218193e-01 3.890310491058585e+01
2.111771470342022e-01 3.894169933140861e+01
2.115983141738829e-01 3.898029310855067e+01
2.120203330165761e-01 3.901888623456001e+01
2.124432061484245e-01 3.905747870195496e+01
2.128669361660517e-01 3.909607050322392e+01
2.132915256766153e-01 3.913466163082529e+01
2.137169772978602e-01 3.917325207718729e+01
2.141432936581727e-01 3.921184183470785e+01
2.145704773966344e-01 3.925043089575439e+01
2.149985311630767e-01 3.928901925266378e+01
2.154274576181355e-01 3.932760689774207e+01
2.158572594333067e-01 3.936619382326442e+01
2.162879392910012e-01 3.940478002147495e+01
2.167194998846011e-01 3.944336548458651e+01
2.171519439185154e-01 3.948195020478060e+01
2.175852741082369e-01 3.952053417420724e+01
2.180194931803988e-01 3.955911738498470e+01
2.184546038728321e-01 3.959769982919944e+01
2.188906089346229e-01 3.963628149890594e+01
2.193275111261705e-01 3.967486238612652e+01
2.197653132192455e-01 3.971344248285117e+01
2.202040179970485e-01 3.975202178103744e+01
2.206436282542691e-01 3.979060027261022e+01
2.210841467971450e-01 3.982917794946164e+01
2.215255764435222e-01 3.986775480345082e+01
2.219679200229148e-01 3.990633082640383e+01
2.224111803765651e-01 3.994490601011339e+01
2.228553603575051e-01 3.998348034633881e+01
2.233004628306175e-01 4.002205382680578e+01
2.237464906726968e-01 4.006062644320617e+01
2.241934467725119e-01 4.009919818719797e+01
2.246413340308683e-01 4.013776905040494e+01
2.250901553606707e-01 4.017633902441667e+01
2.255399136869863e-01 4.021490810078819e+01
2.259906119471082e-01 4.025347627103991e+01
2.264422530906194e-01 4.029204352665747e+01
2.268948400794574e-01 4.033060985909148e+01
2.273483758879785e-01 4.036917525975743e+01
2.278028635030232e-01 4.040773972003544e+01
2.282583059239819e-01 4.044630323127009e+01
2.287147061628606e-01 4.048486578477034e+01
2.291720672443474e-01 4.052342737180921e+01
2.296303922058796e-01 4.056198798362367e+01
2.300896840977103e-01 4.060054761141448e+01
2.305499459829768e-01 4.063910624634596e+01
2.310111809377682e-01 4.067766387954583e+01
2.314733920511940e-01 4.071622050210500e+01
2.319365824254534e-01 4.075477610507743e+01
2.324007551759041e-01 4.079333067947988e+01
2.328659134311330e-01 4.083188421629181e+01
2.333320603330254e-01 4.087043670645506e+01
2.337991990368368e-01 4.090898814087379e+01
2.342673327112633e-01 4.094753851041421e+01
2.347364645385137e-01 4.098608780590442e+01
2.352065977143816e-01 4.102463601813418e+01
2.356777354483175e-01 4.106318313785475e+01
2.361498809635025e-01 4.110172915577869e+01
2.366230374969213e-01 4.114027406257964e+01
2.370972082994364e-01 4.117881784889214e+01
2.375723966358624e-01 4.121736050531142e+01
2.380486057850413e-01 4.125590202239319e+01
2.385258390399173e-01 4.129444239065343e+01
2.390040997076133e-01 4.133298160056827e+01
2.394833911095069e-01 4.137151964257365e+01
2.399637165813075e-01 4.141005650706519e+01
2.404450794731335e-01 4.144859218439801e+01
2.409274831495906e-01 4.148712666488643e+01
2.414109309898495e-01 4.152565993880386e+01
2.418954263877255e-01 4.156419199638250e+01
2.423809727517573e-01 4.160272282781317e+01
2.428675735052876e-01 4.164125242324514e+01
2.433552320865430e-01 4.167978077278581e+01
2.438439519487152e-01 4.171830786650057e+01
2.443337365600424e-01 4.175683369441252e+01
2.448245894038915e-01 4.179535824650237e+01
2.453165139788408e-01 4.183388151270809e+01
2.458095137987626e-01 4.187240348292471e+01
2.463035923929075e-01 4.191092414700417e+01
2.467987533059881e-01 4.194944349475502e+01
2.472950000982640e-01 4.198796151594222e+01
2.477923363456273e-01 4.202647820028691e+01
2.482907656396880e-01 4.206499353746619e+01
2.487902915878611e-01 4.210350751711287e+01
2.492909178134531e-01 4.214202012881524e+01
2.497926479557498e-01 4.218053136211687e+01
2.502954856701045e-01 4.221904120651631e+01
2.507994346280268e-01 4.225754965146692e+01
2.513044985172721e-01 4.229605668637657e+01
2.518106810419309e-01 4.233456230060748e+01
2.523179859225202e-01 4.237306648347587e+01
2.528264168960743e-01 4.241156922425183e+01
2.533359777162362e-01 4.245007051215899e+01
2.538466721533507e-01 4.248857033637431e+01
2.543585039945567e-01 4.252706868602782e+01
2.548714770438813e-01 4.256556555020241e+01
2.553855951223339e-01 4.260406091793353e+01
2.559008620680009e-01 4.264255477820895e+01
2.564172817361415e-01 4.268104711996851e+01
2.569348579992835e-01 4.271953793210388e+01
2.574535947473204e-01 4.275802720345828e+01
2.579734958876088e-01 4.279651492282622e+01
2.584945653450664e-01 4.283500107895328e+01
2.590168070622708e-01 4.287348566053579e+01
2.595402249995590e-01 4.291196865622060e+01
2.600648231351274e-01 4.295045005460480e+01
2.605906054651328e-01 4.298892984423549e+01
2.611175760037936e-01 4.302740801360943e+01
2.616457387834921e-01 4.306588455117289e+01
2.621750978548772e-01 4.310435944532125e+01
2.627056572869685e-01 4.314283268439880e+01
2.632374211672598e-01 4.318130425669846e+01
2.637703936018245e-01 4.321977415046149e+01
2.643045787154212e-01 4.325824235387719e+01
2.648399806516001e-01 4.329670885508268e+01
2.653766035728102e-01 4.333517364216256e+01
2.659144516605071e-01 4.337363670314859e+01
2.664535291152615e-01 4.341209802601954e+01
2.669938401568689e-01 4.345055759870076e+01
2.675353890244595e-01 4.348901540906398e+01
2.680781799766087e-01 4.352747144492696e+01
2.686222172914494e-01 4.356592569405323e+01
2.691675052667840e-01 4.360437814415180e+01
2.697140482201976e-01 4.364282878287680e+01
2.702618504891721e-01 4.368127759782726e+01
2.708109164312008e-01 4.371972457654680e+01
2.713612504239038e-01 4.375816970652322e+01
2.719128568651449e-01 4.379661297518836e+01
2.724657401731481e-01 4.383505436991766e+01
2.730199047866160e-01 4.387349387802990e+01
2.735753551648483e-01 4.391193148678690e+01
2.741320957878617e-01 4.395036718339318e+01
2.746901311565100e-01 4.398880095499564e+01
2.752494657926056e-01 4.402723278868329e+01
2.758101042390418e-01 4.406566267148688e+01
2.763720510599154e-01 4.410409059037858e+01
2.769353108406509e-01 4.414251653227169e+01
2.774998881881250e-01 4.418094048402028e+01
2.780657877307922e-01 4.421936243241888e+01
2.786330141188115e-01 4.425778236420216e+01
2.792015720241735e-01 4.429620026604452e+01
2.797714661408290e-01 4.433461612455991e+01
2.803427011848179e-01 4.437302992630133e+01
2.809152818943990e-01 4.441144165776056e+01
2.814892130301821e-01 4.444985130536784e+01
2.820644993752587e-01 4.448825885549152e+01
2.826411457353354e-01 4.452666429443764e+01
2.832191569388679e-01 4.456506760844967e+01
2.837985378371956e-01 4.460346878370814e+01
2.843792933046770e-01 4.464186780633023e+01
2.849614282388270e-01 4.468026466236948e+01
2.855449475604542e-01 4.471865933781544e+01
2.861298562137995e-01 4.475705181859323e+01
2.867161591666761e-01 4.479544209056323e+01
2.873038614106097e-01 4.483383013952074e+01
2.878929679609804e-01 4.487221595119555e+01
2.884834838571654e-01 4.491059951125162e+01
2.890754141626825e-01 4.494898080528667e+01
2.896687639653352e-01 4.498735981883185e+01
2.902635383773580e-01 4.502573653735131e+01
2.908597425355635e-01 4.506411094624184e+01
2.914573816014904e-01 4.510248303083254e+01
2.920564607615520e-01 4.514085277638434e+01
2.926569852271868e-01 4.517922016808964e+01
2.932589602350090e-01 4.521758519107199e+01
2.938623910469614e-01 4.525594783038562e+01
2.944672829504682e-01 4.529430807101507e+01
2.950736412585896e-01 4.533266589787477e+01
2.956814713101772e-01 4.537102129580868e+01
2.962907784700312e-01 4.540937424958986e+01
2.969015681290576e-01 4.544772474392006e+01
2.975138457044275e-01 4.548607276342932e+01
2.981276166397374e-01 4.552441829267555e+01
2.987428864051700e-01 4.556276131614410e+01
2.993596604976576e-01 4.560110181824741e+01
2.999779444410448e-01 4.563943978332451e+01
3.005977437862540e-01 4.567777519564058e+01
3.012190641114514e-01 4.571610803938664e+01
3.018419110222144e-01 4.575443829867902e+01
3.024662901517001e-01 4.579276595755896e+01
3.030922071608151e-01 4.583109099999214e+01
3.037196677383865e-01 4.586941340986832e+01
3.043486776013347e-01 4.590773317100079e+01
3.049792424948465e-01 4.594605026712605e+01
3.056113681925501e-01 4.598436468190326e+01
3.062450604966916e-01 4.602267639891380e+01
3.068803252383123e-01 4.606098540166091e+01
3.075171682774278e-01 4.609929167356911e+01
3.081555955032078e-01 4.613759519798379e+01
3.087956128341578e-01 4.617589595817078e+01
3.094372262183022e-01 4.621419393731586e+01
3.100804416333683e-01 4.625248911852423e+01
3.107252650869721e-01 4.629078148482014e+01
3.113717026168051e-01 4.632907101914635e+01
3.120197602908232e-01 4.636735770436366e+01
3.126694442074361e-01 4.640564152325040e+01
3.133207604956988e-01 4.644392245850203e+01
3.139737153155043e-01 4.648220049273056e+01
3.146283148577778e-01 4.652047560846408e+01
3.152845653446724e-01 4.655874778814629e+01
3.159424730297662e-01 4.659701701413598e+01
3.166020441982610e-01 4.663528326870652e+01
3.172632851671825e-01 4.667354653404535e+01
3.179262022855815e-01 4.671180679225350e+01
3.185908019347379e-01 4.675006402534504e+01
3.192570905283648e-01 4.678831821524658e+01
3.199250745128152e-01 4.682656934379675e+01
3.205947603672897e-01 4.686481739274565e+01
3.212661546040460e-01 4.690306234375434e+01
3.219392637686100e-01 4.694130417839432e+01
3.226140944399889e-01 4.697954287814696e+01
3.232906532308847e-01 4.701777842440300e+01
3.239689467879111e-01 4.705601079846195e+01
3.246489817918104e-01 4.709423998153159e+01
3.253307649576735e-01 4.713246595472741e+01
3.260143030351604e-01 4.717068869907202e+01
3.266996028087233e-01 4.720890819549463e+01
3.273866710978309e-01 4.724712442483047e+01
3.280755147571945e-01 4.728533736782020e+01
3.287661406769964e-01 4.732354700510940e+01
3.294585557831189e-01 4.736175331724790e+01
3.301527670373768e-01 4.739995628468930e+01
3.308487814377495e-01 4.743815588779027e+01
3.315466060186175e-01 4.747635210681011e+01
3.322462478509980e-01 4.751454492191000e+01
3.329477140427851e-01 4.755273431315253e+01
3.336510117389892e-01 4.759092026050097e+01
3.343561481219809e-01 4.762910274381883e+01
3.350631304117344e-01 4.766728174286908e+01
3.357719658660743e-01 4.770545723731365e+01
3.364826617809243e-01 4.774362920671275e+01
3.371952254905572e-01 4.778179763052427e+01
3.379096643678469e-01 4.781996248810317e+01
3.386259858245235e-01 4.785812375870078e+01
3.393441973114287e-01 4.789628142146426e+01
3.400643063187749e-01 4.793443545543585e+01
3.407863203764050e-01 4.797258583955231e+01
3.415102470540555e-01 4.801073255264424e+01
3.422360939616201e-01 4.804887557343538e+01
3.429638687494173e-01 4.808701488054201e+01
3.436935791084586e-01 4.812515045247228e+01
3.444252327707197e-01 4.816328226762546e+01
3.451588375094136e-01 4.820141030429140e+01
3.458944011392654e-01 4.823953454064969e+01
3.466319315167907e-01 4.827765495476910e+01
3.473714365405744e-01 4.831577152460684e+01
3.481129241515533e-01 4.835388422800786e+01
3.488564023332999e-01 4.839199304270416e+01
3.496018791123092e-01 4.843009794631405e+01
3.503493625582876e-01 4.846819891634151e+01
3.510988607844439e-01 4.850629593017540e+01
3.518503819477828e-01 4.854438896508876e+01
3.526039342494008e-01 4.858247799823810e+01
3.533595259347853e-01 4.862056300666268e+01
3.541171652941137e-01 4.865864396728369e+01
3.548768606625585e-01 4.869672085690361e+01
3.556386204205914e-01 4.873479365220537e+01
3.564024529942924e-01 4.877286232975168e+01
3.571683668556602e-01 4.881092686598419e+01
3.579363705229253e-01 4.884898723722276e+01
3.587064725608659e-01 4.888704341966470e+01
3.594786815811265e-01 4.892509538938397e+01
3.602530062425385e-01 4.896314312233041e+01
3.610294552514441e-01 4.900118659432892e+01
3.618080373620226e-01 4.903922578107871e+01
3.625887613766192e-01 4.907726065815245e+01
3.633716361460768e-01 4.911529120099550e+01
3.641566705700710e-01 4.915331738492509e+01
3.649438735974462e-01 4.919133918512946e+01
3.657332542265569e-01 4.922935657666709e+01
3.665248215056099e-01 4.926736953446584e+01
3.673185845330097e-01 4.930537803332211e+01
3.681145524577079e-01 4.934338204789996e+01
3.689127344795540e-01 4.938138155273037e+01
3.697131398496504e-01 4.941937652221023e+01
3.705157778707094e-01 4.945736693060158e+01
3.713206578974138e-01 4.949535275203071e+01
3.721277893367803e-01 4.953333396048730e+01
3.729371816485260e-01 4.957131052982346e+01
3.737488443454379e-01 4.960928243375296e+01
3.745627869937456e-01 4.964724964585021e+01
3.753790192134972e-01 4.968521213954944e+01
3.761975506789382e-01 4.972316988814374e+01
3.770183911188940e-01 4.976112286478417e+01
3.778415503171546e-01 4.979907104247880e+01
3.786670381128644e-01 4.983701439409184e+01
3.794948644009132e-01 4.987495289234259e+01
3.803250391323325e-01 4.991288650980461e+01
3.811575723146933e-01 4.995081521890470e+01
3.819924740125088e-01 4.998873899192193e+01
3.828297543476401e-01 5.002665780098671e+01
3.836694234997047e-01 5.006457161807978e+01
3.845114917064895e-01 5.010248041503124e+01
3.853559692643667e-01 5.014038416351953e+01
3.862028665287134e-01 5.017828283507048e+01
3.870521939143352e-01 5.021617640105625e+01
3.879039618958926e-01 5.025406483269435e+01
3.887581810083322e-01 5.029194810104661e+01
3.896148618473207e-01 5.032982617701811e+01
3.904740150696828e-01 5.036769903135615e+01
3.913356513938437e-01 5.040556663464930e+01
3.921997816002743e-01 5.044342895732618e+01
3.930664165319409e-01 5.048128596965451e+01
3.939355670947587e-01 5.051913764173999e+01
3.948072442580500e-01 5.055698394352525e+01
3.956814590550045e-01 5.059482484478872e+01
3.965582225831454e-01 5.063266031514355e+01
3.974375460047991e-01 5.067049032403652e+01
3.983194405475688e-01 5.070831484074689e+01
3.992039175048122e-01 5.074613383438529e+01
4.000909882361237e-01 5.078394727389261e+01
4.009806641678208e-01 5.082175512803876e+01
4.018729567934348e-01 5.085955736542169e+01
4.027678776742051e-01 5.089735395446606e+01
4.036654384395796e-01 5.093514486342214e+01
4.045656507877173e-01 5.097293006036465e+01
4.054685264859974e-01 5.101070951319154e+01
4.063740773715318e-01 5.104848318962277e+01
4.072823153516819e-01 5.108625105719916e+01
4.081932524045813e-01 5.112401308328114e+01
4.091069005796619e-01 5.116176923504749e+01
4.100232719981855e-01 5.119951947949417e+01
4.109423788537793e-01 5.123726378343301e+01
4.118642334129773e-01 5.127500211349047e+01
4.127888480157657e-01 5.131273443610641e+01
4.137162350761336e-01 5.135046071753275e+01
4.146464070826288e-01 5.138818092383224e+01
4.155793765989179e-01 5.142589502087708e+01
4.165151562643524e-01 5.146360297434772e+01
4.174537587945395e-01 5.150130474973147e+01
4.183951969819174e-01 5.153900031232114e+01
4.193394836963373e-01 5.157668962721378e+01
4.202866318856495e-01 5.161437265930928e+01
4.212366545762948e-01 5.165204937330900e+01
4.221895648739027e-01 5.168971973371440e+01
4.231453759638929e-01 5.172738370482568e+01
4.241041011120842e-01 5.176504125074038e+01
4.250657536653082e-01 5.180269233535191e+01
4.260303470520284e-01 5.184033692234819e+01
4.269978947829651e-01 5.187797497521024e+01
4.279684104517267e-01 5.191560645721064e+01
4.289419077354462e-01 5.195323133141218e+01
4.299184003954233e-01 5.199084956066633e+01
4.308979022777732e-01 5.202846110761176e+01
4.318804273140810e-01 5.206606593467291e+01
4.328659895220620e-01 5.210366400405837e+01
4.338546030062287e-01 5.214125527775951e+01
4.348462819585634e-01 5.217883971754883e+01
4.358410406591973e-01 5.221641728497847e+01
4.368388934770960e-01 5.225398794137865e+01
4.378398548707513e-01 5.229155164785612e+01
4.388439393888799e-01 5.232910836529253e+01
4.398511616711276e-01 5.236665805434290e+01
4.408615364487814e-01 5.240420067543395e+01
4.418750785454874e-01 5.244173618876253e+01
4.428918028779758e-01 5.247926455429398e+01
4.439117244567928e-01 5.251678573176043e+01
4.449348583870392e-01 5.255429968065922e+01
4.459612198691160e-01 5.259180636025117e+01
4.469908241994774e-01 5.262930572955889e+01
4.480236867713906e-01 5.266679774736513e+01
4.490598230757029e-01 5.270428237221098e+01
4.500992487016162e-01 5.274175956239421e+01
4.511419793374686e-01 5.277922927596749e+01
4.521880307715246e-01 5.281669147073664e+01
4.532374188927705e-01 5.285414610425884e+01
4.542901596917200e-01 5.289159313384086e+01
4.553462692612262e-01 5.292903251653723e+01
4.564057637973014e-01 5.296646420914845e+01
4.574686595999450e-01 5.300388816821911e+01
4.585349730739797e-01 5.304130435003609e+01
4.596047207298953e-01 5.307871271062662e+01
4.606779191847010e-01 5.311611320575648e+01
4.617545851627856e-01 5.315350579092807e+01
4.628347354967863e-01 5.319089042137843e+01
4.639183871284661e-01 5.322826705207739e+01
4.650055571095995e-01 5.326563563772561e+01
4.660962626028665e-01 5.330299613275256e+01
4.671905208827566e-01 5.334034849131461e+01
4.682883493364799e-01 5.337769266729295e+01
4.693897654648886e-01 5.341502861429167e+01
4.704947868834067e-01 5.345235628563562e+01
4.716034313229691e-01 5.348967563436845e+01
4.727157166309701e-01 5.352698661325048e+01
4.738316607722211e-01 5.356428917475664e+01
4.749512818299178e-01 5.360158327107437e+01
4.760745980066168e-01 5.363886885410147e+01
4.772016276252222e-01 5.367614587544399e+01
4.783323891299818e-01 5.371341428641405e+01
4.794669010874937e-01 5.375067403802766e+01
4.806051821877215e-01 5.378792508100254e+01
4.817472512450216e-01 5.382516736575587e+01
4.828931271991796e-01 5.386240084240212e+01
4.840428291164565e-01 5.389962546075070e+01
4.851963761906473e-01 5.393684117030375e+01
4.863537877441486e-01 5.397404792025385e+01
4.875150832290375e-01 5.401124565948165e+01
4.886802822281613e-01 5.404843433655360e+01
4.898494044562384e-01 5.408561389971955e+01
4.910224697609701e-01 5.412278429691038e+01
4.921994981241637e-01 5.415994547573563e+01
4.933805096628673e-01 5.419709738348105e+01
4.945655246305157e-01 5.423423996710616e+01
4.957545634180882e-01 5.427137317324181e+01
4.969476465552782e-01 5.430849694818770e+01
4.981447947116749e-01 5.434561123790982e+01
4.993460286979570e-01 5.438271598803803e+01
5.005513694670982e-01 5.441981114386338e+01
5.017608381155859e-01 5.445689665033567e+01
5.029744558846515e-01 5.449397245206074e+01
5.041922441615145e-01 5.453103849329793e+01
5.054142244806388e-01 5.456809471795738e+01
5.066404185250013e-01 5.460514106959744e+01
5.078708481273755e-01 5.464217749142190e+01
5.091055352716264e-01 5.467920392627737e+01
5.103445020940203e-01 5.471622031665042e+01
5.115877708845474e-01 5.475322660466496e+01
5.128353640882591e-01 5.479022273207934e+01
5.140873043066179e-01 5.482720864028360e+01
5.153436142988627e-01 5.486418427029662e+01
5.166043169833880e-01 5.490114956276327e+01
5.178694354391377e-01 5.493810445795148e+01
5.191389929070127e-01 5.497504889574940e+01
5.204130127912950e-01 5.501198281566239e+01
5.216915186610854e-01 5.504890615681011e+01
5.229745342517570e-01 5.508581885792348e+01
5.242620834664238e-01 5.512272085734170e+01
5.255541903774257e-01 5.515961209300920e+01
5.268508792278283e-01 5.519649250247253e+01
5.281521744329393e-01 5.523336202287730e+01
5.294581005818407e-01 5.527022059096502e+01
5.307686824389377e-01 5.530706814306997e+01
5.320839449455246e-01 5.534390461511600e+01
5.334039132213656e-01 5.538072994261329e+01
5.347286125662958e-01 5.541754406065515e+01
5.360580684618361e-01 5.545434690391473e+01
5.373923065728280e-01 5.549113840664167e+01
5.387313527490847e-01 5.552791850265883e+01
5.400752330270607e-01 5.556468712535890e+01
5.414239736315394e-01 5.560144420770099e+01
5.427776009773386e-01 5.563818968220723e+01
5.441361416710355e-01 5.567492348095927e+01
5.454996225127096e-01 5.571164553559483e+01
5.468680704977047e-01 5.574835577730417e+01
5.482415128184116e-01 5.578505413682650e+01
5.496199768660680e-01 5.582174054444646e+01
5.510034902325803e-01 5.585841492999040e+01
5.523920807123642e-01 5.589507722282284e+01
5.537857763042061e-01 5.593172735184270e+01
5.551846052131451e-01 5.596836524547959e+01
5.565885958523753e-01 5.600499083169009e+01
5.579977768451703e-01 5.604160403795393e+01
5.594121770268273e-01 5.607820479127015e+01
5.608318254466352e-01 5.611479301815326e+01
5.622567513698625e-01 5.615136864462936e+01
5.636869842797686e-01 5.618793159623215e+01
5.651225538796369e-01 5.622448179799900e+01
5.665634900948318e-01 5.626101917446694e+01
5.680098230748776e-01 5.629754364966860e+01
5.694615831955615e-01 5.633405514712814e+01
5.709188010610601e-01 5.637055358985710e+01
5.723815075060896e-01 5.640703890035027e+01
5.738497335980817e-01 5.644351100058148e+01
5.753235106393817e-01 5.647996981199937e+01
5.768028701694746e-01 5.651641525552310e+01
5.782878439672338e-01 5.655284725153800e+01
5.797784640531974e-01 5.658926571989127e+01
5.812747626918695e-01 5.662567057988757e+01
5.827767723940480e-01 5.666206175028452e+01
5.842845259191793e-01 5.669843914928828e+01
5.857980562777403e-01 5.673480269454897e+01
5.873173967336470e-01 5.677115230315617e+01
5.888425808066918e-01 5.680748789163423e+01
5.903736422750085e-01 5.684380937593767e+01
5.919106151775657e-01 5.688011667144642e+01
5.934535338166899e-01 5.691640969296115e+01
5.950024327606169e-01 5.695268835469844e+01
5.965573468460738e-01 5.698895257028592e+01
5.981183111808903e-01 5.702520225275742e+01
5.996853611466419e-01 5.706143731454804e+01
6.012585324013222e-01 5.709765766748916e+01
6.028378608820482e-01 5.713386322280342e+01
6.044233828077965e-01 5.717005389109966e+01
6.060151346821726e-01 5.720622958236777e+01
6.076131532962117e-01 5.724239020597358e+01
6.092174757312134e-01 5.727853567065355e+01
6.108281393616104e-01 5.731466588450961e+01
6.124451818578703e-01 5.735078075500373e+01
6.140686411894328e-01 5.738688018895262e+01
6.156985556276815e-01 5.742296409252232e+01
6.173349637489511e-01 5.745903237122266e+01
6.189779044375709e-01 5.749508492990176e+01
6.206274168889454e-01 5.753112167274051e+01
6.222835406126701e-01 5.756714250324681e+01
6.239463154356868e-01 5.760314732424999e+01
6.256157815054763e-01 5.763913603789504e+01
6.272919792932891e-01 5.767510854563676e+01
6.289749495974162e-01 5.771106474823397e+01
6.306647335464993e-01 5.774700454574355e+01
6.323613726028808e-01 5.778292783751449e+01
6.340649085659957e-01 5.781883452218187e+01
6.357753835758037e-01 5.785472449766075e+01
6.374928401162637e-01 5.789059766114003e+01
6.392173210188525e-01 5.792645390907625e+01
6.409488694661241e-01 5.796229313718733e+01
6.426875289953146e-01 5.799811524044620e+01
6.444333435019914e-01 5.803392011307449e+01
6.461863572437475e-01 5.806970764853599e+01
6.479466148439403e-01 5.810547773953018e+01
6.497141612954799e-01 5.814123027798566e+01
6.514890419646606e-01 5.817696515505347e+01
6.532713025950438e-01 5.821268226110041e+01
6.550609893113870e-01 5.824838148570226e+01
6.568581486236230e-01 5.828406271763693e+01
6.586628274308892e-01 5.831972584487754e+01
6.604750730256074e-01 5.835537075458549e+01
6.622949330976141e-01 5.839099733310334e+01
6.641224557383452e-01 5.842660546594778e+01
6.659576894450709e-01 5.846219503780237e+01
6.678006831251866e-01 5.849776593251035e+01
6.696514861005570e-01 5.853331803306725e+01
6.715101481119163e-01 5.856885122161352e+01
6.733767193233239e-01 5.860436537942708e+01
6.752512503266779e-01 5.863986038691573e+01
6.771337921462854e-01 5.867533612360955e+01
6.790243962434929e-01 5.871079246815320e+01
6.809231145213751e-01 5.874622929829815e+01
6.828299993294848e-01 5.878164649089484e+01
6.847451034686641e-01 5.881704392188472e+01
6.866684801959174e-01 5.885242146629224e+01
6.886001832293495e-01 5.888777899821683e+01
6.905402667531650e-01 5.892311639082466e+01
6.924887854227364e-01 5.895843351634042e+01
6.944457943697350e-01 5.899373024603898e+01
6.964113492073319e-01 5.902900645023701e+01
6.983855060354653e-01 5.906426199828442e+01
7.003683214461783e-01 5.909949675855584e+01
7.023598525290263e-01 5.913471059844194e+01
7.043601568765565e-01 5.916990338434061e+01
7.063692925898594e-01 5.920507498164823e+01
7.083873182841945e-01 5.924022525475064e+01
7.104142930946910e-01 5.927535406701418e+01
7.124502766821227e-01 5.931046128077656e+01
7.144953292387636e-01 5.934554675733767e+01
7.165495114943181e-01 5.938061035695027e+01
7.186128847219333e-01 5.941565193881060e+01
7.206855107442911e-01 5.945067136104895e+01
7.227674519397831e-01 5.948566848072003e+01
7.248587712487683e-01 5.952064315379330e+01
7.269595321799160e-01 5.955559523514327e+01
7.290697988166344e-01 5.959052457853954e+01
7.311896358235874e-01 5.962543103663692e+01
7.333191084532994e-01 5.966031446096530e+01
7.354582825528505e-01 5.969517470191953e+01
7.376072245706644e-01 5.973001160874912e+01
7.397660015633882e-01 5.976482502954791e+01
7.419346812028678e-01 5.979961481124354e+01
7.441133317832184e-01 5.983438079958694e+01
7.463020222279946e-01 5.986912283914156e+01
7.485008220974578e-01 5.990384077327264e+01
7.507098015959466e-01 5.993853444413631e+01
7.529290315793470e-01 5.997320369266851e+01
7.551585835626703e-01 6.000784835857395e+01
7.573985297277339e-01 6.004246828031484e+01
7.596489429309522e-01 6.007706329509952e+01
7.619098967112347e-01 6.011163323887104e+01
7.641814652979972e-01 6.014617794629553e+01
7.664637236192857e-01 6.018069725075060e+01
7.687567473100144e-01 6.021519098431341e+01
7.710606127203209e-01 6.024965897774885e+01
7.733753969240412e-01 6.028410106049741e+01
7.757011777273042e-01 6.031851706066303e+01
7.780380336772493e-01 6.035290680500086e+01
7.803860440708696e-01 6.038727011890475e+01
7.827452889639810e-01 6.042160682639481e+01
7.851158491803206e-01 6.045591675010465e+01
7.874978063207771e-01 6.049019971126863e+01
7.898912427727541e-01 6.052445552970897e+01
7.922962417196682e-01 6.055868402382263e+01
7.947128871505866e-01 6.059288501056815e+01
7.971412638700046e-01 6.062705830545235e+01
7.995814575077653e-01 6.066120372251688e+01
8.020335545291249e-01 6.069532107432462e+01
8.044976422449654e-01 6.072941017194596e+01
8.069738088221581e-01 6.076347082494493e+01
8.094621432940790e-01 6.079750284136526e+01
8.119627355712803e-01 6.083150602771617e+01
8.144756764523197e-01 6.086548018895812e+01
8.170010576347503e-01 6.089942512848842e+01
8.195389717262749e-01 6.093334064812660e+01
8.220895122560657e-01 6.096722654809976e+01
8.246527736862546e-01 6.100108262702769e+01
8.272288514235944e-01 6.103490868190784e+01
8.298178418312966e-01 6.106870450810021e+01
8.324198422410477e-01 6.110246989931202e+01
8.350349509652056e-01 6.113620464758225e+01
8.376632673091826e-01 6.116990854326601e+01
8.403048915840151e-01 6.120358137501883e+01
8.429599251191259e-01 6.123722292978069e+01
8.456284702752805e-01 6.127083299275995e+01
8.483106304577421e-01 6.130441134741712e+01
8.510065101296280e-01 6.133795777544843e+01
8.537162148254722e-01 6.137147205676933e+01
8.564398511649970e-01 6.140495396949773e+01
8.591775268670966e-01 6.143840328993704e+01
8.619293507640391e-01 6.147181979255927e+01
8.646954328158881e-01 6.150520324998768e+01
8.674758841251492e-01 6.153855343297942e+01
8.702708169516461e-01 6.157187011040799e+01
8.730803447276286e-01 6.160515304924551e+01
8.759045820731187e-01 6.163840201454477e+01
8.787436448114988e-01 6.167161676942120e+01
8.815976499853438e-01 6.170479707503459e+01
8.844667158725075e-01 6.173794269057067e+01
8.873509620024603e-01 6.177105337322247e+01
8.902505091728903e-01 6.180412887817156e+01
8.931654794665673e-01 6.183716895856908e+01
8.960959962684772e-01 6.187017336551656e+01
8.990421842832316e-01 6.190314184804659e+01
9.020041695527566e-01 6.193607415310333e+01
9.049820794742685e-01 6.196897002552275e+01
9.079760428185378e-01 6.200182920801278e+01
9.109861897484518e-01 6.203465144113318e+01
9.140126518378776e-01 6.206743646327531e+01
9.170555620908328e-01 6.210018401064162e+01
9.201150549609705e-01 6.213289381722502e+01
9.231912663713819e-01 6.216556561478802e+01
9.262843337347272e-01 6.219819913284167e+01
9.293943959736952e-01 6.223079409862434e+01
9.325215935418036e-01 6.226335023708022e+01
9.356660684445425e-01 6.229586727083777e+01
9.388279642608699e-01 6.232834492018780e+01
9.420074261650658e-01 6.236078290306145e+01
9.452046009489508e-01 6.239318093500798e+01
9.484196370444776e-01 6.242553872917227e+01
9.516526845467022e-01 6.245785599627223e+01
9.549038952371411e-01 6.249013244457589e+01
9.581734226075265e-01 6.252236777987837e+01
9.614614218839592e-01 6.255456170547860e+01
9.647680500514766e-01 6.258671392215589e+01
9.680934658790366e-01 6.261882412814615e+01
9.714378299449303e-01 6.265089201911810e+01
9.748013046626290e-01 6.268291728814912e+01
9.781840543070769e-01 6.271489962570094e+01
9.815862450414352e-01 6.274683871959513e+01
9.850080449442914e-01 6.277873425498837e+01
9.884496240373374e-01 6.281058591434746e+01
9.919111543135316e-01 6.284239337742424e+01
9.953928097657502e-01 6.287415632123014e+01
9.988947664159415e-01 6.290587442001065e+01
1.002417202344788e+00 6.293754734521948e+01
1.005960297721898e+00 6.296917476549259e+01
1.009524234836520e+00 6.300075634662195e+01
1.013109198128810e+00 6.303229175152907e+01
1.016715374221645e+00 6.306378064023839e+01
1.020342951953014e+00 6.309522266985041e+01
1.023992122408975e+00 6.312661749451457e+01
1.027663078957209e+00 6.315796476540200e+01
1.031356017281182e+00 6.318926413067800e+01
1.035071135414908e+00 6.322051523547432e+01
1.038808633778356e+00 6.325171772186123e+01
1.042568715213485e+00 6.328287122881940e+01
1.046351585020949e+00 6.331397539221152e+01
1.050157450997456e+00 6.334502984475377e+01
1.053986523473819e+00 6.337603421598703e+01
1.057839015353707e+00 6.340698813224792e+01
1.061715142153104e+00 6.343789121663964e+01
1.065615122040497e+00 6.346874308900257e+01
1.069539175877813e+00 6.349954336588466e+01
1.073487527262108e+00 6.353029166051171e+01
1.077460402568045e+00 6.356098758275735e+01
1.081458030991153e+00 6.359163073911285e+01
1.085480644591906e+00 6.362222073265679e+01
1.089528478340625e+00 6.365275716302446e+01
1.093601770163236e+00 6.368323962637712e+01
1.097700760987883e+00 6.371366771537109e+01
1.101825694792432e+00 6.374404101912658e+01
1.105976818652883e+00 6.377435912319645e+01
1.110154382792700e+00 6.380462160953468e+01
1.114358640633091e+00 6.383482805646477e+01
1.118589848844253e+00 6.386497803864789e+01
1.122848267397610e+00 6.389507112705094e+01
1.127134159619053e+00 6.392510688891437e+01
1.131447792243223e+00 6.395508488771993e+01
1.135789435468850e+00 6.398500468315817e+01
1.140159363015164e+00 6.401486583109595e+01
1.144557852179428e+00 6.404466788354358e+01
1.148985183895589e+00 6.407441038862213e+01
1.153441642794093e+00 6.410409289053027e+01
1.157927517262884e+00 6.413371492951130e+01
1.162443099509614e+00 6.416327604181987e+01
1.166988685625094e+00 6.419277575968869e+01
1.171564575648010e+00 6.422221361129505e+01
1.176171073630945e+00 6.425158912072740e+01
1.180808487707725e+00 6.428090180795166e+01
1.185477130162127e+00 6.431015118877764e+01
1.190177317497978e+00 6.433933677482523e+01
1.194909370510682e+00 6.436845807349069e+01
1.199673614360207e+00 6.439751458791278e+01
1.204470378645565e+00 6.442650581693890e+01
1.209299997480822e+00 6.445543125509123e+01
1.214162809572680e+00 6.448429039253281e+01
1.219059158299653e+00 6.451308271503368e+01
1.223989391792903e+00 6.454180770393698e+01
1.228953863018745e+00 6.457046483612511e+01
1.233952929862886e+00 6.459905358398592e+01
1.238986955216426e+00 6.462757341537896e+01
1.244056307063676e+00 6.465602379360180e+01
1.249161358571821e+00 6.468440417735646e+01
1.254302488182498e+00 6.471271402071586e+01
1.259480079705307e+00 6.474095277309056e+01
1.264694522413332e+00 6.476911987919537e+01
1.269946211140700e+00 6.479721477901650e+01
1.275235546382242e+00 6.482523690777843e+01
1.280562934395306e+00 6.485318569591139e+01
1.285928787303772e+00 6.488106056901880e+01
1.291333523204328e+00 6.490886094784501e+01
1.296777566275070e+00 6.493658624824343e+01
1.302261346886474e+00 6.496423588114470e+01
1.307785301714811e+00 6.499180925252541e+01
1.313349873858063e+00 6.501930576337708e+01
1.318955512954401e+00 6.504672480967533e+01
1.324602675303305e+00 6.507406578234981e+01
1.330291823989376e+00 6.510132806725414e+01
1.336023429008924e+00 6.512851104513665e+01
1.341797967399406e+00 6.515561409161131e+01
1.347615923371771e+00 6.518263657712943e+01
1.353477788445814e+00 6.520957786695173e+01
1.359384061588599e+00 6.523643732112103e+01
1.365335249356045e+00 6.526321429443566e+01
1.371331866037746e+00 6.528990813642335e+01
1.377374433805131e+00 6.531651819131599e+01
1.383463482863034e+00 6.534304379802499e+01
1.389599551604782e+00 6.536948429011755e+01
1.395783186770884e+00 6.539583899579360e+01
1.402014943611431e+00 6.542210723786371e+01
1.408295386052295e+00 6.544828833372793e+01
1.414625086865244e+00 6.547438159535550e+01
1.421004627842074e+00 6.550038632926562e+01
1.427434599972871e+00 6.552630183650936e+01
1.433915603628516e+00 6.555212741265254e+01
1.440448248747553e+00 6.557786234775989e+01
1.447033155027541e+00 6.560350592638041e+01
1.453670952121024e+00 6.562905742753406e+01
1.460362279836228e+00 6.565451612469975e+01
1.467107788342649e+00 6.567988128580478e+01
1.473908138381642e+00 6.570515217321574e+01
1.480764001482178e+00 6.573032804373102e+01
1.487676060181898e+00 6.575540814857492e+01
1.494645008253633e+00 6.578039173339344e+01
1.501671550937531e+00 6.580527803825186e+01
1.508756405178972e+00 6.583006629763419e+01
1.515900299872424e+00 6.585475574044459e+01
1.523103976111429e+00 6.587934559001073e+01
1.530368187444879e+00 6.590383506408931e+01
1.537693700139792e+00 6.592822337487382e+01
1.545081293450765e+00 6.595250972900457e+01
1.552531759896298e+00 6.597669332758103e+01
1.560045905542221e+00 6.600077336617680e+01
1.567624550292401e+00 6.602474903485711e+01
1.575268528186978e+00 6.604861951819898e+01
1.582978687708349e+00 6.607238399531433e+01
1.590755892095123e+00 6.609604163987584e+01
1.598601019664314e+00 6.611959162014601e+01
1.606514964142007e+00 6.614303309900927e+01
1.614498635002763e+00 6.616636523400753e+01
1.622552957818039e+00 6.618958717737893e+01
1.630678874613896e+00 6.621269807610038e+01
1.638877344238287e+00 6.623569707193366e+01
1.647149342738233e+00 6.625858330147537e+01
1.655495863747187e+00 6.628135589621091e+01
1.663917918882919e+00 6.630401398257251e+01
1.672416538156249e+00 6.632655668200168e+01
1.680992770390979e+00 6.634898311101597e+01
1.689647683655386e+00 6.637129238128040e+01
1.698382365705639e+00 6.639348359968378e+01
1.707197924441543e+00 6.641555586841976e+01
1.716095488374991e+00 6.643750828507326e+01
1.725076207111555e+00 6.645933994271212e+01
1.734141251845645e+00 6.648104992998418e+01
1.743291815869679e+00 6.650263733122033e+01
1.752529115097733e+00 6.652410122654317e+01
1.761854388604149e+00 6.654544069198204e+01
1.771268899177612e+00 6.656665479959430e+01
1.780773933891205e+00 6.658774261759315e+01
1.790370804688987e+00 6.660870321048228e+01
1.800060848989660e+00 6.662953563919748e+01
1.809845430307900e+00 6.665023896125570e+01
1.819725938893967e+00 6.667081223091125e+01
1.829703792392211e+00 6.669125449932018e+01
1.839780436519151e+00 6.671156481471237e+01
1.849957345761782e+00 6.673174222257202e+01
1.860236024096839e+00 6.675178576582670e+01
1.870618005731746e+00 6.677169448504509e+01
1.881104855868015e+00 6.679146741864415e+01
1.891698171487902e+00 6.681110360310524e+01
1.902399582165134e+00 6.683060207320035e+01
1.913210750900595e+00 6.684996186222814e+01
1.924133374983843e+00 6.686918200226025e+01
1.935169186881426e+00 6.688826152439840e+01
1.946319955152942e+00 6.690719945904235e+01
1.957587485395888e+00 6.692599483616910e+01
1.968973621220338e+00 6.694464668562392e+01
1.980480245254571e+00 6.696315403742311e+01
1.992109280182785e+00 6.698151592206921e+01
2.003862689816113e+00 6.699973137087893e+01
2.015742480198187e+00 6.701779941632401e+01
2.027750700746554e+00 6.703571909238558e+01
2.039889445431316e+00 6.705348943492226e+01
2.052160853992414e+00 6.707110948205248e+01
2.064567113197041e+00 6.708857827455125e+01
2.077110458138735e+00 6.710589485626204e+01
2.089793173579782e+00 6.712305827452377e+01
2.102617595338605e+00 6.714006758061375e+01
2.115586111723933e+00 6.715692183020664e+01
2.128701165017568e+00 6.717362008384997e+01
2.141965253007723e+00 6.719016140745659e+01
2.155380930574908e+00 6.720654487281452e+01
2.168950811332521e+00 6.722276955811452e+01
2.182677569324325e+00 6.723883454849590e+01
2.196563940781151e+00 6.725473893661082e+01
2.210612725939225e+00 6.727048182320766e+01
2.224826790922690e+00 6.728606231773375e+01
2.239209069692940e+00 6.730147953895795e+01
2.253762566067598e+00 6.731673261561336e+01
2.268490355812013e+00 6.733182068706068e+01
2.283395588806360e+00 6.734674290397255e+01
2.298481491291548e+00 6.736149842903920e+01
2.313751368197287e+00 6.737608643769585e+01
2.329208605555857e+00 6.739050611887217e+01
2.344856673005274e+00 6.740475667576422e+01
2.360699126385740e+00 6.741883732662906e+01
2.376739610433460e+00 6.743274730560243e+01
2.392981861576121e+00 6.744648586353983e+01
2.409429710834512e+00 6.746005226888110e+01
2.426087086835048e+00 6.747344580853894e+01
2.442958018938155e+00 6.748666578881148e+01
2.460046640487754e+00 6.749971153631911e+01
2.477357192187348e+00 6.751258239896562e+01
2.494894025608505e+00 6.752527774692400e+01
2.512661606837834e+00 6.753779697364672e+01
2.530664520268877e+00 6.755013949690070e+01
2.548907472545668e+00 6.756230475982686e+01
2.567395296665099e+00 6.757429223202421e+01
2.586132956245604e+00 6.758610141065837e+01
2.605125549970062e+00 6.759773182159439e+01
2.624378316211293e+00 6.760918302055343e+01
2.643896637848954e+00 6.762045459429321e+01
2.663686047287139e+00 6.763154616181177e+01
2.683752231682501e+00 6.764245737557397e+01
2.704101038393291e+00 6.765318792276025e+01
2.724738480660262e+00 6.766373752653710e+01
2.745670743531047e+00 6.767410594734822e+01
2.766904190040261e+00 6.768429298422578e+01
2.788445367658304e+00 6.769429847612071e+01
2.810301015022595e+00 6.770412230325097e+01
2.832478068965774e+00 6.771376438846640e+01
2.854983671856258e+00 6.772322469862915e+01
2.877825179267496e+00 6.773250324600787e+01
2.901010167993189e+00 6.774160008968425e+01
2.924546444426847e+00 6.775051533696997e+01
2.948442053325141e+00 6.775924914483214e+01
2.972705286975716e+00 6.776780172132517e+01
2.997344694791416e+00 6.777617332702657e+01
3.022369093354237e+00 6.778436427647441e+01
3.047787576933795e+00 6.779237493960339e+01
3.073609528506680e+00 6.780020574317700e+01
3.099844631304730e+00 6.780785717221219e+01
3.126502880922104e+00 6.781532977139352e+01
3.153594598012932e+00 6.782262414647296e+01
3.181130441613444e+00 6.782974096565157e+01
3.209121423124710e+00 6.783668096093888e+01
3.237578920994496e+00 6.784344492948571e+01
3.266514696139405e+00 6.785003373488554e+01
3.295940908151176e+00 6.785644830843975e+01
3.325870132334089e+00 6.786268965038143e+01
3.356315377623604e+00 6.786875883105212e+01
3.387290105439893e+00 6.787465699202592e+01
3.418808249533661e+00 6.788038534717472e+01
3.450884236885726e+00 6.788594518366816e+01
3.483533009726220e+00 6.789133786290168e+01
3.516770048744021e+00 6.789656482134579e+01
3.550611397562145e+00 6.790162757130895e+01
3.585073688560418e+00 6.790652770160689e+01
3.620174170132733e+00 6.791126687813025e+01
3.655930735472756e+00 6.791584684430254e+01
3.692361952989005e+00 6.792026942142006e+01
3.729487098457944e+00 6.792453650886520e+01
3.767326189032056e+00 6.792865008418421e+01
3.805900019228965e+00 6.793261220302047e+01
3.845230199037579e+00 6.793642499889427e+01
3.885339194287948e+00 6.794009068281959e+01
3.926250369443324e+00 6.794361154274858e+01
3.967988032985676e+00 6.794698994283442e+01
4.010577485579915e+00 6.795022832250307e+01
4.054045071217333e+00 6.795332919532459e+01
4.098418231555531e+00 6.795629514767496e+01
4.143725563690322e+00 6.795912883717931e+01
4.189996881615215e+00 6.796183299092775e+01
4.237263281646020e+00 6.796441040345583e+01
4.285557212112277e+00 6.796686393448147e+01
4.334912547643726e+00 6.796919650639114e+01
4.385364668409208e+00 6.797141110146882e+01
4.436950544697510e+00 6.797351075886175e+01
4.489708827265103e+00 6.797549857127835e+01
4.543679943914698e+00 6.797737768141421e+01
4.598906202811958e+00 6.797915127810388e+01
4.655431903095035e+00 6.798082259219703e+01
4.713303453384853e+00 6.798239489215925e+01
4.772569498862377e+00 6.798387147939974e+01
4.833281057644231e+00 6.798525568332940e+01
4.895491667260205e+00 6.798655085615539e+01
4.959257542116578e+00 6.798776036742011e+01
5.024637742918682e+00 6.798888759829508e+01
5.091694359125968e+00 6.798993593564268e+01
5.160492705624353e+00 6.799090876586131e+01
5.231101534925327e+00 6.799180946853252e+01
5.303593266340993e+00 6.799264140989166e+01
5.378044233740867e+00 6.799340793614638e+01
5.454534953672244e+00 6.799411236667106e+01
5.533150415823937e+00 6.799475798710785e+01
5.613980398036241e+00 6.799534804240895e+01
5.697119808311753e+00 6.799588572985743e+01
5.782669056566267e+00 6.799637419210755e+01
5.870734459181207e+00 6.799681651028850e+01
5.961428679784652e+00 6.799721569721822e+01
6.054871210103354e+00 6.799757469077707e+01
6.151188895201092e+00 6.799789634749304e+01
6.250516507958135e+00 6.799818343639240e+01
6.352997378263021e+00 6.799843863317109e+01
6.458784083093870e+00 6.799866451474313e+01
6.568039204476551e+00 6.799886355422213e+01
6.680936163238655e+00 6.799903811639201e+01
6.797660137552016e+00 6.799919045372101e+01
6.918409076496872e+00 6.799932270297073e+01
7.043394820316986e+00 6.799943688244875e+01
7.172844340702104e+00 6.799953488994821e+01
7.307001116373955e+00 6.799961850141219e+01
7.446126661515133e+00 6.799968937035359e+01
7.590502227227676e+00 6.799974902805282e+01
7.740430699313778e+00 6.799979888454608e+01
7.896238719324826e+00 6.799984023040646e+01
8.058279060136316e+00 6.799987423930828e+01
8.226933292409498e+00 6.799990197135271e+01
8.402614784360731e+00 6.799992437711944e+01
8.585772084480100e+00 6.799994230239597e+01
8.776892745474225e+00 6.799995649352260e+01
8.976507658068089e+00 6.799996760327824e+01
9.185195975779857e+00 6.799997619722025e+01
9.403590726873565e+00 6.799998276038106e+01
9.632385228019357e+00 6.799998770421531e+01
9.872340436538112e+00 6.799999137368562e+01
1.012429340548281e+01 6.799999405437129e+01
1.038916703950159e+01 6.799999597948474e+01
1.066798139110031e+01 6.799999733668396e+01
1.096186678873138e+01 6.799999827457674e+01
1.127207915289752e+01 6.799999890882383e+01
1.160001793787316e+01 6.799999932776267e+01
1.194724723961206e+01 6.799999959749104e+01
1.231552074145636e+01 6.799999976636998e+01
1.270681133716592e+01 6.799999986892607e+01
1.312334648743739e+01 6.799999992915492e+01
1.356765064772696e+01 6.799999996324730e+01
1.404259647424339e+01 6.799999998177732e+01
1.455146700265386e+01 6.799999999140645e+01
1.509803164427992e+01 6.799999999616688e+01
1.568663971987721e+01 6.799999999839321e+01
1.632233644152228e+01 6.799999999937171e+01
1.701100788997111e+01 6.799999999977281e+01
1.775956381219810e+01 6.799999999992481e+01
1.857617027280936e+01 6.799999999997749e+01
1.947054877728836e+01 6.799999999999399e+01
2.045436513221527e+01 6.799999999999859e+01
2.154174110345026e+01 6.799999999999972e+01
2.274993662704470e+01 6.799999999999996e+01
2.410027280047378e+01 6.800000000000000e+01
2.561940099558149e+01 6.800000000000000e+01
2.734107961670357e+01 6.800000000000000e+01
2.930871232655737e+01 6.800000000000000e+01
3.157905776100406e+01 6.800000000000000e+01
3.422779410119188e+01 6.800000000000000e+01
3.735811886686837e+01 6.800000000000000e+01
4.111450858568018e+01 6.800000000000000e+01
4.570565157533905e+01 6.800000000000000e+01
