0.000000000000000e+00 0.000000000000000e+00
9.560258127786446e-05 3.880799964177584e-02
1.913004791871126e-04 7.761885348122632e-02
2.870938363461456e-04 1.164325614478230e-01
3.829827956580319e-04 1.552491234700568e-01
4.789675003112181e-04 1.940685394756230e-01
5.750480937802417e-04 2.328908093913640e-01
6.712247198264457e-04 2.717159331433265e-01
7.674975224986959e-04 3.105439106566479e-01
8.638666461340999e-04 3.493747418557263e-01
9.603322353587285e-04 3.882084266639509e-01
1.056894435088339e-03 4.270449650040291e-01
1.153553390529102e-03 4.658843567975737e-01
1.250309247178327e-03 5.047266019656291e-01
1.347162150825193e-03 5.435717004282878e-01
1.444112247551485e-03 5.824196521046190e-01
1.541159683732321e-03 6.212704569129528e-01
1.638304606036895e-03 6.601241147707810e-01
1.735547161429212e-03 6.989806255947570e-01
1.832887497168831e-03 7.378399893004968e-01
1.930325760811609e-03 7.767022058028488e-01
2.027862100210445e-03 8.155672750159226e-01
2.125496663516026e-03 8.544351968526627e-01
2.223229599177582e-03 8.933059712253453e-01
2.321061055943637e-03 9.321795980453373e-01
2.418991182862758e-03 9.710560772230394e-01
2.517020129284321e-03 1.009935408668014e+00
2.615148044859262e-03 1.048817592288984e+00
2.713375079540844e-03 1.087702627993650e+00
2.811701383585420e-03 1.126590515688946e+00
2.910127107553194e-03 1.165481255280895e+00
3.008652402309000e-03 1.204374846674483e+00
3.107277419023060e-03 1.243271289774043e+00
3.206002309171768e-03 1.282170584482728e+00
3.304827224538457e-03 1.321072730703051e+00
3.403752317214186e-03 1.359977728336375e+00
3.502777739598511e-03 1.398885577283323e+00
3.601903644400272e-03 1.437796277443482e+00
3.701130184638381e-03 1.476709828715656e+00
3.800457513642603e-03 1.515626230997626e+00
3.899885785054349e-03 1.554545484186292e+00
3.999415152827470e-03 1.593467588177660e+00
4.099045771229048e-03 1.632392542866711e+00
4.198777794840194e-03 1.671320348147589e+00
4.298611378556850e-03 1.710251003913527e+00
4.398546677590590e-03 1.749184510056722e+00
4.498583847469420e-03 1.788120866468503e+00
4.598723044038590e-03 1.827060073039306e+00
4.698964423461403e-03 1.866002129658497e+00
4.799308142220023e-03 1.904947036214594e+00
4.899754357116291e-03 1.943894792595160e+00
5.000303225272546e-03 1.982845398686848e+00
5.100954904132437e-03 2.021798854375220e+00
5.201709551461749e-03 2.060755159545025e+00
5.302567325349230e-03 2.099714314080018e+00
5.403528384207408e-03 2.138676317862988e+00
5.504592886773433e-03 2.177641170775686e+00
5.605760992109901e-03 2.216608872699098e+00
5.707032859605688e-03 2.255579423513012e+00
5.808408648976791e-03 2.294552823096410e+00
5.909888520267165e-03 2.333529071327277e+00
6.011472633849570e-03 2.372508168082490e+00
6.113161150426405e-03 2.411490113238173e+00
6.214954231030571e-03 2.450474906669285e+00
6.316852037026303e-03 2.489462548249818e+00
6.418854730110040e-03 2.528453037853012e+00
6.520962472311268e-03 2.567446375350727e+00
6.623175425993383e-03 2.606442560614227e+00
6.725493753854552e-03 2.645441593513453e+00
6.827917618928573e-03 2.684443473917639e+00
6.930447184585747e-03 2.723448201694765e+00
7.033082614533739e-03 2.762455776712017e+00
7.135824072818453e-03 2.801466198835413e+00
7.238671723824909e-03 2.840479467930066e+00
7.341625732278115e-03 2.879495583860134e+00
7.444686263243946e-03 2.918514546488538e+00
7.547853482130031e-03 2.957536355677419e+00
7.651127554686637e-03 2.996561011287838e+00
7.754508647007548e-03 3.035588513179803e+00
7.857996925530970e-03 3.074618861212244e+00
7.961592557040414e-03 3.113652055243193e+00
8.065295708665590e-03 3.152688095129605e+00
8.169106547883316e-03 3.191726980727310e+00
8.273025242518410e-03 3.230768711891230e+00
8.377051960744602e-03 3.269813288475220e+00
8.481186871085433e-03 3.308860710332084e+00
8.585430142415173e-03 3.347910977313532e+00
8.689781943959727e-03 3.386964089270307e+00
8.794242445297556e-03 3.426020046052130e+00
8.898811816360595e-03 3.465078847507527e+00
9.003490227435169e-03 3.504140493484130e+00
9.108277849162927e-03 3.543204983828375e+00
9.213174852541755e-03 3.582272318385805e+00
9.318181408926726e-03 3.621342497000725e+00
9.423297690031010e-03 3.660415519516448e+00
9.528523867926832e-03 3.699491385775318e+00
9.633860115046392e-03 3.738570095618428e+00
9.739306604182821e-03 3.777651648885936e+00
9.844863508491125e-03 3.816736045416860e+00
9.950531001489115e-03 3.855823285049112e+00
1.005630925705838e-02 3.894913367619594e+00
1.016219844944524e-02 3.934006292964128e+00
1.026819875326167e-02 3.973102060917299e+00
1.037431034348631e-02 4.012200671312797e+00
1.048053339546539e-02 4.051302123983177e+00
1.058686808491370e-02 4.090406418759699e+00
1.069331458791558e-02 4.129513555472784e+00
1.079987308092589e-02 4.168623533951674e+00
1.090654374077094e-02 4.207736354024334e+00
1.101332674464953e-02 4.246852015517874e+00
1.112022227013390e-02 4.285970518258097e+00
1.122723049517070e-02 4.325091862069840e+00
1.133435159808201e-02 4.364216046776619e+00
1.144158575756631e-02 4.403343072201110e+00
1.154893315269949e-02 4.442472938164599e+00
1.165639396293582e-02 4.481605644487431e+00
1.176396836810898e-02 4.520741190988701e+00
1.187165654843303e-02 4.559879577486413e+00
1.197945868450345e-02 4.599020803797444e+00
1.208737495729815e-02 4.638164869737480e+00
1.219540554817843e-02 4.677311775121197e+00
1.230355063889007e-02 4.716461519761936e+00
1.241181041156427e-02 4.755614103471984e+00
1.252018504871878e-02 4.794769526062538e+00
1.262867473325880e-02 4.833927787343569e+00
1.273727964847809e-02 4.873088887123828e+00
1.284599997806000e-02 4.912252825211027e+00
1.295483590607847e-02 4.951419601411587e+00
1.306378761699908e-02 4.990589215530932e+00
1.317285529568012e-02 5.029761667373066e+00
1.328203912737360e-02 5.068936956741112e+00
1.339133929772631e-02 5.108115083436772e+00
1.350075599278090e-02 5.147296047260639e+00
1.361028939897687e-02 5.186479848012198e+00
1.371993970315171e-02 5.225666485489640e+00
1.382970709254190e-02 5.264855959490049e+00
1.393959175478401e-02 5.304048269809243e+00
1.404959387791573e-02 5.343243416241862e+00
1.415971365037701e-02 5.382441398581321e+00
1.426995126101107e-02 5.421642216619958e+00
1.438030689906550e-02 5.460845870148745e+00
1.449078075419338e-02 5.500052358957475e+00
1.460137301645429e-02 5.539261682834805e+00
1.471208387631549e-02 5.578473841568112e+00
1.482291352465292e-02 5.617688834943522e+00
1.493386215275240e-02 5.656906662746053e+00
1.504492995231064e-02 5.696127324759331e+00
1.515611711543636e-02 5.735350820765859e+00
1.526742383465148e-02 5.774577150546932e+00
1.537885030289210e-02 5.813806313882424e+00
1.549039671350974e-02 5.853038310551256e+00
1.560206326027236e-02 5.892273140330829e+00
1.571385013736554e-02 5.931510802997408e+00
1.582575753939360e-02 5.970751298326064e+00
1.593778566138069e-02 6.009994626090545e+00
1.604993469877197e-02 6.049240786063251e+00
1.616220484743474e-02 6.088489778015557e+00
1.627459630365954e-02 6.127741601717261e+00
1.638710926416135e-02 6.166996256937196e+00
1.649974392608067e-02 6.206253743442659e+00
1.661250048698476e-02 6.245514060999881e+00
1.672537914486871e-02 6.284777209373686e+00
1.683838009815666e-02 6.324043188327678e+00
1.695150354570290e-02 6.363311997624038e+00
1.706474968679313e-02 6.402583637023895e+00
1.717811872114553e-02 6.441858106286816e+00
1.729161084891198e-02 6.481135405171287e+00
1.740522627067928e-02 6.520415533434331e+00
1.751896518747023e-02 6.559698490831792e+00
1.763282780074492e-02 6.598984277118106e+00
1.774681431240184e-02 6.638272892046444e+00
1.786092492477913e-02 6.677564335368672e+00
1.797515984065573e-02 6.716858606835288e+00
1.808951926325264e-02 6.756155706195429e+00
1.820400339623406e-02 6.795455633197037e+00
1.831861244370865e-02 6.834758387586632e+00
1.843334661023069e-02 6.874063969109415e+00
1.854820610080136e-02 6.913372377509205e+00
1.866319112086993e-02 6.952683612528503e+00
1.877830187633496e-02 6.991997673908514e+00
1.889353857354558e-02 7.031314561389024e+00
1.900890141930268e-02 7.070634274708496e+00
1.912439062086017e-02 7.109956813604001e+00
1.924000638592622e-02 7.149282177811287e+00
1.935574892266448e-02 7.188610367064754e+00
1.947161843969538e-02 7.227941381097381e+00
1.958761514609735e-02 7.267275219640737e+00
1.970373925140803e-02 7.306611882425045e+00
1.981999096562566e-02 7.345951369179247e+00
1.993637049921022e-02 7.385293679630777e+00
2.005287806308474e-02 7.424638813505723e+00
2.016951386863661e-02 7.463986770528692e+00
2.028627812771883e-02 7.503337550423083e+00
2.040317105265128e-02 7.542691152910692e+00
2.052019285622202e-02 7.582047577712046e+00
2.063734375168860e-02 7.621406824546199e+00
2.075462395277931e-02 7.660768893130793e+00
2.087203367369452e-02 7.700133783182039e+00
2.098957312910798e-02 7.739501494414768e+00
2.110724253416811e-02 7.778872026542359e+00
2.122504210449934e-02 7.818245379276775e+00
2.134297205620336e-02 7.857621552328553e+00
2.146103260586054e-02 7.897000545406712e+00
2.157922397053120e-02 7.936382358218921e+00
2.169754636775693e-02 7.975766990471357e+00
2.181600001556193e-02 8.015154441868717e+00
2.193458513245440e-02 8.054544712114406e+00
2.205330193742783e-02 8.093937800910140e+00
2.217215064996233e-02 8.133333707956254e+00
2.229113149002605e-02 8.172732432951776e+00
2.241024467807649e-02 8.212133975593943e+00
2.252949043506189e-02 8.251538335578843e+00
2.264886898242254e-02 8.290945512600828e+00
2.276838054209223e-02 8.330355506352930e+00
2.288802533649957e-02 8.369768316526631e+00
2.300780358856938e-02 8.409183942811907e+00
2.312771552172409e-02 8.448602384897285e+00
2.324776135988512e-02 8.488023642469742e+00
2.336794132747426e-02 8.527447715214720e+00
2.348825564941509e-02 8.566874602816213e+00
2.360870455113438e-02 8.606304304956737e+00
2.372928825856349e-02 8.645736821317200e+00
2.385000699813977e-02 8.685172151576992e+00
2.397086099680801e-02 8.724610295413981e+00
2.409185048202184e-02 8.764051252504615e+00
2.421297568174518e-02 8.803495022523663e+00
2.433423682445360e-02 8.842941605144361e+00
2.445563413913587e-02 8.882391000038510e+00
2.457716785529532e-02 8.921843206876233e+00
2.469883820295129e-02 8.961298225326217e+00
2.482064541264061e-02 9.000756055055462e+00
2.494258971541907e-02 9.040216695729512e+00
2.506467134286282e-02 9.079680147012326e+00
2.518689052706988e-02 9.119146408566223e+00
2.530924750066162e-02 9.158615480051964e+00
2.543174249678420e-02 9.198087361128813e+00
2.555437574911008e-02 9.237562051454390e+00
2.567714749183949e-02 9.277039550684663e+00
2.580005795970192e-02 9.316519858474095e+00
2.592310738795765e-02 9.356002974475487e+00
2.604629601239918e-02 9.395488898340147e+00
2.616962406935282e-02 9.434977629717565e+00
2.629309179568013e-02 9.474469168255808e+00
2.641669942877948e-02 9.513963513601226e+00
2.654044720658755e-02 9.553460665398688e+00
2.666433536758090e-02 9.592960623291162e+00
2.678836415077741e-02 9.632463386920222e+00
2.691253379573792e-02 9.671968955925692e+00
2.703684454256770e-02 9.711477329945836e+00
2.716129663191803e-02 9.750988508617183e+00
2.728589030498777e-02 9.790502491574671e+00
2.741062580352485e-02 9.830019278451545e+00
2.753550336982793e-02 9.869538868879374e+00
2.766052324674787e-02 9.909061262488109e+00
2.778568567768939e-02 9.948586458905993e+00
2.791099090661258e-02 9.988114457759650e+00
2.803643917803455e-02 1.002764525867391e+01
2.816203073703096e-02 1.006717886127208e+01
2.828776582923765e-02 1.010671526517555e+01
2.841364470085224e-02 1.014625447000422e+01
2.853966759863572e-02 1.018579647537621e+01
2.866583476991409e-02 1.022534128090795e+01
2.879214646257994e-02 1.026488888621409e+01
2.891860292509413e-02 1.030443929090763e+01
2.904520440648735e-02 1.034399249459990e+01
2.917195115636179e-02 1.038354849690037e+01
2.929884342489281e-02 1.042310729741687e+01
2.942588146283053e-02 1.046266889575548e+01
2.955306552150151e-02 1.050223329152050e+01
2.968039585281041e-02 1.054180048431459e+01
2.980787270924164e-02 1.058137047373847e+01
2.993549634386105e-02 1.062094325939127e+01
3.006326701031758e-02 1.066051884087032e+01
3.019118496284495e-02 1.070009721777115e+01
3.031925045626336e-02 1.073967838968755e+01
3.044746374598116e-02 1.077926235621145e+01
3.057582508799654e-02 1.081884911693314e+01
3.070433473889930e-02 1.085843867144093e+01
3.083299295587246e-02 1.089803101932159e+01
3.096179999669407e-02 1.093762616015984e+01
3.109075611973884e-02 1.097722409353873e+01
3.121986158397996e-02 1.101682481903951e+01
3.134911664899077e-02 1.105642833624156e+01
3.147852157494651e-02 1.109603464472242e+01
3.160807662262611e-02 1.113564374405789e+01
3.173778205341386e-02 1.117525563382191e+01
3.186763812930125e-02 1.121487031358649e+01
3.199764511288868e-02 1.125448778292191e+01
3.212780326738727e-02 1.129410804139660e+01
3.225811285662058e-02 1.133373108857708e+01
3.238857414502645e-02 1.137335692402800e+01
3.251918739765878e-02 1.141298554731222e+01
3.264995288018928e-02 1.145261695799066e+01
3.278087085890932e-02 1.149225115562239e+01
3.291194160073171e-02 1.153188813976467e+01
3.304316537319254e-02 1.157152790997273e+01
3.317454244445298e-02 1.161117046579999e+01
3.330607308330109e-02 1.165081580679805e+01
3.343775755915371e-02 1.169046393251642e+01
3.356959614205823e-02 1.173011484250285e+01
3.370158910269450e-02 1.176976853630312e+01
3.383373671237661e-02 1.180942501346110e+01
3.396603924305483e-02 1.184908427351880e+01
3.409849696731743e-02 1.188874631601612e+01
3.423111015839254e-02 1.192841114049120e+01
3.436387909015006e-02 1.196807874648013e+01
3.449680403710355e-02 1.200774913351715e+01
3.462988527441205e-02 1.204742230113443e+01
3.476312307788210e-02 1.208709824886226e+01
3.489651772396955e-02 1.212677697622892e+01
3.503006948978147e-02 1.216645848276078e+01
3.516377865307814e-02 1.220614276798211e+01
3.529764549227492e-02 1.224582983141533e+01
3.543167028644422e-02 1.228551967258080e+01
3.556585331531737e-02 1.232521229099688e+01
3.570019485928665e-02 1.236490768617993e+01
3.583469519940719e-02 1.240460585764436e+01
3.596935461739897e-02 1.244430680490245e+01
3.610417339564871e-02 1.248401052746459e+01
3.623915181721196e-02 1.252371702483904e+01
3.637429016581497e-02 1.256342629653206e+01
3.650958872585675e-02 1.260313834204788e+01
3.664504778241104e-02 1.264285316088873e+01
3.678066762122830e-02 1.268257075255468e+01
3.691644852873775e-02 1.272229111654386e+01
3.705239079204934e-02 1.276201425235221e+01
3.718849469895583e-02 1.280174015947371e+01
3.732476053793479e-02 1.284146883740019e+01
3.746118859815063e-02 1.288120028562153e+01
3.759777916945666e-02 1.292093450362529e+01
3.773453254239715e-02 1.296067149089711e+01
3.787144900820934e-02 1.300041124692052e+01
3.800852885882563e-02 1.304015377117684e+01
3.814577238687548e-02 1.307989906314543e+01
3.828317988568763e-02 1.311964712230334e+01
3.842075164929216e-02 1.315939794812565e+01
3.855848797242252e-02 1.319915154008528e+01
3.869638915051773e-02 1.323890789765287e+01
3.883445547972443e-02 1.327866702029711e+01
3.897268725689902e-02 1.331842890748442e+01
3.911108477960980e-02 1.335819355867913e+01
3.924964834613907e-02 1.339796097334326e+01
3.938837825548529e-02 1.343773115093685e+01
3.952727480736527e-02 1.347750409091763e+01
3.966633830221625e-02 1.351727979274120e+01
3.980556904119814e-02 1.355705825586094e+01
3.994496732619566e-02 1.359683947972802e+01
4.008453345982051e-02 1.363662346379144e+01
4.022426774541358e-02 1.367641020749797e+01
4.036417048704714e-02 1.371619971029217e+01
4.050424198952707e-02 1.375599197161633e+01
4.064448255839503e-02 1.379578699091056e+01
4.078489249993070e-02 1.383558476761270e+01
4.092547212115402e-02 1.387538530115836e+01
4.106622172982744e-02 1.391518859098090e+01
4.120714163445811e-02 1.395499463651137e+01
4.134823214430021e-02 1.399480343717862e+01
4.148949356935712e-02 1.403461499240915e+01
4.163092622038381e-02 1.407442930162726e+01
4.177253040888900e-02 1.411424636425489e+01
4.191430644713752e-02 1.415406617971178e+01
4.205625464815258e-02 1.419388874741522e+01
4.219837532571809e-02 1.423371406678027e+01
4.234066879438094e-02 1.427354213721976e+01
4.248313536945337e-02 1.431337295814402e+01
4.262577536701521e-02 1.435320652896119e+01
4.276858910391637e-02 1.439304284907699e+01
4.291157689777900e-02 1.443288191789483e+01
4.305473906700001e-02 1.447272373481574e+01
4.319807593075332e-02 1.451256829923845e+01
4.334158780899229e-02 1.455241561055927e+01
4.348527502245207e-02 1.459226566817211e+01
4.362913789265203e-02 1.463211847146859e+01
4.377317674189810e-02 1.467197401983778e+01
4.391739189328523e-02 1.471183231266655e+01
4.406178367069977e-02 1.475169334933924e+01
4.420635239882195e-02 1.479155712923780e+01
4.435109840312820e-02 1.483142365174179e+01
4.449602200989372e-02 1.487129291622824e+01
4.464112354619486e-02 1.491116492207195e+01
4.478640333991162e-02 1.495103966864505e+01
4.493186171973004e-02 1.499091715531733e+01
4.507749901514481e-02 1.503079738145620e+01
4.522331555646161e-02 1.507068034642642e+01
4.536931167479976e-02 1.511056604959044e+01
4.551548770209456e-02 1.515045449030809e+01
4.566184397109998e-02 1.519034566793685e+01
4.580838081539101e-02 1.523023958183164e+01
4.595509856936636e-02 1.527013623134486e+01
4.610199756825088e-02 1.531003561582640e+01
4.624907814809818e-02 1.534993773462366e+01
4.639634064579315e-02 1.538984258708150e+01
4.654378539905458e-02 1.542975017254221e+01
4.669141274643769e-02 1.546966049034558e+01
4.683922302733678e-02 1.550957353982887e+01
4.698721658198773e-02 1.554948932032669e+01
4.713539375147078e-02 1.558940783117117e+01
4.728375487771295e-02 1.562932907169185e+01
4.743230030349083e-02 1.566925304121563e+01
4.758103037243314e-02 1.570917973906688e+01
4.772994542902338e-02 1.574910916456736e+01
4.787904581860253e-02 1.578904131703617e+01
4.802833188737169e-02 1.582897619578984e+01
4.817780398239477e-02 1.586891380014231e+01
4.832746245160117e-02 1.590885412940478e+01
4.847730764378849e-02 1.594879718288593e+01
4.862733990862524e-02 1.598874295989174e+01
4.877755959665353e-02 1.602869145972549e+01
4.892796705929187e-02 1.606864268168782e+01
4.907856264883780e-02 1.610859662507674e+01
4.922934671847080e-02 1.614855328918752e+01
4.938031962225485e-02 1.618851267331279e+01
4.953148171514141e-02 1.622847477674243e+01
4.968283335297200e-02 1.626843959876362e+01
4.983437489248120e-02 1.630840713866090e+01
4.998610669129924e-02 1.634837739571593e+01
5.013802910795501e-02 1.638835036920778e+01
5.029014250187872e-02 1.642832605841269e+01
5.044244723340486e-02 1.646830446260423e+01
5.059494366377495e-02 1.650828558105311e+01
5.074763215514048e-02 1.654826941302731e+01
5.090051307056569e-02 1.658825595779212e+01
5.105358677403053e-02 1.662824521460989e+01
5.120685363043350e-02 1.666823718274027e+01
5.136031400559455e-02 1.670823186144007e+01
5.151396826625802e-02 1.674822924996336e+01
5.166781678009552e-02 1.678822934756126e+01
5.182185991570891e-02 1.682823215348215e+01
5.197609804263321e-02 1.686823766697155e+01
5.213053153133954e-02 1.690824588727214e+01
5.228516075323816e-02 1.694825681362373e+01
5.243998608068134e-02 1.698827044526320e+01
5.259500788696647e-02 1.702828678142467e+01
5.275022654633894e-02 1.706830582133926e+01
5.290564243399524e-02 1.710832756423534e+01
5.306125592608594e-02 1.714835200933816e+01
5.321706739971874e-02 1.718837915587033e+01
5.337307723296151e-02 1.722840900305127e+01
5.352928580484535e-02 1.726844155009758e+01
5.368569349536767e-02 1.730847679622301e+01
5.384230068549525e-02 1.734851474063821e+01
5.399910775716734e-02 1.738855538255093e+01
5.415611509329879e-02 1.742859872116598e+01
5.431332307778312e-02 1.746864475568512e+01
5.447073209549569e-02 1.750869348530716e+01
5.462834253229681e-02 1.754874490922789e+01
5.478615477503495e-02 1.758879902664015e+01
5.494416921154982e-02 1.762885583673372e+01
5.510238623067561e-02 1.766891533869533e+01
5.526080622224414e-02 1.770897753170867e+01
5.541942957708812e-02 1.774904241495442e+01
5.557825668704430e-02 1.778910998761024e+01
5.573728794495671e-02 1.782918024885056e+01
5.589652374467994e-02 1.786925319784692e+01
5.605596448108236e-02 1.790932883376767e+01
5.621561055004936e-02 1.794940715577806e+01
5.637546234848669e-02 1.798948816304026e+01
5.653552027432367e-02 1.802957185471337e+01
5.669578472651658e-02 1.806965822995321e+01
5.685625610505187e-02 1.810974728791262e+01
5.701693481094963e-02 1.814983902774125e+01
5.717782124626677e-02 1.818993344858556e+01
5.733891581410050e-02 1.823003054958880e+01
5.750021891859162e-02 1.827013032989115e+01
5.766173096492793e-02 1.831023278862951e+01
5.782345235934764e-02 1.835033792493763e+01
5.798538350914272e-02 1.839044573794603e+01
5.814752482266239e-02 1.843055622678202e+01
5.830987670931650e-02 1.847066939056963e+01
5.847243957957901e-02 1.851078522842974e+01
5.863521384499140e-02 1.855090373947990e+01
5.879819991816620e-02 1.859102492283442e+01
5.896139821279044e-02 1.863114877760433e+01
5.912480914362918e-02 1.867127530289739e+01
5.928843312652898e-02 1.871140449781808e+01
5.945227057842149e-02 1.875153636146752e+01
5.961632191732690e-02 1.879167089294356e+01
5.978058756235760e-02 1.883180809134069e+01
5.994506793372167e-02 1.887194795575004e+01
6.010976345272651e-02 1.891209048525953e+01
6.027467454178240e-02 1.895223567895353e+01
6.043980162440614e-02 1.899238353591312e+01
6.060514512522468e-02 1.903253405521601e+01
6.077070546997871e-02 1.907268723593658e+01
6.093648308552638e-02 1.911284307714562e+01
6.110247839984694e-02 1.915300157791067e+01
6.126869184204439e-02 1.919316273729579e+01
6.143512384235124e-02 1.923332655436158e+01
6.160177483213217e-02 1.927349302816518e+01
6.176864524388780e-02 1.931366215776035e+01
6.193573551125840e-02 1.935383394219727e+01
6.210304606902763e-02 1.939400838052268e+01
6.227057735312638e-02 1.943418547177989e+01
6.243832980063648e-02 1.947436521500859e+01
6.260630384979456e-02 1.951454760924499e+01
6.277449993999577e-02 1.955473265352180e+01
6.294291851179781e-02 1.959492034686819e+01
6.311156000692453e-02 1.963511068830971e+01
6.328042486826996e-02 1.967530367686837e+01
6.344951353990214e-02 1.971549931156268e+01
6.361882646706697e-02 1.975569759140744e+01
6.378836409619222e-02 1.979589851541390e+01
6.395812687489132e-02 1.983610208258977e+01
6.412811525196745e-02 1.987630829193895e+01
6.429832967741735e-02 1.991651714246191e+01
6.446877060243537e-02 1.995672863315532e+01
6.463943847941747e-02 1.999694276301225e+01
6.481033376196516e-02 2.003715953102209e+01
6.498145690488959e-02 2.007737893617054e+01
6.515280836421551e-02 2.011760097743958e+01
6.532438859718540e-02 2.015782565380753e+01
6.549619806226346e-02 2.019805296424891e+01
6.566823721913975e-02 2.023828290773454e+01
6.584050652873429e-02 2.027851548323155e+01
6.601300645320109e-02 2.031875068970319e+01
6.618573745593243e-02 2.035898852610904e+01
6.635870000156284e-02 2.039922899140483e+01
6.653189455597347e-02 2.043947208454252e+01
6.670532158629605e-02 2.047971780447023e+01
6.687898156091725e-02 2.051996615013230e+01
6.705287494948284e-02 2.056021712046919e+01
6.722700222290191e-02 2.060047071441748e+01
6.740136385335116e-02 2.064072693091000e+01
6.757596031427911e-02 2.068098576887558e+01
6.775079208041049e-02 2.072124722723925e+01
6.792585962775040e-02 2.076151130492205e+01
6.810116343358874e-02 2.080177800084117e+01
6.827670397650451e-02 2.084204731390983e+01
6.845248173637018e-02 2.088231924303735e+01
6.862849719435601e-02 2.092259378712908e+01
6.880475083293451e-02 2.096287094508634e+01
6.898124313588481e-02 2.100315071580653e+01
6.915797458829712e-02 2.104343309818308e+01
6.933494567657711e-02 2.108371809110533e+01
6.951215688845040e-02 2.112400569345861e+01
6.968960871296713e-02 2.116429590412427e+01
6.986730164050628e-02 2.120458872197956e+01
7.004523616278037e-02 2.124488414589771e+01
7.022341277283986e-02 2.128518217474779e+01
7.040183196507778e-02 2.132548280739485e+01
7.058049423523430e-02 2.136578604269980e+01
7.075940008040124e-02 2.140609187951944e+01
7.093854999902681e-02 2.144640031670643e+01
7.111794449092011e-02 2.148671135310928e+01
7.129758405725591e-02 2.152702498757233e+01
7.147746920057915e-02 2.156734121893579e+01
7.165760042480984e-02 2.160766004603559e+01
7.183797823524754e-02 2.164798146770352e+01
7.201860313857626e-02 2.168830548276716e+01
7.219947564286909e-02 2.172863209004980e+01
7.238059625759306e-02 2.176896128837049e+01
7.256196549361384e-02 2.180929307654406e+01
7.274358386320057e-02 2.184962745338106e+01
7.292545188003072e-02 2.188996441768766e+01
7.310757005919490e-02 2.193030396826580e+01
7.328993891720169e-02 2.197064610391313e+01
7.347255897198260e-02 2.201099082342285e+01
7.365543074289690e-02 2.205133812558391e+01
7.383855475073661e-02 2.209168800918082e+01
7.402193151773136e-02 2.213204047299374e+01
7.420556156755347e-02 2.217239551579843e+01
7.438944542532280e-02 2.221275313636627e+01
7.457358361761188e-02 2.225311333346415e+01
7.475797667245082e-02 2.229347610585453e+01
7.494262511933249e-02 2.233384145229547e+01
7.512752948921746e-02 2.237420937154046e+01
7.531269031453916e-02 2.241457986233858e+01
7.549810812920897e-02 2.245495292343439e+01
7.568378346862140e-02 2.249532855356786e+01
7.586971686965913e-02 2.253570675147451e+01
7.605590887069831e-02 2.257608751588530e+01
7.624236001161366e-02 2.261647084552654e+01
7.642907083378378e-02 2.265685673912002e+01
7.661604188009628e-02 2.269724519538298e+01
7.680327369495317e-02 2.273763621302791e+01
7.699076682427601e-02 2.277802979076279e+01
7.717852181551131e-02 2.281842592729086e+01
7.736653921763585e-02 2.285882462131081e+01
7.755481958116192e-02 2.289922587151649e+01
7.774336345814294e-02 2.293962967659721e+01
7.793217140217849e-02 2.298003603523746e+01
7.812124396842017e-02 2.302044494611704e+01
7.831058171357660e-02 2.306085640791102e+01
7.850018519591925e-02 2.310127041928969e+01
7.869005497528764e-02 2.314168697891851e+01
7.888019161309508e-02 2.318210608545823e+01
7.907059567233400e-02 2.322252773756473e+01
7.926126771758173e-02 2.326295193388910e+01
7.945220831500584e-02 2.330337867307750e+01
7.964341803236996e-02 2.334380795377137e+01
7.983489743903924e-02 2.338423977460710e+01
8.002664710598612e-02 2.342467413421632e+01
8.021866760579589e-02 2.346511103122569e+01
8.041095951267256e-02 2.350555046425687e+01
8.060352340244437e-02 2.354599243192671e+01
8.079635985256972e-02 2.358643693284696e+01
8.098946944214283e-02 2.362688396562446e+01
8.118285275189963e-02 2.366733352886102e+01
8.137651036422343e-02 2.370778562115347e+01
8.157044286315097e-02 2.374824024109352e+01
8.176465083437812e-02 2.378869738726790e+01
8.195913486526586e-02 2.382915705825824e+01
8.215389554484617e-02 2.386961925264106e+01
8.234893346382806e-02 2.391008396898780e+01
8.254424921460332e-02 2.395055120586471e+01
8.273984339125286e-02 2.399102096183299e+01
8.293571658955237e-02 2.403149323544860e+01
8.313186940697867e-02 2.407196802526235e+01
8.332830244271554e-02 2.411244532981986e+01
8.352501629766008e-02 2.415292514766144e+01
8.372201157442855e-02 2.419340747732230e+01
8.391928887736279e-02 2.423389231733230e+01
8.411684881253614e-02 2.427437966621601e+01
8.431469198775997e-02 2.431486952249281e+01
8.451281901258954e-02 2.435536188467663e+01
8.471123049833058e-02 2.439585675127618e+01
8.490992705804537e-02 2.443635412079475e+01
8.510890930655921e-02 2.447685399173029e+01
8.530817786046654e-02 2.451735636257533e+01
8.550773333813766e-02 2.455786123181704e+01
8.570757635972467e-02 2.459836859793712e+01
8.590770754716838e-02 2.463887845941185e+01
8.610812752420434e-02 2.467939081471197e+01
8.630883691636959e-02 2.471990566230285e+01
8.650983635100906e-02 2.476042300064424e+01
8.671112645728217e-02 2.480094282819049e+01
8.691270786616925e-02 2.484146514339023e+01
8.711458121047834e-02 2.488198994468669e+01
8.731674712485163e-02 2.492251723051737e+01
8.751920624577227e-02 2.496304699931433e+01
8.772195921157082e-02 2.500357924950383e+01
8.792500666243230e-02 2.504411397950661e+01
8.812834924040257e-02 2.508465118773764e+01
8.833198758939537e-02 2.512519087260630e+01
8.853592235519890e-02 2.516573303251616e+01
8.874015418548288e-02 2.520627766586519e+01
8.894468372980513e-02 2.524682477104544e+01
8.914951163961876e-02 2.528737434644337e+01
8.935463856827881e-02 2.532792639043948e+01
8.956006517104943e-02 2.536848090140860e+01
8.976579210511063e-02 2.540903787771962e+01
8.997182002956550e-02 2.544959731773564e+01
9.017814960544707e-02 2.549015921981381e+01
9.038478149572556e-02 2.553072358230553e+01
9.059171636531527e-02 2.557129040355606e+01
9.079895488108196e-02 2.561185968190491e+01
9.100649771184977e-02 2.565243141568552e+01
9.121434552840857e-02 2.569300560322542e+01
9.142249900352112e-02 2.573358224284605e+01
9.163095881193041e-02 2.577416133286292e+01
9.183972563036677e-02 2.581474287158536e+01
9.204880013755545e-02 2.585532685731675e+01
9.225818301422375e-02 2.589591328835434e+01
9.246787494310857e-02 2.593650216298921e+01
9.267787660896364e-02 2.597709347950634e+01
9.288818869856721e-02 2.601768723618459e+01
9.309881190072938e-02 2.605828343129654e+01
9.330974690629963e-02 2.609888206310864e+01
9.352099440817442e-02 2.613948312988105e+01
9.373255510130478e-02 2.618008662986778e+01
9.394442968270388e-02 2.622069256131644e+01
9.415661885145472e-02 2.626130092246841e+01
9.436912330871779e-02 2.630191171155870e+01
9.458194375773893e-02 2.634252492681608e+01
9.479508090385677e-02 2.638314056646279e+01
9.500853545451095e-02 2.642375862871482e+01
9.522230811924952e-02 2.646437911178165e+01
9.543639960973718e-02 2.650500201386640e+01
9.565081063976283e-02 2.654562733316564e+01
9.586554192524786e-02 2.658625506786950e+01
9.608059418425377e-02 2.662688521616163e+01
9.629596813699046e-02 2.666751777621904e+01
9.651166450582403e-02 2.670815274621229e+01
9.672768401528509e-02 2.674879012430532e+01
9.694402739207665e-02 2.678942990865541e+01
9.716069536508247e-02 2.683007209741327e+01
9.737768866537506e-02 2.687071668872291e+01
9.759500802622410e-02 2.691136368072173e+01
9.781265418310446e-02 2.695201307154029e+01
9.803062787370477e-02 2.699266485930254e+01
9.824892983793546e-02 2.703331904212560e+01
9.846756081793745e-02 2.707397561811986e+01
9.868652155809023e-02 2.711463458538884e+01
9.890581280502062e-02 2.715529594202928e+01
9.912543530761102e-02 2.719595968613101e+01
9.934538981700806e-02 2.723662581577705e+01
9.956567708663111e-02 2.727729432904341e+01
9.978629787218093e-02 2.731796522399922e+01
1.000072529316482e-01 2.735863849870665e+01
1.002285430253225e-01 2.739931415122087e+01
1.004501689158005e-01 2.743999217959006e+01
1.006721313679952e-01 2.748067258185528e+01
1.008944311491446e-01 2.752135535605058e+01
1.011170690288206e-01 2.756204050020295e+01
1.013400457789374e-01 2.760272801233218e+01
1.015633621737612e-01 2.764341789045096e+01
1.017870189899185e-01 2.768411013256475e+01
1.020110170064056e-01 2.772480473667191e+01
1.022353570045973e-01 2.776550170076347e+01
1.024600397682560e-01 2.780620102282324e+01
1.026850660835411e-01 2.784690270082776e+01
1.029104367390180e-01 2.788760673274623e+01
1.031361525256670e-01 2.792831311654053e+01
1.033622142368933e-01 2.796902185016515e+01
1.035886226685356e-01 2.800973293156720e+01
1.038153786188758e-01 2.805044635868637e+01
1.040424828886481e-01 2.809116212945490e+01
1.042699362810488e-01 2.813188024179752e+01
1.044977396017455e-01 2.817260069363148e+01
1.047258936588867e-01 2.821332348286649e+01
1.049543992631113e-01 2.825404860740468e+01
1.051832572275584e-01 2.829477606514057e+01
1.054124683678764e-01 2.833550585396112e+01
1.056420335022336e-01 2.837623797174557e+01
1.058719534513271e-01 2.841697241636547e+01
1.061022290383928e-01 2.845770918568476e+01
1.063328610892156e-01 2.849844827755953e+01
1.065638504321388e-01 2.853918968983814e+01
1.067951978980744e-01 2.857993342036112e+01
1.070269043205125e-01 2.862067946696125e+01
1.072589705355320e-01 2.866142782746333e+01
1.074913973818104e-01 2.870217849968437e+01
1.077241857006334e-01 2.874293148143344e+01
1.079573363359061e-01 2.878368677051159e+01
1.081908501341620e-01 2.882444436471197e+01
1.084247279445742e-01 2.886520426181969e+01
1.086589706189651e-01 2.890596645961178e+01
1.088935790118173e-01 2.894673095585725e+01
1.091285539802833e-01 2.898749774831696e+01
1.093638963841965e-01 2.902826683474366e+01
1.095996070860814e-01 2.906903821288193e+01
1.098356869511642e-01 2.910981188046814e+01
1.100721368473835e-01 2.915058783523041e+01
1.103089576454008e-01 2.919136607488863e+01
1.105461502186112e-01 2.923214659715439e+01
1.107837154431543e-01 2.927292939973091e+01
1.110216541979246e-01 2.931371448031311e+01
1.112599673645828e-01 2.935450183658746e+01
1.114986558275664e-01 2.939529146623205e+01
1.117377204741009e-01 2.943608336691646e+01
1.119771621942104e-01 2.947687753630186e+01
1.122169818807288e-01 2.951767397204082e+01
1.124571804293113e-01 2.955847267177737e+01
1.126977587384449e-01 2.959927363314694e+01
1.129387177094600e-01 2.964007685377639e+01
1.131800582465416e-01 2.968088233128388e+01
1.134217812567407e-01 2.972169006327886e+01
1.136638876499853e-01 2.976250004736205e+01
1.139063783390922e-01 2.980331228112549e+01
1.141492542397782e-01 2.984412676215235e+01
1.143925162706721e-01 2.988494348801697e+01
1.146361653533255e-01 2.992576245628486e+01
1.148802024122252e-01 2.996658366451260e+01
1.151246283748044e-01 3.000740711024785e+01
1.153694441714547e-01 3.004823279102935e+01
1.156146507355378e-01 3.008906070438675e+01
1.158602490033974e-01 3.012989084784071e+01
1.161062399143711e-01 3.017072321890280e+01
1.163526244108023e-01 3.021155781507547e+01
1.165994034380525e-01 3.025239463385206e+01
1.168465779445130e-01 3.029323367271672e+01
1.170941488816174e-01 3.033407492914430e+01
1.173421172038536e-01 3.037491840060051e+01
1.175904838687761e-01 3.041576408454169e+01
1.178392498370184e-01 3.045661197841489e+01
1.180884160723054e-01 3.049746207965779e+01
1.183379835414656e-01 3.053831438569861e+01
1.185879532144440e-01 3.057916889395621e+01
1.188383260643142e-01 3.062002560183993e+01
1.190891030672916e-01 3.066088450674960e+01
1.193402852027455e-01 3.070174560607548e+01
1.195918734532123e-01 3.074260889719827e+01
1.198438688044080e-01 3.078347437748903e+01
1.200962722452413e-01 3.082434204430912e+01
1.203490847678263e-01 3.086521189501025e+01
1.206023073674958e-01 3.090608392693431e+01
1.208559410428141e-01 3.094695813741346e+01
1.211099867955903e-01 3.098783452377005e+01
1.213644456308913e-01 3.102871308331650e+01
1.216193185570554e-01 3.106959381335538e+01
1.218746065857050e-01 3.111047671117930e+01
1.221303107317607e-01 3.115136177407089e+01
1.223864320134544e-01 3.119224899930276e+01
1.226429714523426e-01 3.123313838413744e+01
1.228999300733206e-01 3.127402992582739e+01
1.231573089046354e-01 3.131492362161490e+01
1.234151089779000e-01 3.135581946873208e+01
1.236733313281068e-01 3.139671746440080e+01
1.239319769936419e-01 3.143761760583269e+01
1.241910470162984e-01 3.147851989022907e+01
1.244505424412910e-01 3.151942431478087e+01
1.247104643172696e-01 3.156033087666868e+01
1.249708136963337e-01 3.160123957306263e+01
1.252315916340465e-01 3.164215040112234e+01
1.254927991894490e-01 3.168306335799699e+01
1.257544374250749e-01 3.172397844082512e+01
1.260165074069641e-01 3.176489564673474e+01
1.262790102046781e-01 3.180581497284313e+01
1.265419468913139e-01 3.184673641625694e+01
1.268053185435190e-01 3.188765997407207e+01
1.270691262415059e-01 3.192858564337363e+01
1.273333710690670e-01 3.196951342123592e+01
1.275980541135892e-01 3.201044330472236e+01
1.278631764660690e-01 3.205137529088548e+01
1.281287392211278e-01 3.209230937676683e+01
1.283947434770262e-01 3.213324555939703e+01
1.286611903356799e-01 3.217418383579551e+01
1.289280809026744e-01 3.221512420297076e+01
1.291954162872805e-01 3.225606665792005e+01
1.294631976024698e-01 3.229701119762953e+01
1.297314259649298e-01 3.233795781907403e+01
1.300001024950798e-01 3.237890651921721e+01
1.302692283170863e-01 3.241985729501135e+01
1.305388045588786e-01 3.246081014339736e+01
1.308088323521647e-01 3.250176506130478e+01
1.310793128324470e-01 3.254272204565165e+01
1.313502471390386e-01 3.258368109334452e+01
1.316216364150786e-01 3.262464220127840e+01
1.318934818075490e-01 3.266560536633664e+01
1.321657844672901e-01 3.270657058539103e+01
1.324385455490174e-01 3.274753785530160e+01
1.327117662113373e-01 3.278850717291666e+01
1.329854476167639e-01 3.282947853507267e+01
1.332595909317356e-01 3.287045193859431e+01
1.335341973266312e-01 3.291142738029436e+01
1.338092679757870e-01 3.295240485697364e+01
1.340848040575133e-01 3.299338436542094e+01
1.343608067541112e-01 3.303436590241311e+01
1.346372772518899e-01 3.307534946471480e+01
1.349142167411830e-01 3.311633504907857e+01
1.351916264163662e-01 3.315732265224481e+01
1.354695074758743e-01 3.319831227094160e+01
1.357478611222183e-01 3.323930390188479e+01
1.360266885620029e-01 3.328029754177783e+01
1.363059910059439e-01 3.332129318731180e+01
1.365857696688856e-01 3.336229083516534e+01
1.368660257698187e-01 3.340329048200458e+01
1.371467605318976e-01 3.344429212448308e+01
1.374279751824588e-01 3.348529575924180e+01
1.377096709530380e-01 3.352630138290905e+01
1.379918490793888e-01 3.356730899210043e+01
1.382745108015002e-01 3.360831858341873e+01
1.385576573636154e-01 3.364933015345400e+01
1.388412900142491e-01 3.369034369878334e+01
1.391254100062069e-01 3.373135921597098e+01
1.394100185966032e-01 3.377237670156811e+01
1.396951170468797e-01 3.381339615211292e+01
1.399807066228242e-01 3.385441756413051e+01
1.402667885945893e-01 3.389544093413279e+01
1.405533642367111e-01 3.393646625861852e+01
1.408404348281286e-01 3.397749353407319e+01
1.411280016522019e-01 3.401852275696892e+01
1.414160659967320e-01 3.405955392376455e+01
1.417046291539800e-01 3.410058703090540e+01
1.419936924206860e-01 3.414162207482337e+01
1.422832570980887e-01 3.418265905193677e+01
1.425733244919453e-01 3.422369795865033e+01
1.428638959125505e-01 3.426473879135513e+01
1.431549726747568e-01 3.430578154642852e+01
1.434465560979938e-01 3.434682622023407e+01
1.437386475062889e-01 3.438787280912157e+01
1.440312482282862e-01 3.442892130942680e+01
1.443243595972679e-01 3.446997171747171e+01
1.446179829511735e-01 3.451102402956415e+01
1.449121196326209e-01 3.455207824199797e+01
1.452067709889265e-01 3.459313435105281e+01
1.455019383721258e-01 3.463419235299419e+01
1.457976231389942e-01 3.467525224407331e+01
1.460938266510676e-01 3.471631402052712e+01
1.463905502746634e-01 3.475737767857814e+01
1.466877953809019e-01 3.479844321443446e+01
1.469855633457265e-01 3.483951062428972e+01
1.472838555499258e-01 3.488057990432291e+01
1.475826733791545e-01 3.492165105069846e+01
1.478820182239551e-01 3.496272405956609e+01
1.481818914797791e-01 3.500379892706078e+01
1.484822945470092e-01 3.504487564930267e+01
1.487832288309806e-01 3.508595422239700e+01
1.490846957420033e-01 3.512703464243414e+01
1.493866966953839e-01 3.516811690548938e+01
1.496892331114478e-01 3.520920100762296e+01
1.499923064155615e-01 3.525028694488000e+01
1.502959180381550e-01 3.529137471329037e+01
1.506000694147441e-01 3.533246430886866e+01
1.509047619859536e-01 3.537355572761422e+01
1.512099971975391e-01 3.541464896551088e+01
1.515157765004110e-01 3.545574401852706e+01
1.518221013506564e-01 3.549684088261560e+01
1.521289732095630e-01 3.553793955371377e+01
1.524363935436418e-01 3.557904002774315e+01
1.527443638246510e-01 3.562014230060955e+01
1.530528855296191e-01 3.566124636820302e+01
1.533619601408684e-01 3.570235222639767e+01
1.536715891460393e-01 3.574345987105169e+01
1.539817740381136e-01 3.578456929800723e+01
1.542925163154386e-01 3.582568050309037e+01
1.546038174817517e-01 3.586679348211102e+01
1.549156790462039e-01 3.590790823086280e+01
1.552281025233849e-01 3.594902474512313e+01
1.555410894333470e-01 3.599014302065294e+01
1.558546413016305e-01 3.603126305319680e+01
1.561687596592875e-01 3.607238483848270e+01
1.564834460429077e-01 3.611350837222205e+01
1.567987019946430e-01 3.615463365010960e+01
1.571145290622330e-01 3.619576066782333e+01
1.574309287990298e-01 3.623688942102444e+01
1.577479027640242e-01 3.627801990535724e+01
1.580654525218704e-01 3.631915211644901e+01
1.583835796429127e-01 3.636028604991005e+01
1.587022857032108e-01 3.640142170133353e+01
1.590215722845659e-01 3.644255906629540e+01
1.593414409745469e-01 3.648369814035436e+01
1.596618933665170e-01 3.652483891905177e+01
1.599829310596596e-01 3.656598139791154e+01
1.603045556590055e-01 3.660712557244010e+01
1.606267687754590e-01 3.664827143812632e+01
1.609495720258254e-01 3.668941899044134e+01
1.612729670328378e-01 3.673056822483862e+01
1.615969554251841e-01 3.677171913675379e+01
1.619215388375348e-01 3.681287172160456e+01
1.622467189105699e-01 3.685402597479071e+01
1.625724972910071e-01 3.689518189169392e+01
1.628988756316293e-01 3.693633946767773e+01
1.632258555913125e-01 3.697749869808749e+01
1.635534388350542e-01 3.701865957825021e+01
1.638816270340013e-01 3.705982210347453e+01
1.642104218654789e-01 3.710098626905063e+01
1.645398250130183e-01 3.714215207025015e+01
1.648698381663865e-01 3.718331950232605e+01
1.652004630216145e-01 3.722448856051259e+01
1.655317012810267e-01 3.726565924002526e+01
1.658635546532697e-01 3.730683153606062e+01
1.661960248533421e-01 3.734800544379626e+01
1.665291136026240e-01 3.738918095839071e+01
1.668628226289064e-01 3.743035807498337e+01
1.671971536664214e-01 3.747153678869437e+01
1.675321084558720e-01 3.751271709462458e+01
1.678676887444626e-01 3.755389898785537e+01
1.682038962859292e-01 3.759508246344870e+01
1.685407328405695e-01 3.763626751644688e+01
1.688782001752749e-01 3.767745414187259e+01
1.692163000635597e-01 3.771864233472869e+01
1.695550342855937e-01 3.775983208999823e+01
1.698944046282324e-01 3.780102340264429e+01
1.702344128850491e-01 3.784221626760993e+01
1.705750608563658e-01 3.788341067981804e+01
1.709163503492858e-01 3.792460663417134e+01
1.712582831777250e-01 3.796580412555217e+01
1.716008611624443e-01 3.800700314882253e+01
1.719440861310818e-01 3.804820369882383e+01
1.722879599181855e-01 3.808940577037701e+01
1.726324843652459e-01 3.813060935828217e+01
1.729776613207288e-01 3.817181445731874e+01
1.733234926401083e-01 3.821302106224520e+01
1.736699801859004e-01 3.825422916779907e+01
1.740171258276957e-01 3.829543876869680e+01
1.743649314421942e-01 3.833664985963366e+01
1.747133989132378e-01 3.837786243528362e+01
1.750625301318454e-01 3.841907649029934e+01
1.754123269962462e-01 3.846029201931194e+01
1.757627914119151e-01 3.850150901693102e+01
1.761139252916062e-01 3.854272747774449e+01
1.764657305553885e-01 3.858394739631847e+01
1.768182091306804e-01 3.862516876719724e+01
1.771713629522852e-01 3.866639158490310e+01
1.775251939624261e-01 3.870761584393626e+01
1.778797041107822e-01 3.874884153877476e+01
1.782348953545242e-01 3.879006866387434e+01
1.785907696583504e-01 3.883129721366839e+01
1.789473289945227e-01 3.887252718256774e+01
1.793045753429034e-01 3.891375856496069e+01
1.796625106909917e-01 3.895499135521282e+01
1.800211370339605e-01 3.899622554766686e+01
1.803804563746935e-01 3.903746113664268e+01
1.807404707238225e-01 3.907869811643707e+01
1.811011820997649e-01 3.911993648132373e+01
1.814625925287614e-01 3.916117622555308e+01
1.818247040449141e-01 3.920241734335224e+01
1.821875186902244e-01 3.924365982892481e+01
1.825510385146315e-01 3.928490367645084e+01
1.829152655760511e-01 3.932614888008671e+01
1.832802019404140e-01 3.936739543396499e+01
1.836458496817055e-01 3.940864333219435e+01
1.840122108820044e-01 3.944989256885940e+01
1.843792876315226e-01 3.949114313802066e+01
1.847470820286450e-01 3.953239503371440e+01
1.851155961799692e-01 3.957364824995248e+01
1.854848322003460e-01 3.961490278072232e+01
1.858547922129195e-01 3.965615861998671e+01
1.862254783491684e-01 3.969741576168376e+01
1.865968927489462e-01 3.973867419972670e+01
1.869690375605230e-01 3.977993392800386e+01
1.873419149406265e-01 3.982119494037845e+01
1.877155270544840e-01 3.986245723068851e+01
1.880898760758638e-01 3.990372079274679e+01
1.884649641871181e-01 3.994498562034057e+01
1.888407935792246e-01 3.998625170723160e+01
1.892173664518298e-01 4.002751904715593e+01
1.895946850132917e-01 4.006878763382384e+01
1.899727514807228e-01 4.011005746091963e+01
1.903515680800337e-01 4.015132852210162e+01
1.907311370459768e-01 4.019260081100193e+01
1.911114606221902e-01 4.023387432122635e+01
1.914925410612418e-01 4.027514904635425e+01
1.918743806246740e-01 4.031642497993850e+01
1.922569815830482e-01 4.035770211550519e+01
1.926403462159900e-01 4.039898044655368e+01
1.930244768122345e-01 4.044025996655634e+01
1.934093756696714e-01 4.048154066895849e+01
1.937950450953914e-01 4.052282254717822e+01
1.941814874057322e-01 4.056410559460633e+01
1.945687049263244e-01 4.060538980460607e+01
1.949566999921386e-01 4.064667517051316e+01
1.953454749475324e-01 4.068796168563556e+01
1.957350321462972e-01 4.072924934325334e+01
1.961253739517060e-01 4.077053813661856e+01
1.965165027365613e-01 4.081182805895519e+01
1.969084208832426e-01 4.085311910345881e+01
1.973011307837556e-01 4.089441126329667e+01
1.976946348397804e-01 4.093570453160744e+01
1.980889354627201e-01 4.097699890150105e+01
1.984840350737509e-01 4.101829436605861e+01
1.988799361038710e-01 4.105959091833228e+01
1.992766409939507e-01 4.110088855134502e+01
1.996741521947827e-01 4.114218725809060e+01
2.000724721671321e-01 4.118348703153332e+01
2.004716033817877e-01 4.122478786460793e+01
2.008715483196128e-01 4.126608975021951e+01
2.012723094715968e-01 4.130739268124323e+01
2.016738893389065e-01 4.134869665052432e+01
2.020762904329388e-01 4.139000165087784e+01
2.024795152753724e-01 4.143130767508853e+01
2.028835663982208e-01 4.147261471591071e+01
2.032884463438853e-01 4.151392276606809e+01
2.036941576652083e-01 4.155523181825365e+01
2.041007029255268e-01 4.159654186512944e+01
2.045080846987266e-01 4.163785289932648e+01
2.049163055692965e-01 4.167916491344454e+01
2.053253681323831e-01 4.172047790005205e+01
2.057352749938454e-01 4.176179185168595e+01
2.061460287703109e-01 4.180310676085142e+01
2.065576320892302e-01 4.184442262002187e+01
2.069700875889340e-01 4.188573942163868e+01
2.073833979186891e-01 4.192705715811108e+01
2.077975657387548e-01 4.196837582181595e+01
2.082125937204406e-01 4.200969540509775e+01
2.086284845461631e-01 4.205101590026825e+01
2.090452409095043e-01 4.209233729960641e+01
2.094628655152691e-01 4.213365959535824e+01
2.098813610795443e-01 4.217498277973660e+01
2.103007303297575e-01 4.221630684492099e+01
2.107209760047360e-01 4.225763178305754e+01
2.111421008547668e-01 4.229895758625865e+01
2.115641076416562e-01 4.234028424660294e+01
2.119869991387907e-01 4.238161175613502e+01
2.124107781311973e-01 4.242294010686535e+01
2.128354474156047e-01 4.246426929077011e+01
2.132610098005051e-01 4.250559929979089e+01
2.136874681062159e-01 4.254693012583464e+01
2.141148251649418e-01 4.258826176077346e+01
2.145430838208379e-01 4.262959419644439e+01
2.149722469300729e-01 4.267092742464930e+01
2.154023173608919e-01 4.271226143715462e+01
2.158332979936809e-01 4.275359622569123e+01
2.162651917210308e-01 4.279493178195423e+01
2.166980014478025e-01 4.283626809760282e+01
2.171317300911915e-01 4.287760516426005e+01
2.175663805807939e-01 4.291894297351267e+01
2.180019558586721e-01 4.296028151691094e+01
2.184384588794211e-01 4.300162078596843e+01
2.188758926102358e-01 4.304296077216183e+01
2.193142600309774e-01 4.308430146693081e+01
2.197535641342420e-01 4.312564286167775e+01
2.201938079254280e-01 4.316698494776759e+01
2.206349944228050e-01 4.320832771652766e+01
2.210771266575825e-01 4.324967115924743e+01
2.215202076739798e-01 4.329101526717839e+01
2.219642405292952e-01 4.333236003153375e+01
2.224092282939769e-01 4.337370544348831e+01
2.228551740516934e-01 4.341505149417831e+01
2.233020808994050e-01 4.345639817470108e+01
2.237499519474353e-01 4.349774547611500e+01
2.241987903195434e-01 4.353909338943919e+01
2.246485991529966e-01 4.358044190565335e+01
2.250993815986435e-01 4.362179101569754e+01
2.255511408209873e-01 4.366314071047198e+01
2.260038799982602e-01 4.370449098083685e+01
2.264576023224979e-01 4.374584181761206e+01
2.269123109996144e-01 4.378719321157706e+01
2.273680092494776e-01 4.382854515347060e+01
2.278247003059854e-01 4.386989763399055e+01
2.282823874171421e-01 4.391125064379368e+01
2.287410738451353e-01 4.395260417349541e+01
2.292007628664138e-01 4.399395821366964e+01
2.296614577717651e-01 4.403531275484850e+01
2.301231618663943e-01 4.407666778752213e+01
2.305858784700029e-01 4.411802330213848e+01
2.310496109168686e-01 4.415937928910307e+01
2.315143625559253e-01 4.420073573877877e+01
2.319801367508434e-01 4.424209264148558e+01
2.324469368801116e-01 4.428344998750040e+01
2.329147663371180e-01 4.432480776705677e+01
2.333836285302326e-01 4.436616597034472e+01
2.338535268828899e-01 4.440752458751044e+01
2.343244648336726e-01 4.444888360865612e+01
2.347964458363951e-01 4.449024302383968e+01
2.352694733601878e-01 4.453160282307459e+01
2.357435508895828e-01 4.457296299632949e+01
2.362186819245986e-01 4.461432353352816e+01
2.366948699808269e-01 4.465568442454910e+01
2.371721185895190e-01 4.469704565922537e+01
2.376504312976731e-01 4.473840722734435e+01
2.381298116681221e-01 4.477976911864748e+01
2.386102632796225e-01 4.482113132282998e+01
2.390917897269427e-01 4.486249382954067e+01
2.395743946209535e-01 4.490385662838166e+01
2.400580815887176e-01 4.494521970890814e+01
2.405428542735812e-01 4.498658306062811e+01
2.410287163352646e-01 4.502794667300212e+01
2.415156714499552e-01 4.506931053544301e+01
2.420037233103996e-01 4.511067463731570e+01
2.424928756259972e-01 4.515203896793686e+01
2.429831321228941e-01 4.519340351657469e+01
2.434744965440778e-01 4.523476827244864e+01
2.439669726494723e-01 4.527613322472918e+01
2.444605642160342e-01 4.531749836253749e+01
2.449552750378491e-01 4.535886367494523e+01
2.454511089262288e-01 4.540022915097421e+01
2.459480697098093e-01 4.544159477959622e+01
2.464461612346495e-01 4.548296054973264e+01
2.469453873643298e-01 4.552432645025426e+01
2.474457519800527e-01 4.556569246998095e+01
2.479472589807430e-01 4.560705859768140e+01
2.484499122831492e-01 4.564842482207287e+01
2.489537158219454e-01 4.568979113182080e+01
2.494586735498338e-01 4.573115751553865e+01
2.499647894376486e-01 4.577252396178758e+01
2.504720674744596e-01 4.581389045907614e+01
2.509805116676769e-01 4.585525699585995e+01
2.514901260431572e-01 4.589662356054146e+01
2.520009146453091e-01 4.593799014146970e+01
2.525128815372006e-01 4.597935672693986e+01
2.530260308006670e-01 4.602072330519308e+01
2.535403665364189e-01 4.606208986441615e+01
2.540558928641516e-01 4.610345639274119e+01
2.545726139226555e-01 4.614482287824531e+01
2.550905338699261e-01 4.618618930895040e+01
2.556096568832765e-01 4.622755567282272e+01
2.561299871594485e-01 4.626892195777265e+01
2.566515289147269e-01 4.631028815165438e+01
2.571742863850525e-01 4.635165424226554e+01
2.576982638261374e-01 4.639302021734699e+01
2.582234655135799e-01 4.643438606458240e+01
2.587498957429814e-01 4.647575177159797e+01
2.592775588300630e-01 4.651711732596211e+01
2.598064591107836e-01 4.655848271518514e+01
2.603366009414591e-01 4.659984792671889e+01
2.608679886988811e-01 4.664121294795648e+01
2.614006267804382e-01 4.668257776623186e+01
2.619345196042369e-01 4.672394236881961e+01
2.624696716092239e-01 4.676530674293453e+01
2.630060872553088e-01 4.680667087573129e+01
2.635437710234884e-01 4.684803475430414e+01
2.640827274159714e-01 4.688939836568653e+01
2.646229609563039e-01 4.693076169685079e+01
2.651644761894961e-01 4.697212473470778e+01
2.657072776821495e-01 4.701348746610654e+01
2.662513700225856e-01 4.705484987783392e+01
2.667967578209753e-01 4.709621195661426e+01
2.673434457094683e-01 4.713757368910898e+01
2.678914383423253e-01 4.717893506191632e+01
2.684407403960493e-01 4.722029606157088e+01
2.689913565695191e-01 4.726165667454331e+01
2.695432915841229e-01 4.730301688723991e+01
2.700965501838936e-01 4.734437668600232e+01
2.706511371356446e-01 4.738573605710707e+01
2.712070572291065e-01 4.742709498676528e+01
2.717643152770653e-01 4.746845346112227e+01
2.723229161155011e-01 4.750981146625710e+01
2.728828646037282e-01 4.755116898818235e+01
2.734441656245354e-01 4.759252601284357e+01
2.740068240843289e-01 4.763388252611900e+01
2.745708449132744e-01 4.767523851381915e+01
2.751362330654416e-01 4.771659396168640e+01
2.757029935189491e-01 4.775794885539462e+01
2.762711312761102e-01 4.779930318054875e+01
2.768406513635807e-01 4.784065692268446e+01
2.774115588325067e-01 4.788201006726767e+01
2.779838587586740e-01 4.792336259969422e+01
2.785575562426586e-01 4.796471450528939e+01
2.791326564099780e-01 4.800606576930753e+01
2.797091644112444e-01 4.804741637693166e+01
2.802870854223179e-01 4.808876631327306e+01
2.808664246444614e-01 4.813011556337077e+01
2.814471873044972e-01 4.817146411219125e+01
2.820293786549636e-01 4.821281194462794e+01
2.826130039742735e-01 4.825415904550086e+01
2.831980685668739e-01 4.829550539955606e+01
2.837845777634067e-01 4.833685099146534e+01
2.843725369208703e-01 4.837819580582571e+01
2.849619514227831e-01 4.841953982715900e+01
2.855528266793475e-01 4.846088303991139e+01
2.861451681276155e-01 4.850222542845300e+01
2.867389812316556e-01 4.854356697707737e+01
2.873342714827207e-01 4.858490767000110e+01
2.879310443994174e-01 4.862624749136334e+01
2.885293055278763e-01 4.866758642522533e+01
2.891290604419245e-01 4.870892445556996e+01
2.897303147432577e-01 4.875026156630126e+01
2.903330740616156e-01 4.879159774124403e+01
2.909373440549568e-01 4.883293296414328e+01
2.915431304096364e-01 4.887426721866373e+01
2.921504388405840e-01 4.891560048838947e+01
2.927592750914837e-01 4.895693275682331e+01
2.933696449349549e-01 4.899826400738642e+01
2.939815541727350e-01 4.903959422341781e+01
2.945950086358631e-01 4.908092338817380e+01
2.952100141848650e-01 4.912225148482753e+01
2.958265767099404e-01 4.916357849646852e+01
2.964447021311503e-01 4.920490440610213e+01
2.970643963986069e-01 4.924622919664903e+01
2.976856654926645e-01 4.928755285094472e+01
2.983085154241115e-01 4.932887535173901e+01
2.989329522343647e-01 4.937019668169552e+01
2.995589819956645e-01 4.941151682339112e+01
3.001866108112715e-01 4.945283575931545e+01
3.008158448156654e-01 4.949415347187034e+01
3.014466901747439e-01 4.953546994336934e+01
3.020791530860252e-01 4.957678515603713e+01
3.027132397788502e-01 4.961809909200902e+01
3.033489565145874e-01 4.965941173333037e+01
3.039863095868387e-01 4.970072306195610e+01
3.046253053216473e-01 4.974203305975004e+01
3.052659500777071e-01 4.978334170848450e+01
3.059082502465733e-01 4.982464898983962e+01
3.065522122528750e-01 4.986595488540279e+01
3.071978425545298e-01 4.990725937666818e+01
3.078451476429594e-01 4.994856244503613e+01
3.084941340433070e-01 4.998986407181248e+01
3.091448083146567e-01 5.003116423820814e+01
3.097971770502549e-01 5.007246292533840e+01
3.104512468777320e-01 5.011376011422237e+01
3.111070244593278e-01 5.015505578578241e+01
3.117645164921173e-01 5.019634992084351e+01
3.124237297082388e-01 5.023764250013268e+01
3.130846708751233e-01 5.027893350427837e+01
3.137473467957267e-01 5.032022291380986e+01
3.144117643087628e-01 5.036151070915660e+01
3.150779302889383e-01 5.040279687064765e+01
3.157458516471908e-01 5.044408137851102e+01
3.164155353309268e-01 5.048536421287304e+01
3.170869883242631e-01 5.052664535375774e+01
3.177602176482696e-01 5.056792478108623e+01
3.184352303612139e-01 5.060920247467602e+01
3.191120335588079e-01 5.065047841424040e+01
3.197906343744566e-01 5.069175257938774e+01
3.204710399795087e-01 5.073302494962093e+01
3.211532575835089e-01 5.077429550433660e+01
3.218372944344531e-01 5.081556422282456e+01
3.225231578190448e-01 5.085683108426706e+01
3.232108550629535e-01 5.089809606773812e+01
3.239003935310761e-01 5.093935915220288e+01
3.245917806277996e-01 5.098062031651688e+01
3.252850237972661e-01 5.102187953942540e+01
3.259801305236397e-01 5.106313679956273e+01
3.266771083313763e-01 5.110439207545149e+01
3.273759647854950e-01 5.114564534550191e+01
3.280767074918514e-01 5.118689658801112e+01
3.287793440974143e-01 5.122814578116245e+01
3.294838822905430e-01 5.126939290302467e+01
3.301903298012682e-01 5.131063793155130e+01
3.308986944015748e-01 5.135188084457982e+01
3.316089839056865e-01 5.139312161983101e+01
3.323212061703537e-01 5.143436023490814e+01
3.330353690951425e-01 5.147559666729622e+01
3.337514806227276e-01 5.151683089436128e+01
3.344695487391858e-01 5.155806289334960e+01
3.351895814742937e-01 5.159929264138690e+01
3.359115869018265e-01 5.164052011547759e+01
3.366355731398601e-01 5.168174529250403e+01
3.373615483510751e-01 5.172296814922570e+01
3.380895207430638e-01 5.176418866227837e+01
3.388194985686391e-01 5.180540680817340e+01
3.395514901261472e-01 5.184662256329684e+01
3.402855037597809e-01 5.188783590390869e+01
3.410215478598977e-01 5.192904680614203e+01
3.417596308633390e-01 5.197025524600223e+01
3.424997612537523e-01 5.201146119936611e+01
3.432419475619167e-01 5.205266464198111e+01
3.439861983660706e-01 5.209386554946443e+01
3.447325222922415e-01 5.213506389730217e+01
3.454809280145804e-01 5.217625966084857e+01
3.462314242556966e-01 5.221745281532498e+01
3.469840197869978e-01 5.225864333581916e+01
3.477387234290309e-01 5.229983119728429e+01
3.484955440518271e-01 5.234101637453814e+01
3.492544905752493e-01 5.238219884226216e+01
3.500155719693420e-01 5.242337857500060e+01
3.507787972546856e-01 5.246455554715961e+01
3.515441755027524e-01 5.250572973300629e+01
3.523117158362657e-01 5.254690110666782e+01
3.530814274295627e-01 5.258806964213051e+01
3.538533195089596e-01 5.262923531323887e+01
3.546274013531208e-01 5.267039809369469e+01
3.554036822934302e-01 5.271155795705607e+01
3.561821717143663e-01 5.275271487673649e+01
3.569628790538806e-01 5.279386882600380e+01
3.577458138037787e-01 5.283501977797931e+01
3.585309855101050e-01 5.287616770563680e+01
3.593184037735311e-01 5.291731258180150e+01
3.601080782497462e-01 5.295845437914913e+01
3.609000186498530e-01 5.299959307020490e+01
3.616942347407647e-01 5.304072862734249e+01
3.624907363456071e-01 5.308186102278304e+01
3.632895333441233e-01 5.312299022859412e+01
3.640906356730826e-01 5.316411621668871e+01
3.648940533266921e-01 5.320523895882415e+01
3.656997963570124e-01 5.324635842660111e+01
3.665078748743772e-01 5.328747459146250e+01
3.673182990478156e-01 5.332858742469242e+01
3.681310791054792e-01 5.336969689741510e+01
3.689462253350717e-01 5.341080298059380e+01
3.697637480842842e-01 5.345190564502975e+01
3.705836577612316e-01 5.349300486136100e+01
3.714059648348952e-01 5.353410060006132e+01
3.722306798355681e-01 5.357519283143917e+01
3.730578133553045e-01 5.361628152563642e+01
3.738873760483735e-01 5.365736665262736e+01
3.747193786317162e-01 5.369844818221746e+01
3.755538318854075e-01 5.373952608404228e+01
3.763907466531215e-01 5.378060032756623e+01
3.772301338426012e-01 5.382167088208149e+01
3.780720044261327e-01 5.386273771670677e+01
3.789163694410228e-01 5.390380080038612e+01
3.797632399900817e-01 5.394486010188773e+01
3.806126272421095e-01 5.398591558980274e+01
3.814645424323875e-01 5.402696723254403e+01
3.823189968631730e-01 5.406801499834492e+01
3.831760019041996e-01 5.410905885525800e+01
3.840355689931815e-01 5.415009877115385e+01
3.848977096363220e-01 5.419113471371979e+01
3.857624354088273e-01 5.423216665045857e+01
3.866297579554240e-01 5.427319454868715e+01
3.874996889908829e-01 5.431421837553538e+01
3.883722403005449e-01 5.435523809794464e+01
3.892474237408544e-01 5.439625368266663e+01
3.901252512398959e-01 5.443726509626197e+01
3.910057347979362e-01 5.447827230509890e+01
3.918888864879705e-01 5.451927527535190e+01
3.927747184562749e-01 5.456027397300037e+01
3.936632429229633e-01 5.460126836382723e+01
3.945544721825487e-01 5.464225841341756e+01
3.954484186045109e-01 5.468324408715719e+01
3.963450946338685e-01 5.472422535023132e+01
3.972445127917562e-01 5.476520216762309e+01
3.981466856760080e-01 5.480617450411214e+01
3.990516259617451e-01 5.484714232427318e+01
3.999593464019701e-01 5.488810559247458e+01
4.008698598281650e-01 5.492906427287684e+01
4.017831791508966e-01 5.497001832943114e+01
4.026993173604268e-01 5.501096772587788e+01
4.036182875273280e-01 5.505191242574514e+01
4.045401028031052e-01 5.509285239234720e+01
4.054647764208226e-01 5.513378758878299e+01
4.063923216957380e-01 5.517471797793456e+01
4.073227520259408e-01 5.521564352246554e+01
4.082560808929978e-01 5.525656418481953e+01
4.091923218626042e-01 5.529747992721860e+01
4.101314885852406e-01 5.533839071166165e+01
4.110735947968367e-01 5.537929649992277e+01
4.120186543194409e-01 5.542019725354971e+01
4.129666810618963e-01 5.546109293386218e+01
4.139176890205231e-01 5.550198350195025e+01
4.148716922798067e-01 5.554286891867261e+01
4.158287050130946e-01 5.558374914465502e+01
4.167887414832965e-01 5.562462414028852e+01
4.177518160435939e-01 5.566549386572775e+01
4.187179431381553e-01 5.570635828088928e+01
4.196871373028582e-01 5.574721734544980e+01
4.206594131660181e-01 5.578807101884445e+01
4.216347854491242e-01 5.582891926026502e+01
4.226132689675833e-01 5.586976202865816e+01
4.235948786314687e-01 5.591059928272361e+01
4.245796294462785e-01 5.595143098091240e+01
4.255675365136999e-01 5.599225708142500e+01
4.265586150323811e-01 5.603307754220952e+01
4.275528802987107e-01 5.607389232095980e+01
4.285503477076050e-01 5.611470137511358e+01
4.295510327533023e-01 5.615550466185063e+01
4.305549510301649e-01 5.619630213809079e+01
4.315621182334899e-01 5.623709376049207e+01
4.325725501603265e-01 5.627787948544876e+01
4.335862627103022e-01 5.631865926908941e+01
4.346032718864566e-01 5.635943306727491e+01
4.356235937960838e-01 5.640020083559645e+01
4.366472446515826e-01 5.644096252937359e+01
4.376742407713151e-01 5.648171810365215e+01
4.387045985804738e-01 5.652246751320224e+01
4.397383346119576e-01 5.656321071251617e+01
4.407754655072559e-01 5.660394765580639e+01
4.418160080173413e-01 5.664467829700334e+01
4.428599790035719e-01 5.668540258975342e+01
4.439073954386020e-01 5.672612048741682e+01
4.449582744073017e-01 5.676683194306536e+01
4.460126331076858e-01 5.680753690948030e+01
4.470704888518522e-01 5.684823533915022e+01
4.481318590669295e-01 5.688892718426875e+01
4.491967612960336e-01 5.692961239673240e+01
4.502652131992350e-01 5.697029092813821e+01
4.513372325545337e-01 5.701096272978161e+01
4.524128372588467e-01 5.705162775265403e+01
4.534920453290034e-01 5.709228594744066e+01
4.545748749027511e-01 5.713293726451809e+01
4.556613442397720e-01 5.717358165395195e+01
4.567514717227089e-01 5.721421906549458e+01
4.578452758582019e-01 5.725484944858258e+01
4.589427752779364e-01 5.729547275233445e+01
4.600439887397006e-01 5.733608892554813e+01
4.611489351284538e-01 5.737669791669857e+01
4.622576334574064e-01 5.741729967393518e+01
4.633701028691107e-01 5.745789414507942e+01
4.644863626365618e-01 5.749848127762223e+01
4.656064321643114e-01 5.753906101872146e+01
4.667303309895916e-01 5.757963331519936e+01
4.678580787834516e-01 5.762019811353993e+01
4.689896953519048e-01 5.766075535988634e+01
4.701252006370878e-01 5.770130500003829e+01
4.712646147184334e-01 5.774184697944931e+01
4.724079578138525e-01 5.778238124322412e+01
4.735552502809312e-01 5.782290773611587e+01
4.747065126181381e-01 5.786342640252343e+01
4.758617654660459e-01 5.790393718648865e+01
4.770210296085646e-01 5.794444003169352e+01
4.781843259741875e-01 5.798493488145737e+01
4.793516756372517e-01 5.802542167873408e+01
4.805230998192098e-01 5.806590036610914e+01
4.816986198899159e-01 5.810637088579682e+01
4.828782573689256e-01 5.814683317963721e+01
4.840620339268091e-01 5.818728718909331e+01
4.852499713864779e-01 5.822773285524802e+01
4.864420917245256e-01 5.826817011880118e+01
4.876384170725842e-01 5.830859892006652e+01
4.888389697186924e-01 5.834901919896858e+01
4.900437721086807e-01 5.838943089503969e+01
4.912528468475695e-01 5.842983394741680e+01
4.924662167009839e-01 5.847022829483836e+01
4.936839045965812e-01 5.851061387564117e+01
4.949059336254960e-01 5.855099062775713e+01
4.961323270437999e-01 5.859135848871007e+01
4.973631082739761e-01 5.863171739561243e+01
4.985983009064109e-01 5.867206728516202e+01
4.998379287009012e-01 5.871240809363866e+01
5.010820155881774e-01 5.875273975690087e+01
5.023305856714438e-01 5.879306221038243e+01
5.035836632279349e-01 5.883337538908902e+01
5.048412727104894e-01 5.887367922759475e+01
5.061034387491401e-01 5.891397366003865e+01
5.073701861527223e-01 5.895425862012122e+01
5.086415399104994e-01 5.899453404110083e+01
5.099175251938057e-01 5.903479985579014e+01
5.111981673577081e-01 5.907505599655255e+01
5.124834919426849e-01 5.911530239529847e+01
5.137735246763249e-01 5.915553898348169e+01
5.150682914750423e-01 5.919576569209564e+01
5.163678184458139e-01 5.923598245166967e+01
5.176721318879326e-01 5.927618919226520e+01
5.189812582947824e-01 5.931638584347196e+01
5.202952243556317e-01 5.935657233440408e+01
5.216140569574470e-01 5.939674859369624e+01
5.229377831867275e-01 5.943691454949968e+01
5.242664303313583e-01 5.947707012947828e+01
5.256000258824869e-01 5.951721526080451e+01
5.269385975364180e-01 5.955734987015538e+01
5.282821731965323e-01 5.959747388370842e+01
5.296307809752238e-01 5.963758722713744e+01
5.309844491958614e-01 5.967768982560845e+01
5.323432063947722e-01 5.971778160377544e+01
5.337070813232457e-01 5.975786248577607e+01
5.350761029495625e-01 5.979793239522748e+01
5.364503004610450e-01 5.983799125522186e+01
5.378297032661317e-01 5.987803898832216e+01
5.392143409964747e-01 5.991807551655762e+01
5.406042435090624e-01 5.995810076141935e+01
5.419994408883648e-01 5.999811464385576e+01
5.433999634485042e-01 6.003811708426812e+01
5.448058417354510e-01 6.007810800250589e+01
5.462171065292443e-01 6.011808731786211e+01
5.476337888462384e-01 6.015805494906873e+01
5.490559199413748e-01 6.019801081429188e+01
5.504835313104808e-01 6.023795483112706e+01
5.519166546925950e-01 6.027788691659440e+01
5.533553220723190e-01 6.031780698713372e+01
5.547995656821969e-01 6.035771495859968e+01
5.562494180051227e-01 6.039761074625674e+01
5.577049117767762e-01 6.043749426477423e+01
5.591660799880850e-01 6.047736542822125e+01
5.606329558877192e-01 6.051722415006156e+01
5.621055729846124e-01 6.055707034314842e+01
5.635839650505130e-01 6.059690391971939e+01
5.650681661225664e-01 6.063672479139105e+01
5.665582105059270e-01 6.067653286915373e+01
5.680541327764016e-01 6.071632806336606e+01
5.695559677831232e-01 6.075611028374963e+01
5.710637506512574e-01 6.079587943938346e+01
5.725775167847413e-01 6.083563543869850e+01
5.740973018690544e-01 6.087537818947205e+01
5.756231418740220e-01 6.091510759882208e+01
5.771550730566540e-01 6.095482357320157e+01
5.786931319640167e-01 6.099452601839274e+01
5.802373554361384e-01 6.103421483950127e+01
5.817877806089512e-01 6.107388994095035e+01
5.833444449172683e-01 6.111355122647485e+01
5.849073860977965e-01 6.115319859911527e+01
5.864766421921853e-01 6.119283196121170e+01
5.880522515501141e-01 6.123245121439773e+01
5.896342528324160e-01 6.127205625959426e+01
5.912226850142394e-01 6.131164699700327e+01
5.928175873882493e-01 6.135122332610151e+01
5.944189995678675e-01 6.139078514563420e+01
5.960269614905517e-01 6.143033235360852e+01
5.976415134211157e-01 6.146986484728718e+01
5.992626959550905e-01 6.150938252318185e+01
6.008905500221271e-01 6.154888527704652e+01
6.025251168894401e-01 6.158837300387083e+01
6.041664381652957e-01 6.162784559787331e+01
6.058145558025421e-01 6.166730295249455e+01
6.074695121021836e-01 6.170674496039031e+01
6.091313497170003e-01 6.174617151342453e+01
6.108001116552121e-01 6.178558250266232e+01
6.124758412841890e-01 6.182497781836285e+01
6.141585823342075e-01 6.186435734997214e+01
6.158483789022554e-01 6.190372098611584e+01
6.175452754558834e-01 6.194306861459187e+01
6.192493168371057e-01 6.198240012236302e+01
6.209605482663499e-01 6.202171539554949e+01
6.226790153464578e-01 6.206101431942130e+01
6.244047640667356e-01 6.210029677839066e+01
6.261378408070571e-01 6.213956265600428e+01
6.278782923420182e-01 6.217881183493554e+01
6.296261658451454e-01 6.221804419697663e+01
6.313815088931579e-01 6.225725962303061e+01
6.331443694702840e-01 6.229645799310332e+01
6.349147959726336e-01 6.233563918629530e+01
6.366928372126278e-01 6.237480308079357e+01
6.384785424234841e-01 6.241394955386335e+01
6.402719612637607e-01 6.245307848183964e+01
6.420731438219609e-01 6.249218974011880e+01
6.438821406211944e-01 6.253128320314998e+01
6.456990026239029e-01 6.257035874442645e+01
6.475237812366448e-01 6.260941623647691e+01
6.493565283149446e-01 6.264845555085663e+01
6.511972961682042e-01 6.268747655813856e+01
6.530461375646798e-01 6.272647912790428e+01
6.549031057365245e-01 6.276546312873494e+01
6.567682543848972e-01 6.280442842820204e+01
6.586416376851392e-01 6.284337489285812e+01
6.605233102920192e-01 6.288230238822737e+01
6.624133273450495e-01 6.292121077879617e+01
6.643117444738712e-01 6.296009992800344e+01
6.662186178037119e-01 6.299896969823099e+01
6.681340039609183e-01 6.303781995079372e+01
6.700579600785594e-01 6.307665054592968e+01
6.719905438021093e-01 6.311546134279011e+01
6.739318132952031e-01 6.315425219942934e+01
6.758818272454731e-01 6.319302297279449e+01
6.778406448704621e-01 6.323177351871524e+01
6.798083259236185e-01 6.327050369189337e+01
6.817849307003720e-01 6.330921334589218e+01
6.837705200442926e-01 6.334790233312584e+01
6.857651553533336e-01 6.338657050484869e+01
6.877688985861600e-01 6.342521771114424e+01
6.897818122685647e-01 6.346384380091429e+01
6.918039594999712e-01 6.350244862186771e+01
6.938354039600279e-01 6.354103202050929e+01
6.958762099152921e-01 6.357959384212830e+01
6.979264422260080e-01 6.361813393078710e+01
6.999861663529773e-01 6.365665212930949e+01
7.020554483645262e-01 6.369514827926899e+01
7.041343549435709e-01 6.373362222097701e+01
7.062229533947789e-01 6.377207379347087e+01
7.083213116518337e-01 6.381050283450170e+01
7.104294982847997e-01 6.384890918052221e+01
7.125475825075920e-01 6.388729266667429e+01
7.146756341855502e-01 6.392565312677659e+01
7.168137238431215e-01 6.396399039331184e+01
7.189619226716506e-01 6.400230429741408e+01
7.211203025372818e-01 6.404059466885580e+01
7.232889359889727e-01 6.407886133603486e+01
7.254678962666243e-01 6.411710412596133e+01
7.276572573093243e-01 6.415532286424418e+01
7.298570937637119e-01 6.419351737507778e+01
7.320674809924610e-01 6.423168748122832e+01
7.342884950828868e-01 6.426983300402006e+01
7.365202128556761e-01 6.430795376332139e+01
7.387627118737445e-01 6.434604957753083e+01
7.410160704512225e-01 6.438412026356279e+01
7.432803676625719e-01 6.442216563683320e+01
7.455556833518353e-01 6.446018551124502e+01
7.478420981420217e-01 6.449817969917356e+01
7.501396934446298e-01 6.453614801145169e+01
7.524485514693096e-01 6.457409025735480e+01
7.547687552336682e-01 6.461200624458567e+01
7.571003885732208e-01 6.464989577925917e+01
7.594435361514872e-01 6.468775866588678e+01
7.617982834702401e-01 6.472559470736088e+01
7.641647168799048e-01 6.476340370493908e+01
7.665429235901152e-01 6.480118545822808e+01
7.689329916804265e-01 6.483893976516759e+01
7.713350101111891e-01 6.487666642201403e+01
7.737490687345874e-01 6.491436522332390e+01
7.761752583058418e-01 6.495203596193724e+01
7.786136704945836e-01 6.498967842896064e+01
7.810643978963999e-01 6.502729241375027e+01
7.835275340445546e-01 6.506487770389461e+01
7.860031734218876e-01 6.510243408519702e+01
7.884914114728966e-01 6.513996134165815e+01
7.909923446160027e-01 6.517745925545813e+01
7.935060702560045e-01 6.521492760693860e+01
7.960326867967242e-01 6.525236617458448e+01
7.985722936538485e-01 6.528977473500562e+01
8.011249912679684e-01 6.532715306291820e+01
8.036908811178203e-01 6.536450093112597e+01
8.062700657337334e-01 6.540181811050125e+01
8.088626487112877e-01 6.543910436996572e+01
8.114687347251834e-01 6.547635947647105e+01
8.140884295433294e-01 6.551358319497929e+01
8.167218400411512e-01 6.555077528844303e+01
8.193690742161273e-01 6.558793551778543e+01
8.220302412025504e-01 6.562506364187985e+01
8.247054512865272e-01 6.566215941752951e+01
8.273948159212129e-01 6.569922259944676e+01
8.300984477422896e-01 6.573625294023212e+01
8.328164605836911e-01 6.577325019035324e+01
8.355489694935799e-01 6.581021409812345e+01
8.382960907505806e-01 6.584714440968024e+01
8.410579418802731e-01 6.588404086896340e+01
8.438346416719530e-01 6.592090321769295e+01
8.466263101956636e-01 6.595773119534692e+01
8.494330688195023e-01 6.599452453913875e+01
8.522550402272102e-01 6.603128298399452e+01
8.550923484360468e-01 6.606800626252998e+01
8.579451188149588e-01 6.610469410502726e+01
8.608134781030453e-01 6.614134623941140e+01
8.636975544283266e-01 6.617796239122654e+01
8.665974773268239e-01 6.621454228361193e+01
8.695133777619520e-01 6.625108563727770e+01
8.724453881442356e-01 6.628759217048027e+01
8.753936423513515e-01 6.632406159899763e+01
8.783582757485072e-01 6.636049363610428e+01
8.813394252091568e-01 6.639688799254593e+01
8.843372291360668e-01 6.643324437651388e+01
8.873518274827356e-01 6.646956249361924e+01
8.903833617751722e-01 6.650584204686676e+01
8.934319751340450e-01 6.654208273662852e+01
8.964978122972052e-01 6.657828426061715e+01
8.995810196425930e-01 6.661444631385901e+01
9.026817452115341e-01 6.665056858866687e+01
9.058001387324348e-01 6.668665077461247e+01
9.089363516448837e-01 6.672269255849872e+01
9.120905371241662e-01 6.675869362433156e+01
9.152628501062031e-01 6.679465365329168e+01
9.184534473129202e-01 6.683057232370578e+01
9.216624872780579e-01 6.686644931101770e+01
9.248901303734282e-01 6.690228428775909e+01
9.281365388356320e-01 6.693807692351987e+01
9.314018767932426e-01 6.697382688491849e+01
9.346863102944647e-01 6.700953383557159e+01
9.379900073352833e-01 6.704519743606369e+01
9.413131378881066e-01 6.708081734391635e+01
9.446558739309172e-01 6.711639321355717e+01
9.480183894769397e-01 6.715192469628830e+01
9.514008606048378e-01 6.718741144025481e+01
9.548034654894493e-01 6.722285309041268e+01
9.582263844330735e-01 6.725824928849644e+01
9.616697998973184e-01 6.729359967298652e+01
9.651338965355224e-01 6.732890387907628e+01
9.686188612257640e-01 6.736416153863878e+01
9.721248831044663e-01 6.739937228019308e+01
9.756521536006152e-01 6.743453572887032e+01
9.792008664706008e-01 6.746965150637946e+01
9.827712178336961e-01 6.750471923097274e+01
9.863634062081866e-01 6.753973851741065e+01
9.899776325481646e-01 6.757470897692674e+01
9.936141002810042e-01 6.760963021719203e+01
9.972730153455279e-01 6.764450184227904e+01
1.000954586230885e+00 6.767932345262562e+01
1.004659024016150e+00 6.771409464499824e+01
1.008386542410670e+00 6.774881501245520e+01
1.012137357795156e+00 6.778348414430923e+01
1.015911689263556e+00 6.781810162608997e+01
1.019709758665720e+00 6.785266703950606e+01
1.023531790650864e+00 6.788717996240676e+01
1.027378012711862e+00 6.792163996874342e+01
1.031248655230391e+00 6.795604662853050e+01
1.035143951522923e+00 6.799039950780626e+01
1.039064137887612e+00 6.802469816859315e+01
1.043009453652074e+00 6.805894216885788e+01
1.046980141222096e+00 6.809313106247103e+01
1.050976446131279e+00 6.812726439916648e+01
1.054998617091654e+00 6.816134172450043e+01
1.059046906045279e+00 6.819536257981005e+01
1.063121568216842e+00 6.822932650217189e+01
1.067222862167305e+00 6.826323302435986e+01
1.071351049848590e+00 6.829708167480298e+01
1.075506396659357e+00 6.833087197754273e+01
1.079689171501879e+00 6.836460345219005e+01
1.083899646840046e+00 6.839827561388218e+01
1.088138098758533e+00 6.843188797323891e+01
1.092404807023144e+00 6.846544003631887e+01
1.096700055142368e+00 6.849893130457508e+01
1.101024130430176e+00 6.853236127481060e+01
1.105377324070092e+00 6.856572943913362e+01
1.109759931180547e+00 6.859903528491230e+01
1.114172250881582e+00 6.863227829472940e+01
1.118614586362895e+00 6.866545794633652e+01
1.123087244953297e+00 6.869857371260805e+01
1.127590538191577e+00 6.873162506149498e+01
1.132124781898850e+00 6.876461145597824e+01
1.136690296252379e+00 6.879753235402195e+01
1.141287405860950e+00 6.883038720852629e+01
1.145916439841803e+00 6.886317546728013e+01
1.150577731899177e+00 6.889589657291351e+01
1.155271620404506e+00 6.892854996284983e+01
1.159998448478292e+00 6.896113506925774e+01
1.164758564073725e+00 6.899365131900288e+01
1.169552320062059e+00 6.902609813359953e+01
1.174380074319813e+00 6.905847492916182e+01
1.179242189817836e+00 6.909078111635493e+01
1.184139034712274e+00 6.912301610034611e+01
1.189070982437496e+00 6.915517928075545e+01
1.194038411801029e+00 6.918727005160659e+01
1.199041707080544e+00 6.921928780127729e+01
1.204081258122954e+00 6.925123191244984e+01
1.209157460445673e+00 6.928310176206136e+01
1.214270715340090e+00 6.931489672125416e+01
1.219421429977324e+00 6.934661615532579e+01
1.224610017516302e+00 6.937825942367927e+01
1.229836897214239e+00 6.940982587977315e+01
1.235102494539568e+00 6.944131487107168e+01
1.240407241287391e+00 6.947272573899482e+01
1.245751575697510e+00 6.950405781886846e+01
1.251135942575121e+00 6.953531043987461e+01
1.256560793414218e+00 6.956648292500167e+01
1.262026586523799e+00 6.959757459099485e+01
1.267533787156937e+00 6.962858474830669e+01
1.273082867642799e+00 6.965951270104776e+01
1.278674307521682e+00 6.969035774693752e+01
1.284308593683163e+00 6.972111917725545e+01
1.289986220507424e+00 6.975179627679239e+01
1.295707690009864e+00 6.978238832380222e+01
1.301473511989068e+00 6.981289458995380e+01
1.307284204178226e+00 6.984331434028330e+01
1.313140292400113e+00 6.987364683314694e+01
1.319042310725700e+00 6.990389132017413e+01
1.324990801636528e+00 6.993404704622114e+01
1.330986316190920e+00 6.996411324932522e+01
1.337029414194157e+00 6.999408916065933e+01
1.343120664372718e+00 7.002397400448751e+01
1.349260644552708e+00 7.005376699812082e+01
1.355449941842576e+00 7.008346735187412e+01
1.361689152820267e+00 7.011307426902346e+01
1.367978883724902e+00 7.014258694576445e+01
1.374319750653153e+00 7.017200457117137e+01
1.380712379760409e+00 7.020132632715733e+01
1.387157407466905e+00 7.023055138843534e+01
1.393655480668928e+00 7.025967892248053e+01
1.400207256955265e+00 7.028870808949338e+01
1.406813404829041e+00 7.031763804236434e+01
1.413474603935098e+00 7.034646792663948e+01
1.420191545293089e+00 7.037519688048776e+01
1.426964931536441e+00 7.040382403466954e+01
1.433795477157374e+00 7.043234851250664e+01
1.440683908758145e+00 7.046076942985403e+01
1.447630965308710e+00 7.048908589507326e+01
1.454637398410990e+00 7.051729700900754e+01
1.461703972569941e+00 7.054540186495875e+01
1.468831465471642e+00 7.057339954866654e+01
1.476020668268596e+00 7.060128913828929e+01
1.483272385872479e+00 7.062906970438745e+01
1.490587437254563e+00 7.065674030990904e+01
1.497966655754033e+00 7.068430001017769e+01
1.505410889394468e+00 7.071174785288312e+01
1.512921001208712e+00 7.073908287807424e+01
1.520497869572416e+00 7.076630411815519e+01
1.528142388546510e+00 7.079341059788418e+01
1.535855468228892e+00 7.082040133437535e+01
1.543638035115620e+00 7.084727533710404e+01
1.551491032471911e+00 7.087403160791513e+01
1.559415420713259e+00 7.090066914103512e+01
1.567412177796994e+00 7.092718692308776e+01
1.575482299624617e+00 7.095358393311352e+01
1.583626800455258e+00 7.097985914259317e+01
1.591846713330628e+00 7.100601151547532e+01
1.600143090511816e+00 7.103204000820864e+01
1.608517003928341e+00 7.105794356977833e+01
1.616969545639858e+00 7.108372114174757e+01
1.625501828310917e+00 7.110937165830381e+01
1.634114985699237e+00 7.113489404631031e+01
1.642810173157923e+00 7.116028722536299e+01
1.651588568152098e+00 7.118555010785302e+01
1.660451370790448e+00 7.121068159903511e+01
1.669399804372163e+00 7.123568059710205e+01
1.678435115949818e+00 7.126054599326548e+01
1.687558576908718e+00 7.128527667184335e+01
1.696771483563293e+00 7.130987151035418e+01
1.706075157771116e+00 7.133432937961855e+01
1.715470947565154e+00 7.135864914386791e+01
1.724960227804905e+00 7.138282966086128e+01
1.734544400847052e+00 7.140686978200981e+01
1.744224897236357e+00 7.143076835250983e+01
1.754003176417474e+00 7.145452421148444e+01
1.763880727468449e+00 7.147813619213427e+01
1.773859069856679e+00 7.150160312189736e+01
1.783939754218122e+00 7.152492382261897e+01
1.794124363160611e+00 7.154809711073131e+01
1.804414512092141e+00 7.157112179744374e+01
1.814811850075041e+00 7.159399668894380e+01
1.825318060706977e+00 7.161672058660957e+01
1.835934863029775e+00 7.163929228723343e+01
1.846664012467100e+00 7.166171058325811e+01
1.857507301792056e+00 7.168397426302511e+01
1.868466562125835e+00 7.170608211103604e+01
1.879543663968580e+00 7.172803290822749e+01
1.890740518263679e+00 7.174982543225953e+01
1.902059077496768e+00 7.177145845781877e+01
1.913501336830765e+00 7.179293075693610e+01
1.925069335278322e+00 7.181424109931989e+01
1.936765156913145e+00 7.183538825270486e+01
1.948590932121688e+00 7.185637098321764e+01
1.960548838896808e+00 7.187718805575894e+01
1.972641104175018e+00 7.189783823440335e+01
1.984870005219084e+00 7.191832028281725e+01
1.997237871047742e+00 7.193863296469522e+01
2.009747083914442e+00 7.195877504421571e+01
2.022400080837080e+00 7.197874528651664e+01
2.035199355180790e+00 7.199854245819122e+01
2.048147458295937e+00 7.201816532780499e+01
2.061247001213602e+00 7.203761266643455e+01
2.074500656400886e+00 7.205688324822850e+01
2.087911159578552e+00 7.207597585099145e+01
2.101481311603571e+00 7.209488925679173e+01
2.115213980419309e+00 7.211362225259327e+01
2.129112103076201e+00 7.213217363091265e+01
2.143178687825903e+00 7.215054219050165e+01
2.157416816292065e+00 7.216872673705632e+01
2.171829645721002e+00 7.218672608395295e+01
2.186420411315729e+00 7.220453905301197e+01
2.201192428656973e+00 7.222216447529014e+01
2.216149096214983e+00 7.223960119190195e+01
2.231293897956113e+00 7.225684805487084e+01
2.246630406048396e+00 7.227390392801098e+01
2.262162283670518e+00 7.229076768784016e+01
2.277893287928821e+00 7.230743822452467e+01
2.293827272887230e+00 7.232391444285672e+01
2.309968192715230e+00 7.234019526326493e+01
2.326320104959281e+00 7.235627962285882e+01
2.342887173943386e+00 7.237216647650763e+01
2.359673674304764e+00 7.238785479795428e+01
2.376683994670960e+00 7.240334358096483e+01
2.393922641485025e+00 7.241863184051425e+01
2.411394242985766e+00 7.243371861400864e+01
2.429103553350463e+00 7.244860296254478e+01
2.447055457007827e+00 7.246328397220707e+01
2.465254973129430e+00 7.247776075540244e+01
2.483707260308278e+00 7.249203245223354e+01
2.502417621433683e+00 7.250609823191036e+01
2.521391508772123e+00 7.251995729420052e+01
2.540634529264298e+00 7.253360887091851e+01
2.560152450049219e+00 7.254705222745358e+01
2.579951204226730e+00 7.256028666433659e+01
2.600036896870580e+00 7.257331151884546e+01
2.620415811304852e+00 7.258612616664901e+01
2.641094415657275e+00 7.259873002348890e+01
2.662079369703808e+00 7.261112254689910e+01
2.683377532019692e+00 7.262330323796230e+01
2.704995967453108e+00 7.263527164310263e+01
2.726941954938546e+00 7.264702735591338e+01
2.749222995668037e+00 7.265857001901931e+01
2.771846821639518e+00 7.266989932597150e+01
2.794821404602807e+00 7.268101502317397e+01
2.818154965424897e+00 7.269191691184001e+01
2.841855983897728e+00 7.270260484997641e+01
2.865933209012985e+00 7.271307875439371e+01
2.890395669730086e+00 7.272333860273972e+01
2.915252686265205e+00 7.273338443555410e+01
2.940513881930976e+00 7.274321635834076e+01
2.966189195558482e+00 7.275283454365515e+01
2.992288894535202e+00 7.276223923320271e+01
3.018823588494868e+00 7.277143073994479e+01
3.045804243697553e+00 7.278040945020783e+01
3.073242198140961e+00 7.278917582579111e+01
3.101149177446651e+00 7.279773040606837e+01
3.129537311567955e+00 7.280607381007776e+01
3.158419152369630e+00 7.281420673859444e+01
3.187807692132738e+00 7.282212997617962e+01
3.217716383042096e+00 7.282984439319949e+01
3.248159157717692e+00 7.283735094780671e+01
3.279150450855911e+00 7.284465068787716e+01
3.310705222051189e+00 7.285174475289352e+01
3.342838979873903e+00 7.285863437576742e+01
3.375567807285927e+00 7.286532088459074e+01
3.408908388481353e+00 7.287180570430657e+01
3.442878037246504e+00 7.287809035828951e+01
3.477494726940515e+00 7.288417646982481e+01
3.512777122205565e+00 7.289006576347469e+01
3.548744612524306e+00 7.289576006632041e+01
3.585417347751256e+00 7.290126130906734e+01
3.622816275754978e+00 7.290657152700059e+01
3.660963182318774e+00 7.291169286077745e+01
3.699880733459617e+00 7.291662755704289e+01
3.739592520338028e+00 7.292137796885385e+01
3.780123106945891e+00 7.292594655589760e+01
3.821498080774751e+00 7.293033588448898e+01
3.863744106684218e+00 7.293454862733110e+01
3.906888984208781e+00 7.293858756302392e+01
3.950961708561829e+00 7.294245557530482e+01
3.995992535618204e+00 7.294615565200513e+01
4.042013051181312e+00 7.294969088370682e+01
4.089056244868045e+00 7.295306446208346e+01
4.137156588974706e+00 7.295627967790985e+01
4.186350122720163e+00 7.295933991872523e+01
4.236674542298839e+00 7.296224866613535e+01
4.288169297216554e+00 7.296500949273940e+01
4.340875693426452e+00 7.296762605866901e+01
4.394837003831822e+00 7.297010210772713e+01
4.450098586777081e+00 7.297244146311640e+01
4.506708013208810e+00 7.297464802274800e+01
4.564715203256137e+00 7.297672575412366e+01
4.624172573054647e+00 7.297867868878605e+01
4.685135192721474e+00 7.298051091633471e+01
4.747660956482322e+00 7.298222657800775e+01
4.811810766055140e+00 7.298382985983235e+01
4.877648728511454e+00 7.298532498535063e+01
4.945242369966602e+00 7.298671620793097e+01
5.014662866596214e+00 7.298800780267923e+01
5.085985294640335e+00 7.298920405796821e+01
5.159288901241238e+00 7.299030926660870e+01
5.234657398168928e+00 7.299132771669073e+01
5.312179280723121e+00 7.299226368212813e+01
5.391948174365843e+00 7.299312141294583e+01
5.474063211939233e+00 7.299390512535483e+01
5.558629444664068e+00 7.299461899166539e+01
5.645758290501775e+00 7.299526713009547e+01
5.735568023903721e+00 7.299585359453692e+01
5.828184311474478e+00 7.299638236434841e+01
5.923740798650654e+00 7.299685733424899e+01
6.022379753155095e+00 7.299728230439239e+01
6.124252771741649e+00 7.299766097070621e+01
6.229521557614421e+00 7.299799691558493e+01
6.338358776906609e+00 7.299829359902867e+01
6.450949003760596e+00 7.299855435032222e+01
6.567489764890163e+00 7.299878236034976e+01
6.688192696060070e+00 7.299898067464061e+01
6.813284824727066e+00 7.299915218723908e+01
6.943009995196542e+00 7.299929963548827e+01
7.077630455117697e+00 7.299942559581093e+01
7.217428625035820e+00 7.299953248056357e+01
7.362709076127202e+00 7.299962253602862e+01
7.513800745262240e+00 7.299969784159755e+01
7.671059421300748e+00 7.299976031018198e+01
7.834870542174194e+00 7.299981168987290e+01
8.005652349042256e+00 7.299985356684786e+01
8.183859451861101e+00 7.299988736950485e+01
8.369986870360785e+00 7.299991437377787e+01
8.564574626065001e+00 7.299993570956576e+01
8.768212975057784e+00 7.299995236818047e+01
8.981548388288317e+00 7.299996521069775e+01
9.205290407042293e+00 7.299997497707018e+01
9.440219526733967e+00 7.299998229584237e+01
9.687196293589318e+00 7.299998769429142e+01
9.947171837647581e+00 7.299999160880382e+01
1.022120011381710e+01 7.299999439529333e+01
1.051045218310715e+01 7.299999633946433e+01
1.081623294207092e+01 7.299999766673263e+01
1.114000080450314e+01 7.299999855162950e+01
1.148339096162823e+01 7.299999912653755e+01
1.184824300357363e+01 7.299999948963416e+01
1.223663388693486e+01 7.299999971195304e+01
1.265091749585351e+01 7.299999984351101e+01
1.309377238814587e+01 7.299999991848644e+01
1.356825977274481e+01 7.299999995947309e+01
1.407789437101776e+01 7.299999998086729e+01
1.462673163069631e+01 7.299999999147420e+01
1.521947587114915e+01 7.299999999643867e+01
1.586161546497306e+01 7.299999999861677e+01
1.655959328434688e+01 7.299999999950516e+01
1.732102363275468e+01 7.299999999983878e+01
1.815497115720131e+01 7.299999999995279e+01
1.907231343409261e+01 7.299999999998778e+01
2.008621805591984e+01 7.299999999999726e+01
2.121277874683897e+01 7.299999999999947e+01
2.247187598963095e+01 7.299999999999991e+01
2.388836038777193e+01 7.299999999999999e+01
2.549370937233170e+01 7.300000000000000e+01
2.732839392611430e+01 7.300000000000000e+01
2.944533764201730e+01 7.300000000000000e+01
3.191510531057080e+01 7.300000000000000e+01
3.483392164613403e+01 7.300000000000000e+01
3.833650124880990e+01 7.300000000000000e+01
4.261743187430262e+01 7.300000000000000e+01
