0.000000000000000e+00 0.000000000000000e+00
1.813994556172043e-04 2.951492166081948e-02
3.629791392081963e-04 5.901954334871817e-02
5.447393195025589e-04 8.851386978939502e-02
7.266802657643948e-04 1.179979057043994e-01
9.088022477936556e-04 1.474716558110885e-01
1.091105535927475e-03 1.769351248227053e-01
1.273590401041507e-03 2.063883174483223e-01
1.456257114551269e-03 2.358312383928478e-01
1.639105948413482e-03 2.652638923570692e-01
1.822137175127429e-03 2.946862840376312e-01
2.005351067736300e-03 3.240984181269653e-01
2.188747899828554e-03 3.535002993134384e-01
2.372327945539283e-03 3.828919322812041e-01
2.556091479551571e-03 4.122733217103303e-01
2.740038777097871e-03 4.416444722767210e-01
2.924170113961377e-03 4.710053886521095e-01
3.108485766477398e-03 5.003560755041505e-01
3.292986011534748e-03 5.296965374962639e-01
3.477671126577125e-03 5.590267792877981e-01
3.662541389604506e-03 5.883468055339662e-01
3.847597079174544e-03 6.176566208858034e-01
4.032838474403959e-03 6.469562299902805e-01
4.218265854969950e-03 6.762456374901475e-01
4.403879501111596e-03 7.055248480240408e-01
4.589679693631275e-03 7.347938662265463e-01
4.775666713896073e-03 7.640526967279939e-01
4.961840843839203e-03 7.933013441546635e-01
5.148202365961443e-03 8.225398131286639e-01
5.334751563332546e-03 8.517681082680326e-01
5.521488719592688e-03 8.809862341866221e-01
5.708414118953898e-03 9.101941954941566e-01
5.895528046201505e-03 9.393919967962532e-01
6.082830786695578e-03 9.685796426944009e-01
6.270322626372379e-03 9.977571377859960e-01
6.458003851745825e-03 1.026924486664242e+00
6.645874749908935e-03 1.056081693918301e+00
6.833935608535305e-03 1.085228764133106e+00
7.022186715880567e-03 1.114365701889596e+00
7.210628360783873e-03 1.143492511764492e+00
7.399260832669357e-03 1.172609198330420e+00
7.588084421547634e-03 1.201715766155935e+00
7.777099418017273e-03 1.230812219805387e+00
7.966306113266293e-03 1.259898563839094e+00
8.155704799073658e-03 1.288974802813200e+00
8.345295767810776e-03 1.318040941279776e+00
8.535079312443006e-03 1.347096983786741e+00
8.725055726531162e-03 1.376142934877926e+00
8.915225304233033e-03 1.405178799093029e+00
9.105588340304897e-03 1.434204580967659e+00
9.296145130103042e-03 1.463220285033302e+00
9.486895969585298e-03 1.492225915817315e+00
9.677841155312570e-03 1.521221477842992e+00
9.868980984450370e-03 1.550206975629457e+00
1.006031575477036e-02 1.579182413691775e+00
1.025184576465190e-02 1.608147796540884e+00
1.044357131308360e-02 1.637103128683584e+00
1.063549269966487e-02 1.666048414622658e+00
1.082761022460750e-02 1.694983658856678e+00
1.101992418873718e-02 1.723908865880176e+00
1.121243489349513e-02 1.752824040183576e+00
1.140514264093962e-02 1.781729186253195e+00
1.159804773374760e-02 1.810624308571178e+00
1.179115047521625e-02 1.839509411615673e+00
1.198445116926457e-02 1.868384499860682e+00
1.217795012043498e-02 1.897249577776108e+00
1.237164763389496e-02 1.926104649827721e+00
1.256554401543856e-02 1.954949720477202e+00
1.275963957148812e-02 1.983784794182220e+00
1.295393460909579e-02 2.012609875396251e+00
1.314842943594523e-02 2.041424968568670e+00
1.334312436035315e-02 2.070230078144796e+00
1.353801969127101e-02 2.099025208565834e+00
1.373311573828662e-02 2.127810364268946e+00
1.392841281162579e-02 2.156585549687065e+00
1.412391122215398e-02 2.185350769249155e+00
1.431961128137791e-02 2.214106027380062e+00
1.451551330144727e-02 2.242851328500507e+00
1.471161759515636e-02 2.271586677027102e+00
1.490792447594572e-02 2.300312077372404e+00
1.510443425790386e-02 2.329027533944902e+00
1.530114725576888e-02 2.357733051148891e+00
1.549806378493019e-02 2.386428633384710e+00
1.569518416143018e-02 2.415114285048503e+00
1.589250870196591e-02 2.443790010532354e+00
1.609003772389078e-02 2.472455814224276e+00
1.628777154521631e-02 2.501111700508169e+00
1.648571048461375e-02 2.529757673763832e+00
1.668385486141586e-02 2.558393738367030e+00
1.688220499561859e-02 2.587019898689370e+00
1.708076120788283e-02 2.615636159098415e+00
1.727952381953612e-02 2.644242523957622e+00
1.747849315257440e-02 2.672838997626378e+00
1.767766952966369e-02 2.701425584459969e+00
1.787705327414194e-02 2.730002288809615e+00
1.807664471002068e-02 2.758569115022411e+00
1.827644416198684e-02 2.787126067441378e+00
1.847645195540448e-02 2.815673150405487e+00
1.867666841631656e-02 2.844210368249577e+00
1.887709387144671e-02 2.872737725304454e+00
1.907772864820102e-02 2.901255225896740e+00
1.927857307466980e-02 2.929762874349095e+00
1.947962747962940e-02 2.958260674980046e+00
1.968089219254399e-02 2.986748632103989e+00
1.988236754356732e-02 3.015226750031310e+00
2.008405386354461e-02 3.043695033068246e+00
2.028595148401427e-02 3.072153485517028e+00
2.048806073720980e-02 3.100602111675720e+00
2.069038195606153e-02 3.129040915838367e+00
2.089291547419853e-02 3.157469902294864e+00
2.109566162595037e-02 3.185889075331126e+00
2.129862074634900e-02 3.214298439228898e+00
2.150179317113061e-02 3.242697998265882e+00
2.170517923673743e-02 3.271087756715644e+00
2.190877928031964e-02 3.299467718847765e+00
2.211259363973721e-02 3.327837888927696e+00
2.231662265356174e-02 3.356198271216769e+00
2.252086666107839e-02 3.384548869972257e+00
2.272532600228774e-02 3.412889689447404e+00
2.293000101790764e-02 3.441220733891321e+00
2.313489204937517e-02 3.469542007549038e+00
2.333999943884846e-02 3.497853514661522e+00
2.354532352920868e-02 3.526155259465625e+00
2.375086466406189e-02 3.554447246194208e+00
2.395662318774095e-02 3.582729479075958e+00
2.416259944530751e-02 3.611001962335493e+00
2.436879378255386e-02 3.639264700193415e+00
2.457520654600492e-02 3.667517696866135e+00
2.478183808292016e-02 3.695760956566133e+00
2.498868874129554e-02 3.723994483501649e+00
2.519575886986548e-02 3.752218281876978e+00
2.540304881810482e-02 3.780432355892273e+00
2.561055893623077e-02 3.808636709743560e+00
2.581828957520488e-02 3.836831347622891e+00
2.602624108673506e-02 3.865016273718133e+00
2.623441382327749e-02 3.893191492213141e+00
2.644280813803871e-02 3.921357007287682e+00
2.665142438497752e-02 3.949512823117409e+00
2.686026291880705e-02 3.977658943873948e+00
2.706932409499674e-02 4.005795373724773e+00
2.727860826977436e-02 4.033922116833331e+00
2.748811580012806e-02 4.062039177358955e+00
2.769784704380835e-02 4.090146559456933e+00
2.790780235933017e-02 4.118244267278442e+00
2.811798210597495e-02 4.146332304970578e+00
2.832838664379261e-02 4.174410676676402e+00
2.853901633360366e-02 4.202479386534826e+00
2.874987153700122e-02 4.230538438680696e+00
2.896095261635315e-02 4.258587837244825e+00
2.917225993480406e-02 4.286627586353902e+00
2.938379385627744e-02 4.314657690130502e+00
2.959555474547772e-02 4.342678152693217e+00
2.980754296789239e-02 4.370688978156423e+00
3.001975888979408e-02 4.398690170630530e+00
3.023220287824268e-02 4.426681734221802e+00
3.044487530108746e-02 4.454663673032449e+00
3.065777652696919e-02 4.482635991160571e+00
3.087090692532227e-02 4.510598692700171e+00
3.108426686637685e-02 4.538551781741241e+00
3.129785672116103e-02 4.566495262369628e+00
3.151167686150292e-02 4.594429138667053e+00
3.172572766003288e-02 4.622353414711270e+00
3.194000949018565e-02 4.650268094575814e+00
3.215452272620252e-02 4.678173182330248e+00
3.236926774313351e-02 4.706068682039977e+00
3.258424491683955e-02 4.733954597766342e+00
3.279945462399471e-02 4.761830933566600e+00
3.301489724208835e-02 4.789697693493920e+00
3.323057314942735e-02 4.817554881597360e+00
3.344648272513833e-02 4.845402501921917e+00
3.366262634916987e-02 4.873240558508471e+00
3.387900440229472e-02 4.901069055393869e+00
3.409561726611205e-02 4.928887996610783e+00
3.431246532304971e-02 4.956697386187848e+00
3.452954895636644e-02 4.984497228149635e+00
3.474686855015417e-02 5.012287526516545e+00
3.496442448934025e-02 5.040068285304940e+00
3.518221715968975e-02 5.067839508527086e+00
3.540024694780774e-02 5.095601200191155e+00
3.561851424114154e-02 5.123353364301195e+00
3.583701942798306e-02 5.151096004857187e+00
3.605576289747107e-02 5.178829125855032e+00
3.627474503959357e-02 5.206552731286493e+00
3.649396624518999e-02 5.234266825139279e+00
3.671342690595365e-02 5.261971411396956e+00
3.693312741443397e-02 5.289666494039054e+00
3.715306816403894e-02 5.317352077040937e+00
3.737324954903734e-02 5.345028164373929e+00
3.759367196456120e-02 5.372694760005217e+00
3.781433580660808e-02 5.400351867897903e+00
3.803524147204351e-02 5.427999492010997e+00
3.825638935860332e-02 5.455637636299343e+00
3.847777986489605e-02 5.483266304713815e+00
3.869941339040535e-02 5.510885501201052e+00
3.892129033549237e-02 5.538495229703670e+00
3.914341110139817e-02 5.566095494160145e+00
3.936577609024613e-02 5.593686298504828e+00
3.958838570504442e-02 5.621267646668024e+00
3.981124034968839e-02 5.648839542575907e+00
4.003434042896303e-02 5.676401990150516e+00
4.025768634854540e-02 5.703954993309786e+00
4.048127851500714e-02 5.731498555967605e+00
4.070511733581688e-02 5.759032682033684e+00
4.092920321934274e-02 5.786557375413622e+00
4.115353657485483e-02 5.814072640008966e+00
4.137811781252770e-02 5.841578479717079e+00
4.160294734344290e-02 5.869074898431286e+00
4.182802557959140e-02 5.896561900040709e+00
4.205335293387621e-02 5.924039488430424e+00
4.227892982011481e-02 5.951507667481387e+00
4.250475665304177e-02 5.978966441070412e+00
4.273083384831122e-02 6.006415813070191e+00
4.295716182249944e-02 6.033855787349310e+00
4.318374099310740e-02 6.061286367772240e+00
4.341057177856335e-02 6.088707558199310e+00
4.363765459822536e-02 6.116119362486771e+00
4.386498987238393e-02 6.143521784486701e+00
4.409257802226459e-02 6.170914828047096e+00
4.432041947003049e-02 6.198298497011791e+00
4.454851463878499e-02 6.225672795220490e+00
4.477686395257432e-02 6.253037726508822e+00
4.500546783639016e-02 6.280393294708261e+00
4.523432671617234e-02 6.307739503646118e+00
4.546344101881140e-02 6.335076357145603e+00
4.569281117215136e-02 6.362403859025818e+00
4.592243760499226e-02 6.389722013101718e+00
4.615232074709289e-02 6.417030823184092e+00
4.638246102917351e-02 6.444330293079595e+00
4.661285888291846e-02 6.471620426590810e+00
4.684351474097891e-02 6.498901227516143e+00
4.707442903697557e-02 6.526172699649820e+00
4.730560220550137e-02 6.553434846781997e+00
4.753703468212422e-02 6.580687672698637e+00
4.776872690338976e-02 6.607931181181584e+00
4.800067930682402e-02 6.635165376008565e+00
4.823289233093631e-02 6.662390260953117e+00
4.846536641522186e-02 6.689605839784647e+00
4.869810200016465e-02 6.716812116268400e+00
4.893109952724017e-02 6.744009094165520e+00
4.916435943891826e-02 6.771196777232944e+00
4.939788217866586e-02 6.798375169223512e+00
4.963166819094980e-02 6.825544273885839e+00
4.986571792123970e-02 6.852704094964452e+00
5.010003181601074e-02 6.879854636199710e+00
5.033461032274652e-02 6.906995901327804e+00
5.056945388994188e-02 6.934127894080738e+00
5.080456296710581e-02 6.961250618186412e+00
5.103993800476427e-02 6.988364077368530e+00
5.127557945446309e-02 7.015468275346660e+00
5.151148776877085e-02 7.042563215836157e+00
5.174766340128180e-02 7.069648902548280e+00
5.198410680661873e-02 7.096725339190066e+00
5.222081844043590e-02 7.123792529464374e+00
5.245779875942198e-02 7.150850477069962e+00
5.269504822130300e-02 7.177899185701346e+00
5.293256728484524e-02 7.204938659048921e+00
5.317035640985826e-02 7.231968900798844e+00
5.340841605719780e-02 7.258989914633162e+00
5.364674668876880e-02 7.286001704229712e+00
5.388534876752837e-02 7.313004273262166e+00
5.412422275748881e-02 7.339997625399992e+00
5.436336912372059e-02 7.366981764308495e+00
5.460278833235538e-02 7.393956693648768e+00
5.484248085058906e-02 7.420922417077755e+00
5.508244714668480e-02 7.447878938248213e+00
5.532268768997607e-02 7.474826260808648e+00
5.556320295086974e-02 7.501764388403465e+00
5.580399340084909e-02 7.528693324672794e+00
5.604505951247697e-02 7.555613073252623e+00
5.628640175939881e-02 7.582523637774717e+00
5.652802061634576e-02 7.609425021866667e+00
5.676991655913785e-02 7.636317229151807e+00
5.701209006468701e-02 7.663200263249355e+00
5.725454161100030e-02 7.690074127774288e+00
5.749727167718299e-02 7.716938826337305e+00
5.774028074344174e-02 7.743794362545017e+00
5.798356929108779e-02 7.770640739999756e+00
5.822713780254012e-02 7.797477962299670e+00
5.847098676132859e-02 7.824306033038649e+00
5.871511665209724e-02 7.851124955806430e+00
5.895952796060741e-02 7.877934734188482e+00
5.920422117374101e-02 7.904735371766083e+00
5.944919677950373e-02 7.931526872116287e+00
5.969445526702830e-02 7.958309238811896e+00
5.993999712657774e-02 7.985082475421542e+00
6.018582284954863e-02 8.011846585509581e+00
6.043193292847436e-02 8.038601572636153e+00
6.067832785702847e-02 8.065347440357201e+00
6.092500813002794e-02 8.092084192224355e+00
6.117197424343645e-02 8.118811831785091e+00
6.141922669436774e-02 8.145530362582630e+00
6.166676598108899e-02 8.172239788155899e+00
6.191459260302406e-02 8.198940112039644e+00
6.216270706075697e-02 8.225631337764348e+00
6.241110985603519e-02 8.252313468856244e+00
6.265980149177303e-02 8.278986508837306e+00
6.290878247205507e-02 8.305650461225291e+00
6.315805330213953e-02 8.332305329533671e+00
6.340761448846172e-02 8.358951117271658e+00
6.365746653863742e-02 8.385587827944256e+00
6.390760996146638e-02 8.412215465052149e+00
6.415804526693576e-02 8.438834032091805e+00
6.440877296622356e-02 8.465443532555376e+00
6.465979357170210e-02 8.492043969930819e+00
6.491110759694158e-02 8.518635347701775e+00
6.516271555671350e-02 8.545217669347593e+00
6.541461796699423e-02 8.571790938343394e+00
6.566681534496850e-02 8.598355158160029e+00
6.591930820903297e-02 8.624910332264005e+00
6.617209707879970e-02 8.651456464117636e+00
6.642518247509992e-02 8.677993557178858e+00
6.667856491998733e-02 8.704521614901413e+00
6.693224493674189e-02 8.731040640734697e+00
6.718622304987339e-02 8.757550638123817e+00
6.744049978512495e-02 8.784051610509600e+00
6.769507566947683e-02 8.810543561328601e+00
6.794995123114989e-02 8.837026494013035e+00
6.820512699960936e-02 8.863500411990838e+00
6.846060350556850e-02 8.889965318685643e+00
6.871638128099222e-02 8.916421217516739e+00
6.897246085910079e-02 8.942868111899173e+00
6.922884277437361e-02 8.969306005243634e+00
6.948552756255283e-02 8.995734900956506e+00
6.974251576064716e-02 9.022154802439871e+00
6.999980790693557e-02 9.048565713091453e+00
7.025740454097106e-02 9.074967636304695e+00
7.051530620358445e-02 9.101360575468693e+00
7.077351343688815e-02 9.127744533968212e+00
7.103202678427992e-02 9.154119515183723e+00
7.129084679044680e-02 9.180485522491313e+00
7.154997400136875e-02 9.206842559262768e+00
7.180940896432268e-02 9.233190628865511e+00
7.206915222788618e-02 9.259529734662628e+00
7.232920434194143e-02 9.285859880012879e+00
7.258956585767908e-02 9.312181068270657e+00
7.285023732760214e-02 9.338493302786009e+00
7.311121930552986e-02 9.364796586904628e+00
7.337251234660172e-02 9.391090923967873e+00
7.363411700728130e-02 9.417376317312687e+00
7.389603384536025e-02 9.443652770271690e+00
7.415826341996230e-02 9.469920286173164e+00
7.442080629154713e-02 9.496178868340969e+00
7.468366302191448e-02 9.522428520094600e+00
7.494683417420812e-02 9.548669244749220e+00
7.521032031291983e-02 9.574901045615555e+00
7.547412200389345e-02 9.601123925999989e+00
7.573823981432902e-02 9.627337889204540e+00
7.600267431278669e-02 9.653542938526776e+00
7.626742606919092e-02 9.679739077259924e+00
7.653249565483451e-02 9.705926308692810e+00
7.679788364238278e-02 9.732104636109838e+00
7.706359060587764e-02 9.758274062791052e+00
7.732961712074170e-02 9.784434592012040e+00
7.759596376378247e-02 9.810586227044052e+00
7.786263111319658e-02 9.836728971153850e+00
7.812961974857384e-02 9.862862827603863e+00
7.839693025090153e-02 9.888987799652021e+00
7.866456320256857e-02 9.915103890551904e+00
7.893251918736978e-02 9.941211103552632e+00
7.920079879051013e-02 9.967309441898902e+00
7.946940259860896e-02 9.993398908830990e+00
7.973833119970426e-02 1.001947950758472e+01
8.000758518325705e-02 1.004555124139151e+01
8.027716514015555e-02 1.007161411347830e+01
8.054707166271957e-02 1.009766812706761e+01
8.081730534470490e-02 1.012371328537752e+01
8.108786678130753e-02 1.014974959162164e+01
8.135875656916818e-02 1.017577704900911e+01
8.162997530637658e-02 1.020179566074466e+01
8.190152359247588e-02 1.022780543002851e+01
8.217340202846707e-02 1.025380636005645e+01
8.244561121681349e-02 1.027979845401975e+01
8.271815176144517e-02 1.030578171510528e+01
8.299102426776339e-02 1.033175614649539e+01
8.326422934264506e-02 1.035772175136793e+01
8.353776759444730e-02 1.038367853289631e+01
8.381163963301197e-02 1.040962649424942e+01
8.408584606967014e-02 1.043556563859169e+01
8.436038751724662e-02 1.046149596908300e+01
8.463526459006465e-02 1.048741748887878e+01
8.491047790395034e-02 1.051333020112994e+01
8.518602807623737e-02 1.053923410898289e+01
8.546191572577154e-02 1.056512921557951e+01
8.573814147291542e-02 1.059101552405720e+01
8.601470593955304e-02 1.061689303754879e+01
8.629160974909451e-02 1.064276175918262e+01
8.656885352648072e-02 1.066862169208248e+01
8.684643789818805e-02 1.069447283936770e+01
8.712436349223307e-02 1.072031520415297e+01
8.740263093817728e-02 1.074614878954852e+01
8.768124086713190e-02 1.077197359865999e+01
8.796019391176255e-02 1.079778963458849e+01
8.823949070629417e-02 1.082359690043060e+01
8.851913188651571e-02 1.084939539927830e+01
8.879911808978501e-02 1.087518513421904e+01
8.907944995503368e-02 1.090096610833571e+01
8.936012812277185e-02 1.092673832470659e+01
8.964115323509311e-02 1.095250178640545e+01
8.992252593567948e-02 1.097825649650143e+01
9.020424686980616e-02 1.100400245805912e+01
9.048631668434663e-02 1.102973967413851e+01
9.076873602777748e-02 1.105546814779500e+01
9.105150555018346e-02 1.108118788207939e+01
9.133462590326237e-02 1.110689888003791e+01
9.161809774033022e-02 1.113260114471215e+01
9.190192171632612e-02 1.115829467913910e+01
9.218609848781734e-02 1.118397948635117e+01
9.247062871300445e-02 1.120965556937611e+01
9.275551305172632e-02 1.123532293123709e+01
9.304075216546528e-02 1.126098157495261e+01
9.332634671735221e-02 1.128663150353656e+01
9.361229737217165e-02 1.131227271999821e+01
9.389860479636707e-02 1.133790522734217e+01
9.418526965804586e-02 1.136352902856840e+01
9.447229262698471e-02 1.138914412667225e+01
9.475967437463473e-02 1.141475052464437e+01
9.504741557412670e-02 1.144034822547076e+01
9.533551690027638e-02 1.146593723213279e+01
9.562397902958968e-02 1.149151754760713e+01
9.591280264026801e-02 1.151708917486577e+01
9.620198841221367e-02 1.154265211687607e+01
9.649153702703504e-02 1.156820637660066e+01
9.678144916805204e-02 1.159375195699747e+01
9.707172552030148e-02 1.161928886101981e+01
9.736236677054241e-02 1.164481709161620e+01
9.765337360726166e-02 1.167033665173055e+01
9.794474672067910e-02 1.169584754430201e+01
9.823648680275322e-02 1.172134977226499e+01
9.852859454718663e-02 1.174684333854925e+01
9.882107064943142e-02 1.177232824607977e+01
9.911391580669482e-02 1.179780449777686e+01
9.940713071794466e-02 1.182327209655602e+01
9.970071608391497e-02 1.184873104532810e+01
9.999467260711152e-02 1.187418134699911e+01
1.002890009918175e-01 1.189962300447042e+01
1.005837019440991e-01 1.192505602063855e+01
1.008787761718110e-01 1.195048039839531e+01
1.011742243846024e-01 1.197589614062774e+01
1.014700472939224e-01 1.200130325021809e+01
1.017662456130259e-01 1.202670173004388e+01
1.020628200569789e-01 1.205209158297781e+01
1.023597713426651e-01 1.207747281188777e+01
1.026571001887908e-01 1.210284541963693e+01
1.029548073158912e-01 1.212820940908361e+01
1.032528934463361e-01 1.215356478308136e+01
1.035513593043357e-01 1.217891154447889e+01
1.038502056159465e-01 1.220424969612010e+01
1.041494331090773e-01 1.222957924084409e+01
1.044490425134947e-01 1.225490018148516e+01
1.047490345608296e-01 1.228021252087268e+01
1.050494099845829e-01 1.230551626183131e+01
1.053501695201313e-01 1.233081140718079e+01
1.056513139047334e-01 1.235609795973602e+01
1.059528438775361e-01 1.238137592230706e+01
1.062547601795801e-01 1.240664529769911e+01
1.065570635538061e-01 1.243190608871251e+01
1.068597547450613e-01 1.245715829814272e+01
1.071628345001050e-01 1.248240192878030e+01
1.074663035676151e-01 1.250763698341099e+01
1.077701626981939e-01 1.253286346481558e+01
1.080744126443748e-01 1.255808137576998e+01
1.083790541606279e-01 1.258329071904522e+01
1.086840880033670e-01 1.260849149740741e+01
1.089895149309549e-01 1.263368371361776e+01
1.092953357037105e-01 1.265886737043252e+01
1.096015510839149e-01 1.268404247060306e+01
1.099081618358174e-01 1.270920901687579e+01
1.102151687256422e-01 1.273436701199221e+01
1.105225725215948e-01 1.275951645868884e+01
1.108303739938682e-01 1.278465735969729e+01
1.111385739146494e-01 1.280978971774417e+01
1.114471730581258e-01 1.283491353555115e+01
1.117561722004921e-01 1.286002881583496e+01
1.120655721199562e-01 1.288513556130729e+01
1.123753735967459e-01 1.291023377467491e+01
1.126855774131159e-01 1.293532345863956e+01
1.129961843533538e-01 1.296040461589799e+01
1.133071952037871e-01 1.298547724914198e+01
1.136186107527896e-01 1.301054136105826e+01
1.139304317907882e-01 1.303559695432856e+01
1.142426591102696e-01 1.306064403162960e+01
1.145552935057867e-01 1.308568259563308e+01
1.148683357739660e-01 1.311071264900562e+01
1.151817867135137e-01 1.313573419440884e+01
1.154956471252227e-01 1.316074723449930e+01
1.158099178119797e-01 1.318575177192852e+01
1.161245995787718e-01 1.321074780934292e+01
1.164396932326931e-01 1.323573534938386e+01
1.167551995829523e-01 1.326071439468767e+01
1.170711194408789e-01 1.328568494788555e+01
1.173874536199307e-01 1.331064701160362e+01
1.177042029357003e-01 1.333560058846290e+01
1.180213682059228e-01 1.336054568107933e+01
1.183389502504819e-01 1.338548229206370e+01
1.186569498914178e-01 1.341041042402173e+01
1.189753679529339e-01 1.343533007955398e+01
1.192942052614039e-01 1.346024126125588e+01
1.196134626453792e-01 1.348514397171772e+01
1.199331409355957e-01 1.351003821352466e+01
1.202532409649813e-01 1.353492398925670e+01
1.205737635686632e-01 1.355980130148865e+01
1.208947095839748e-01 1.358467015279020e+01
1.212160798504632e-01 1.360953054572583e+01
1.215378752098968e-01 1.363438248285483e+01
1.218600965062720e-01 1.365922596673133e+01
1.221827445858212e-01 1.368406099990422e+01
1.225058202970199e-01 1.370888758491724e+01
1.228293244905942e-01 1.373370572430885e+01
1.231532580195283e-01 1.375851542061234e+01
1.234776217390718e-01 1.378331667635575e+01
1.238024165067477e-01 1.380810949406188e+01
1.241276431823592e-01 1.383289387624829e+01
1.244533026279982e-01 1.385766982542728e+01
1.247793957080522e-01 1.388243734410590e+01
1.251059232892122e-01 1.390719643478592e+01
1.254328862404804e-01 1.393194709996386e+01
1.257602854331778e-01 1.395668934213092e+01
1.260881217409523e-01 1.398142316377303e+01
1.264163960397860e-01 1.400614856737081e+01
1.267451092080031e-01 1.403086555539957e+01
1.270742621262781e-01 1.405557413032932e+01
1.274038556776431e-01 1.408027429462474e+01
1.277338907474962e-01 1.410496605074515e+01
1.280643682236092e-01 1.412964940114457e+01
1.283952889961354e-01 1.415432434827164e+01
1.287266539576181e-01 1.417899089456965e+01
1.290584640029980e-01 1.420364904247654e+01
1.293907200296217e-01 1.422829879442485e+01
1.297234229372496e-01 1.425294015284175e+01
1.300565736280641e-01 1.427757312014904e+01
1.303901730066776e-01 1.430219769876307e+01
1.307242219801411e-01 1.432681389109482e+01
1.310587214579517e-01 1.435142169954985e+01
1.313936723520617e-01 1.437602112652829e+01
1.317290755768862e-01 1.440061217442483e+01
1.320649320493118e-01 1.442519484562870e+01
1.324012426887049e-01 1.444976914252372e+01
1.327380084169199e-01 1.447433506748823e+01
1.330752301583078e-01 1.449889262289510e+01
1.334129088397247e-01 1.452344181111170e+01
1.337510453905401e-01 1.454798263449995e+01
1.340896407426457e-01 1.457251509541625e+01
1.344286958304635e-01 1.459703919621150e+01
1.347682115909551e-01 1.462155493923110e+01
1.351081889636294e-01 1.464606232681490e+01
1.354486288905524e-01 1.467056136129723e+01
1.357895323163547e-01 1.469505204500689e+01
1.361309001882412e-01 1.471953438026711e+01
1.364727334559994e-01 1.474400836939557e+01
1.368150330720083e-01 1.476847401470438e+01
1.371577999912473e-01 1.479293131850007e+01
1.375010351713048e-01 1.481738028308357e+01
1.378447395723878e-01 1.484182091075022e+01
1.381889141573300e-01 1.486625320378977e+01
1.385335598916013e-01 1.489067716448633e+01
1.388786777433168e-01 1.491509279511840e+01
1.392242686832457e-01 1.493950009795882e+01
1.395703336848207e-01 1.496389907527480e+01
1.399168737241466e-01 1.498828972932790e+01
1.402638897800101e-01 1.501267206237402e+01
1.406113828338885e-01 1.503704607666334e+01
1.409593538699593e-01 1.506141177444041e+01
1.413078038751093e-01 1.508576915794406e+01
1.416567338389441e-01 1.511011822940741e+01
1.420061447537973e-01 1.513445899105787e+01
1.423560376147400e-01 1.515879144511712e+01
1.427064134195901e-01 1.518311559380113e+01
1.430572731689220e-01 1.520743143932010e+01
1.434086178660761e-01 1.523173898387845e+01
1.437604485171682e-01 1.525603822967490e+01
1.441127661310991e-01 1.528032917890233e+01
1.444655717195646e-01 1.530461183374787e+01
1.448188662970647e-01 1.532888619639283e+01
1.451726508809136e-01 1.535315226901274e+01
1.455269264912494e-01 1.537741005377729e+01
1.458816941510441e-01 1.540165955285034e+01
1.462369548861129e-01 1.542590076838994e+01
1.465927097251249e-01 1.545013370254823e+01
1.469489596996121e-01 1.547435835747157e+01
1.473057058439803e-01 1.549857473530036e+01
1.476629491955183e-01 1.552278283816920e+01
1.480206907944085e-01 1.554698266820673e+01
1.483789316837368e-01 1.557117422753572e+01
1.487376729095027e-01 1.559535751827304e+01
1.490969155206296e-01 1.561953254252959e+01
1.494566605689748e-01 1.564369930241036e+01
1.498169091093401e-01 1.566785780001439e+01
1.501776621994818e-01 1.569200803743476e+01
1.505389209001213e-01 1.571615001675858e+01
1.509006862749552e-01 1.574028374006696e+01
1.512629593906661e-01 1.576440920943504e+01
1.516257413169328e-01 1.578852642693193e+01
1.519890331264408e-01 1.581263539462077e+01
1.523528358948934e-01 1.583673611455860e+01
1.527171507010214e-01 1.586082858879649e+01
1.530819786265947e-01 1.588491281937942e+01
1.534473207564324e-01 1.590898880834632e+01
1.538131781784137e-01 1.593305655773002e+01
1.541795519834888e-01 1.595711606955731e+01
1.545464432656897e-01 1.598116734584885e+01
1.549138531221411e-01 1.600521038861919e+01
1.552817826530712e-01 1.602924519987678e+01
1.556502329618229e-01 1.605327178162390e+01
1.560192051548646e-01 1.607729013585671e+01
1.563887003418015e-01 1.610130026456521e+01
1.567587196353865e-01 1.612530216973323e+01
1.571292641515316e-01 1.614929585333838e+01
1.575003350093189e-01 1.617328131735215e+01
1.578719333310122e-01 1.619725856373973e+01
1.582440602420677e-01 1.622122759446019e+01
1.586167168711460e-01 1.624518841146628e+01
1.589899043501234e-01 1.626914101670456e+01
1.593636238141029e-01 1.629308541211529e+01
1.597378764014261e-01 1.631702159963250e+01
1.601126632536848e-01 1.634094958118391e+01
1.604879855157325e-01 1.636486935869097e+01
1.608638443356959e-01 1.638878093406879e+01
1.612402408649868e-01 1.641268430922618e+01
1.616171762583140e-01 1.643657948606559e+01
1.619946516736946e-01 1.646046646648318e+01
1.623726682724665e-01 1.648434525236867e+01
1.627512272192997e-01 1.650821584560546e+01
1.631303296822088e-01 1.653207824807057e+01
1.635099768325645e-01 1.655593246163456e+01
1.638901698451063e-01 1.657977848816164e+01
1.642709098979539e-01 1.660361632950957e+01
1.646521981726199e-01 1.662744598752965e+01
1.650340358540216e-01 1.665126746406676e+01
1.654164241304939e-01 1.667508076095929e+01
1.657993641938010e-01 1.669888588003915e+01
1.661828572391489e-01 1.672268282313176e+01
1.665669044651981e-01 1.674647159205602e+01
1.669515070740761e-01 1.677025218862434e+01
1.673366662713895e-01 1.679402461464255e+01
1.677223832662370e-01 1.681778887190996e+01
1.681086592712221e-01 1.684154496221931e+01
1.684954955024652e-01 1.686529288735674e+01
1.688828931796172e-01 1.688903264910182e+01
1.692708535258719e-01 1.691276424922750e+01
1.696593777679787e-01 1.693648768950013e+01
1.700484671362558e-01 1.696020297167939e+01
1.704381228646032e-01 1.698391009751834e+01
1.708283461905155e-01 1.700760906876335e+01
1.712191383550954e-01 1.703129988715412e+01
1.716105006030663e-01 1.705498255442369e+01
1.720024341827861e-01 1.707865707229833e+01
1.723949403462600e-01 1.710232344249761e+01
1.727880203491543e-01 1.712598166673439e+01
1.731816754508091e-01 1.714963174671474e+01
1.735759069142527e-01 1.717327368413797e+01
1.739707160062140e-01 1.719690748069663e+01
1.743661039971373e-01 1.722053313807643e+01
1.747620721611946e-01 1.724415065795630e+01
1.751586217763005e-01 1.726776004200832e+01
1.755557541241252e-01 1.729136129189773e+01
1.759534704901084e-01 1.731495440928293e+01
1.763517721634735e-01 1.733853939581542e+01
1.767506604372412e-01 1.736211625313981e+01
1.771501366082436e-01 1.738568498289381e+01
1.775502019771384e-01 1.740924558670821e+01
1.779508578484227e-01 1.743279806620685e+01
1.783521055304474e-01 1.745634242300663e+01
1.787539463354315e-01 1.747987865871747e+01
1.791563815794762e-01 1.750340677494231e+01
1.795594125825795e-01 1.752692677327708e+01
1.799630406686503e-01 1.755043865531069e+01
1.803672671655233e-01 1.757394242262502e+01
1.807720934049733e-01 1.759743807679490e+01
1.811775207227298e-01 1.762092561938810e+01
1.815835504584919e-01 1.764440505196528e+01
1.819901839559429e-01 1.766787637608002e+01
1.823974225627651e-01 1.769133959327877e+01
1.828052676306547e-01 1.771479470510086e+01
1.832137205153370e-01 1.773824171307848e+01
1.836227825765812e-01 1.776168061873660e+01
1.840324551782152e-01 1.778511142359306e+01
1.844427396881415e-01 1.780853412915846e+01
1.848536374783517e-01 1.783194873693621e+01
1.852651499249421e-01 1.785535524842247e+01
1.856772784081292e-01 1.787875366510613e+01
1.860900243122650e-01 1.790214398846885e+01
1.865033890258521e-01 1.792552621998496e+01
1.869173739415602e-01 1.794890036112150e+01
1.873319804562408e-01 1.797226641333820e+01
1.877472099709435e-01 1.799562437808742e+01
1.881630638909315e-01 1.801897425681418e+01
1.885795436256975e-01 1.804231605095613e+01
1.889966505889797e-01 1.806564976194351e+01
1.894143861987778e-01 1.808897539119913e+01
1.898327518773689e-01 1.811229294013841e+01
1.902517490513239e-01 1.813560241016930e+01
1.906713791515236e-01 1.815890380269227e+01
1.910916436131748e-01 1.818219711910032e+01
1.915125438758270e-01 1.820548236077893e+01
1.919340813833886e-01 1.822875952910609e+01
1.923562575841435e-01 1.825202862545219e+01
1.927790739307676e-01 1.827528965118013e+01
1.932025318803456e-01 1.829854260764517e+01
1.936266328943877e-01 1.832178749619501e+01
1.940513784388462e-01 1.834502431816971e+01
1.944767699841328e-01 1.836825307490170e+01
1.949028090051352e-01 1.839147376771576e+01
1.953294969812344e-01 1.841468639792898e+01
1.957568353963215e-01 1.843789096685078e+01
1.961848257388153e-01 1.846108747578284e+01
1.966134695016793e-01 1.848427592601913e+01
1.970427681824392e-01 1.850745631884583e+01
1.974727232832003e-01 1.853062865554139e+01
1.979033363106649e-01 1.855379293737645e+01
1.983346087761501e-01 1.857694916561383e+01
1.987665421956055e-01 1.860009734150852e+01
1.991991380896305e-01 1.862323746630766e+01
1.996323979834929e-01 1.864636954125052e+01
2.000663234071462e-01 1.866949356756847e+01
2.005009158952478e-01 1.869260954648496e+01
2.009361769871773e-01 1.871571747921553e+01
2.013721082270542e-01 1.873881736696773e+01
2.018087111637569e-01 1.876190921094117e+01
2.022459873509403e-01 1.878499301232744e+01
2.026839383470545e-01 1.880806877231010e+01
2.031225657153634e-01 1.883113649206472e+01
2.035618710239634e-01 1.885419617275876e+01
2.040018558458018e-01 1.887724781555162e+01
2.044425217586957e-01 1.890029142159459e+01
2.048838703453507e-01 1.892332699203086e+01
2.053259031933805e-01 1.894635452799545e+01
2.057686218953250e-01 1.896937403061522e+01
2.062120280486700e-01 1.899238550100883e+01
2.066561232558664e-01 1.901538894028675e+01
2.071009091243492e-01 1.903838434955121e+01
2.075463872665573e-01 1.906137172989618e+01
2.079925592999526e-01 1.908435108240736e+01
2.084394268470399e-01 1.910732240816214e+01
2.088869915353863e-01 1.913028570822961e+01
2.093352549976411e-01 1.915324098367049e+01
2.097842188715558e-01 1.917618823553716e+01
2.102338848000035e-01 1.919912746487360e+01
2.106842544309996e-01 1.922205867271535e+01
2.111353294177217e-01 1.924498186008957e+01
2.115871114185295e-01 1.926789702801491e+01
2.120396020969856e-01 1.929080417750158e+01
2.124928031218757e-01 1.931370330955126e+01
2.129467161672292e-01 1.933659442515712e+01
2.134013429123395e-01 1.935947752530376e+01
2.138566850417851e-01 1.938235261096722e+01
2.143127442454503e-01 1.940521968311494e+01
2.147695222185461e-01 1.942807874270573e+01
2.152270206616309e-01 1.945092979068976e+01
2.156852412806322e-01 1.947377282800853e+01
2.161441857868674e-01 1.949660785559485e+01
2.166038558970649e-01 1.951943487437281e+01
2.170642533333862e-01 1.954225388525775e+01
2.175253798234467e-01 1.956506488915623e+01
2.179872371003378e-01 1.958786788696606e+01
2.184498269026482e-01 1.961066287957620e+01
2.189131509744860e-01 1.963344986786677e+01
2.193772110655008e-01 1.965622885270905e+01
2.198420089309050e-01 1.967899983496538e+01
2.203075463314968e-01 1.970176281548925e+01
2.207738250336820e-01 1.972451779512514e+01
2.212408468094961e-01 1.974726477470861e+01
2.217086134366273e-01 1.977000375506621e+01
2.221771266984388e-01 1.979273473701545e+01
2.226463883839910e-01 1.981545772136484e+01
2.231164002880654e-01 1.983817270891379e+01
2.235871642111863e-01 1.986087970045262e+01
2.240586819596444e-01 1.988357869676252e+01
2.245309553455200e-01 1.990626969861554e+01
2.250039861867057e-01 1.992895270677455e+01
2.254777763069302e-01 1.995162772199323e+01
2.259523275357816e-01 1.997429474501602e+01
2.264276417087309e-01 1.999695377657808e+01
2.269037206671554e-01 2.001960481740535e+01
2.273805662583633e-01 2.004224786821439e+01
2.278581803356167e-01 2.006488292971247e+01
2.283365647581559e-01 2.008751000259747e+01
2.288157213912239e-01 2.011012908755789e+01
2.292956521060900e-01 2.013274018527283e+01
2.297763587800748e-01 2.015534329641189e+01
2.302578432965741e-01 2.017793842163525e+01
2.307401075450839e-01 2.020052556159355e+01
2.312231534212250e-01 2.022310471692791e+01
2.317069828267678e-01 2.024567588826989e+01
2.321915976696573e-01 2.026823907624147e+01
2.326769998640381e-01 2.029079428145501e+01
2.331631913302796e-01 2.031334150451320e+01
2.336501739950016e-01 2.033588074600909e+01
2.341379497910994e-01 2.035841200652601e+01
2.346265206577694e-01 2.038093528663755e+01
2.351158885405351e-01 2.040345058690756e+01
2.356060553912727e-01 2.042595790789007e+01
2.360970231682371e-01 2.044845725012932e+01
2.365887938360877e-01 2.047094861415968e+01
2.370813693659151e-01 2.049343200050564e+01
2.375747517352673e-01 2.051590740968178e+01
2.380689429281757e-01 2.053837484219275e+01
2.385639449351825e-01 2.056083429853319e+01
2.390597597533666e-01 2.058328577918781e+01
2.395563893863710e-01 2.060572928463122e+01
2.400538358444297e-01 2.062816481532801e+01
2.405521011443947e-01 2.065059237173265e+01
2.410511873097633e-01 2.067301195428948e+01
2.415510963707055e-01 2.069542356343272e+01
2.420518303640914e-01 2.071782719958637e+01
2.425533913335193e-01 2.074022286316422e+01
2.430557813293429e-01 2.076261055456981e+01
2.435590024086997e-01 2.078499027419641e+01
2.440630566355388e-01 2.080736202242695e+01
2.445679460806495e-01 2.082972579963402e+01
2.450736728216891e-01 2.085208160617986e+01
2.455802389432117e-01 2.087442944241625e+01
2.460876465366970e-01 2.089676930868457e+01
2.465958977005787e-01 2.091910120531569e+01
2.471049945402739e-01 2.094142513262999e+01
2.476149391682117e-01 2.096374109093731e+01
2.481257337038628e-01 2.098604908053689e+01
2.486373802737684e-01 2.100834910171739e+01
2.491498810115705e-01 2.103064115475679e+01
2.496632380580405e-01 2.105292523992244e+01
2.501774535611100e-01 2.107520135747093e+01
2.506925296759001e-01 2.109746950764814e+01
2.512084685647518e-01 2.111972969068916e+01
2.517252723972562e-01 2.114198190681824e+01
2.522429433502850e-01 2.116422615624884e+01
2.527614836080208e-01 2.118646243918349e+01
2.532808953619881e-01 2.120869075581382e+01
2.538011808110840e-01 2.123091110632048e+01
2.543223421616094e-01 2.125312349087317e+01
2.548443816272999e-01 2.127532790963054e+01
2.553673014293575e-01 2.129752436274019e+01
2.558911037964819e-01 2.131971285033861e+01
2.564157909649021e-01 2.134189337255119e+01
2.569413651784084e-01 2.136406592949212e+01
2.574678286883843e-01 2.138623052126441e+01
2.579951837538385e-01 2.140838714795980e+01
2.585234326414376e-01 2.143053580965877e+01
2.590525776255381e-01 2.145267650643050e+01
2.595826209882194e-01 2.147480923833278e+01
2.601135650193165e-01 2.149693400541205e+01
2.606454120164529e-01 2.151905080770331e+01
2.611781642850737e-01 2.154115964523008e+01
2.617118241384793e-01 2.156326051800441e+01
2.622463938978582e-01 2.158535342602676e+01
2.627818758923214e-01 2.160743836928607e+01
2.633182724589358e-01 2.162951534775962e+01
2.638555859427580e-01 2.165158436141306e+01
2.643938186968690e-01 2.167364541020034e+01
2.649329730824083e-01 2.169569849406366e+01
2.654730514686083e-01 2.171774361293346e+01
2.660140562328294e-01 2.173978076672839e+01
2.665559897605941e-01 2.176180995535522e+01
2.670988544456230e-01 2.178383117870882e+01
2.676426526898695e-01 2.180584443667216e+01
2.681873869035553e-01 2.182784972911622e+01
2.687330595052061e-01 2.184984705589998e+01
2.692796729216874e-01 2.187183641687035e+01
2.698272295882401e-01 2.189381781186216e+01
2.703757319485176e-01 2.191579124069810e+01
2.709251824546209e-01 2.193775670318871e+01
2.714755835671362e-01 2.195971419913226e+01
2.720269377551711e-01 2.198166372831481e+01
2.725792474963914e-01 2.200360529051009e+01
2.731325152770587e-01 2.202553888547951e+01
2.736867435920675e-01 2.204746451297209e+01
2.742419349449824e-01 2.206938217272441e+01
2.747980918480764e-01 2.209129186446059e+01
2.753552168223680e-01 2.211319358789223e+01
2.759133123976602e-01 2.213508734271839e+01
2.764723811125780e-01 2.215697312862551e+01
2.770324255146074e-01 2.217885094528741e+01
2.775934481601338e-01 2.220072079236520e+01
2.781554516144809e-01 2.222258266950728e+01
2.787184384519503e-01 2.224443657634926e+01
2.792824112558601e-01 2.226628251251393e+01
2.798473726185848e-01 2.228812047761124e+01
2.804133251415951e-01 2.230995047123822e+01
2.809802714354973e-01 2.233177249297890e+01
2.815482141200742e-01 2.235358654240439e+01
2.821171558243250e-01 2.237539261907271e+01
2.826870991865058e-01 2.239719072252878e+01
2.832580468541706e-01 2.241898085230441e+01
2.838300014842122e-01 2.244076300791820e+01
2.844029657429035e-01 2.246253718887555e+01
2.849769423059388e-01 2.248430339466857e+01
2.855519338584755e-01 2.250606162477604e+01
2.861279430951760e-01 2.252781187866338e+01
2.867049727202497e-01 2.254955415578257e+01
2.872830254474955e-01 2.257128845557216e+01
2.878621040003442e-01 2.259301477745715e+01
2.884422111119014e-01 2.261473312084900e+01
2.890233495249903e-01 2.263644348514556e+01
2.896055219921949e-01 2.265814586973100e+01
2.901887312759040e-01 2.267984027397582e+01
2.907729801483541e-01 2.270152669723671e+01
2.913582713916738e-01 2.272320513885658e+01
2.919446077979280e-01 2.274487559816451e+01
2.925319921691621e-01 2.276653807447562e+01
2.931204273174467e-01 2.278819256709112e+01
2.937099160649225e-01 2.280983907529818e+01
2.943004612438454e-01 2.283147759836993e+01
2.948920656966319e-01 2.285310813556537e+01
2.954847322759045e-01 2.287473068612937e+01
2.960784638445379e-01 2.289634524929257e+01
2.966732632757048e-01 2.291795182427133e+01
2.972691334529224e-01 2.293955041026771e+01
2.978660772700990e-01 2.296114100646943e+01
2.984640976315805e-01 2.298272361204974e+01
2.990631974521984e-01 2.300429822616744e+01
2.996633796573161e-01 2.302586484796679e+01
3.002646471828770e-01 2.304742347657749e+01
3.008670029754525e-01 2.306897411111460e+01
3.014704499922899e-01 2.309051675067846e+01
3.020749912013609e-01 2.311205139435471e+01
3.026806295814104e-01 2.313357804121417e+01
3.032873681220047e-01 2.315509669031281e+01
3.038952098235821e-01 2.317660734069170e+01
3.045041576975008e-01 2.319810999137695e+01
3.051142147660896e-01 2.321960464137961e+01
3.057253840626978e-01 2.324109128969573e+01
3.063376686317451e-01 2.326256993530616e+01
3.069510715287722e-01 2.328404057717659e+01
3.075655958204924e-01 2.330550321425748e+01
3.081812445848414e-01 2.332695784548396e+01
3.087980209110299e-01 2.334840446977583e+01
3.094159278995947e-01 2.336984308603745e+01
3.100349686624503e-01 2.339127369315770e+01
3.106551463229421e-01 2.341269629000995e+01
3.112764640158979e-01 2.343411087545197e+01
3.118989248876816e-01 2.345551744832587e+01
3.125225320962459e-01 2.347691600745806e+01
3.131472888111853e-01 2.349830655165917e+01
3.137731982137906e-01 2.351968907972400e+01
3.144002634971026e-01 2.354106359043147e+01
3.150284878659660e-01 2.356243008254455e+01
3.156578745370844e-01 2.358378855481018e+01
3.162884267390753e-01 2.360513900595924e+01
3.169201477125249e-01 2.362648143470649e+01
3.175530407100440e-01 2.364781583975045e+01
3.181871089963235e-01 2.366914221977342e+01
3.188223558481910e-01 2.369046057344138e+01
3.194587845546665e-01 2.371177089940388e+01
3.200963984170201e-01 2.373307319629409e+01
3.207352007488282e-01 2.375436746272863e+01
3.213751948760314e-01 2.377565369730753e+01
3.220163841369923e-01 2.379693189861421e+01
3.226587718825530e-01 2.381820206521539e+01
3.233023614760943e-01 2.383946419566099e+01
3.239471562935935e-01 2.386071828848412e+01
3.245931597236841e-01 2.388196434220101e+01
3.252403751677148e-01 2.390320235531086e+01
3.258888060398094e-01 2.392443232629592e+01
3.265384557669268e-01 2.394565425362127e+01
3.271893277889211e-01 2.396686813573489e+01
3.278414255586028e-01 2.398807397106746e+01
3.284947525417994e-01 2.400927175803242e+01
3.291493122174172e-01 2.403046149502581e+01
3.298051080775026e-01 2.405164318042624e+01
3.304621436273047e-01 2.407281681259481e+01
3.311204223853372e-01 2.409398238987506e+01
3.317799478834418e-01 2.411513991059287e+01
3.324407236668508e-01 2.413628937305641e+01
3.331027532942511e-01 2.415743077555608e+01
3.337660403378477e-01 2.417856411636441e+01
3.344305883834284e-01 2.419968939373600e+01
3.350964010304279e-01 2.422080660590747e+01
3.357634818919931e-01 2.424191575109737e+01
3.364318345950485e-01 2.426301682750608e+01
3.371014627803616e-01 2.428410983331580e+01
3.377723701026094e-01 2.430519476669043e+01
3.384445602304446e-01 2.432627162577551e+01
3.391180368465627e-01 2.434734040869814e+01
3.397928036477693e-01 2.436840111356694e+01
3.404688643450471e-01 2.438945373847189e+01
3.411462226636249e-01 2.441049828148439e+01
3.418248823430454e-01 2.443153474065704e+01
3.425048471372339e-01 2.445256311402366e+01
3.431861208145682e-01 2.447358339959920e+01
3.438687071579474e-01 2.449459559537961e+01
3.445526099648625e-01 2.451559969934183e+01
3.452378330474667e-01 2.453659570944368e+01
3.459243802326459e-01 2.455758362362379e+01
3.466122553620904e-01 2.457856343980150e+01
3.473014622923665e-01 2.459953515587683e+01
3.479920048949880e-01 2.462049876973033e+01
3.486838870564896e-01 2.464145427922308e+01
3.493771126784989e-01 2.466240168219654e+01
3.500716856778103e-01 2.468334097647253e+01
3.507676099864590e-01 2.470427215985308e+01
3.514648895517944e-01 2.472519523012045e+01
3.521635283365555e-01 2.474611018503692e+01
3.528635303189454e-01 2.476701702234481e+01
3.535648994927071e-01 2.478791573976636e+01
3.542676398671996e-01 2.480880633500364e+01
3.549717554674738e-01 2.482968880573849e+01
3.556772503343499e-01 2.485056314963240e+01
3.563841285244944e-01 2.487142936432645e+01
3.570923941104979e-01 2.489228744744124e+01
3.578020511809532e-01 2.491313739657678e+01
3.585131038405343e-01 2.493397920931240e+01
3.592255562100752e-01 2.495481288320668e+01
3.599394124266498e-01 2.497563841579736e+01
3.606546766436515e-01 2.499645580460125e+01
3.613713530308743e-01 2.501726504711414e+01
3.620894457745936e-01 2.503806614081071e+01
3.628089590776477e-01 2.505885908314445e+01
3.635298971595196e-01 2.507964387154759e+01
3.642522642564200e-01 2.510042050343093e+01
3.649760646213699e-01 2.512118897618386e+01
3.657013025242840e-01 2.514194928717419e+01
3.664279822520547e-01 2.516270143374808e+01
3.671561081086368e-01 2.518344541322999e+01
3.678856844151325e-01 2.520418122292250e+01
3.686167155098765e-01 2.522490886010630e+01
3.693492057485221e-01 2.524562832204004e+01
3.700831595041281e-01 2.526633960596030e+01
3.708185811672453e-01 2.528704270908143e+01
3.715554751460043e-01 2.530773762859547e+01
3.722938458662038e-01 2.532842436167208e+01
3.730336977713986e-01 2.534910290545845e+01
3.737750353229894e-01 2.536977325707916e+01
3.745178630003121e-01 2.539043541363610e+01
3.752621853007280e-01 2.541108937220841e+01
3.760080067397146e-01 2.543173512985231e+01
3.767553318509573e-01 2.545237268360110e+01
3.775041651864406e-01 2.547300203046494e+01
3.782545113165412e-01 2.549362316743087e+01
3.790063748301202e-01 2.551423609146261e+01
3.797597603346172e-01 2.553484079950054e+01
3.805146724561448e-01 2.555543728846153e+01
3.812711158395821e-01 2.557602555523889e+01
3.820290951486711e-01 2.559660559670224e+01
3.827886150661118e-01 2.561717740969743e+01
3.835496802936593e-01 2.563774099104639e+01
3.843122955522201e-01 2.565829633754707e+01
3.850764655819503e-01 2.567884344597335e+01
3.858421951423533e-01 2.569938231307486e+01
3.866094890123792e-01 2.571991293557695e+01
3.873783519905239e-01 2.574043531018054e+01
3.881487888949288e-01 2.576094943356204e+01
3.889208045634819e-01 2.578145530237321e+01
3.896944038539195e-01 2.580195291324108e+01
3.904695916439266e-01 2.582244226276785e+01
3.912463728312411e-01 2.584292334753072e+01
3.920247523337557e-01 2.586339616408185e+01
3.928047350896227e-01 2.588386070894822e+01
3.935863260573574e-01 2.590431697863150e+01
3.943695302159441e-01 2.592476496960798e+01
3.951543525649410e-01 2.594520467832842e+01
3.959407981245873e-01 2.596563610121795e+01
3.967288719359099e-01 2.598605923467595e+01
3.975185790608312e-01 2.600647407507597e+01
3.983099245822770e-01 2.602688061876555e+01
3.991029136042867e-01 2.604727886206616e+01
3.998975512521218e-01 2.606766880127305e+01
4.006938426723770e-01 2.608805043265517e+01
4.014917930330908e-01 2.610842375245500e+01
4.022914075238585e-01 2.612878875688848e+01
4.030926913559429e-01 2.614914544214484e+01
4.038956497623892e-01 2.616949380438656e+01
4.047002879981376e-01 2.618983383974914e+01
4.055066113401387e-01 2.621016554434108e+01
4.063146250874691e-01 2.623048891424369e+01
4.071243345614466e-01 2.625080394551102e+01
4.079357451057476e-01 2.627111063416967e+01
4.087488620865243e-01 2.629140897621872e+01
4.095636908925239e-01 2.631169896762961e+01
4.103802369352063e-01 2.633198060434596e+01
4.111985056488648e-01 2.635225388228352e+01
4.120185024907464e-01 2.637251879732994e+01
4.128402329411733e-01 2.639277534534475e+01
4.136637025036645e-01 2.641302352215917e+01
4.144889167050594e-01 2.643326332357598e+01
4.153158810956405e-01 2.645349474536942e+01
4.161446012492591e-01 2.647371778328503e+01
4.169750827634593e-01 2.649393243303955e+01
4.178073312596045e-01 2.651413869032073e+01
4.186413523830045e-01 2.653433655078728e+01
4.194771518030430e-01 2.655452601006867e+01
4.203147352133056e-01 2.657470706376500e+01
4.211541083317099e-01 2.659487970744692e+01
4.219952769006347e-01 2.661504393665542e+01
4.228382466870519e-01 2.663519974690174e+01
4.236830234826576e-01 2.665534713366722e+01
4.245296131040050e-01 2.667548609240315e+01
4.253780213926376e-01 2.669561661853066e+01
4.262282542152244e-01 2.671573870744054e+01
4.270803174636940e-01 2.673585235449314e+01
4.279342170553716e-01 2.675595755501820e+01
4.287899589331152e-01 2.677605430431468e+01
4.296475490654545e-01 2.679614259765071e+01
4.305069934467286e-01 2.681622243026336e+01
4.313682980972263e-01 2.683629379735850e+01
4.322314690633263e-01 2.685635669411070e+01
4.330965124176390e-01 2.687641111566305e+01
4.339634342591490e-01 2.689645705712703e+01
4.348322407133579e-01 2.691649451358231e+01
4.357029379324291e-01 2.693652348007670e+01
4.365755320953326e-01 2.695654395162590e+01
4.374500294079917e-01 2.697655592321340e+01
4.383264361034295e-01 2.699655938979031e+01
4.392047584419175e-01 2.701655434627523e+01
4.400850027111242e-01 2.703654078755405e+01
4.409671752262657e-01 2.705651870847986e+01
4.418512823302562e-01 2.707648810387273e+01
4.427373303938603e-01 2.709644896851958e+01
4.436253258158458e-01 2.711640129717405e+01
4.445152750231384e-01 2.713634508455628e+01
4.454071844709756e-01 2.715628032535280e+01
4.463010606430639e-01 2.717620701421637e+01
4.471969100517350e-01 2.719612514576577e+01
4.480947392381049e-01 2.721603471458569e+01
4.489945547722323e-01 2.723593571522653e+01
4.498963632532792e-01 2.725582814220427e+01
4.508001713096719e-01 2.727571199000027e+01
4.517059855992643e-01 2.729558725306113e+01
4.526138128095002e-01 2.731545392579850e+01
4.535236596575787e-01 2.733531200258892e+01
4.544355328906194e-01 2.735516147777367e+01
4.553494392858298e-01 2.737500234565858e+01
4.562653856506723e-01 2.739483460051383e+01
4.571833788230341e-01 2.741465823657386e+01
4.581034256713966e-01 2.743447324803709e+01
4.590255330950073e-01 2.745427962906584e+01
4.599497080240522e-01 2.747407737378609e+01
4.608759574198290e-01 2.749386647628734e+01
4.618042882749222e-01 2.751364693062243e+01
4.627347076133788e-01 2.753341873080731e+01
4.636672224908860e-01 2.755318187082093e+01
4.646018399949491e-01 2.757293634460503e+01
4.655385672450710e-01 2.759268214606396e+01
4.664774113929332e-01 2.761241926906446e+01
4.674183796225780e-01 2.763214770743556e+01
4.683614791505912e-01 2.765186745496828e+01
4.693067172262870e-01 2.767157850541557e+01
4.702541011318934e-01 2.769128085249203e+01
4.712036381827400e-01 2.771097448987373e+01
4.721553357274452e-01 2.773065941119808e+01
4.731092011481063e-01 2.775033561006356e+01
4.740652418604907e-01 2.777000308002959e+01
4.750234653142276e-01 2.778966181461631e+01
4.759838789930017e-01 2.780931180730437e+01
4.769464904147478e-01 2.782895305153478e+01
4.779113071318471e-01 2.784858554070865e+01
4.788783367313252e-01 2.786820926818706e+01
4.798475868350501e-01 2.788782422729080e+01
4.808190650999331e-01 2.790743041130020e+01
4.817927792181297e-01 2.792702781345493e+01
4.827687369172440e-01 2.794661642695380e+01
4.837469459605316e-01 2.796619624495452e+01
4.847274141471062e-01 2.798576726057353e+01
4.857101493121467e-01 2.800532946688579e+01
4.866951593271064e-01 2.802488285692455e+01
4.876824520999224e-01 2.804442742368118e+01
4.886720355752275e-01 2.806396316010489e+01
4.896639177345635e-01 2.808349005910261e+01
4.906581065965955e-01 2.810300811353869e+01
4.916546102173286e-01 2.812251731623474e+01
4.926534366903244e-01 2.814201765996940e+01
4.936545941469211e-01 2.816150913747811e+01
4.946580907564537e-01 2.818099174145289e+01
4.956639347264765e-01 2.820046546454216e+01
4.966721343029865e-01 2.821993029935047e+01
4.976826977706490e-01 2.823938623843829e+01
4.986956334530241e-01 2.825883327432181e+01
4.997109497127963e-01 2.827827139947266e+01
5.007286549520031e-01 2.829770060631776e+01
5.017487576122682e-01 2.831712088723903e+01
5.027712661750339e-01 2.833653223457317e+01
5.037961891617967e-01 2.835593464061146e+01
5.048235351343439e-01 2.837532809759949e+01
5.058533126949917e-01 2.839471259773694e+01
5.068855304868257e-01 2.841408813317735e+01
5.079201971939431e-01 2.843345469602789e+01
5.089573215416948e-01 2.845281227834909e+01
5.099969122969324e-01 2.847216087215462e+01
5.110389782682537e-01 2.849150046941106e+01
5.120835283062529e-01 2.851083106203765e+01
5.131305713037700e-01 2.853015264190601e+01
5.141801161961438e-01 2.854946520083995e+01
5.152321719614656e-01 2.856876873061517e+01
5.162867476208365e-01 2.858806322295908e+01
5.173438522386229e-01 2.860734866955045e+01
5.184034949227185e-01 2.862662506201924e+01
5.194656848248047e-01 2.864589239194632e+01
5.205304311406145e-01 2.866515065086322e+01
5.215977431101972e-01 2.868439983025184e+01
5.226676300181867e-01 2.870363992154422e+01
5.237401011940699e-01 2.872287091612230e+01
5.248151660124580e-01 2.874209280531761e+01
5.258928338933606e-01 2.876130558041104e+01
5.269731143024593e-01 2.878050923263255e+01
5.280560167513860e-01 2.879970375316093e+01
5.291415507980012e-01 2.881888913312349e+01
5.302297260466765e-01 2.883806536359587e+01
5.313205521485763e-01 2.885723243560167e+01
5.324140388019442e-01 2.887639034011222e+01
5.335101957523898e-01 2.889553906804633e+01
5.346090327931788e-01 2.891467861026995e+01
5.357105597655243e-01 2.893380895759596e+01
5.368147865588804e-01 2.895293010078384e+01
5.379217231112385e-01 2.897204203053941e+01
5.390313794094256e-01 2.899114473751451e+01
5.401437654894041e-01 2.901023821230677e+01
5.412588914365747e-01 2.902932244545931e+01
5.423767673860809e-01 2.904839742746037e+01
5.434974035231168e-01 2.906746314874313e+01
5.446208100832357e-01 2.908651959968535e+01
5.457469973526619e-01 2.910556677060909e+01
5.468759756686044e-01 2.912460465178041e+01
5.480077554195742e-01 2.914363323340908e+01
5.491423470457018e-01 2.916265250564826e+01
5.502797610390584e-01 2.918166245859420e+01
5.514200079439801e-01 2.920066308228597e+01
5.525630983573928e-01 2.921965436670509e+01
5.537090429291412e-01 2.923863630177527e+01
5.548578523623190e-01 2.925760887736208e+01
5.560095374136024e-01 2.927657208327265e+01
5.571641088935855e-01 2.929552590925530e+01
5.583215776671195e-01 2.931447034499934e+01
5.594819546536525e-01 2.933340538013459e+01
5.606452508275729e-01 2.935233100423121e+01
5.618114772185560e-01 2.937124720679927e+01
5.629806449119124e-01 2.939015397728850e+01
5.641527650489389e-01 2.940905130508787e+01
5.653278488272726e-01 2.942793917952538e+01
5.665059075012476e-01 2.944681758986762e+01
5.676869523822544e-01 2.946568652531949e+01
5.688709948391013e-01 2.948454597502386e+01
5.700580462983798e-01 2.950339592806120e+01
5.712481182448318e-01 2.952223637344927e+01
5.724412222217209e-01 2.954106730014280e+01
5.736373698312041e-01 2.955988869703308e+01
5.748365727347089e-01 2.957870055294764e+01
5.760388426533121e-01 2.959750285664991e+01
5.772441913681218e-01 2.961629559683889e+01
5.784526307206618e-01 2.963507876214873e+01
5.796641726132596e-01 2.965385234114842e+01
5.808788290094373e-01 2.967261632234144e+01
5.820966119343054e-01 2.969137069416535e+01
5.833175334749593e-01 2.971011544499147e+01
5.845416057808793e-01 2.972885056312450e+01
5.857688410643338e-01 2.974757603680214e+01
5.869992516007859e-01 2.976629185419475e+01
5.882328497293012e-01 2.978499800340492e+01
5.894696478529620e-01 2.980369447246713e+01
5.907096584392812e-01 2.982238124934740e+01
5.919528940206238e-01 2.984105832194286e+01
5.931993671946260e-01 2.985972567808137e+01
5.944490906246230e-01 2.987838330552117e+01
5.957020770400769e-01 2.989703119195044e+01
5.969583392370089e-01 2.991566932498696e+01
5.982178900784357e-01 2.993429769217769e+01
5.994807424948073e-01 2.995291628099836e+01
6.007469094844503e-01 2.997152507885309e+01
6.020164041140132e-01 2.999012407307399e+01
6.032892395189172e-01 3.000871325092076e+01
6.045654289038079e-01 3.002729259958024e+01
6.058449855430122e-01 3.004586210616606e+01
6.071279227809990e-01 3.006442175771819e+01
6.084142540328430e-01 3.008297154120251e+01
6.097039927846919e-01 3.010151144351045e+01
6.109971525942380e-01 3.012004145145853e+01
6.122937470911931e-01 3.013856155178789e+01
6.135937899777679e-01 3.015707173116398e+01
6.148972950291539e-01 3.017557197617602e+01
6.162042760940102e-01 3.019406227333662e+01
6.175147470949541e-01 3.021254260908132e+01
6.188287220290557e-01 3.023101296976820e+01
6.201462149683357e-01 3.024947334167737e+01
6.214672400602680e-01 3.026792371101058e+01
6.227918115282857e-01 3.028636406389074e+01
6.241199436722930e-01 3.030479438636150e+01
6.254516508691776e-01 3.032321466438675e+01
6.267869475733316e-01 3.034162488385022e+01
6.281258483171728e-01 3.036002503055497e+01
6.294683677116731e-01 3.037841509022297e+01
6.308145204468893e-01 3.039679504849460e+01
6.321643212924990e-01 3.041516489092819e+01
6.335177850983409e-01 3.043352460299959e+01
6.348749267949597e-01 3.045187417010161e+01
6.362357613941543e-01 3.047021357754361e+01
6.376003039895319e-01 3.048854281055100e+01
6.389685697570663e-01 3.050686185426476e+01
6.403405739556591e-01 3.052517069374092e+01
6.417163319277094e-01 3.054346931395012e+01
6.430958590996831e-01 3.056175769977705e+01
6.444791709826910e-01 3.058003583602004e+01
6.458662831730696e-01 3.059830370739046e+01
6.472572113529681e-01 3.061656129851229e+01
6.486519712909378e-01 3.063480859392158e+01
6.500505788425296e-01 3.065304557806593e+01
6.514530499508935e-01 3.067127223530399e+01
6.528594006473858e-01 3.068948854990494e+01
6.542696470521787e-01 3.070769450604798e+01
6.556838053748767e-01 3.072589008782175e+01
6.571018919151376e-01 3.074407527922386e+01
6.585239230632992e-01 3.076225006416034e+01
6.599499153010101e-01 3.078041442644510e+01
6.613798852018665e-01 3.079856834979935e+01
6.628138494320548e-01 3.081671181785115e+01
6.642518247509991e-01 3.083484481413475e+01
6.656938280120132e-01 3.085296732209013e+01
6.671398761629600e-01 3.087107932506238e+01
6.685899862469149e-01 3.088918080630118e+01
6.700441754028362e-01 3.090727174896023e+01
6.715024608662389e-01 3.092535213609664e+01
6.729648599698769e-01 3.094342195067044e+01
6.744313901444289e-01 3.096148117554392e+01
6.759020689191919e-01 3.097952979348113e+01
6.773769139227788e-01 3.099756778714722e+01
6.788559428838226e-01 3.101559513910789e+01
6.803391736316873e-01 3.103361183182882e+01
6.818266240971848e-01 3.105161784767505e+01
6.833183123132963e-01 3.106961316891038e+01
6.848142564159018e-01 3.108759777769674e+01
6.863144746445146e-01 3.110557165609365e+01
6.878189853430231e-01 3.112353478605755e+01
6.893278069604387e-01 3.114148714944122e+01
6.908409580516489e-01 3.115942872799312e+01
6.923584572781787e-01 3.117735950335679e+01
6.938803234089573e-01 3.119527945707024e+01
6.954065753210928e-01 3.121318857056526e+01
6.969372320006515e-01 3.123108682516686e+01
6.984723125434459e-01 3.124897420209254e+01
7.000118361558285e-01 3.126685068245171e+01
7.015558221554936e-01 3.128471624724502e+01
7.031042899722840e-01 3.130257087736368e+01
7.046572591490069e-01 3.132041455358883e+01
7.062147493422558e-01 3.133824725659086e+01
7.077767803232402e-01 3.135606896692877e+01
7.093433719786217e-01 3.137387966504941e+01
7.109145443113581e-01 3.139167933128691e+01
7.124903174415548e-01 3.140946794586193e+01
7.140707116073240e-01 3.142724548888098e+01
7.156557471656506e-01 3.144501194033574e+01
7.172454445932664e-01 3.146276728010236e+01
7.188398244875318e-01 3.148051148794073e+01
7.204389075673262e-01 3.149824454349382e+01
7.220427146739442e-01 3.151596642628691e+01
7.236512667720020e-01 3.153367711572693e+01
7.252645849503501e-01 3.155137659110168e+01
7.268826904229960e-01 3.156906483157914e+01
7.285056045300333e-01 3.158674181620673e+01
7.301333487385797e-01 3.160440752391056e+01
7.317659446437235e-01 3.162206193349470e+01
7.334034139694799e-01 3.163970502364040e+01
7.350457785697528e-01 3.165733677290539e+01
7.366930604293079e-01 3.167495715972306e+01
7.383452816647539e-01 3.169256616240173e+01
7.400024645255311e-01 3.171016375912389e+01
7.416646313949126e-01 3.172774992794538e+01
7.433318047910089e-01 3.174532464679466e+01
7.450040073677874e-01 3.176288789347197e+01
7.466812619160965e-01 3.178043964564857e+01
7.483635913647035e-01 3.179797988086596e+01
7.500510187813365e-01 3.181550857653503e+01
7.517435673737408e-01 3.183302570993527e+01
7.534412604907418e-01 3.185053125821397e+01
7.551441216233200e-01 3.186802519838537e+01
7.568521744056926e-01 3.188550750732986e+01
7.585654426164082e-01 3.190297816179314e+01
7.602839501794501e-01 3.192043713838535e+01
7.620077211653499e-01 3.193788441358029e+01
7.637367797923106e-01 3.195531996371450e+01
7.654711504273419e-01 3.197274376498644e+01
7.672108575874039e-01 3.199015579345562e+01
7.689559259405634e-01 3.200755602504175e+01
7.707063803071585e-01 3.202494443552382e+01
7.724622456609765e-01 3.204232100053926e+01
7.742235471304407e-01 3.205968569558302e+01
7.759903099998106e-01 3.207703849600672e+01
7.777625597103897e-01 3.209437937701770e+01
7.795403218617480e-01 3.211170831367813e+01
7.813236222129547e-01 3.212902528090412e+01
7.831124866838222e-01 3.214633025346477e+01
7.849069413561611e-01 3.216362320598125e+01
7.867070124750488e-01 3.218090411292589e+01
7.885127264501086e-01 3.219817294862119e+01
7.903241098568009e-01 3.221542968723894e+01
7.921411894377284e-01 3.223267430279919e+01
7.939639921039501e-01 3.224990676916937e+01
7.957925449363116e-01 3.226712706006327e+01
7.976268751867842e-01 3.228433514904006e+01
7.994670102798220e-01 3.230153100950336e+01
8.013129778137252e-01 3.231871461470018e+01
8.031648055620217e-01 3.233588593772002e+01
8.050225214748595e-01 3.235304495149376e+01
8.068861536804135e-01 3.237019162879274e+01
8.087557304863043e-01 3.238732594222768e+01
8.106312803810318e-01 3.240444786424769e+01
8.125128320354221e-01 3.242155736713924e+01
8.144004143040896e-01 3.243865442302511e+01
8.162940562269101e-01 3.245573900386334e+01
8.181937870305114e-01 3.247281108144618e+01
8.200996361297761e-01 3.248987062739904e+01
8.220116331293614e-01 3.250691761317940e+01
8.239298078252297e-01 3.252395201007577e+01
8.258541902061979e-01 3.254097378920653e+01
8.277848104554995e-01 3.255798292151893e+01
8.297216989523640e-01 3.257497937778795e+01
8.316648862736087e-01 3.259196312861517e+01
8.336144031952483e-01 3.260893414442768e+01
8.355702806941196e-01 3.262589239547694e+01
8.375325499495236e-01 3.264283785183769e+01
8.395012423448798e-01 3.265977048340674e+01
8.414763894694011e-01 3.267669025990188e+01
8.434580231197825e-01 3.269359715086070e+01
8.454461753019089e-01 3.271049112563943e+01
8.474408782325762e-01 3.272737215341174e+01
8.494421643412324e-01 3.274424020316762e+01
8.514500662717354e-01 3.276109524371212e+01
8.534646168841272e-01 3.277793724366419e+01
8.554858492564278e-01 3.279476617145548e+01
8.575137966864436e-01 3.281158199532909e+01
8.595484926935976e-01 3.282838468333836e+01
8.615899710207751e-01 3.284517420334565e+01
8.636382656361905e-01 3.286195052302109e+01
8.656934107352696e-01 3.287871360984132e+01
8.677554407425533e-01 3.289546343108822e+01
8.698243903136195e-01 3.291219995384768e+01
8.719002943370258e-01 3.292892314500826e+01
8.739831879362684e-01 3.294563297125998e+01
8.760731064717647e-01 3.296232939909292e+01
8.781700855428537e-01 3.297901239479602e+01
8.802741609898180e-01 3.299568192445571e+01
8.823853688959247e-01 3.301233795395457e+01
8.845037455894884e-01 3.302898044897002e+01
8.866293276459550e-01 3.304560937497298e+01
8.887621518900080e-01 3.306222469722648e+01
8.909022553976924e-01 3.307882638078435e+01
8.930496754985656e-01 3.309541439048979e+01
8.952044497778661e-01 3.311198869097402e+01
8.973666160787082e-01 3.312854924665489e+01
8.995362125042955e-01 3.314509602173545e+01
9.017132774201602e-01 3.316162898020254e+01
9.038978494564240e-01 3.317814808582538e+01
9.060899675100847e-01 3.319465330215414e+01
9.082896707473220e-01 3.321114459251849e+01
9.104969986058323e-01 3.322762192002612e+01
9.127119907971842e-01 3.324408524756129e+01
9.149346873092021e-01 3.326053453778338e+01
9.171651284083699e-01 3.327696975312536e+01
9.194033546422643e-01 3.329339085579232e+01
9.216494068420114e-01 3.330979780775996e+01
9.239033261247696e-01 3.332619057077304e+01
9.261651538962395e-01 3.334256910634392e+01
9.284349318531979e-01 3.335893337575094e+01
9.307127019860612e-01 3.337528334003689e+01
9.329985065814738e-01 3.339161896000750e+01
9.352923882249270e-01 3.340794019622979e+01
9.375943898034014e-01 3.342424700903054e+01
9.399045545080406e-01 3.344053935849465e+01
9.422229258368522e-01 3.345681720446357e+01
9.445495475974393e-01 3.347308050653366e+01
9.468844639097576e-01 3.348932922405457e+01
9.492277192089055e-01 3.350556331612757e+01
9.515793582479427e-01 3.352178274160392e+01
9.539394261007402e-01 3.353798745908321e+01
9.563079681648585e-01 3.355417742691166e+01
9.586850301644592e-01 3.357035260318045e+01
9.610706581532471e-01 3.358651294572399e+01
9.634648985174463e-01 3.360265841211823e+01
9.658677979788035e-01 3.361878895967893e+01
9.682794035976294e-01 3.363490454545991e+01
9.706997627758700e-01 3.365100512625132e+01
9.731289232602135e-01 3.366709065857785e+01
9.755669331452287e-01 3.368316109869696e+01
9.780138408765395e-01 3.369921640259712e+01
9.804696952540338e-01 3.371525652599597e+01
9.829345454351092e-01 3.373128142433853e+01
9.854084409379502e-01 3.374729105279538e+01
9.878914316448455e-01 3.376328536626076e+01
9.903835678055415e-01 3.377926431935082e+01
9.928849000406309e-01 3.379522786640167e+01
9.953954793449816e-01 3.381117596146755e+01
9.979153570912003e-01 3.382710855831889e+01
1.000444585033138e+00 3.384302561044046e+01
1.002983215309431e+00 3.385892707102941e+01
1.005531300447090e+00 3.387481289299338e+01
1.008088893365113e+00 3.389068302894849e+01
1.010656047378156e+00 3.390653743121746e+01
1.013232816200236e+00 3.392237605182757e+01
1.015819253948479e+00 3.393819884250873e+01
1.018415415146903e+00 3.395400575469144e+01
1.021021354730255e+00 3.396979673950477e+01
1.023637128047884e+00 3.398557174777438e+01
1.026262790867659e+00 3.400133073002045e+01
1.028898399379933e+00 3.401707363645561e+01
1.031544010201552e+00 3.403280041698291e+01
1.034199680379906e+00 3.404851102119367e+01
1.036865467397036e+00 3.406420539836547e+01
1.039541429173773e+00 3.407988349745997e+01
1.042227624073939e+00 3.409554526712082e+01
1.044924110908588e+00 3.411119065567146e+01
1.047630948940299e+00 3.412681961111308e+01
1.050348197887518e+00 3.414243208112230e+01
1.053075917928944e+00 3.415802801304911e+01
1.055814169707983e+00 3.417360735391462e+01
1.058563014337230e+00 3.418917005040883e+01
1.061322513403026e+00 3.420471604888841e+01
1.064092728970047e+00 3.422024529537450e+01
1.066873723585967e+00 3.423575773555037e+01
1.069665560286160e+00 3.425125331475920e+01
1.072468302598464e+00 3.426673197800179e+01
1.075282014547997e+00 3.428219366993424e+01
1.078106760662038e+00 3.429763833486560e+01
1.080942605974956e+00 3.431306591675561e+01
1.083789616033200e+00 3.432847635921228e+01
1.086647856900353e+00 3.434386960548953e+01
1.089517395162237e+00 3.435924559848485e+01
1.092398297932089e+00 3.437460428073687e+01
1.095290632855789e+00 3.438994559442294e+01
1.098194468117159e+00 3.440526948135671e+01
1.101109872443315e+00 3.442057588298572e+01
1.104036915110093e+00 3.443586474038884e+01
1.106975665947540e+00 3.445113599427394e+01
1.109926195345457e+00 3.446638958497525e+01
1.112888574259028e+00 3.448162545245093e+01
1.115862874214505e+00 3.449684353628055e+01
1.118849167314964e+00 3.451204377566252e+01
1.121847526246132e+00 3.452722610941154e+01
1.124858024282284e+00 3.454239047595604e+01
1.127880735292214e+00 3.455753681333556e+01
1.130915733745273e+00 3.457266505919817e+01
1.133963094717490e+00 3.458777515079786e+01
1.137022893897756e+00 3.460286702499187e+01
1.140095207594097e+00 3.461794061823804e+01
1.143180112740013e+00 3.463299586659216e+01
1.146277686900903e+00 3.464803270570528e+01
1.149388008280561e+00 3.466305107082097e+01
1.152511155727764e+00 3.467805089677265e+01
1.155647208742931e+00 3.469303211798081e+01
1.158796247484869e+00 3.470799466845031e+01
1.161958352777604e+00 3.472293848176754e+01
1.165133606117293e+00 3.473786349109768e+01
1.168322089679231e+00 3.475276962918191e+01
1.171523886324935e+00 3.476765682833454e+01
1.174739079609325e+00 3.478252502044023e+01
1.177967753787988e+00 3.479737413695107e+01
1.181209993824544e+00 3.481220410888380e+01
1.184465885398097e+00 3.482701486681686e+01
1.187735514910779e+00 3.484180634088749e+01
1.191018969495396e+00 3.485657846078885e+01
1.194316337023168e+00 3.487133115576703e+01
1.197627706111568e+00 3.488606435461818e+01
1.200953166132259e+00 3.490077798568545e+01
1.204292807219136e+00 3.491547197685608e+01
1.207646720276469e+00 3.493014625555833e+01
1.211014996987153e+00 3.494480074875856e+01
1.214397729821060e+00 3.495943538295810e+01
1.217795012043499e+00 3.497405008419025e+01
1.221206937723792e+00 3.498864477801721e+01
1.224633601743959e+00 3.500321938952699e+01
1.228075099807502e+00 3.501777384333033e+01
1.231531528448327e+00 3.503230806355756e+01
1.235002985039765e+00 3.504682197385550e+01
1.238489567803714e+00 3.506131549738428e+01
1.241991375819908e+00 3.507578855681421e+01
1.245508509035298e+00 3.509024107432261e+01
1.249041068273562e+00 3.510467297159057e+01
1.252589155244741e+00 3.511908416979979e+01
1.256152872555001e+00 3.513347458962934e+01
1.259732323716520e+00 3.514784415125244e+01
1.263327613157514e+00 3.516219277433314e+01
1.266938846232393e+00 3.517652037802317e+01
1.270566129232050e+00 3.519082688095853e+01
1.274209569394289e+00 3.520511220125627e+01
1.277869274914394e+00 3.521937625651118e+01
1.281545354955842e+00 3.523361896379241e+01
1.285237919661154e+00 3.524784023964018e+01
1.288947080162894e+00 3.526204000006241e+01
1.292672948594822e+00 3.527621816053134e+01
1.296415638103191e+00 3.529037463598016e+01
1.300175262858206e+00 3.530450934079960e+01
1.303951938065624e+00 3.531862218883453e+01
1.307745779978530e+00 3.533271309338057e+01
1.311556905909262e+00 3.534678196718058e+01
1.315385434241505e+00 3.536082872242128e+01
1.319231484442545e+00 3.537485327072977e+01
1.323095177075700e+00 3.538885552317004e+01
1.326976633812915e+00 3.540283539023952e+01
1.330875977447538e+00 3.541679278186554e+01
1.334793331907262e+00 3.543072760740186e+01
1.338728822267263e+00 3.544463977562516e+01
1.342682574763504e+00 3.545852919473147e+01
1.346654716806241e+00 3.547239577233267e+01
1.350645376993698e+00 3.548623941545291e+01
1.354654685125957e+00 3.550006003052510e+01
1.358682772219022e+00 3.551385752338727e+01
1.362729770519098e+00 3.552763179927909e+01
1.366795813517056e+00 3.554138276283820e+01
1.370881035963118e+00 3.555511031809664e+01
1.374985573881737e+00 3.556881436847730e+01
1.379109564586701e+00 3.558249481679024e+01
1.383253146696439e+00 3.559615156522914e+01
1.387416460149557e+00 3.560978451536764e+01
1.391599646220589e+00 3.562339356815571e+01
1.395802847535981e+00 3.563697862391605e+01
1.400026208090295e+00 3.565053958234045e+01
1.404269873262659e+00 3.566407634248613e+01
1.408533989833443e+00 3.567758880277211e+01
1.412818706001189e+00 3.569107686097558e+01
1.417124171399771e+00 3.570454041422818e+01
1.421450537115821e+00 3.571797935901246e+01
1.425797955706403e+00 3.573139359115815e+01
1.430166581216938e+00 3.574478300583853e+01
1.434556569199407e+00 3.575814749756678e+01
1.438968076730810e+00 3.577148696019233e+01
1.443401262431901e+00 3.578480128689721e+01
1.447856286486198e+00 3.579809037019238e+01
1.452333310659283e+00 3.581135410191414e+01
1.456832498318373e+00 3.582459237322045e+01
1.461354014452198e+00 3.583780507458729e+01
1.465898025691166e+00 3.585099209580503e+01
1.470464700327835e+00 3.586415332597488e+01
1.475054208337687e+00 3.587728865350516e+01
1.479666721400221e+00 3.589039796610776e+01
1.484302412920354e+00 3.590348115079454e+01
1.488961458050161e+00 3.591653809387373e+01
1.493644033710927e+00 3.592956868094635e+01
1.498350318615545e+00 3.594257279690265e+01
1.503080493291252e+00 3.595555032591857e+01
1.507834740102713e+00 3.596850115145219e+01
1.512613243275458e+00 3.598142515624021e+01
1.517416188919674e+00 3.599432222229445e+01
1.522243765054373e+00 3.600719223089835e+01
1.527096161631924e+00 3.602003506260356e+01
1.531973570562968e+00 3.603285059722639e+01
1.536876185741717e+00 3.604563871384449e+01
1.541804203071651e+00 3.605839929079337e+01
1.546757820491612e+00 3.607113220566308e+01
1.551737238002301e+00 3.608383733529484e+01
1.556742657693203e+00 3.609651455577768e+01
1.561774283769921e+00 3.610916374244522e+01
1.566832322581950e+00 3.612178476987232e+01
1.571916982650884e+00 3.613437751187193e+01
1.577028474699074e+00 3.614694184149182e+01
1.582167011678736e+00 3.615947763101148e+01
1.587332808801525e+00 3.617198475193895e+01
1.592526083568585e+00 3.618446307500776e+01
1.597747055801070e+00 3.619691247017385e+01
1.602995947671161e+00 3.620933280661261e+01
1.608272983733585e+00 3.622172395271590e+01
1.613578390957635e+00 3.623408577608912e+01
1.618912398759713e+00 3.624641814354841e+01
1.624275239036396e+00 3.625872092111775e+01
1.629667146198047e+00 3.627099397402625e+01
1.635088357202969e+00 3.628323716670546e+01
1.640539111592114e+00 3.629545036278670e+01
1.646019651524368e+00 3.630763342509845e+01
1.651530221812415e+00 3.631978621566387e+01
1.657071069959189e+00 3.633190859569833e+01
1.662642446194925e+00 3.634400042560698e+01
1.668244603514837e+00 3.635606156498245e+01
1.673877797717407e+00 3.636809187260261e+01
1.679542287443325e+00 3.638009120642840e+01
1.685238334215070e+00 3.639205942360167e+01
1.690966202477160e+00 3.640399638044323e+01
1.696726159637076e+00 3.641590193245090e+01
1.702518476106879e+00 3.642777593429763e+01
1.708343425345527e+00 3.643961823982976e+01
1.714201283901908e+00 3.645142870206539e+01
1.720092331458607e+00 3.646320717319273e+01
1.726016850876424e+00 3.647495350456872e+01
1.731975128239642e+00 3.648666754671758e+01
1.737967452902079e+00 3.649834914932965e+01
1.743994117533928e+00 3.650999816126011e+01
1.750055418169407e+00 3.652161443052807e+01
1.756151654255235e+00 3.653319780431556e+01
1.762283128699941e+00 3.654474812896678e+01
1.768450147924037e+00 3.655626524998741e+01
1.774653021911063e+00 3.656774901204407e+01
1.780892064259530e+00 3.657919925896391e+01
1.787167592235766e+00 3.659061583373434e+01
1.793479926827698e+00 3.660199857850290e+01
1.799829392799582e+00 3.661334733457728e+01
1.806216318747702e+00 3.662466194242549e+01
1.812641037157054e+00 3.663594224167616e+01
1.819103884459042e+00 3.664718807111907e+01
1.825605201090208e+00 3.665839926870578e+01
1.832145331552009e+00 3.666957567155042e+01
1.838724624471666e+00 3.668071711593075e+01
1.845343432664112e+00 3.669182343728931e+01
1.852002113195067e+00 3.670289447023476e+01
1.858701027445243e+00 3.671393004854349e+01
1.865440541175723e+00 3.672493000516135e+01
1.872221024594534e+00 3.673589417220561e+01
1.879042852424434e+00 3.674682238096713e+01
1.885906403971950e+00 3.675771446191277e+01
1.892812063197671e+00 3.676857024468797e+01
1.899760218787858e+00 3.677938955811961e+01
1.906751264227366e+00 3.679017223021907e+01
1.913785597873931e+00 3.680091808818555e+01
1.920863623033829e+00 3.681162695840967e+01
1.927985748038960e+00 3.682229866647720e+01
1.935152386325371e+00 3.683293303717323e+01
1.942363956513266e+00 3.684352989448650e+01
1.949620882488506e+00 3.685408906161403e+01
1.956923593485672e+00 3.686461036096602e+01
1.964272524172694e+00 3.687509361417108e+01
1.971668114737092e+00 3.688553864208173e+01
1.979110810973876e+00 3.689594526478024e+01
1.986601064375113e+00 3.690631330158476e+01
1.994139332221229e+00 3.691664257105578e+01
2.001726077674071e+00 3.692693289100295e+01
2.009361769871772e+00 3.693718407849219e+01
2.017046884025445e+00 3.694739594985326e+01
2.024781901517778e+00 3.695756832068753e+01
2.032567310003545e+00 3.696770100587629e+01
2.040403603512097e+00 3.697779381958934e+01
2.048291282551852e+00 3.698784657529400e+01
2.056230854216868e+00 3.699785908576452e+01
2.064222832295513e+00 3.700783116309191e+01
2.072267737381304e+00 3.701776261869420e+01
2.080366096985936e+00 3.702765326332709e+01
2.088518445654600e+00 3.703750290709510e+01
2.096725325083588e+00 3.704731135946317e+01
2.104987284240288e+00 3.705707842926866e+01
2.113304879485586e+00 3.706680392473396e+01
2.121678674698757e+00 3.707648765347943e+01
2.130109241404898e+00 3.708612942253700e+01
2.138597158904959e+00 3.709572903836414e+01
2.147143014408434e+00 3.710528630685852e+01
2.155747403168782e+00 3.711480103337304e+01
2.164410928621639e+00 3.712427302273157e+01
2.173134202525898e+00 3.713370207924516e+01
2.181917845107693e+00 3.714308800672885e+01
2.190762485207419e+00 3.715243060851909e+01
2.199668760429790e+00 3.716172968749181e+01
2.208637317297071e+00 3.717098504608104e+01
2.217668811405528e+00 3.718019648629819e+01
2.226763907585172e+00 3.718936380975203e+01
2.235923280062905e+00 3.719848681766932e+01
2.245147612629130e+00 3.720756531091607e+01
2.254437598807928e+00 3.721659909001958e+01
2.263793942030861e+00 3.722558795519117e+01
2.273217355814531e+00 3.723453170634961e+01
2.282708563941967e+00 3.724343014314538e+01
2.292268300647943e+00 3.725228306498560e+01
2.301897310808309e+00 3.726109027105981e+01
2.311596350133478e+00 3.726985156036654e+01
2.321366185366128e+00 3.727856673174071e+01
2.331207594483268e+00 3.728723558388184e+01
2.341121366902740e+00 3.729585791538312e+01
2.351108303694312e+00 3.730443352476139e+01
2.361169217795449e+00 3.731296221048799e+01
2.371304934231912e+00 3.732144377102051e+01
2.381516290343275e+00 3.732987800483551e+01
2.391804136013524e+00 3.733826471046214e+01
2.402169333906855e+00 3.734660368651679e+01
2.412612759708817e+00 3.735489473173870e+01
2.423135302372916e+00 3.736313764502656e+01
2.433737864372863e+00 3.737133222547624e+01
2.444421361960594e+00 3.737947827241941e+01
2.455186725430225e+00 3.738757558546342e+01
2.466034899388085e+00 3.739562396453215e+01
2.476966843029016e+00 3.740362320990801e+01
2.487983530419100e+00 3.741157312227510e+01
2.499085950784984e+00 3.741947350276355e+01
2.510275108809977e+00 3.742732415299496e+01
2.521552024937127e+00 3.743512487512914e+01
2.532917735679451e+00 3.744287547191205e+01
2.544373293937522e+00 3.745057574672496e+01
2.555919769324628e+00 3.745822550363491e+01
2.567558248499679e+00 3.746582454744653e+01
2.579289835508131e+00 3.747337268375503e+01
2.591115652131105e+00 3.748086971900069e+01
2.603036838242978e+00 3.748831546052465e+01
2.615054552177618e+00 3.749570971662606e+01
2.627169971103597e+00 3.750305229662072e+01
2.639384291408561e+00 3.751034301090110e+01
2.651698729093076e+00 3.751758167099786e+01
2.664114520174172e+00 3.752476808964281e+01
2.676632921098913e+00 3.753190208083342e+01
2.689255209168256e+00 3.753898345989884e+01
2.701982682971512e+00 3.754601204356752e+01
2.714816662831699e+00 3.755298765003629e+01
2.727758491262140e+00 3.755991009904122e+01
2.740809533434607e+00 3.756677921192993e+01
2.753971177659385e+00 3.757359481173565e+01
2.767244835877567e+00 3.758035672325291e+01
2.780631944165989e+00 3.758706477311496e+01
2.794133963255167e+00 3.759371878987282e+01
2.807752379060634e+00 3.760031860407614e+01
2.821488703228054e+00 3.760686404835578e+01
2.835344473692581e+00 3.761335495750819e+01
2.849321255252865e+00 3.761979116858149e+01
2.863420640160173e+00 3.762617252096352e+01
2.877644248723051e+00 3.763249885647157e+01
2.891993729928079e+00 3.763877001944402e+01
2.906470762077148e+00 3.764498585683386e+01
2.921077053441837e+00 3.765114621830404e+01
2.935814342935358e+00 3.765725095632477e+01
2.950684400802694e+00 3.766329992627264e+01
2.965689029329462e+00 3.766929298653178e+01
2.980830063570107e+00 3.767522999859685e+01
2.996109372096059e+00 3.768111082717798e+01
3.011528857764450e+00 3.768693534030775e+01
3.027090458508126e+00 3.769270340945000e+01
3.042796148147573e+00 3.769841490961068e+01
3.058647937225531e+00 3.770406971945066e+01
3.074647873864964e+00 3.770966772140051e+01
3.090798044651247e+00 3.771520880177714e+01
3.107100575539283e+00 3.772069285090267e+01
3.123557632786451e+00 3.772611976322491e+01
3.140171423912164e+00 3.773148943744012e+01
3.156944198685013e+00 3.773680177661751e+01
3.173878250138366e+00 3.774205668832576e+01
3.190975915615427e+00 3.774725408476147e+01
3.208239577844692e+00 3.775239388287947e+01
3.225671666046926e+00 3.775747600452505e+01
3.243274657074668e+00 3.776250037656811e+01
3.261051076585446e+00 3.776746693103900e+01
3.279003500249796e+00 3.777237560526634e+01
3.297134554995383e+00 3.777722634201650e+01
3.315446920288422e+00 3.778201908963490e+01
3.333943329453757e+00 3.778675380218895e+01
3.352626571034904e+00 3.779143043961268e+01
3.371499490195554e+00 3.779604896785300e+01
3.390564990163963e+00 3.780060935901746e+01
3.409826033721794e+00 3.780511159152353e+01
3.429285644738985e+00 3.780955565024936e+01
3.448946909756354e+00 3.781394152668583e+01
3.468812979617650e+00 3.781826921908994e+01
3.488887071152890e+00 3.782253873263942e+01
3.509172468914817e+00 3.782675007958838e+01
3.529672526970522e+00 3.783090327942418e+01
3.550390670750223e+00 3.783499835902502e+01
3.571330398955371e+00 3.783903535281855e+01
3.592495285528321e+00 3.784301430294105e+01
3.613888981685842e+00 3.784693525939737e+01
3.635515218018989e+00 3.785079828022121e+01
3.657377806661784e+00 3.785460343163588e+01
3.679480643531427e+00 3.785835078821512e+01
3.701827710642724e+00 3.786204043304414e+01
3.724423078499701e+00 3.786567245788045e+01
3.747270908567367e+00 3.786924696331445e+01
3.770375455826808e+00 3.787276405892963e+01
3.793741071416865e+00 3.787622386346208e+01
3.817372205365900e+00 3.787962650495926e+01
3.841273409417205e+00 3.788297212093769e+01
3.865449339951863e+00 3.788626085853942e+01
3.889904761012933e+00 3.788949287468711e+01
3.914644547435178e+00 3.789266833623736e+01
3.939673688084579e+00 3.789578742013212e+01
3.964997289212213e+00 3.789885031354794e+01
3.990620577927157e+00 3.790185721404278e+01
4.016548905793469e+00 3.790480832970006e+01
4.042787752556378e+00 3.790770387926970e+01
4.069342730003183e+00 3.791054409230589e+01
4.096219585964495e+00 3.791332920930120e+01
4.123424208461921e+00 3.791605948181672e+01
4.150962630008388e+00 3.791873517260800e+01
4.178841032067782e+00 3.792135655574626e+01
4.207065749680707e+00 3.792392391673465e+01
4.235643276263795e+00 3.792643755261918e+01
4.264580268590059e+00 3.792889777209385e+01
4.293883551958435e+00 3.793130489559970e+01
4.323560125560802e+00 3.793365925541721e+01
4.353617168055508e+00 3.793596119575184e+01
4.384062043356598e+00 3.793821107281211e+01
4.414902306648603e+00 3.794040925487982e+01
4.446145710637243e+00 3.794255612237207e+01
4.477800212046786e+00 3.794465206789434e+01
4.509873978375660e+00 3.794669749628453e+01
4.542375394922247e+00 3.794869282464713e+01
4.575313072093627e+00 3.795063848237727e+01
4.608695853010565e+00 3.795253491117397e+01
4.642532821422972e+00 3.795438256504223e+01
4.676833309950611e+00 3.795618191028333e+01
4.711606908664844e+00 3.795793342547287e+01
4.746863474027887e+00 3.795963760142602e+01
4.782613138207196e+00 3.796129494114942e+01
4.818866318783390e+00 3.796290595977923e+01
4.855633728871309e+00 3.796447118450477e+01
4.892926387674771e+00 3.796599115447717e+01
4.930755631496988e+00 3.796746642070265e+01
4.969133125229662e+00 3.796889754591966e+01
5.008070874345305e+00 3.797028510445958e+01
5.047581237418530e+00 3.797162968209035e+01
5.087676939203951e+00 3.797293187584245e+01
5.128371084299594e+00 3.797419229381696e+01
5.169677171426759e+00 3.797541155497493e+01
5.211609108358881e+00 3.797659028890783e+01
5.254181227534241e+00 3.797772913558850e+01
5.297408302389213e+00 3.797882874510224e+01
5.341305564451249e+00 3.797988977735756e+01
5.385888721233004e+00 3.798091290177635e+01
5.431173974971951e+00 3.798189879696302e+01
5.477178042262310e+00 3.798284815035237e+01
5.523918174629306e+00 3.798376165783589e+01
5.571412180099005e+00 3.798464002336630e+01
5.619678445820243e+00 3.798548395854022e+01
5.668735961799207e+00 3.798629418215869e+01
5.718604345810871e+00 3.798707141976571e+01
5.769303869556072e+00 3.798781640316457e+01
5.820855486137329e+00 3.798852986991228e+01
5.873280858931825e+00 3.798921256279198e+01
5.926602391945021e+00 3.798986522926387e+01
5.980843261734318e+00 3.799048862089456e+01
6.036027450998211e+00 3.799108349276567e+01
6.092179783933401e+00 3.799165060286175e+01
6.149325963469201e+00 3.799219071143844e+01
6.207492610496724e+00 3.799270458037121e+01
6.266707305218436e+00 3.799319297248577e+01
6.326998630753271e+00 3.799365665087087e+01
6.388396219141943e+00 3.799409637817442e+01
6.450930799908196e+00 3.799451291588434e+01
6.514634251342978e+00 3.799490702359500e+01
6.579539654691622e+00 3.799527945826097e+01
6.645681351437370e+00 3.799563097343937e+01
6.713095003889782e+00 3.799596231852244e+01
6.781817659302434e+00 3.799627423796226e+01
6.851887817762393e+00 3.799656747048935e+01
6.923345504112634e+00 3.799684274832722e+01
6.996232344189895e+00 3.799710079640503e+01
7.070591645682859e+00 3.799734233157074e+01
7.146468483940984e+00 3.799756806180693e+01
7.223909793091012e+00 3.799777868545219e+01
7.302964462848351e+00 3.799797489043031e+01
7.383683441442686e+00 3.799815735349038e+01
7.466119845113496e+00 3.799832673946059e+01
7.550329074669699e+00 3.799848370051853e+01
7.636368939651019e+00 3.799862887548123e+01
7.724299790675904e+00 3.799876288911801e+01
7.814184660612453e+00 3.799888635148919e+01
7.906089415266677e+00 3.799899985731399e+01
8.000082914344841e+00 3.799910398537080e+01
8.096237183516774e+00 3.799919929793295e+01
8.194627598483406e+00 3.799928634024327e+01
8.295333082037487e+00 3.799936564003050e+01
8.398436315199977e+00 3.799943770707055e+01
8.504023963619415e+00 3.799950303279557e+01
8.612186920536891e+00 3.799956208995376e+01
8.723020567748623e+00 3.799961533232216e+01
8.836625056140626e+00 3.799966319447523e+01
8.953105607529919e+00 3.799970609161110e+01
9.072572839724065e+00 3.799974441943748e+01
9.195143116910270e+00 3.799977855411871e+01
9.320938927706608e+00 3.799980885228528e+01
9.450089293457543e+00 3.799983565110659e+01
9.582730209634180e+00 3.799985926842716e+01
9.719005123514286e+00 3.799988000296672e+01
9.859065451668810e+00 3.799989813458312e+01
1.000307114117983e+01 3.799991392459745e+01
1.015119127896259e+01 3.799992761617961e+01
1.030360475407239e+01 3.799993943479239e+01
1.046050097845009e+01 3.799994958869131e+01
1.062208067221224e+01 3.799995826947721e+01
1.078855672033081e+01 3.799996565269781e+01
1.096015510839150e+01 3.799997189849398e+01
1.113711594607904e+01 3.799997715228616e+01
1.131969458813765e+01 3.799998154549559e+01
1.150816286381106e+01 3.799998519629489e+01
1.170281042721147e+01 3.799998821038199e+01
1.190394624272522e+01 3.799999068177114e+01
1.211190022147668e+01 3.799999269359468e+01
1.232702502708169e+01 3.799999431890878e+01
1.254969807147985e+01 3.799999562149680e+01
1.278032372460652e+01 3.799999665666353e+01
1.301933576511957e+01 3.799999747201397e+01
1.326720010342944e+01 3.799999810821072e+01
1.352441781299630e+01 3.799999859970401e+01
1.379152851139264e+01 3.799999897542957e+01
1.406911413913781e+01 3.799999925946926e+01
1.435780319199284e+01 3.799999947167105e+01
1.465827547149502e+01 3.799999962822474e+01
1.497126742930978e+01 3.799999974219150e+01
1.529757819384000e+01 3.799999982398538e+01
1.563807638291509e+01 3.799999988180645e+01
1.599370782483795e+01 3.799999992202562e+01
1.636550433230277e+01 3.799999994952235e+01
1.675459370057981e+01 3.799999996797697e+01
1.716221113401300e+01 3.799999998012009e+01
1.758971234468683e+01 3.799999998794224e+01
1.803858861589435e+01 3.799999999286718e+01
1.851048418306113e+01 3.799999999589263e+01
1.900721635902626e+01 3.799999999770253e+01
1.953079892288141e+01 3.799999999875463e+01
2.008346940695073e+01 3.799999999934752e+01
2.066772106153817e+01 3.799999999967054e+01
2.128634046051323e+01 3.799999999984020e+01
2.194245194427467e+01 3.799999999992582e+01
2.263957039577120e+01 3.799999999996717e+01
2.338166423123525e+01 3.799999999998622e+01
2.417323098906339e+01 3.799999999999454e+01
2.501938855777642e+01 3.799999999999797e+01
2.592598595282609e+01 3.799999999999930e+01
2.689973871047204e+01 3.799999999999977e+01
2.794839552639822e+01 3.799999999999994e+01
2.908094488759873e+01 3.799999999999999e+01
3.030787336223262e+01 3.799999999999999e+01
3.164149126944337e+01 3.800000000000000e+01
3.309634716821842e+01 3.800000000000000e+01
3.468976077163905e+01 3.800000000000000e+01
3.644251573540175e+01 3.800000000000000e+01
3.837977122166580e+01 3.800000000000000e+01
4.053227731751426e+01 3.800000000000000e+01
4.293801942463951e+01 3.800000000000000e+01
4.564447929515545e+01 3.800000000000000e+01
